Time   0.5000
El      1  C3D8         EL1
   0.2113   0.2113   0.2113   3.3164e+00   8.0320e-11  -3.0785e-07   0.0000e+00   0.0000e+00   0.0000e+00   0.0000e+00   0.0000e+00
   0.2113   0.2113   0.7887   3.3164e+00   8.0320e-11  -3.0785e-07   5.5511e-17   0.0000e+00  -6.9389e-18   0.0000e+00   0.0000e+00
   0.2113   0.7887   0.2113   3.3164e+00   8.0320e-11  -3.0785e-07   1.3878e-17  -6.9389e-18  -1.3878e-17   0.0000e+00   0.0000e+00
   0.2113   0.7887   0.7887   3.3164e+00   8.0320e-11  -3.0785e-07   5.5511e-17  -3.8164e-17  -1.3878e-17   0.0000e+00   0.0000e+00
   0.7887   0.2113   0.2113   3.3164e+00   8.0320e-11  -3.0785e-07   0.0000e+00   0.0000e+00  -1.3878e-17   0.0000e+00   0.0000e+00
   0.7887   0.2113   0.7887   3.3164e+00   8.0320e-11  -3.0785e-07  -1.3878e-17   5.2042e-17  -1.3878e-17   0.0000e+00   0.0000e+00
   0.7887   0.7887   0.2113   3.3164e+00   8.0320e-11  -3.0785e-07  -5.5511e-17  -6.9389e-18  -6.9389e-18   0.0000e+00   0.0000e+00
   0.7887   0.7887   0.7887   3.3164e+00   8.0320e-11  -3.0785e-07  -7.2858e-17  -3.8164e-17  -5.5511e-17   0.0000e+00   0.0000e+00
Time   1.0000
El      1  C3D8         EL1
   0.2113   0.2113   0.2113   8.1315e-01  -4.2294e-13   2.5474e-08   0.0000e+00   1.7347e-18   0.0000e+00   0.0000e+00   0.0000e+00
   0.2113   0.2113   0.7887   8.1315e-01  -4.2278e-13   2.5474e-08   1.7347e-17   1.7347e-18   0.0000e+00   0.0000e+00   0.0000e+00
   0.2113   0.7887   0.2113   8.1315e-01  -4.2295e-13   2.5474e-08   1.3878e-17  -1.7347e-18   8.6736e-18   0.0000e+00   0.0000e+00
   0.2113   0.7887   0.7887   8.1315e-01  -4.2289e-13   2.5474e-08  -1.3878e-17   0.0000e+00   3.4694e-18   0.0000e+00   0.0000e+00
   0.7887   0.2113   0.2113   8.1315e-01  -4.2277e-13   2.5474e-08   0.0000e+00   0.0000e+00   0.0000e+00   0.0000e+00   0.0000e+00
   0.7887   0.2113   0.7887   8.1315e-01  -4.2287e-13   2.5474e-08  -4.4235e-17   9.5410e-18   0.0000e+00   0.0000e+00   0.0000e+00
   0.7887   0.7887   0.2113   8.1315e-01  -4.2294e-13   2.5474e-08   3.6429e-17  -1.7347e-18   3.4694e-18   0.0000e+00   0.0000e+00
   0.7887   0.7887   0.7887   8.1315e-01  -4.2282e-13   2.5474e-08   0.0000e+00  -3.4694e-18   3.2960e-17   0.0000e+00   0.0000e+00
Time   1.5000
El      1  C3D8         EL1
   0.2113   0.2113   0.2113   4.0657e-01  -4.3368e-18  -2.0817e-17  -1.7347e-18   8.6736e-19  -1.7347e-18   0.0000e+00   0.0000e+00
   0.2113   0.2113   0.7887   4.0657e-01   1.2577e-17  -2.2551e-17   1.7347e-17   6.0715e-18  -8.6736e-19   0.0000e+00   0.0000e+00
   0.2113   0.7887   0.2113   4.0657e-01  -4.1633e-17  -1.3878e-17  -6.9389e-18  -8.6736e-19  -5.2042e-18   0.0000e+00   0.0000e+00
   0.2113   0.7887   0.7887   4.0657e-01  -1.3878e-17   2.3419e-17  -6.9389e-18   0.0000e+00   0.0000e+00   0.0000e+00   0.0000e+00
   0.7887   0.2113   0.2113   4.0657e-01   3.9031e-17  -4.3368e-18  -1.7347e-18   8.6736e-19   1.7347e-18   0.0000e+00   0.0000e+00
   0.7887   0.2113   0.7887   4.0657e-01  -3.3827e-17   6.9389e-18  -1.3444e-17   1.7781e-17   0.0000e+00   0.0000e+00   0.0000e+00
   0.7887   0.7887   0.2113   4.0657e-01  -4.8572e-17  -2.0817e-17   0.0000e+00  -8.6736e-19  -5.2042e-18   0.0000e+00   0.0000e+00
   0.7887   0.7887   0.7887   4.0657e-01  -1.3878e-17   2.3419e-17  -6.9389e-18  -1.7347e-18   0.0000e+00   0.0000e+00   0.0000e+00
Time   2.0000
El      1  C3D8         EL1
   0.2113   0.2113   0.2113  -7.2333e-16  -8.7765e-19   2.9095e-19  -6.3537e-20   3.6769e-19  -1.1376e-19   0.0000e+00   0.0000e+00
   0.2113   0.2113   0.7887  -7.2388e-16  -2.9534e-18  -1.4193e-19   5.8430e-19   1.3722e-18   4.2457e-19   0.0000e+00   0.0000e+00
   0.2113   0.7887   0.2113  -7.2290e-16  -5.3625e-19   1.9280e-18  -8.8496e-19   9.8521e-20  -4.2457e-19   0.0000e+00   0.0000e+00
   0.2113   0.7887   0.7887  -7.2344e-16  -2.6120e-18   1.4951e-18  -2.3712e-19   3.6769e-19   1.5845e-18   0.0000e+00   0.0000e+00
   0.7887   0.2113   0.2113  -7.2281e-16  -1.1636e-18   2.9435e-18   2.3712e-19   3.6769e-19  -1.1376e-19   0.0000e+00   0.0000e+00
   0.7887   0.2113   0.7887  -7.2226e-16   9.1209e-19   3.3764e-18   6.3537e-20   1.3722e-18   4.2457e-19   0.0000e+00   0.0000e+00
   0.7887   0.7887   0.2113  -7.2293e-16  -1.2551e-18   2.5048e-18   1.0585e-18   9.8521e-20  -4.2457e-19   0.0000e+00   0.0000e+00
   0.7887   0.7887   0.7887  -7.2238e-16   8.2061e-19   2.9377e-18   8.8496e-19   3.6769e-19   1.5845e-18   0.0000e+00   0.0000e+00
Time   2.2000
El      1  C3D8         EL1
   0.2113   0.2113   0.2113  -1.5613e-17  -4.8572e-17  -1.3332e+00  -1.0408e-17   0.0000e+00   3.4694e-18   0.0000e+00   0.0000e+00
   0.2113   0.2113   0.7887   1.7347e-17  -4.8572e-17  -1.3332e+00   4.1633e-17  -1.5613e-17   2.0817e-17   0.0000e+00   0.0000e+00
   0.2113   0.7887   0.2113   9.8879e-17   1.0061e-16  -1.3332e+00  -3.0358e-17   0.0000e+00  -5.2042e-17   0.0000e+00   0.0000e+00
   0.2113   0.7887   0.7887   1.9082e-17  -1.3878e-17  -1.3332e+00  -5.5511e-17   0.0000e+00   0.0000e+00   0.0000e+00   0.0000e+00
   0.7887   0.2113   0.2113   8.3267e-17  -2.2898e-16  -1.3332e+00   1.2143e-17  -3.4694e-17   3.4694e-17   0.0000e+00   0.0000e+00
   0.7887   0.2113   0.7887  -1.3531e-16  -2.0123e-16  -1.3332e+00  -3.0358e-17  -2.2551e-17   6.2450e-17   0.0000e+00   0.0000e+00
   0.7887   0.7887   0.2113  -8.6736e-17  -2.0123e-16  -1.3332e+00   3.4694e-18  -3.4694e-18   0.0000e+00   0.0000e+00   0.0000e+00
   0.7887   0.7887   0.7887   2.0817e-17   4.8572e-17  -1.3332e+00   4.6838e-17  -4.3368e-17   4.5103e-17   0.0000e+00   0.0000e+00
Time   2.4000
El      1  C3D8         EL1
   0.2113   0.2113   0.2113  -6.2450e-17  -6.9389e-17  -2.6663e+00   0.0000e+00   6.9389e-18   1.3878e-17   0.0000e+00   0.0000e+00
   0.2113   0.2113   0.7887   2.0123e-16   4.1633e-17  -2.6663e+00   8.3267e-17   0.0000e+00   1.3878e-17   0.0000e+00   0.0000e+00
   0.2113   0.7887   0.2113  -9.0206e-17   1.2490e-16  -2.6663e+00   0.0000e+00   0.0000e+00   0.0000e+00   0.0000e+00   0.0000e+00
   0.2113   0.7887   0.7887   2.9490e-16   2.2898e-16  -2.6663e+00   9.0206e-17   0.0000e+00   0.0000e+00   0.0000e+00   0.0000e+00
   0.7887   0.2113   0.2113  -1.0061e-16  -4.8572e-16  -2.6663e+00   0.0000e+00   1.2317e-16   1.2490e-16   0.0000e+00   0.0000e+00
   0.7887   0.2113   0.7887   2.1858e-16   1.1102e-16  -2.6663e+00   2.4286e-17   1.1449e-16  -6.9389e-18   0.0000e+00   0.0000e+00
   0.7887   0.7887   0.2113  -2.1511e-16  -2.6368e-16  -2.6663e+00   1.5613e-17   1.0408e-17   5.5511e-17   0.0000e+00   0.0000e+00
   0.7887   0.7887   0.7887   1.8388e-16   4.0246e-16  -2.6663e+00   9.7145e-17   0.0000e+00  -6.9389e-18   0.0000e+00   0.0000e+00
Time   2.6000
El      1  C3D8         EL1
   0.2113   0.2113   0.2113  -4.4409e-16   5.5511e-17  -3.9995e+00   0.0000e+00   0.0000e+00   2.7756e-17   0.0000e+00   0.0000e+00
   0.2113   0.2113   0.7887  -8.3267e-17  -1.6653e-16  -3.9995e+00  -5.3776e-17   0.0000e+00   2.7756e-17   0.0000e+00   0.0000e+00
   0.2113   0.7887   0.2113  -5.6205e-16   5.5511e-17  -3.9995e+00  -1.3878e-16   3.1225e-17  -2.7756e-17   0.0000e+00   0.0000e+00
   0.2113   0.7887   0.7887  -3.6082e-16  -5.5511e-17  -3.9995e+00  -2.2204e-16   0.0000e+00   3.4694e-17   0.0000e+00   0.0000e+00
   0.7887   0.2113   0.2113  -2.2204e-16  -4.0246e-16  -3.9995e+00  -3.1225e-17   1.2490e-16   1.2490e-16   0.0000e+00   0.0000e+00
   0.7887   0.2113   0.7887  -2.6368e-16  -3.0531e-16  -3.9995e+00  -3.9899e-17   2.1164e-16   9.7145e-17   0.0000e+00   0.0000e+00
   0.7887   0.7887   0.2113  -5.8981e-16   0.0000e+00  -3.9995e+00  -2.2898e-16   1.6653e-16   5.5511e-17   0.0000e+00   0.0000e+00
   0.7887   0.7887   0.7887  -4.6491e-16  -1.3878e-16  -3.9995e+00  -1.9602e-16   2.0470e-16   6.2450e-17   0.0000e+00   0.0000e+00
Time   2.8000
El      1  C3D8         EL1
   0.2113   0.2113   0.2113   2.2204e-16  -2.4980e-16  -5.3326e+00   1.7347e-17  -1.3878e-17  -2.7756e-17   0.0000e+00   0.0000e+00
   0.2113   0.2113   0.7887   4.8572e-16   1.9429e-16  -5.3326e+00   1.6653e-16   0.0000e+00   0.0000e+00   0.0000e+00   0.0000e+00
   0.2113   0.7887   0.2113  -3.3307e-16  -1.9429e-16  -5.3326e+00   1.2837e-16   1.3878e-17  -2.7756e-17   0.0000e+00   0.0000e+00
   0.2113   0.7887   0.7887   1.7347e-16   3.0531e-16  -5.3326e+00   1.2837e-16   0.0000e+00  -9.7145e-17   0.0000e+00   0.0000e+00
   0.7887   0.2113   0.2113   6.5226e-16  -3.0531e-16  -5.3326e+00   0.0000e+00  -1.0408e-16  -2.7756e-17   0.0000e+00   0.0000e+00
   0.7887   0.2113   0.7887   0.0000e+00  -2.2204e-16  -5.3326e+00   0.0000e+00   0.0000e+00   1.6653e-16   0.0000e+00   0.0000e+00
   0.7887   0.7887   0.2113  -3.0531e-16  -1.9429e-16  -5.3326e+00  -3.1225e-17   1.5959e-16  -8.3267e-17   0.0000e+00   0.0000e+00
   0.7887   0.7887   0.7887  -2.9143e-16  -2.2204e-16  -5.3326e+00   2.0470e-16   2.0123e-16   1.3878e-17   0.0000e+00   0.0000e+00
Time   3.0000
El      1  C3D8         EL1
   0.2113   0.2113   0.2113  -2.0817e-16   2.4980e-16  -6.6658e+00   0.0000e+00   8.3267e-17   2.7756e-17   0.0000e+00   0.0000e+00
   0.2113   0.2113   0.7887   6.2450e-16   6.3838e-16  -6.6658e+00   2.2204e-16   0.0000e+00   0.0000e+00   0.0000e+00   0.0000e+00
   0.2113   0.7887   0.2113   2.9143e-16   6.6613e-16  -6.6658e+00  -8.3267e-17   0.0000e+00   0.0000e+00   0.0000e+00   0.0000e+00
   0.2113   0.7887   0.7887  -4.1633e-17   4.8572e-16  -6.6658e+00  -1.4572e-16   0.0000e+00  -1.1102e-16   0.0000e+00   0.0000e+00
   0.7887   0.2113   0.2113   6.1062e-16   1.5266e-16  -6.6658e+00  -2.7756e-17   1.5266e-16   2.4980e-16   0.0000e+00   0.0000e+00
   0.7887   0.2113   0.7887  -9.7145e-17  -3.3307e-16  -6.6658e+00   9.7145e-17   1.8041e-16  -2.7756e-17   0.0000e+00   0.0000e+00
   0.7887   0.7887   0.2113   2.3592e-16   4.7184e-16  -6.6658e+00  -2.8103e-16  -1.1102e-16   1.8041e-16   0.0000e+00   0.0000e+00
   0.7887   0.7887   0.7887  -4.8572e-16   3.7470e-16  -6.6658e+00  -2.9837e-16   0.0000e+00  -5.5511e-17   0.0000e+00   0.0000e+00
Time   3.2000
El      1  C3D8         EL1
   0.2113   0.2113   0.2113   8.6469e-10   1.2749e-06  -7.2916e+00  -1.3751e-09   8.6963e-11  -7.0499e-15   0.0000e+00   0.0000e+00
   0.2113   0.2113   0.7887  -1.2665e-10   1.2659e-06  -7.2916e+00  -1.3751e-09   8.6963e-11  -7.8271e-15   0.0000e+00   0.0000e+00
   0.2113   0.7887   0.2113   8.6426e-10   1.2749e-06  -7.2916e+00  -5.1319e-09   8.6963e-11   1.5463e-13   0.0000e+00   0.0000e+00
   0.2113   0.7887   0.7887  -1.2708e-10   1.2659e-06  -7.2916e+00  -5.1319e-09   8.6963e-11   1.5159e-13   0.0000e+00   0.0000e+00
   0.7887   0.2113   0.2113   8.6476e-10   1.2749e-06  -7.2916e+00  -1.3751e-09   3.2455e-10  -1.8761e-13   0.0000e+00   0.0000e+00
   0.7887   0.2113   0.7887  -1.2658e-10   1.2659e-06  -7.2916e+00  -1.3751e-09   3.2455e-10  -1.8857e-13   0.0000e+00   0.0000e+00
   0.7887   0.7887   0.2113   8.6434e-10   1.2749e-06  -7.2916e+00  -5.1320e-09   3.2455e-10  -2.5910e-14   0.0000e+00   0.0000e+00
   0.7887   0.7887   0.7887  -1.2701e-10   1.2659e-06  -7.2916e+00  -5.1320e-09   3.2455e-10  -2.9143e-14   0.0000e+00   0.0000e+00
Time   3.4000
El      1  C3D8         EL1
   0.2113   0.2113   0.2113   5.8163e-09   3.1358e-07  -3.7127e+00  -2.5852e-09  -2.8995e-11  -8.5223e-13   0.0000e+00   0.0000e+00
   0.2113   0.2113   0.7887   5.9796e-09   2.9404e-07  -3.7127e+00  -2.5852e-09  -2.8995e-11   5.9436e-13   0.0000e+00   0.0000e+00
   0.2113   0.7887   0.2113   5.8242e-09   3.1358e-07  -3.7127e+00  -9.6481e-09  -3.0217e-11  -7.5979e-12   0.0000e+00   0.0000e+00
   0.2113   0.7887   0.7887   5.9767e-09   2.9404e-07  -3.7127e+00  -9.6481e-09  -3.0217e-11   3.8324e-12   0.0000e+00   0.0000e+00
   0.7887   0.2113   0.2113   5.8166e-09   3.1357e-07  -3.7127e+00  -2.5828e-09  -1.0821e-10   3.5646e-12   0.0000e+00   0.0000e+00
   0.7887   0.2113   0.7887   5.9794e-09   2.9405e-07  -3.7127e+00  -2.5828e-09  -1.0821e-10  -1.0203e-12   0.0000e+00   0.0000e+00
   0.7887   0.7887   0.2113   5.8245e-09   3.1357e-07  -3.7127e+00  -9.6393e-09  -1.1277e-10  -3.1808e-12   0.0000e+00   0.0000e+00
   0.7887   0.7887   0.7887   5.9766e-09   2.9405e-07  -3.7127e+00  -9.6393e-09  -1.1277e-10   2.2180e-12   0.0000e+00   0.0000e+00
