Time   0.5000
El      1  C3D8         EL1
   0.2113   0.2113   0.2113  -4.4094e-12   3.6327e-09   1.7400e+00   2.0449e-12  -3.2656e-12   3.0352e-13   0.0000e+00   0.0000e+00
   0.2113   0.2113   0.7887   1.5340e-11   3.6415e-09   1.7400e+00   6.1176e-12  -1.9212e-11   3.0250e-13   0.0000e+00   0.0000e+00
   0.2113   0.7887   0.2113  -5.4637e-12   3.6345e-09   1.7400e+00   3.5587e-12  -3.2674e-12   2.5509e-12   0.0000e+00   0.0000e+00
   0.2113   0.7887   0.7887   1.4287e-11   3.6432e-09   1.7400e+00   7.6314e-12  -1.9219e-11   2.5468e-12   0.0000e+00   0.0000e+00
   0.7887   0.2113   0.2113  -1.3594e-11   3.6280e-09   1.7400e+00   2.0418e-12   3.7588e-12  -1.1147e-12   0.0000e+00   0.0000e+00
   0.7887   0.2113   0.7887   6.1537e-12   3.6368e-09   1.7400e+00   6.1091e-12  -1.2187e-11  -1.1153e-12   0.0000e+00   0.0000e+00
   0.7887   0.7887   0.2113  -1.4652e-11   3.6298e-09   1.7400e+00   3.5526e-12   3.7573e-12   1.1327e-12   0.0000e+00   0.0000e+00
   0.7887   0.7887   0.7887   5.0966e-12   3.6385e-09   1.7400e+00   7.6200e-12  -1.2194e-11   1.1290e-12   0.0000e+00   0.0000e+00
Time   1.0000
El      1  C3D8         EL1
   0.2113   0.2113   0.2113   5.5401e-11   2.1727e-07   3.4800e+00  -2.3011e-12   2.4285e-12  -1.2458e-13   0.0000e+00   0.0000e+00
   0.2113   0.2113   0.7887   4.1142e-11   2.1727e-07   3.4800e+00  -9.8707e-12   1.4718e-11  -1.2434e-13   0.0000e+00   0.0000e+00
   0.2113   0.7887   0.2113   5.4711e-11   2.1727e-07   3.4800e+00  -1.0184e-12   2.4281e-12  -2.1768e-12   0.0000e+00   0.0000e+00
   0.2113   0.7887   0.7887   4.0453e-11   2.1727e-07   3.4800e+00  -8.5879e-12   1.4716e-11  -2.1762e-12   0.0000e+00   0.0000e+00
   0.7887   0.2113   0.2113   6.2572e-11   2.1728e-07   3.4800e+00  -2.3016e-12  -3.2263e-12   1.5872e-12   0.0000e+00   0.0000e+00
   0.7887   0.2113   0.7887   4.8313e-11   2.1728e-07   3.4800e+00  -9.8725e-12   9.0635e-12   1.5878e-12   0.0000e+00   0.0000e+00
   0.7887   0.7887   0.2113   6.1881e-11   2.1727e-07   3.4800e+00  -1.0184e-12  -3.2264e-12  -4.6500e-13   0.0000e+00   0.0000e+00
   0.7887   0.7887   0.7887   4.7623e-11   2.1727e-07   3.4800e+00  -8.5895e-12   9.0619e-12  -4.6405e-13   0.0000e+00   0.0000e+00
Time   1.2000
El      1  C3D8         EL1
   0.2113   0.2113   0.2113   3.2263e-02   8.9525e-09   2.8567e+00  -5.9970e-12   3.1435e+00  -2.4452e-09   0.0000e+00   0.0000e+00
   0.2113   0.2113   0.7887   3.2263e-02   9.0089e-09   2.8567e+00  -1.2131e-11   3.1435e+00  -2.4443e-09   0.0000e+00   0.0000e+00
   0.2113   0.7887   0.2113   3.2263e-02   8.9489e-09   2.8567e+00  -1.6249e-11   3.1435e+00  -9.1269e-09   0.0000e+00   0.0000e+00
   0.2113   0.7887   0.7887   3.2263e-02   9.0053e-09   2.8567e+00  -2.2370e-11   3.1435e+00  -9.1234e-09   0.0000e+00   0.0000e+00
   0.7887   0.2113   0.2113   3.2263e-02  -9.0409e-09   2.8567e+00  -5.0417e-12   3.1435e+00  -2.4438e-09   0.0000e+00   0.0000e+00
   0.7887   0.2113   0.7887   3.2263e-02  -8.9775e-09   2.8567e+00  -1.1177e-11   3.1435e+00  -2.4429e-09   0.0000e+00   0.0000e+00
   0.7887   0.7887   0.2113   3.2263e-02  -9.0444e-09   2.8567e+00  -1.2701e-11   3.1435e+00  -9.1255e-09   0.0000e+00   0.0000e+00
   0.7887   0.7887   0.7887   3.2263e-02  -8.9811e-09   2.8567e+00  -1.8824e-11   3.1435e+00  -9.1220e-09   0.0000e+00   0.0000e+00
Time   1.4000
El      1  C3D8         EL1
   0.2113   0.2113   0.2113   1.0189e-01   2.9519e-08   1.7530e+00  -6.6142e-11   3.6752e+00  -7.5865e-09   0.0000e+00   0.0000e+00
   0.2113   0.2113   0.7887   1.0189e-01   3.0378e-08   1.7530e+00  -6.9950e-11   3.6752e+00  -7.5959e-09   0.0000e+00   0.0000e+00
   0.2113   0.7887   0.2113   1.0189e-01   2.9517e-08   1.7530e+00  -2.4327e-10   3.6752e+00  -2.8314e-08   0.0000e+00   0.0000e+00
   0.2113   0.7887   0.7887   1.0189e-01   3.0376e-08   1.7530e+00  -2.4767e-10   3.6752e+00  -2.8349e-08   0.0000e+00   0.0000e+00
   0.7887   0.2113   0.2113   1.0189e-01  -3.0927e-08   1.7530e+00  -7.5599e-11   3.6752e+00  -7.5859e-09   0.0000e+00   0.0000e+00
   0.7887   0.2113   0.7887   1.0189e-01  -3.0143e-08   1.7530e+00  -7.9407e-11   3.6752e+00  -7.5953e-09   0.0000e+00   0.0000e+00
   0.7887   0.7887   0.2113   1.0189e-01  -3.0929e-08   1.7530e+00  -2.7861e-10   3.6752e+00  -2.8314e-08   0.0000e+00   0.0000e+00
   0.7887   0.7887   0.7887   1.0189e-01  -3.0145e-08   1.7530e+00  -2.8301e-10   3.6752e+00  -2.8349e-08   0.0000e+00   0.0000e+00
Time   1.6000
El      1  C3D8         EL1
   0.2113   0.2113   0.2113   1.5976e-01  -9.7582e-09   8.9709e-01  -1.7673e-10   2.4617e+00  -6.9038e-10   0.0000e+00   0.0000e+00
   0.2113   0.2113   0.7887   1.5976e-01  -1.1064e-08   8.9709e-01  -1.5985e-10   2.4617e+00  -4.0231e-10   0.0000e+00   0.0000e+00
   0.2113   0.7887   0.2113   1.5976e-01  -9.7593e-09   8.9709e-01  -6.5795e-10   2.4617e+00  -2.5768e-09   0.0000e+00   0.0000e+00
   0.2113   0.7887   0.7887   1.5976e-01  -1.1065e-08   8.9709e-01  -5.9040e-10   2.4617e+00  -1.5014e-09   0.0000e+00   0.0000e+00
   0.7887   0.2113   0.2113   1.5976e-01  -1.6627e-08   8.9709e-01   1.1762e-10   2.4617e+00  -6.7147e-10   0.0000e+00   0.0000e+00
   0.7887   0.2113   0.7887   1.5976e-01  -1.5029e-08   8.9709e-01   1.3451e-10   2.4617e+00  -3.8340e-10   0.0000e+00   0.0000e+00
   0.7887   0.7887   0.2113   1.5976e-01  -1.6628e-08   8.9709e-01   4.4054e-10   2.4617e+00  -2.5072e-09   0.0000e+00   0.0000e+00
   0.7887   0.7887   0.7887   1.5976e-01  -1.5031e-08   8.9709e-01   5.0808e-10   2.4617e+00  -1.4318e-09   0.0000e+00   0.0000e+00
Time   1.8000
El      1  C3D8         EL1
   0.2113   0.2113   0.2113   1.6455e-01  -6.6786e-08   4.2766e-01  -2.8157e-09   1.1711e+00  -3.6228e-08   0.0000e+00   0.0000e+00
   0.2113   0.2113   0.7887   1.6455e-01  -4.3676e-08   4.2766e-01  -2.9034e-09   1.1711e+00  -3.6919e-08   0.0000e+00   0.0000e+00
   0.2113   0.7887   0.2113   1.6455e-01  -6.6786e-08   4.2766e-01  -1.0508e-08   1.1711e+00  -1.3521e-07   0.0000e+00   0.0000e+00
   0.2113   0.7887   0.7887   1.6455e-01  -4.3676e-08   4.2766e-01  -1.0833e-08   1.1711e+00  -1.3778e-07   0.0000e+00   0.0000e+00
   0.7887   0.2113   0.2113   1.6455e-01  -5.5769e-07   4.2766e-01  -3.5298e-09   1.1711e+00  -3.6315e-08   0.0000e+00   0.0000e+00
   0.7887   0.2113   0.7887   1.6455e-01  -5.4388e-07   4.2766e-01  -3.6175e-09   1.1711e+00  -3.7006e-08   0.0000e+00   0.0000e+00
   0.7887   0.7887   0.2113   1.6455e-01  -5.5769e-07   4.2766e-01  -1.3173e-08   1.1711e+00  -1.3553e-07   0.0000e+00   0.0000e+00
   0.7887   0.7887   0.7887   1.6455e-01  -5.4388e-07   4.2766e-01  -1.3498e-08   1.1711e+00  -1.3811e-07   0.0000e+00   0.0000e+00
Time   2.0000
El      1  C3D8         EL1
   0.2113   0.2113   0.2113   1.3933e-01  -1.3715e-07   2.2575e-01  -9.0864e-14   4.8073e-01   1.8810e-14   0.0000e+00   0.0000e+00
   0.2113   0.2113   0.7887   1.3933e-01  -1.3715e-07   2.2575e-01  -4.9052e-13   4.8073e-01  -2.9755e-14   0.0000e+00   0.0000e+00
   0.2113   0.7887   0.2113   1.3933e-01  -1.3715e-07   2.2575e-01   4.9921e-14   4.8073e-01   3.5607e-14   0.0000e+00   0.0000e+00
   0.2113   0.7887   0.7887   1.3933e-01  -1.3715e-07   2.2575e-01  -3.4847e-13   4.8073e-01  -2.9781e-15   0.0000e+00   0.0000e+00
   0.7887   0.2113   0.2113   1.3933e-01  -1.3715e-07   2.2575e-01  -7.4730e-14   4.8073e-01   1.0700e-13   0.0000e+00   0.0000e+00
   0.7887   0.2113   0.7887   1.3933e-01  -1.3715e-07   2.2575e-01  -4.7468e-13   4.8073e-01   5.8440e-14   0.0000e+00   0.0000e+00
   0.7887   0.7887   0.2113   1.3933e-01  -1.3715e-07   2.2575e-01   7.6454e-14   4.8073e-01   1.2517e-13   0.0000e+00   0.0000e+00
   0.7887   0.7887   0.7887   1.3933e-01  -1.3715e-07   2.2575e-01  -3.2201e-13   4.8073e-01   8.6793e-14   0.0000e+00   0.0000e+00
