ConFem:  ../DataSpecimen/One3D/TenCom2P
symmetric system False
0 step starts NR
1 0 2.0 0.0 0 0.0 0.0 1.0
1 0 2.0 0.05 1 0.142207036064 0.0 nan
1 0 2.0 0.05 2 3.30924685906e-05 4.15692193817e-05 inf
1 0 2.0 0.05 3 2.56522318853e-09 4.15699416971e-05 inf
2 0 2.0 0.05 0 2.56522317478e-09 0.0 1.0
2 0 2.0 0.1 1 0.14112077638 2.85205858207e-13 1.0
2 0 2.0 0.1 2 0.00019383904081 4.15699417748e-05 679796820.466
2 0 2.0 0.1 3 5.77490442402e-08 4.15742776108e-05 0.0303031855669
3 0 2.0 0.1 0 5.77490442328e-08 0.0 1.0
3 0 2.0 0.15 1 0.13791506718 6.69216108657e-12 1.0
3 0 2.0 0.15 2 0.000465566343475 4.15721102351e-05 28528450.8577
3 0 2.0 0.15 3 2.99378588518e-07 4.15829615197e-05 0.0172834219089
4 0 2.0 0.15 0 2.99378588519e-07 0.0 1.0
4 0 2.0 0.2 1 0.132744561868 3.67145507792e-11 1.0
4 0 2.0 0.2 2 0.000821733410843 4.15757284221e-05 4928145.25273
4 0 2.0 0.2 3 8.99914628091e-07 4.15960190561e-05 0.0184429132676
5 0 2.0 0.2 0 8.99914628066e-07 0.0 1.0
5 0 2.0 0.25 1 0.125852405886 1.19042988622e-10 1.0
5 0 2.0 0.25 2 0.00122917586868 4.15808016363e-05 1379152.35475
5 0 2.0 0.25 3 2.01273980659e-06 4.16134890183e-05 0.0217085560386
5 0 2.0 0.25 4 3.28844377175e-09 4.16135186917e-05 1.4601046189e-07
6 0 2.0 0.25 0 3.28844379951e-09 0.0 1.0
6 0 2.0 0.3 1 0.11202620426 4.35672259688e-13 1.0
6 0 2.0 0.3 2 0.00669329144262 4.14441839354e-05 233161719.029
6 0 2.0 0.3 3 1.56510305494e-05 4.16357358908e-05 266.126640933
6 0 2.0 0.3 4 8.32228938039e-08 4.16354491904e-05 0.00263203794743
7 0 2.0 0.3 0 8.322289379e-08 0.0 1.0
7 0 2.0 0.35 1 0.100914881414 1.19423404313e-11 1.0
7 0 2.0 0.35 2 0.00857676130602 4.13914020329e-05 5271806.30476
7 0 2.0 0.35 3 3.33728945456e-05 4.1662763459e-05 40.8177586942
7 0 2.0 0.35 4 2.26269074176e-07 4.16619181015e-05 0.000277166755195
8 0 2.0 0.35 0 2.26269074189e-07 0.0 1.0
8 0 2.0 0.4 1 0.0892296910124 3.60654533802e-11 1.0
8 0 2.0 0.4 2 0.0102548171944 4.13307419024e-05 482284.307228
8 0 2.0 0.4 3 6.33615020726e-05 4.16949923385e-05 43.8503290109
8 0 2.0 0.4 4 5.18785905316e-07 4.1692983689e-05 5.32928521386e-06
9 0 2.0 0.4 0 5.1878590533e-07 0.0 1.0
9 0 2.0 0.45 1 0.0774564694684 9.30430844254e-11 1.0
9 0 2.0 0.45 2 0.011604493811 4.12630172694e-05 403999.532693
9 0 2.0 0.45 3 0.00010839350947 4.17328859525e-05 45.9653076039
9 0 2.0 0.45 4 1.04209109931e-06 4.17287229564e-05 0.000642187976258
9 0 2.0 0.45 5 2.87596446659e-09 4.17286911915e-05 1.60490753844e-07
10 0 2.0 0.45 0 2.87596449434e-09 0.0 1.0
10 0 2.0 0.5 1 0.0774713715623 5.84968178661e-13 1.0
10 0 2.0 0.5 2 0.00288497620186 4.16280189128e-05 123190435.558
10 0 2.0 0.5 3 1.52162635663e-05 4.17690052238e-05 74.0618717868
10 0 2.0 0.5 4 1.53924037953e-07 4.17691888243e-05 0.0232227331859
Element Data written 0.5 0.5
11 0 2.0 0.5 0 1.53924037953e-07 0.0 1.0
11 0 2.0 0.55 1 0.0552663236181 3.50643871599e-11 1.0
11 0 2.0 0.55 2 0.0130460074477 4.11101226801e-05 5079553.6703
11 0 2.0 0.55 3 0.000246412225239 4.18283415909e-05 625.659657176
11 0 2.0 0.55 4 3.11771418518e-06 4.18146187757e-05 0.0494334172464
11 0 2.0 0.55 5 1.16217094749e-08 4.18144850093e-05 9.59207316278e-06
12 0 2.0 0.55 0 1.16217094888e-08 0.0 1.0
12 0 2.0 0.6 1 0.0579779123595 3.15694273255e-12 1.0
12 0 2.0 0.6 2 0.00299769458845 4.16572436335e-05 55974663.8494
12 0 2.0 0.6 3 2.12980470477e-05 4.18646275839e-05 6.68145734339
12 0 2.0 0.6 4 3.47060877759e-07 4.18647246017e-05 0.0233047429982
13 0 2.0 0.6 0 3.47060877703e-07 0.0 1.0
13 0 2.0 0.65 1 0.0367111834637 1.13216318961e-10 1.0
13 0 2.0 0.65 2 0.0127857820269 4.09408184873e-05 3346849.05699
13 0 2.0 0.65 3 0.000433333346616 4.19562845998e-05 757.401269285
13 0 2.0 0.65 4 6.95816055018e-06 4.19203346554e-05 0.178666445344
13 0 2.0 0.65 5 2.98145973724e-08 4.19198843432e-05 3.6403142416e-05
14 0 2.0 0.65 0 2.98145973863e-08 0.0 1.0
14 0 2.0 0.7 1 0.0412993960109 1.13447534605e-11 1.0
14 0 2.0 0.7 2 0.00278815321015 4.16924424957e-05 25507238.1635
14 0 2.0 0.7 3 2.59517096178e-05 4.19805745387e-05 17.5418312308
14 0 2.0 0.7 4 6.11856347831e-07 4.1980192222e-05 0.0250501103291
15 0 2.0 0.7 0 6.11856347803e-07 0.0 1.0
15 0 2.0 0.75 1 0.0227273176621 2.97177625209e-10 1.0
15 0 2.0 0.75 2 0.0112362405151 4.076402513e-05 2268248.08303
15 0 2.0 0.75 3 0.000630228130439 4.21277990415e-05 951.413152628
15 0 2.0 0.75 4 1.2624923332e-05 4.20467421809e-05 0.542334327158
15 0 2.0 0.75 5 4.89141659755e-08 4.2045425984e-05 9.95823578868e-05
16 0 2.0 0.75 0 4.891416601e-08 0.0 1.0
16 0 2.0 0.8 1 0.0281261184387 2.855795662e-11 1.0
16 0 2.0 0.8 2 0.00236917955219 4.1733643485e-05 14734803.658
16 0 2.0 0.8 3 2.88273796866e-05 4.21177089907e-05 34.5133195822
16 0 2.0 0.8 4 8.8674078259e-07 4.21160375831e-05 0.0301313341292
17 0 2.0 0.8 0 8.8674078259e-07 0.0 1.0
17 0 2.0 0.85 1 0.0131137223503 6.31220585772e-10 1.0
17 0 2.0 0.85 2 0.00902669488454 4.05889070948e-05 1645704.06645
17 0 2.0 0.85 3 0.000792914742523 4.23593855184e-05 1230.60990078
17 0 2.0 0.85 4 1.98272079245e-05 4.21949097859e-05 1.52283197097
17 0 2.0 0.85 5 3.73443310161e-08 4.21913887046e-05 0.000139457392793
18 0 2.0 0.85 0 3.73443310162e-08 0.0 1.0
18 0 2.0 0.9 1 0.0184036578298 3.20782967111e-11 1.0
18 0 2.0 0.9 2 0.00186713638925 4.17808394591e-05 16694114.0381
18 0 2.0 0.9 3 3.00141815887e-05 4.22767783967e-05 90.4153092909
18 0 2.0 0.9 4 1.09166356509e-06 4.22723781055e-05 0.0597574762977
18 0 2.0 0.9 5 1.04557903517e-08 4.22721651164e-05 4.28369744424e-05
19 0 2.0 0.9 0 1.04557903656e-08 0.0 1.0
19 0 2.0 0.95 1 0.014689359792 1.13385928602e-11 1.0
19 0 2.0 0.95 2 0.00161761984278 4.18066685142e-05 53559833.7137
19 0 2.0 0.95 3 3.00185374655e-05 4.23647025851e-05 412.800590548
19 0 2.0 0.95 4 1.1476538137e-06 4.23581330669e-05 0.233610898773
19 0 2.0 0.95 5 1.1800926483e-08 4.23578418955e-05 0.000234515642756
20 0 2.0 0.95 0 1.18009264865e-08 0.0 1.0
20 0 2.0 1.0 1 0.0116314077233 1.61321542928e-11 1.0
20 0 2.0 1.0 2 0.00138133500183 4.18339759156e-05 39808869.8195
20 0 2.0 1.0 3 2.96492100251e-05 4.24582672432e-05 423.647745175
20 0 2.0 1.0 4 1.16722419052e-06 4.24488171211e-05 0.196504931525
20 0 2.0 1.0 5 1.27370806853e-08 4.24484287135e-05 0.000282853188378
Element Data written 1.0 1.0
21 0 2.0 1.0 0 1.27370806784e-08 0.0 1.0
21 0 2.0 1.05 1 0.00914313306761 2.45616058518e-11 1.0
21 0 2.0 1.05 2 2.50185377655e-17 4.18627333692e-05 7107608.34894
22 0 2.0 1.05 0 2.94392336003e-17 0.0 1.0
22 0 2.0 1.1 1 0.00914313280935 7.42302483458e-20 1.0
22 0 2.0 1.1 2 3.32777661213e-17 4.18627369574e-05 4.47356246432e+15
23 0 2.0 1.1 0 2.86097924908e-17 0.0 1.0
23 0 2.0 1.15 1 0.00914313280935 5.0708913343e-20 1.0
23 0 2.0 1.15 2 5.59431511414e-17 4.18627369574e-05 3.83448204787e+15
24 0 2.0 1.15 0 5.09902483316e-17 0.0 1.0
24 0 2.0 1.2 1 0.00914313280935 8.98972950756e-20 1.0
24 0 2.0 1.2 2 5.6371840561e-17 4.18627369574e-05 1.67758588767e+15
25 0 2.0 1.2 0 5.6371840561e-17 0.0 1.0
25 0 2.0 1.25 1 0.00914313280935 1.04098936338e-19 1.0
25 0 2.0 1.25 2 5.09902483316e-17 4.18627369574e-05 1.2200624778e+15
26 0 2.0 1.25 0 4.16333634234e-17 0.0 1.0
26 0 2.0 1.3 1 0.00914313280935 9.77286631466e-20 1.0
26 0 2.0 1.3 2 3.60555503697e-17 4.18627369574e-05 1.91724104074e+15
27 0 2.0 1.3 0 3.46944695195e-17 0.0 1.0
27 0 2.0 1.35 1 0.00914313280935 7.42302483458e-20 1.0
27 0 2.0 1.35 2 2.77555756156e-17 4.18627369574e-05 2.44012494539e+15
28 0 2.0 1.35 0 2.77555756156e-17 0.0 1.0
28 0 2.0 1.4 1 0.00914313280935 4.97951643864e-20 1.0
28 0 2.0 1.4 2 5.84681592945e-17 4.18627369574e-05 2.68413744292e+15
29 0 2.0 1.4 0 4.85722573274e-17 0.0 1.0
29 0 2.0 1.45 1 0.00914313280935 7.26673312368e-20 1.0
29 0 2.0 1.45 2 4.3333378541e-17 4.18627369574e-05 1.41270392052e+15
30 0 2.0 1.45 0 3.86341261956e-17 0.0 1.0
30 0 2.0 1.5 1 0.00914313280935 6.97659035373e-20 1.0
30 0 2.0 1.5 2 9.81307786677e-18 4.18627369574e-05 2.06472110896e+15
Element Data written 1.5 1.5
31 0 2.0 1.5 0 9.81307786677e-18 0.0 1.0
31 0 2.0 1.55 1 0.00914313280935 3.03043719879e-20 1.0
31 0 2.0 1.55 2 1.83585876436e-17 4.18627369574e-05 8.75067027235e+23
32 0 2.0 1.55 0 1.83585876436e-17 0.0 1.0
32 0 2.0 1.6 1 0.00914313280935 4.88643315733e-20 1.0
32 0 2.0 1.6 2 1.55158384578e-17 4.18627369574e-05 5.36827491877e+15
33 0 2.0 1.6 0 1.62731486613e-17 0.0 1.0
33 0 2.0 1.65 1 0.00914313280935 3.83323354171e-20 1.0
33 0 2.0 1.65 2 2.30137075393e-17 4.18627369574e-05 2.68413720415e+16
34 0 2.0 1.65 0 1.80277751848e-17 0.0 1.0
34 0 2.0 1.7 1 0.00914313280935 3.10527407753e-20 1.0
34 0 2.0 1.7 2 9.81307786677e-18 4.18627369574e-05 4.12944221792e+15
35 0 2.0 1.7 0 1.15068537697e-17 0.0 1.0
35 0 2.0 1.75 1 0.00914313280935 2.62443559872e-20 1.0
35 0 2.0 1.75 2 9.81307786677e-18 4.18627369574e-05 7.66896409574e+15
36 0 2.0 1.75 0 1.20185167899e-17 0.0 1.0
36 0 2.0 1.8 1 0.00914313280935 2.77330539307e-20 1.0
36 0 2.0 1.8 2 6.4907409079e-18 4.18627369574e-05 2.68413728649e+16
37 0 2.0 1.8 0 8.84538885469e-18 0.0 1.0
37 0 2.0 1.85 1 0.00914313280935 2.27282789909e-20 1.0
37 0 2.0 1.85 2 7.94950163848e-18 4.18627369574e-05 7.00053247855e+23
38 0 2.0 1.85 0 6.93889390391e-18 0.0 1.0
38 0 2.0 1.9 1 0.00914313280935 1.39696252396e-20 1.0
38 0 2.0 1.9 2 4.24918736097e-18 4.18627369574e-05 1.78942500403e+16
39 0 2.0 1.9 0 4.98261384108e-18 0.0 1.0
39 0 2.0 1.95 1 0.00914313280935 9.73166765837e-21 1.0
39 0 2.0 1.95 2 2.03414358266e-18 4.18627369574e-05 2.14730959866e+17
40 0 2.0 1.95 0 2.16840434497e-18 0.0 1.0
40 0 2.0 2.0 1 0.00914313280935 4.06222730973e-21 1.0
40 0 2.0 2.0 2 1.56092757243e-18 4.18627369574e-05 1.43153990808e+17
Element Data written 2.0 2.0
1 step starts NR
1 1 3.4 2.0 0 1.39983630029e-15 0.0 1.0
1 1 3.4 2.01 1 2.67887951133e-16 6.22997274125e-05 1.0
2 1 3.4 2.01 0 2.69373647646e-16 0.0 1.0
2 1 3.4 2.02 1 2.77710471828e-16 6.22997274124e-05 1.0
3 1 3.4 2.02 0 2.77032395164e-16 0.0 1.0
3 1 3.4 2.03 1 2.6637773e-16 6.22997274124e-05 1.0
4 1 3.4 2.03 0 2.65313688148e-16 0.0 1.0
4 1 3.4 2.04 1 2.67926562817e-16 6.22997274124e-05 1.0
5 1 3.4 2.04 0 2.70386242068e-16 0.0 1.0
5 1 3.4 2.05 1 2.77797224916e-16 6.22997274124e-05 1.0
6 1 3.4 2.05 0 2.70330717898e-16 0.0 1.0
6 1 3.4 2.06 1 2.87318403436e-16 6.22997274124e-05 1.0
7 1 3.4 2.06 0 2.87318403436e-16 0.0 1.0
7 1 3.4 2.07 1 2.80277402225e-16 6.22997274124e-05 1.0
8 1 3.4 2.07 0 2.71840172059e-16 0.0 1.0
8 1 3.4 2.08 1 2.66518776736e-16 6.22997274124e-05 1.0
9 1 3.4 2.08 0 2.68857049036e-16 0.0 1.0
9 1 3.4 2.09 1 2.35210608529e-16 6.22997274124e-05 1.0
10 1 3.4 2.09 0 2.35210608529e-16 0.0 1.0
10 1 3.4 2.1 1 2.58331502695e-16 6.22997274124e-05 1.0
11 1 3.4 2.1 0 2.52678195277e-16 0.0 1.0
11 1 3.4 2.11 1 3.03891483173e-16 6.22997274124e-05 1.0
12 1 3.4 2.11 0 3.08608049898e-16 0.0 1.0
12 1 3.4 2.12 1 2.68118111585e-16 6.22997274124e-05 1.0
13 1 3.4 2.12 0 2.75993688127e-16 0.0 1.0
13 1 3.4 2.13 1 2.40173467615e-16 6.22997274124e-05 1.0
14 1 3.4 2.13 0 2.57865127619e-16 0.0 1.0
14 1 3.4 2.14 1 2.70263918888e-16 6.22997274124e-05 1.0
15 1 3.4 2.14 0 2.62766590757e-16 0.0 1.0
15 1 3.4 2.15 1 2.65591560342e-16 6.22997274124e-05 1.0
16 1 3.4 2.15 0 2.65591560342e-16 0.0 1.0
16 1 3.4 2.16 1 3.4791763909e-16 6.22997274124e-05 1.0
17 1 3.4 2.16 0 3.47016939584e-16 0.0 1.0
17 1 3.4 2.17 1 2.23345647532e-16 6.22997274124e-05 1.0
18 1 3.4 2.17 0 2.13649789127e-16 0.0 1.0
18 1 3.4 2.18 1 2.94722128799e-16 6.22997274124e-05 1.0
19 1 3.4 2.18 0 3.03733002896e-16 0.0 1.0
19 1 3.4 2.19 1 2.8677235592e-16 6.22997274124e-05 1.0
20 1 3.4 2.19 0 3.0499769148e-16 0.0 1.0
20 1 3.4 2.2 1 2.44347132146e-16 6.22997274124e-05 1.0
Element Data written 2.2 2.2
21 1 3.4 2.2 0 2.57771751348e-16 0.0 1.0
21 1 3.4 2.21 1 2.48255782842e-16 6.22997274124e-05 1.0
22 1 3.4 2.21 0 2.59631900097e-16 0.0 1.0
22 1 3.4 2.22 1 2.71951103282e-16 6.22997274124e-05 1.0
23 1 3.4 2.22 0 2.71596777562e-16 0.0 1.0
23 1 3.4 2.23 1 3.22194532409e-16 6.22997274124e-05 1.0
24 1 3.4 2.23 0 2.89447137303e-16 0.0 1.0
24 1 3.4 2.24 1 3.04049030298e-16 6.22997274124e-05 1.0
25 1 3.4 2.24 0 3.13406449612e-16 0.0 1.0
25 1 3.4 2.25 1 2.85089348038e-16 6.22997274124e-05 1.0
26 1 3.4 2.25 0 2.89447137303e-16 0.0 1.0
26 1 3.4 2.26 1 2.27615225761e-16 6.22997274124e-05 1.0
27 1 3.4 2.26 0 2.24205144996e-16 0.0 1.0
27 1 3.4 2.27 1 3.12175828497e-16 6.22997274124e-05 1.0
28 1 3.4 2.27 0 3.05629342529e-16 0.0 1.0
28 1 3.4 2.28 1 2.06312249958e-16 6.22997274124e-05 1.0
29 1 3.4 2.28 0 2.09554039436e-16 0.0 1.0
29 1 3.4 2.29 1 3.96915916719e-16 6.22997274124e-05 1.0
30 1 3.4 2.29 0 3.96915916719e-16 0.0 1.0
30 1 3.4 2.3 1 1.35980219804e-16 6.22997274124e-05 1.0
31 1 3.4 2.3 0 1.65959305002e-16 0.0 1.0
31 1 3.4 2.31 1 3.46391582241e-16 6.22997274124e-05 1.0
32 1 3.4 2.31 0 3.70827575486e-16 0.0 1.0
32 1 3.4 2.32 1 2.40773060828e-16 6.22997274124e-05 1.0
33 1 3.4 2.32 0 2.44346073777e-16 0.0 1.0
33 1 3.4 2.33 1 2.30558797657e-16 6.22997274124e-05 1.0
34 1 3.4 2.33 0 2.30558797657e-16 0.0 1.0
34 1 3.4 2.34 1 2.80320592256e-16 6.22997274124e-05 1.0
35 1 3.4 2.34 0 2.83055433437e-16 0.0 1.0
35 1 3.4 2.35 1 3.06575260828e-16 6.22997274124e-05 1.0
36 1 3.4 2.35 0 3.1279426216e-16 0.0 1.0
36 1 3.4 2.36 1 2.33876256025e-16 6.22997274124e-05 1.0
37 1 3.4 2.36 0 2.28882037738e-16 0.0 1.0
37 1 3.4 2.37 1 2.11384170225e-16 6.22997274124e-05 1.0
38 1 3.4 2.37 0 2.07707783836e-16 0.0 1.0
38 1 3.4 2.38 1 3.23685467216e-16 6.22997274124e-05 1.0
39 1 3.4 2.38 0 3.22493270796e-16 0.0 1.0
39 1 3.4 2.39 1 3.26058801746e-16 6.22997274124e-05 1.0
40 1 3.4 2.39 0 3.34225890739e-16 0.0 1.0
40 1 3.4 2.4 1 3.2841097667e-16 6.22997274124e-05 1.0
Element Data written 2.4 2.4
41 1 3.4 2.4 0 2.80320592256e-16 0.0 1.0
41 1 3.4 2.41 1 2.58890043796e-16 6.22997274124e-05 1.0
42 1 3.4 2.41 0 2.66225308086e-16 0.0 1.0
42 1 3.4 2.42 1 2.80322940546e-16 6.22997274124e-05 1.0
43 1 3.4 2.42 0 2.80322940546e-16 0.0 1.0
43 1 3.4 2.43 1 3.77518885086e-16 6.22997274124e-05 1.0
44 1 3.4 2.43 0 4.10747070398e-16 0.0 1.0
44 1 3.4 2.44 1 1.923006699e-16 6.22997274124e-05 1.0
45 1 3.4 2.44 0 2.05844969548e-16 0.0 1.0
45 1 3.4 2.45 1 3.75474474758e-16 6.22997274124e-05 1.0
46 1 3.4 2.45 0 4.07925675167e-16 0.0 1.0
46 1 3.4 2.46 1 1.59448951009e-16 6.22997274124e-05 1.0
47 1 3.4 2.46 0 1.923006699e-16 0.0 1.0
47 1 3.4 2.47 1 2.70531015964e-16 6.22997274124e-05 1.0
48 1 3.4 2.47 0 2.80320592256e-16 0.0 1.0
48 1 3.4 2.48 1 3.18892004179e-16 6.22997274124e-05 1.0
49 1 3.4 2.48 0 3.18892004179e-16 0.0 1.0
49 1 3.4 2.49 1 3.26056782849e-16 6.22997274124e-05 1.0
50 1 3.4 2.49 0 3.56529198021e-16 0.0 1.0
50 1 3.4 2.5 1 2.77558805458e-16 6.22997274124e-05 1.0
51 1 3.4 2.5 0 2.88447337151e-16 0.0 1.0
51 1 3.4 2.51 1 1.66538535814e-16 6.22997274124e-05 1.0
52 1 3.4 2.51 0 1.75546494759e-16 0.0 1.0
52 1 3.4 2.52 1 2.18554505527e-16 6.22997274124e-05 1.0
53 1 3.4 2.52 0 2.23779328401e-16 0.0 1.0
53 1 3.4 2.53 1 4.3177738631e-16 6.22997274124e-05 1.0
54 1 3.4 2.53 0 4.3177738631e-16 0.0 1.0
54 1 3.4 2.54 1 3.73415346077e-16 6.22997274124e-05 1.0
55 1 3.4 2.54 0 3.39937478627e-16 0.0 1.0
55 1 3.4 2.55 1 3.02782553359e-16 6.22997274124e-05 1.0
56 1 3.4 2.55 0 3.41070634776e-16 0.0 1.0
56 1 3.4 2.56 1 2.91105840314e-16 6.22997274124e-05 1.0
57 1 3.4 2.56 0 2.09554039436e-16 0.0 1.0
57 1 3.4 2.57 1 2.22048416541e-16 6.22997274124e-05 1.0
58 1 3.4 2.57 0 3.04049880846e-16 0.0 1.0
58 1 3.4 2.58 1 4.12619941774e-16 6.22997274124e-05 1.0
59 1 3.4 2.58 0 3.81580021832e-16 0.0 1.0
59 1 3.4 2.59 1 2.52868675137e-16 6.22997274124e-05 1.0
60 1 3.4 2.59 0 2.69103434799e-16 0.0 1.0
60 1 3.4 2.6 1 1.9429338543e-16 6.22997274124e-05 1.0
Element Data written 2.6 2.6
61 1 3.4 2.6 0 1.96265869676e-16 0.0 1.0
61 1 3.4 2.61 1 3.99336961301e-16 6.22997274124e-05 1.0
62 1 3.4 2.61 0 3.98371229738e-16 0.0 1.0
62 1 3.4 2.62 1 2.69103434799e-16 6.22997274124e-05 1.0
63 1 3.4 2.62 0 3.93505349698e-16 0.0 1.0
63 1 3.4 2.63 1 4.01259811173e-16 6.22997274124e-05 1.0
64 1 3.4 2.63 0 4.38856112126e-16 0.0 1.0
64 1 3.4 2.64 1 2.32223450915e-16 6.22997274124e-05 1.0
65 1 3.4 2.64 0 2.69103434799e-16 0.0 1.0
65 1 3.4 2.65 1 5.86821338503e-16 6.22997274124e-05 1.0
66 1 3.4 2.65 0 5.97231307758e-16 0.0 1.0
66 1 3.4 2.66 1 9.61520465172e-17 6.22997274124e-05 1.0
67 1 3.4 2.66 0 9.61520465172e-17 0.0 1.0
67 1 3.4 2.67 1 3.96432708953e-16 6.22997274124e-05 1.0
68 1 3.4 2.67 0 5.05733631352e-16 0.0 1.0
68 1 3.4 2.68 1 7.85094143299e-17 6.22997274124e-05 1.0
69 1 3.4 2.68 0 9.61520465172e-17 0.0 1.0
69 1 3.4 2.69 1 6.61493985332e-16 6.22997274124e-05 1.0
70 1 3.4 2.69 0 6.61493985332e-16 0.0 1.0
70 1 3.4 2.7 1 3.72384163548e-16 6.22997274124e-05 1.0
71 1 3.4 2.7 0 3.51087632517e-16 0.0 1.0
71 1 3.4 2.71 1 1.84111703424e-16 6.22997274124e-05 1.0
72 1 3.4 2.71 0 1.84111703424e-16 0.0 1.0
72 1 3.4 2.72 1 6.61493985332e-16 6.22997274124e-05 1.0
73 1 3.4 2.72 0 6.77602175327e-16 0.0 1.0
73 1 3.4 2.73 1 2.00155819573e-16 6.22997274124e-05 1.0
74 1 3.4 2.73 0 2.35520257438e-16 0.0 1.0
74 1 3.4 2.74 1 3.28409544931e-16 6.22997274124e-05 1.0
75 1 3.4 2.74 0 3.5544585617e-16 0.0 1.0
75 1 3.4 2.75 1 1.84117832615e-16 6.22997274124e-05 1.0
76 1 3.4 2.75 0 2.00155819573e-16 0.0 1.0
76 1 3.4 2.76 1 3.42198114963e-16 6.22997274124e-05 1.0
77 1 3.4 2.76 0 3.42198114963e-16 0.0 1.0
77 1 3.4 2.77 1 2.71949374298e-16 6.22997274124e-05 1.0
78 1 3.4 2.77 0 2.88445707047e-16 0.0 1.0
78 1 3.4 2.78 1 4.26392772002e-16 6.22997274124e-05 1.0
79 1 3.4 2.78 0 3.8858193075e-16 0.0 1.0
79 1 3.4 2.79 1 2.66227780705e-16 6.22997274124e-05 1.0
80 1 3.4 2.79 0 3.04052045867e-16 0.0 1.0
80 1 3.4 2.8 1 2.77557111406e-16 6.22997274124e-05 1.0
Element Data written 2.8 2.8
81 1 3.4 2.8 0 3.1401968962e-16 0.0 1.0
81 1 3.4 2.81 1 1.66542488467e-16 6.22997274124e-05 1.0
82 1 3.4 2.81 0 2.5438996717e-16 0.0 1.0
82 1 3.4 2.82 1 2.93742524627e-16 6.22997274124e-05 1.0
83 1 3.4 2.82 0 3.28412981094e-16 0.0 1.0
83 1 3.4 2.83 1 3.5544585617e-16 6.22997274124e-05 1.0
84 1 3.4 2.83 0 3.5544585617e-16 0.0 1.0
84 1 3.4 2.84 1 2.88449619281e-16 6.22997274124e-05 1.0
85 1 3.4 2.84 0 1.35985060693e-16 0.0 1.0
85 1 3.4 2.85 1 4.11682629488e-16 6.22997274124e-05 1.0
86 1 3.4 2.85 0 4.22761222389e-16 0.0 1.0
86 1 3.4 2.86 1 4.26392772002e-16 6.22997274124e-05 1.0
87 1 3.4 2.86 0 4.00300363026e-16 0.0 1.0
87 1 3.4 2.87 1 2.66227780705e-16 6.22997274124e-05 1.0
88 1 3.4 2.87 0 2.15000762628e-16 0.0 1.0
88 1 3.4 2.88 1 1.66535712433e-16 6.22997274124e-05 1.0
89 1 3.4 2.88 0 1.75543816258e-16 0.0 1.0
89 1 3.4 2.89 1 5.60637829788e-16 6.22997274124e-05 1.0
90 1 3.4 2.89 0 5.60637829788e-16 0.0 1.0
90 1 3.4 2.9 1 1.35985060693e-16 6.22997274124e-05 1.0
91 1 3.4 2.9 0 1.46878945539e-16 0.0 1.0
91 1 3.4 2.91 1 5.26625734567e-16 6.22997274124e-05 1.0
92 1 3.4 2.91 0 5.66105551167e-16 0.0 1.0
92 1 3.4 2.92 1 2.83057759039e-16 6.22997274124e-05 1.0
93 1 3.4 2.92 0 2.15000762628e-16 0.0 1.0
93 1 3.4 2.93 1 3.8858193075e-16 6.22997274124e-05 1.0
94 1 3.4 2.93 0 3.72384163548e-16 0.0 1.0
94 1 3.4 2.94 1 6.03006074444e-16 6.22997274124e-05 1.0
95 1 3.4 2.94 0 4.80741454051e-16 0.0 1.0
95 1 3.4 2.95 1 4.44092597969e-16 6.22997274124e-05 1.0
96 1 3.4 2.95 0 4.07925675167e-16 0.0 1.0
96 1 3.4 2.96 1 4.74290656423e-16 6.22997274124e-05 1.0
97 1 3.4 2.96 0 4.74290656423e-16 0.0 1.0
97 1 3.4 2.97 1 2.83053772282e-16 6.22997274124e-05 1.0
98 1 3.4 2.97 0 3.72381133131e-16 0.0 1.0
98 1 3.4 2.98 1 8.91642804215e-16 6.22997274124e-05 1.0
99 1 3.4 2.98 0 8.25234413728e-16 0.0 1.0
99 1 3.4 2.99 1 2.35520257438e-16 6.22997274124e-05 1.0
100 1 3.4 2.99 0 2.35520257438e-16 0.0 1.0
100 1 3.4 3.0 1 4.26390125433e-16 6.22997274124e-05 1.0
Element Data written 3.0 3.0
101 1 3.4 3.0 0 4.64440422539e-16 0.0 1.0
101 1 3.4 3.01 1 0.00486071520443 6.22997274124e-05 1.0
101 1 3.4 3.01 2 0.000609225298126 6.51386418232e-05 0.0282209944889
101 1 3.4 3.01 3 1.10388292938e-05 6.53766030812e-05 1.43041366242e-05
101 1 3.4 3.01 4 1.88998500563e-07 6.5372049027e-05 4.55557283556e-09
102 1 3.4 3.01 0 1.88998500674e-07 0.0 1.0
102 1 3.4 3.02 1 0.00468301757462 6.23241146098e-05 1.0
102 1 3.4 3.02 2 0.000552077581346 6.50312736294e-05 0.0250500281064
102 1 3.4 3.02 3 1.00574097586e-05 6.52414897174e-05 1.13701404286e-05
102 1 3.4 3.02 4 1.72455856667e-07 6.52374545034e-05 3.66615510945e-09
103 1 3.4 3.02 0 1.72455856667e-07 0.0 1.0
103 1 3.4 3.03 1 0.00380422243882 6.27823033915e-05 1.0
103 1 3.4 3.03 2 0.000383312283024 6.49459545962e-05 0.0153780903242
103 1 3.4 3.03 3 6.96501838123e-06 6.50892546543e-05 5.70576215936e-06
103 1 3.4 3.03 4 1.19767340838e-07 6.50865463581e-05 1.84217141039e-09
104 1 3.4 3.03 0 1.19767340811e-07 0.0 1.0
104 1 3.4 3.04 1 0.00428007875617 6.23689668511e-05 1.0
104 1 3.4 3.04 2 0.000444995220095 6.47843169504e-05 0.0189730546634
104 1 3.4 3.04 3 8.08394564323e-06 6.49444533828e-05 6.7718006676e-06
104 1 3.4 3.04 4 1.37905546748e-07 6.49414033819e-05 2.18799394055e-09
105 1 3.4 3.04 0 1.37905546609e-07 0.0 1.0
105 1 3.4 3.05 1 0.00376985571209 6.25902868574e-05 1.0
105 1 3.4 3.05 2 0.000352646869917 6.46811591625e-05 0.0138870257395
105 1 3.4 3.05 3 6.34111312405e-06 6.48049608407e-05 4.18352044139e-06
105 1 3.4 3.05 4 1.07541909691e-07 6.48026419945e-05 1.33364192499e-09
106 1 3.4 3.05 0 1.07541909746e-07 0.0 1.0
106 1 3.4 3.06 1 0.00358982717513 6.26001538846e-05 1.0
106 1 3.4 3.06 2 0.000314727375461 6.45651274397e-05 0.0119966680773
106 1 3.4 3.06 3 5.59244512705e-06 6.46724882304e-05 3.15884175089e-06
106 1 3.4 3.06 4 9.38071203435e-08 6.46705050896e-05 9.88611962016e-10
107 1 3.4 3.06 0 9.38071203713e-08 0.0 1.0
107 1 3.4 3.07 1 0.00314253755748 6.28126433634e-05 1.0
107 1 3.4 3.07 2 0.00024069267494 6.44667021015e-05 0.00877210021492
107 1 3.4 3.07 3 4.19335237878e-06 6.45466053294e-05 1.78977211305e-06
107 1 3.4 3.07 4 6.94292743771e-08 6.45451634206e-05 5.44067947173e-10
108 1 3.4 3.07 0 6.9429274488e-08 0.0 1.0
108 1 3.4 3.08 1 0.00352863103177 6.24434594988e-05 1.0
108 1 3.4 3.08 2 0.000283075041397 6.43372461664e-05 0.0108158533133
108 1 3.4 3.08 3 4.87072267865e-06 6.44282207744e-05 2.23370643555e-06
108 1 3.4 3.08 4 7.90408333986e-08 6.44265943914e-05 6.62514958676e-10
109 1 3.4 3.08 0 7.90408333154e-08 0.0 1.0
109 1 3.4 3.09 1 0.00308800400201 6.26145254685e-05 1.0
109 1 3.4 3.09 2 0.000222388664073 6.42462143371e-05 0.00772140206191
109 1 3.4 3.09 3 3.73127268908e-06 6.43159431106e-05 1.3293492886e-06
109 1 3.4 3.09 4 5.93726079216e-08 6.43147336914e-05 3.77461975711e-10
110 1 3.4 3.09 0 5.93726079771e-08 0.0 1.0
110 1 3.4 3.1 1 0.00318595239152 6.24739869417e-05 1.0
110 1 3.4 3.1 2 0.000223959713784 6.41423579257e-05 0.0081603749798
110 1 3.4 3.1 3 3.6729391371e-06 6.42105274642e-05 1.24751112137e-06
110 1 3.4 3.1 4 5.70261960243e-08 6.42093704817e-05 3.40450023926e-10
111 1 3.4 3.1 0 5.70261960798e-08 0.0 1.0
111 1 3.4 3.11 1 0.00302351997113 6.24877713496e-05 1.0
111 1 3.4 3.11 2 0.000198879583357 6.40523059131e-05 0.00708886623622
111 1 3.4 3.11 3 3.17019278623e-06 6.41112710179e-05 9.27115738891e-07
111 1 3.4 3.11 4 4.79375936782e-08 6.41103000913e-05 2.40567900069e-10
112 1 3.4 3.11 0 4.79375936782e-08 0.0 1.0
112 1 3.4 3.12 1 0.00262662357267 6.26410789993e-05 1.0
112 1 3.4 3.12 2 0.000154811932367 6.39731282426e-05 0.00501688631159
112 1 3.4 3.12 3 2.38576241657e-06 6.40179623562e-05 5.36801674127e-07
112 1 3.4 3.12 4 3.50660677951e-08 6.40172515456e-05 1.30961411148e-10
113 1 3.4 3.12 0 3.50660677396e-08 0.0 1.0
113 1 3.4 3.13 1 0.00271673103432 6.2512653925e-05 1.0
113 1 3.4 3.13 2 0.000156370015642 6.38865382735e-05 0.00535128793734
113 1 3.4 3.13 3 2.33634555032e-06 6.39306158874e-05 5.07115898934e-07
113 1 3.4 3.13 4 3.3250386502e-08 6.39299378966e-05 1.17096372896e-10
114 1 3.4 3.13 0 3.3250386502e-08 0.0 1.0
114 1 3.4 3.14 1 0.00235591509858 6.26439201167e-05 1.0
114 1 3.4 3.14 2 0.000121463860408 6.38150867098e-05 0.0037469409863
114 1 3.4 3.14 3 1.74597135975e-06 6.38485680649e-05 2.91046664598e-07
114 1 3.4 3.14 4 2.40320925449e-08 6.38480743476e-05 6.25127167666e-11
115 1 3.4 3.14 0 2.40320925449e-08 0.0 1.0
115 1 3.4 3.15 1 0.00222380613124 6.26530335134e-05 1.0
115 1 3.4 3.15 2 0.000107143582015 6.37429178302e-05 0.00326077601438
115 1 3.4 3.15 3 1.48272574937e-06 6.37717637256e-05 2.12285728786e-07
115 1 3.4 3.15 4 1.968371071e-08 6.37713547379e-05 4.25177559903e-11
116 1 3.4 3.15 0 1.96837107933e-08 0.0 1.0
116 1 3.4 3.16 1 0.00230135584602 6.25440424128e-05 1.0
116 1 3.4 3.16 2 0.000108293552719 6.36714185958e-05 0.00351295930584
116 1 3.4 3.16 3 1.44341111995e-06 6.36998773809e-05 2.00875582669e-07
116 1 3.4 3.16 4 1.84355543336e-08 6.36994886111e-05 3.76112852566e-11
117 1 3.4 3.16 0 1.84355543614e-08 0.0 1.0
117 1 3.4 3.17 1 0.00217454170959 6.25531125196e-05 1.0
117 1 3.4 3.17 2 9.56527920988e-05 6.36079159257e-05 0.00305369603027
117 1 3.4 3.17 3 1.22243198542e-06 6.36325111446e-05 1.46789314194e-07
117 1 3.4 3.17 4 1.49989280721e-08 6.36321894163e-05 2.5422145277e-11
118 1 3.4 3.17 0 1.49989282664e-08 0.0 1.0
118 1 3.4 3.18 1 0.00187165222465 6.26612655594e-05 1.0
118 1 3.4 3.18 2 7.36198857158e-05 6.35508506892e-05 0.00212518149718
118 1 3.4 3.18 3 8.98277881076e-07 6.35694090851e-05 8.22053088893e-08
119 1 3.4 3.18 0 8.98277880937e-07 0.0 1.0
119 1 3.4 3.19 1 0.00176485576064 6.26632113206e-05 1.0
119 1 3.4 3.19 2 6.4861896495e-05 6.3494131085e-05 0.00184313839326
119 1 3.4 3.19 3 7.56238670775e-07 6.35101496757e-05 5.96581030873e-08
120 1 3.4 3.19 0 7.56238670581e-07 0.0 1.0
120 1 3.4 3.2 1 0.00166322898146 6.26650658325e-05 1.0
120 1 3.4 3.2 2 5.71056902922e-05 6.34411048827e-05 0.00159893581198
120 1 3.4 3.2 3 6.35207161807e-07 6.34549361295e-05 4.32121144842e-08
Element Data written 3.2 3.2
121 1 3.4 3.2 0 6.35207161641e-07 0.0 1.0
121 1 3.4 3.21 1 0.00156822795798 6.26641772285e-05 1.0
121 1 3.4 3.21 2 5.03078345142e-05 6.33912920878e-05 0.0013790409911
121 1 3.4 3.21 3 5.3302308735e-07 6.34032520814e-05 3.13310347125e-08
122 1 3.4 3.21 0 5.3302308735e-07 0.0 1.0
122 1 3.4 3.22 1 0.00670353545804 6.26680661237e-05 1.0
122 1 3.4 3.22 2 0.0068671838219 7.33769808124e-05 2.05066961899
122 1 3.4 3.22 3 0.00353856052785 8.55224313471e-05 0.806443697664
122 1 3.4 3.22 4 0.00174406099994 9.30936007705e-05 0.207783376086
122 1 3.4 3.22 5 0.000847926552258 9.70980880126e-05 0.0504809152478
122 1 3.4 3.22 6 0.000409925943057 9.91039037663e-05 0.0119574985728
122 1 3.4 3.22 7 0.000197685578521 0.000100086798156 0.00279897041078
122 1 3.4 3.22 8 9.52249648241e-05 0.000100563802653 0.000651494077508
122 1 3.4 3.22 9 4.58453097088e-05 0.000100794266205 0.000151235679018
122 1 3.4 3.22 10 2.20662660142e-05 0.000100905380472 3.50620928052e-05
122 1 3.4 3.22 11 1.06196474406e-05 0.000100958898841 8.12367049362e-06
122 1 3.4 3.22 12 5.11053147797e-06 0.000100984663705 1.88164363345e-06
122 1 3.4 3.22 13 2.4592908169e-06 0.000100997064597 4.35772895062e-07
122 1 3.4 3.22 14 1.18344442086e-06 0.000101003032613 1.00914392142e-07
122 1 3.4 3.22 15 5.69485977265e-07 0.00010100590461 2.33685408634e-08
123 1 3.4 3.22 0 5.69485977321e-07 0.0 1.0
123 1 3.4 3.23 1 0.0111056754062 6.27397616093e-05 1.0
123 1 3.4 3.23 2 0.0100387346039 8.51023708831e-05 0.333866902221
123 1 3.4 3.23 3 0.00400527143107 0.000105990608081 0.0786662844631
123 1 3.4 3.23 4 0.00141162376477 0.000115493297204 0.0109892367655
123 1 3.4 3.23 5 0.000493779660744 0.000119008614782 0.00139157108862
123 1 3.4 3.23 6 0.000173446922799 0.000120260023101 0.000173487587776
123 1 3.4 3.23 7 6.10413233357e-05 0.000120702266605 2.15636881645e-05
123 1 3.4 3.23 8 2.14969577852e-05 0.000120858233237 2.67775658246e-06
123 1 3.4 3.23 9 7.57241694938e-06 0.00012091320056 3.32412301234e-07
123 1 3.4 3.23 10 2.66765007062e-06 0.000120932568104 4.12603637131e-08
123 1 3.4 3.23 11 9.39801597499e-07 0.000120939391625 5.12119595124e-09
124 1 3.4 3.23 0 9.39801597416e-07 0.0 1.0
124 1 3.4 3.24 1 0.00967424236943 6.300483084e-05 1.0
124 1 3.4 3.24 2 0.00696270601028 8.20653745192e-05 0.357905888115
124 1 3.4 3.24 3 0.00185980792021 9.50763629687e-05 0.0365277444089
124 1 3.4 3.24 4 0.000440512602399 9.8932699564e-05 0.00224831409201
124 1 3.4 3.24 5 0.000108557136133 9.98885542957e-05 0.000137298323637
124 1 3.4 3.24 6 2.71333393763e-05 0.000100126941098 8.57931323155e-06
124 1 3.4 3.24 7 6.80318847422e-06 0.000100186691123 5.39433743957e-07
124 1 3.4 3.24 8 1.70706381798e-06 0.000100201682602 3.39651040412e-08
124 1 3.4 3.24 9 4.2841882052e-07 0.000100205444923 2.1393202914e-09
125 1 3.4 3.24 0 4.28418820825e-07 0.0 1.0
125 1 3.4 3.25 1 0.00769278577531 6.54391656994e-05 1.0
125 1 3.4 3.25 2 0.00402737366575 8.03727867125e-05 0.137556521652
125 1 3.4 3.25 3 0.000713497563243 8.70483833173e-05 0.00586204491331
125 1 3.4 3.25 4 0.00011881643258 8.83271297539e-05 0.000170896788848
125 1 3.4 3.25 5 2.10440687217e-05 8.85477351543e-05 5.30949180461e-06
125 1 3.4 3.25 6 3.77029122117e-06 8.85870520501e-05 1.70117439979e-07
125 1 3.4 3.25 7 6.76692308395e-07 8.85941032987e-05 5.47860082959e-09
126 1 3.4 3.25 0 6.76692308423e-07 0.0 1.0
126 1 3.4 3.26 1 0.00766328767675 6.3213735269e-05 1.0
126 1 3.4 3.26 2 0.00355676903613 7.60462850213e-05 0.449150312336
126 1 3.4 3.26 3 0.000442793467653 8.10309777839e-05 0.00991590589708
126 1 3.4 3.26 4 5.13718862272e-05 8.1706651906e-05 0.000139882600272
126 1 3.4 3.26 5 6.57549948283e-06 8.17882688303e-05 2.24054329504e-06
126 1 3.4 3.26 6 8.52193978637e-07 8.17987683828e-05 3.75290944565e-08
127 1 3.4 3.26 0 8.52193978637e-07 0.0 1.0
127 1 3.4 3.27 1 0.00666978798686 6.3723114454e-05 1.0
127 1 3.4 3.27 2 0.00250296755162 7.4112167287e-05 0.375809825785
127 1 3.4 3.27 3 0.000218440488595 7.72018259562e-05 0.00411840225705
127 1 3.4 3.27 4 1.82970141873e-05 7.74922217366e-05 2.97605437124e-05
127 1 3.4 3.27 5 1.71532374135e-06 7.75174358971e-05 2.53646617287e-07
127 1 3.4 3.27 6 1.62360707408e-07 7.75198070899e-05 2.26677492967e-09
128 1 3.4 3.27 0 1.62360707491e-07 0.0 1.0
128 1 3.4 3.28 1 0.00590819911625 6.40801911836e-05 1.0
128 1 3.4 3.28 2 0.00461953172525 7.65389828087e-05 0.446863748675
128 1 3.4 3.28 3 0.00505855613176 9.94706313217e-05 0.381896335138
128 1 3.4 3.28 4 0.0026330517998 0.000115436350297 0.0405115194505
128 1 3.4 3.28 5 0.00123288274052 0.000123673895742 0.0103684921698
128 1 3.4 3.28 6 0.000567821897033 0.00012762750645 0.00256765934751
128 1 3.4 3.28 7 0.000260708854087 0.000129475840027 0.000585532134914
128 1 3.4 3.28 8 0.000119602044502 0.000130330685715 0.000127820785649
128 1 3.4 3.28 9 5.48526394308e-05 0.000130724189195 2.73414660898e-05
128 1 3.4 3.28 10 2.51540316618e-05 0.000130904944174 5.79418441565e-06
128 1 3.4 3.28 11 1.15344499949e-05 0.000130987893798 1.22266478717e-06
128 1 3.4 3.28 12 5.28904158129e-06 0.000131025943208 2.57496999511e-07
128 1 3.4 3.28 13 2.42522996199e-06 0.000131043393158 5.41810160033e-08
128 1 3.4 3.28 14 1.11205682958e-06 0.000131051395194 1.13957629248e-08
128 1 3.4 3.28 15 5.09917804193e-07 0.000131055064538 2.3963912437e-09
129 1 3.4 3.28 0 5.09917804193e-07 0.0 1.0
129 1 3.4 3.29 1 0.00921692004841 6.42657694627e-05 1.0
129 1 3.4 3.29 2 0.0123986821999 0.000102929923043 0.381897323616
129 1 3.4 3.29 3 0.0101592949898 0.000171120703663 0.717825093119
129 1 3.4 3.29 4 0.00446153100899 0.000230607955328 0.243995077047
129 1 3.4 3.29 5 0.00109365761686 0.000253419938717 0.0219414310473
129 1 3.4 3.29 6 0.000284401005449 0.000259264003907 0.00165544148156
129 1 3.4 3.29 7 8.36570689231e-05 0.000260867256118 0.000145383636268
129 1 3.4 3.29 8 2.521440827e-05 0.000261343977608 1.32703152324e-05
129 1 3.4 3.29 9 7.63902101383e-06 0.00026148799832 1.21995473563e-06
129 1 3.4 3.29 10 2.31769232969e-06 0.000261531659911 1.12354417375e-07
129 1 3.4 3.29 11 7.03495603566e-07 0.000261544909514 1.03529788775e-08
130 1 3.4 3.29 0 7.0349560365e-07 0.0 1.0
130 1 3.4 3.3 1 0.00696335973239 6.5005503785e-05 1.0
130 1 3.4 3.3 2 0.00332534536972 9.45996970286e-05 0.301744266874
130 1 3.4 3.3 3 0.000332268080254 0.000105997291634 0.00422952361113
130 1 3.4 3.3 4 3.53409059264e-05 0.000107212716446 4.99319685427e-05
130 1 3.4 3.3 5 4.99699454634e-06 0.000107352720189 9.74155606844e-07
130 1 3.4 3.3 6 7.22245008632e-07 0.000107372647953 2.03183740368e-08
131 1 3.4 3.3 0 7.2224500866e-07 0.0 1.0
131 1 3.4 3.31 1 0.00557175914627 6.59996700245e-05 1.0
131 1 3.4 3.31 2 0.00148946247341 8.34868720169e-05 0.144650198629
131 1 3.4 3.31 3 7.44308921082e-05 8.73268479588e-05 0.000452057121374
131 1 3.4 3.31 4 4.96947414687e-06 8.75371508209e-05 1.9535828313e-06
131 1 3.4 3.31 5 4.12561531067e-07 8.75519007699e-05 1.30998133696e-08
132 1 3.4 3.31 0 4.12561531039e-07 0.0 1.0
132 1 3.4 3.32 1 0.0050950953787 6.46099719399e-05 1.0
132 1 3.4 3.32 2 0.00103520738545 7.77437496824e-05 0.279520770475
132 1 3.4 3.32 3 2.85398732125e-05 7.98996466606e-05 0.000286672547862
132 1 3.4 3.32 4 1.14556624353e-06 7.99644358614e-05 4.30501783956e-07
132 1 3.4 3.32 5 5.99943642343e-08 7.99671633896e-05 1.12737138675e-09
133 1 3.4 3.32 0 5.99943641788e-08 0.0 1.0
133 1 3.4 3.33 1 0.00438349510049 6.47904321839e-05 1.0
133 1 3.4 3.33 2 0.000722707447646 7.4643326234e-05 0.314368623324
133 1 3.4 3.33 3 1.25677025666e-05 7.59324466335e-05 0.000139473965744
133 1 3.4 3.33 4 3.21906258463e-07 7.59564975961e-05 8.23983256595e-08
134 1 3.4 3.33 0 3.21906258547e-07 0.0 1.0
134 1 3.4 3.34 1 0.0040168466067 6.4664527437e-05 1.0
134 1 3.4 3.34 2 0.000503417110793 7.2698754299e-05 1.50585698261
134 1 3.4 3.34 3 4.77580839189e-06 7.34820115362e-05 0.000232822289884
134 1 3.4 3.34 4 7.48155389003e-08 7.34899107397e-05 4.78198604577e-08
135 1 3.4 3.34 0 7.4815538928e-08 0.0 1.0
135 1 3.4 3.35 1 0.00315894817805 6.54352662154e-05 1.0
135 1 3.4 3.35 2 0.000342181785417 7.13377629043e-05 0.425670335073
135 1 3.4 3.35 3 2.39814435416e-06 7.1821877966e-05 4.02084484231e-05
135 1 3.4 3.35 4 2.59032824894e-08 7.18254247221e-05 3.8707181369e-09
136 1 3.4 3.35 0 2.59032826004e-08 0.0 1.0
136 1 3.4 3.36 1 0.00315336975219 6.51975122549e-05 1.0
136 1 3.4 3.36 2 0.000229025330032 7.03418240861e-05 0.148332779181
136 1 3.4 3.36 3 4.95758940419e-07 7.06314655857e-05 2.31739091851e-06
137 1 3.4 3.36 0 4.95758940474e-07 0.0 1.0
137 1 3.4 3.37 1 0.00275916553659 6.50388905479e-05 1.0
137 1 3.4 3.37 2 0.000213650709191 6.94862376393e-05 0.0835025521207
137 1 3.4 3.37 3 3.10031740154e-07 6.97380093787e-05 8.22431707965e-07
138 1 3.4 3.37 0 3.10031740125e-07 0.0 1.0
138 1 3.4 3.38 1 0.00270437897028 6.48262850674e-05 1.0
138 1 3.4 3.38 2 0.000165529200148 6.88651636578e-05 0.0406667579292
138 1 3.4 3.38 3 9.00763844839e-08 6.90452590044e-05 1.3964292066e-07
139 1 3.4 3.38 0 9.00763844873e-08 0.0 1.0
139 1 3.4 3.39 1 0.00247234268308 6.48493460473e-05 1.0
139 1 3.4 3.39 2 0.000130457770754 6.83605943405e-05 0.0263328239325
139 1 3.4 3.39 3 1.72822657303e-07 6.84938157666e-05 1.473584127e-07
140 1 3.4 3.39 0 1.72822657298e-07 0.0 1.0
140 1 3.4 3.4 1 0.00211493590975 6.505841856e-05 1.0
140 1 3.4 3.4 2 9.82756873131e-05 6.79510033936e-05 0.0170900505285
140 1 3.4 3.4 3 1.52090089179e-07 6.80463016937e-05 9.10402726046e-08
Element Data written 3.4 3.4
26.2170000076
