   -0.00000038    0.000000    0.00000000   -0.000000
   -0.00000077    0.000000    0.00000000   -0.000000
   -0.00000115    0.000000    0.00000000   -0.000000
   -0.00000154    0.000000    0.00000000   -0.000000
   -0.00000193    0.000000    0.00000000   -0.000000
   -0.00000231    0.000000    0.00000000   -0.000000
   -0.00000270    0.000000    0.00000000   -0.000000
   -0.00000309    0.000000    0.00000000   -0.000000
   -0.00000348    0.000000    0.00000000   -0.000000
   -0.00000388    0.000000    0.00000000   -0.000000
   -0.00000427    0.000000    0.00000000   -0.000000
   -0.00000467    0.000000    0.00000000    0.000000
   -0.00000507    0.000000    0.00000000   -0.000000
   -0.00000547    0.000000    0.00000000    0.000000
   -0.00000587    0.000000    0.00000000   -0.000000
   -0.00000628    0.000000    0.00000000    0.000000
   -0.00000669    0.000000    0.00000000   -0.000000
   -0.00000710    0.000000    0.00000000    0.000000
   -0.00000752    0.000000    0.00000000    0.000000
   -0.00000794    0.000000    0.00000000   -0.000000
   -0.00000837    0.000000    0.00000000   -0.000000
   -0.00000880    0.000000    0.00000000    0.000000
   -0.00000924    0.000000    0.00000000   -0.000000
   -0.00000968    0.000000    0.00000000   -0.000000
   -0.00001013    0.000000    0.00000000   -0.000000
   -0.00001059    0.000000    0.00000000    0.000000
   -0.00001105    0.000000    0.00000000   -0.000000
   -0.00001153    0.000000    0.00000000   -0.000000
   -0.00001201    0.000000    0.00000000   -0.000000
   -0.00001250    0.000000    0.00000000    0.000000
   -0.00001300    0.000000    0.00000000    0.000000
   -0.00001351    0.000000    0.00000000   -0.000000
   -0.00001403    0.000000    0.00000000   -0.000000
   -0.00001457    0.000000    0.00000000   -0.000000
   -0.00001513    0.000000    0.00000000   -0.000000
   -0.00001570    0.000000    0.00000000   -0.000000
   -0.00001629    0.000000    0.00000000    0.000000
   -0.00001690    0.000000    0.00000000   -0.000000
   -0.00001754    0.000000    0.00000000    0.000000
   -0.00001820    0.000000    0.00000000   -0.000000
   -0.00001890    0.000000    0.00000000   -0.000000
   -0.00001964    0.000000    0.00000000   -0.000000
   -0.00002042    0.000000    0.00000000   -0.000000
   -0.00002127    0.000000    0.00000000    0.000000
   -0.00002218    0.000000    0.00000000   -0.000000
   -0.00002319    0.000000    0.00000000   -0.000000
   -0.00002434    0.000000    0.00000000   -0.000000
   -0.00002569    0.000000    0.00000000   -0.000000
   -0.00002741    0.000000    0.00000000    0.000000
   -0.00003028    0.000000    0.00000000   -0.000000
    0.00000972    0.096904    0.00004000    0.096350
    0.00004972    0.192322    0.00008000    0.191323
    0.00008972    0.285423    0.00012000    0.283909
    0.00012972    0.375129    0.00016000    0.372410
    0.00016972    0.460281    0.00020000    0.456043
    0.00020972    0.540056    0.00024000    0.533983
    0.00024972    0.613767    0.00028000    0.605561
    0.00028972    0.680882    0.00032000    0.670271
    0.00032972    0.741023    0.00036000    0.727761
    0.00036972    0.793949    0.00040000    0.777817
    0.00040972    0.839541    0.00044000    0.820351
    0.00044972    0.877790    0.00048000    0.855379
    0.00048972    0.908783    0.00052000    0.883017
    0.00052972    0.932688    0.00056000    0.903457
    0.00056972    0.949745    0.00060000    0.916964
    0.00060972    0.960251    0.00064000    0.923861
    0.00064972    0.964553    0.00068000    0.924519
    0.00068972    0.963040    0.00072000    0.919349
    0.00072972    0.956128    0.00076000    0.908793
    0.00076972    0.944262    0.00080000    0.893318
    0.00080972    0.927900    0.00084000    0.873406
    0.00084972    0.907513    0.00088000    0.849552
    0.00088972    0.883574    0.00092000    0.822253
    0.00092972    0.856558    0.00096000    0.792008
    0.00096972    0.826935    0.00100000    0.759307
    0.00100972    0.795166    0.00104000    0.724634
    0.00104972    0.761698    0.00108000    0.688456
    0.00108972    0.726961    0.00112000    0.651223
    0.00112972    0.691368    0.00116000    0.613362
    0.00116972    0.655370    0.00120000    0.575490
    0.00120972    0.619344    0.00124000    0.538019
    0.00124972    0.583559    0.00128000    0.501074
    0.00128972    0.548309    0.00132000    0.464955
    0.00132972    0.513855    0.00136000    0.429916
    0.00136972    0.480423    0.00140000    0.396173
    0.00140972    0.448202    0.00144000    0.363901
    0.00144972    0.417343    0.00148000    0.333233
    0.00148972    0.387960    0.00152000    0.304268
    0.00152972    0.360136    0.00156000    0.277064
    0.00156972    0.333920    0.00160000    0.251645
    0.00160972    0.309333    0.00164000    0.228008
    0.00164972    0.286369    0.00168000    0.206122
    0.00168972    0.265003    0.00172000    0.185937
    0.00172972    0.245189    0.00176000    0.167383
    0.00176972    0.226868    0.00180000    0.150381
    0.00180972    0.209971    0.00184000    0.134839
    0.00184972    0.194420    0.00188000    0.120662
    0.00188972    0.180132    0.00192000    0.107753
    0.00192972    0.167025    0.00196000    0.096014
    0.00196972    0.155014    0.00200000    0.085349
