  0.5000
    1   0.0000   0.0000   0.0000  0.0000e+00  0.0000e+00  0.0000e+00 -8.2909e-01 -2.0080e-11  7.6962e-08
    2   1.0000   0.0000   0.0000  2.0000e-04  0.0000e+00  0.0000e+00  8.2909e-01 -2.0080e-11  7.6962e-08
    3   1.0000   1.0000   0.0000  2.0000e-04 -4.0934e-05  0.0000e+00  8.2909e-01  2.0080e-11  7.6962e-08
    4   0.0000   1.0000   0.0000  0.0000e+00 -4.0934e-05  0.0000e+00 -8.2909e-01  2.0080e-11  7.6962e-08
    5   0.0000   0.0000   1.0000  0.0000e+00  0.0000e+00 -4.0934e-05 -8.2909e-01 -2.0080e-11 -7.6962e-08
    6   1.0000   0.0000   1.0000  2.0000e-04  0.0000e+00 -4.0934e-05  8.2909e-01 -2.0080e-11 -7.6962e-08
    7   1.0000   1.0000   1.0000  2.0000e-04 -4.0934e-05 -4.0934e-05  8.2909e-01  2.0080e-11 -7.6962e-08
    8   0.0000   1.0000   1.0000  0.0000e+00 -4.0934e-05 -4.0934e-05 -8.2909e-01  2.0080e-11 -7.6962e-08
  1.0000
    1   0.0000   0.0000   0.0000  0.0000e+00  0.0000e+00  0.0000e+00 -2.0329e-01  1.0573e-13 -6.3685e-09
    2   1.0000   0.0000   0.0000  4.0000e-04  0.0000e+00  0.0000e+00  2.0329e-01  1.0572e-13 -6.3685e-09
    3   1.0000   1.0000   0.0000  4.0000e-04 -8.7318e-05  0.0000e+00  2.0329e-01 -1.0572e-13 -6.3685e-09
    4   0.0000   1.0000   0.0000  0.0000e+00 -8.7318e-05  0.0000e+00 -2.0329e-01 -1.0573e-13 -6.3685e-09
    5   0.0000   0.0000   1.0000  0.0000e+00  0.0000e+00 -8.7318e-05 -2.0329e-01  1.0571e-13  6.3685e-09
    6   1.0000   0.0000   1.0000  4.0000e-04  0.0000e+00 -8.7318e-05  2.0329e-01  1.0571e-13  6.3685e-09
    7   1.0000   1.0000   1.0000  4.0000e-04 -8.7318e-05 -8.7318e-05  2.0329e-01 -1.0571e-13  6.3685e-09
    8   0.0000   1.0000   1.0000  0.0000e+00 -8.7318e-05 -8.7318e-05 -2.0329e-01 -1.0572e-13  6.3685e-09
  1.5000
    1   0.0000   0.0000   0.0000  0.0000e+00  0.0000e+00  0.0000e+00 -1.0164e-01  3.7315e-18  3.1259e-18
    2   1.0000   0.0000   0.0000  2.0000e-04  0.0000e+00  0.0000e+00  1.0164e-01  3.5427e-18  1.8618e-18
    3   1.0000   1.0000   0.0000  2.0000e-04 -4.3659e-05  0.0000e+00  1.0164e-01 -2.4571e-18 -8.9705e-19
    4   0.0000   1.0000   0.0000  0.0000e+00 -4.3659e-05  0.0000e+00 -1.0164e-01 -2.2693e-18 -5.1280e-19
    5   0.0000   0.0000   1.0000  0.0000e+00  0.0000e+00 -4.3659e-05 -1.0164e-01  2.8013e-18 -5.1435e-18
    6   1.0000   0.0000   1.0000  2.0000e-04  0.0000e+00 -4.3659e-05  1.0164e-01  2.9891e-18  2.7037e-18
    7   1.0000   1.0000   1.0000  2.0000e-04 -4.3659e-05 -4.3659e-05  1.0164e-01 -5.4842e-18 -9.0372e-19
    8   0.0000   1.0000   1.0000  0.0000e+00 -4.3659e-05 -4.3659e-05 -1.0164e-01 -2.8541e-18 -2.3431e-19
  2.0000
    1   0.0000   0.0000   0.0000  0.0000e+00  0.0000e+00  0.0000e+00  1.8058e-16  2.3237e-19 -3.3328e-19
    2   1.0000   0.0000   0.0000 -3.5575e-19  0.0000e+00  0.0000e+00 -1.8094e-16  1.4403e-19 -6.0709e-19
    3   1.0000   1.0000   0.0000 -3.5575e-19  7.6233e-20  0.0000e+00 -1.8083e-16 -3.4939e-19 -4.6302e-19
    4   0.0000   1.0000   0.0000  0.0000e+00  7.7927e-20  0.0000e+00  1.8064e-16 -2.3237e-19 -5.1343e-19
    5   0.0000   0.0000   1.0000  0.0000e+00  0.0000e+00  7.7080e-20  1.8076e-16  3.5124e-19 -3.4401e-20
    6   1.0000   0.0000   1.0000 -3.5575e-19  0.0000e+00  7.9621e-20 -1.8076e-16  2.3052e-19  7.6942e-19
    7   1.0000   1.0000   1.0000 -3.5575e-19  7.8774e-20  7.8774e-20 -1.8046e-16  3.4252e-19  8.5222e-19
    8   0.0000   1.0000   1.0000  0.0000e+00  7.5386e-20  7.8774e-20  1.8101e-16 -7.1892e-19  3.2959e-19
  2.2000
    1   0.0000   0.0000   0.0000  0.0000e+00  0.0000e+00  0.0000e+00  1.4093e-18  2.6599e-18  3.3329e-01
    2   1.0000   0.0000   0.0000  1.4316e-04  0.0000e+00  0.0000e+00  4.9878e-18  3.9961e-17  3.3329e-01
    3   1.0000   1.0000   0.0000  1.4316e-04  8.7358e-05  0.0000e+00  1.1490e-17 -3.9658e-17  3.3329e-01
    4   0.0000   1.0000   0.0000  0.0000e+00  8.7358e-05  0.0000e+00 -2.9254e-18 -1.4341e-19  3.3329e-01
    5   0.0000   0.0000   1.0000  0.0000e+00  0.0000e+00 -6.0000e-04  1.1542e-18  1.9752e-18 -3.3329e-01
    6   1.0000   0.0000   1.0000  1.4316e-04  0.0000e+00 -6.0000e-04 -2.1863e-17  2.9564e-17 -3.3329e-01
    7   1.0000   1.0000   1.0000  1.4316e-04  8.7358e-05 -6.0000e-04  5.6015e-18 -1.5555e-17 -3.3329e-01
    8   0.0000   1.0000   1.0000  0.0000e+00  8.7358e-05 -6.0000e-04  1.4507e-19 -1.8803e-17 -3.3329e-01
  2.4000
    1   0.0000   0.0000   0.0000  0.0000e+00  0.0000e+00  0.0000e+00 -2.9776e-18 -1.8749e-17  6.6658e-01
    2   1.0000   0.0000   0.0000  2.8632e-04  0.0000e+00  0.0000e+00 -4.0565e-17  5.0479e-17  6.6658e-01
    3   1.0000   1.0000   0.0000  2.8632e-04  1.7472e-04  0.0000e+00 -6.5119e-18 -4.9418e-17  6.6658e-01
    4   0.0000   1.0000   0.0000  0.0000e+00  1.7472e-04  0.0000e+00  1.8178e-17 -2.1127e-17  6.6658e-01
    5   0.0000   0.0000   1.0000  0.0000e+00  0.0000e+00 -1.2000e-03 -3.4051e-17 -2.2819e-17 -6.6658e-01
    6   1.0000   0.0000   1.0000  2.8632e-04  0.0000e+00 -1.2000e-03  5.3307e-17 -2.0187e-17 -6.6658e-01
    7   1.0000   1.0000   1.0000  2.8632e-04  1.7472e-04 -1.2000e-03  4.7546e-17  4.3412e-17 -6.6658e-01
    8   0.0000   1.0000   1.0000  0.0000e+00  1.7472e-04 -1.2000e-03 -3.4927e-17  3.8408e-17 -6.6658e-01
  2.6000
    1   0.0000   0.0000   0.0000  0.0000e+00  0.0000e+00  0.0000e+00  7.1943e-17  6.8182e-18  9.9987e-01
    2   1.0000   0.0000   0.0000  4.2947e-04  0.0000e+00  0.0000e+00 -1.3940e-16  7.2580e-17  9.9987e-01
    3   1.0000   1.0000   0.0000  4.2947e-04  2.6207e-04  0.0000e+00 -1.4140e-16  1.0933e-17  9.9987e-01
    4   0.0000   1.0000   0.0000  0.0000e+00  2.6207e-04  0.0000e+00  1.1649e-16  2.3509e-17  9.9987e-01
    5   0.0000   0.0000   1.0000  0.0000e+00  0.0000e+00 -1.8000e-03  6.5032e-17 -4.1731e-18 -9.9987e-01
    6   1.0000   0.0000   1.0000  4.2947e-04  0.0000e+00 -1.8000e-03 -4.7880e-17  4.4470e-17 -9.9987e-01
    7   1.0000   1.0000   1.0000  4.2947e-04  2.6207e-04 -1.8000e-03 -4.5151e-17 -7.7677e-17 -9.9987e-01
    8   0.0000   1.0000   1.0000  0.0000e+00  2.6207e-04 -1.8000e-03  1.2037e-16 -7.6461e-17 -9.9987e-01
  2.8000
    1   0.0000   0.0000   0.0000  0.0000e+00  0.0000e+00  0.0000e+00 -5.5549e-17  2.0018e-17  1.3332e+00
    2   1.0000   0.0000   0.0000  5.7263e-04  0.0000e+00  0.0000e+00  7.1498e-17  4.2057e-17  1.3332e+00
    3   1.0000   1.0000   0.0000  5.7263e-04  3.4943e-04  0.0000e+00 -6.3836e-17 -8.5016e-17  1.3332e+00
    4   0.0000   1.0000   0.0000  0.0000e+00  3.4943e-04  0.0000e+00  1.5794e-17 -5.3820e-17  1.3332e+00
    5   0.0000   0.0000   1.0000  0.0000e+00  0.0000e+00 -2.4000e-03 -4.5332e-17 -6.3750e-18 -1.3332e+00
    6   1.0000   0.0000   1.0000  5.7263e-04  0.0000e+00 -2.4000e-03  3.9791e-17  5.5323e-17 -1.3332e+00
    7   1.0000   1.0000   1.0000  5.7263e-04  3.4943e-04 -2.4000e-03  2.8007e-17 -2.2772e-17 -1.3332e+00
    8   0.0000   1.0000   1.0000  0.0000e+00  3.4943e-04 -2.4000e-03  9.6266e-18  5.0586e-17 -1.3332e+00
  3.0000
    1   0.0000   0.0000   0.0000  0.0000e+00  0.0000e+00  0.0000e+00 -7.1457e-17 -1.4241e-16  1.6664e+00
    2   1.0000   0.0000   0.0000  7.1579e-04  0.0000e+00  0.0000e+00 -6.6705e-18 -4.7621e-17  1.6664e+00
    3   1.0000   1.0000   0.0000  7.1579e-04  4.3679e-04  0.0000e+00  7.4246e-17  1.3810e-16  1.6664e+00
    4   0.0000   1.0000   0.0000  0.0000e+00  4.3679e-04  0.0000e+00 -3.4282e-17  1.1655e-16  1.6664e+00
    5   0.0000   0.0000   1.0000  0.0000e+00  0.0000e+00 -3.0000e-03 -2.1164e-17 -1.0129e-16 -1.6664e+00
    6   1.0000   0.0000   1.0000  7.1579e-04  0.0000e+00 -3.0000e-03  6.6332e-17 -4.6945e-17 -1.6664e+00
    7   1.0000   1.0000   1.0000  7.1579e-04  4.3679e-04 -3.0000e-03 -1.7680e-17 -1.0573e-17 -1.6664e+00
    8   0.0000   1.0000   1.0000  0.0000e+00  4.3679e-04 -3.0000e-03  1.0677e-17  9.4193e-17 -1.6664e+00
  3.2000
    1   0.0000   0.0000   0.0000  0.0000e+00  0.0000e+00  0.0000e+00 -1.9809e-10 -3.1771e-07  1.8229e+00
    2   1.0000   0.0000   0.0000  9.0496e-04  0.0000e+00  0.0000e+00  9.5217e-11 -3.1771e-07  1.8229e+00
    3   1.0000   1.0000   0.0000  9.0496e-04  5.6671e-04  0.0000e+00  9.5121e-11  3.1933e-07  1.8229e+00
    4   0.0000   1.0000   0.0000  0.0000e+00  5.6671e-04  0.0000e+00 -1.9801e-10  3.1933e-07  1.8229e+00
    5   0.0000   0.0000   1.0000  0.0000e+00  0.0000e+00 -3.6000e-03  1.3587e-11 -3.1749e-07 -1.8229e+00
    6   1.0000   0.0000   1.0000  9.0496e-04  0.0000e+00 -3.6000e-03  8.9301e-11 -3.1749e-07 -1.8229e+00
    7   1.0000   1.0000   1.0000  9.0496e-04  5.6671e-04 -3.6000e-03  8.9204e-11  3.1586e-07 -1.8229e+00
    8   0.0000   1.0000   1.0000  0.0000e+00  5.6671e-04 -3.6000e-03  1.3665e-11  3.1586e-07 -1.8229e+00
  3.4000
    1   0.0000   0.0000   0.0000  0.0000e+00  0.0000e+00  0.0000e+00 -1.4509e-09 -7.6344e-08  9.2816e-01
    2   1.0000   0.0000   0.0000  1.4340e-03  0.0000e+00  0.0000e+00  1.4862e-09 -7.6343e-08  9.2816e-01
    3   1.0000   1.0000   0.0000  1.4340e-03  9.5772e-04  0.0000e+00  1.4874e-09  7.9399e-08  9.2816e-01
    4   0.0000   1.0000   0.0000  0.0000e+00  9.5772e-04  0.0000e+00 -1.4526e-09  7.9402e-08  9.2816e-01
    5   0.0000   0.0000   1.0000  0.0000e+00  0.0000e+00 -4.2000e-03 -1.4980e-09 -7.5562e-08 -9.2816e-01
    6   1.0000   0.0000   1.0000  1.4340e-03  0.0000e+00 -4.2000e-03  1.4630e-09 -7.5561e-08 -9.2816e-01
    7   1.0000   1.0000   1.0000  1.4340e-03  9.5772e-04 -4.2000e-03  1.4627e-09  7.2506e-08 -9.2816e-01
    8   0.0000   1.0000   1.0000  0.0000e+00  9.5772e-04 -4.2000e-03 -1.4978e-09  7.2504e-08 -9.2816e-01
