  0.5000
    1   0.0000   0.0000   0.0000  0.0000e+00  0.0000e+00  0.0000e+00  3.4199e-12 -9.0973e-10 -4.3500e-01
    2   1.0000   0.0000   0.0000 -1.0134e-05  0.0000e+00  0.0000e+00  8.4969e-14 -9.0902e-10 -4.3500e-01
    3   1.0000   1.0000   0.0000 -1.0134e-05 -1.0134e-05  0.0000e+00  8.7290e-14  9.0696e-10 -4.3500e-01
    4   0.0000   1.0000   0.0000  0.0000e+00 -1.0134e-05  0.0000e+00  4.1365e-12  9.0696e-10 -4.3500e-01
    5   0.0000   0.0000   1.0000  0.0000e+00  0.0000e+00  5.0594e-05 -4.3078e-12 -9.0879e-10 -9.4835e-09
    6   1.0000   0.0000   1.0000 -1.0134e-05  0.0000e+00  5.0594e-05  8.6000e-14 -9.0808e-10 -9.4949e-09
    7   1.0000   1.0000   1.0000 -1.0134e-05 -1.0134e-05  5.0594e-05  8.6519e-14  9.1086e-10 -9.4906e-09
    8   0.0000   1.0000   1.0000  0.0000e+00 -1.0134e-05  5.0594e-05 -3.5934e-12  9.1085e-10 -9.4793e-09
  1.0000
    1   0.0000   0.0000   0.0000  0.0000e+00  0.0000e+00  0.0000e+00 -1.5604e-11 -5.4317e-08 -8.7000e-01
    2   1.0000   0.0000   0.0000 -3.0275e-05  0.0000e+00  0.0000e+00  1.2879e-11 -5.4317e-08 -8.7000e-01
    3   1.0000   1.0000   0.0000 -3.0275e-05 -3.0275e-05  0.0000e+00  1.2879e-11  5.4319e-08 -8.7000e-01
    4   0.0000   1.0000   0.0000  0.0000e+00 -3.0275e-05  0.0000e+00 -1.5899e-11  5.4319e-08 -8.7000e-01
    5   0.0000   0.0000   1.0000  0.0000e+00  0.0000e+00  1.4942e-04 -9.8571e-12 -5.4319e-08 -4.9161e-07
    6   1.0000   0.0000   1.0000 -3.0275e-05  0.0000e+00  1.4942e-04  1.2877e-11 -5.4320e-08 -4.9161e-07
    7   1.0000   1.0000   1.0000 -3.0275e-05 -3.0275e-05  1.4942e-04  1.2877e-11  5.4317e-08 -4.9161e-07
    8   0.0000   1.0000   1.0000  0.0000e+00 -3.0275e-05  1.4942e-04 -1.0152e-11  5.4317e-08 -4.9162e-07
  1.0200
    1   0.0000   0.0000   0.0000  0.0000e+00  0.0000e+00  0.0000e+00 -9.6904e-02  1.9779e-12 -9.6367e-01
    2   1.0000   0.0000   0.0000 -3.0275e-05  0.0000e+00  0.0000e+00 -9.6350e-02  1.6442e-12 -7.7042e-01
    3   1.0000   1.0000   0.0000 -3.0275e-05 -3.0271e-05  0.0000e+00 -9.6350e-02 -1.9744e-14 -7.7042e-01
    4   0.0000   1.0000   0.0000  0.0000e+00 -3.0271e-05  0.0000e+00 -9.6904e-02 -4.6453e-13 -9.6367e-01
    5   0.0000   0.0000   1.0000  4.0000e-05  0.0000e+00  1.4942e-04  9.6350e-02 -1.1601e-12  7.7042e-01
    6   1.0000   0.0000   1.0000  9.7249e-06  0.0000e+00  1.4942e-04  9.6904e-02 -1.4920e-12  9.6367e-01
    7   1.0000   1.0000   1.0000  9.7249e-06 -3.0271e-05  1.4942e-04  9.6904e-02 -2.0485e-14  9.6367e-01
    8   0.0000   1.0000   1.0000  4.0000e-05 -3.0271e-05  1.4942e-04  9.6350e-02 -4.6519e-13  7.7042e-01
  1.0400
    1   0.0000   0.0000   0.0000  0.0000e+00  0.0000e+00  0.0000e+00 -1.9232e-01  1.4217e-08 -1.0535e+00
    2   1.0000   0.0000   0.0000 -3.0275e-05  0.0000e+00  0.0000e+00 -1.9132e-01  1.4217e-08 -6.6989e-01
    3   1.0000   1.0000   0.0000 -3.0275e-05 -3.0318e-05  0.0000e+00 -1.9132e-01 -1.4215e-08 -6.6989e-01
    4   0.0000   1.0000   0.0000  0.0000e+00 -3.0318e-05  0.0000e+00 -1.9232e-01 -1.4215e-08 -1.0535e+00
    5   0.0000   0.0000   1.0000  8.0000e-05  0.0000e+00  1.4942e-04  1.9132e-01  1.4214e-08  6.6989e-01
    6   1.0000   0.0000   1.0000  4.9725e-05  0.0000e+00  1.4942e-04  1.9232e-01  1.4213e-08  1.0535e+00
    7   1.0000   1.0000   1.0000  4.9725e-05 -3.0318e-05  1.4942e-04  1.9232e-01 -1.4215e-08  1.0535e+00
    8   0.0000   1.0000   1.0000  8.0000e-05 -3.0318e-05  1.4942e-04  1.9132e-01 -1.4215e-08  6.6989e-01
  1.0600
    1   0.0000   0.0000   0.0000  0.0000e+00  0.0000e+00  0.0000e+00 -2.8542e-01  5.0666e-08 -1.1379e+00
    2   1.0000   0.0000   0.0000 -3.0275e-05  0.0000e+00  0.0000e+00 -2.8391e-01  5.0666e-08 -5.6861e-01
    3   1.0000   1.0000   0.0000 -3.0275e-05 -3.0416e-05  0.0000e+00 -2.8391e-01 -5.0665e-08 -5.6861e-01
    4   0.0000   1.0000   0.0000  0.0000e+00 -3.0416e-05  0.0000e+00 -2.8542e-01 -5.0665e-08 -1.1379e+00
    5   0.0000   0.0000   1.0000  1.2000e-04  0.0000e+00  1.4942e-04  2.8391e-01  5.0663e-08  5.6861e-01
    6   1.0000   0.0000   1.0000  8.9725e-05  0.0000e+00  1.4942e-04  2.8542e-01  5.0663e-08  1.1379e+00
    7   1.0000   1.0000   1.0000  8.9725e-05 -3.0416e-05  1.4942e-04  2.8542e-01 -5.0665e-08  1.1379e+00
    8   0.0000   1.0000   1.0000  1.2000e-04 -3.0416e-05  1.4942e-04  2.8391e-01 -5.0665e-08  5.6861e-01
  1.0800
    1   0.0000   0.0000   0.0000  0.0000e+00  0.0000e+00  0.0000e+00 -3.7513e-01  1.7964e-10 -1.2147e+00
    2   1.0000   0.0000   0.0000 -3.0275e-05  0.0000e+00  0.0000e+00 -3.7241e-01  1.7935e-10 -4.6716e-01
    3   1.0000   1.0000   0.0000 -3.0275e-05 -3.0523e-05  0.0000e+00 -3.7241e-01 -1.7799e-10 -4.6716e-01
    4   0.0000   1.0000   0.0000  0.0000e+00 -3.0523e-05  0.0000e+00 -3.7513e-01 -1.7799e-10 -1.2147e+00
    5   0.0000   0.0000   1.0000  1.6000e-04  0.0000e+00  1.4942e-04  3.7241e-01  1.7663e-10  4.6716e-01
    6   1.0000   0.0000   1.0000  1.2972e-04  0.0000e+00  1.4942e-04  3.7513e-01  1.7634e-10  1.2147e+00
    7   1.0000   1.0000   1.0000  1.2972e-04 -3.0523e-05  1.4942e-04  3.7513e-01 -1.7799e-10  1.2147e+00
    8   0.0000   1.0000   1.0000  1.6000e-04 -3.0523e-05  1.4942e-04  3.7241e-01 -1.7799e-10  4.6716e-01
  1.1000
    1   0.0000   0.0000   0.0000  0.0000e+00  0.0000e+00  0.0000e+00 -4.6028e-01  6.3939e-09 -1.2836e+00
    2   1.0000   0.0000   0.0000 -3.0275e-05  0.0000e+00  0.0000e+00 -4.5604e-01  3.3140e-09 -3.6727e-01
    3   1.0000   1.0000   0.0000 -3.0275e-05 -3.0650e-05  0.0000e+00 -4.5604e-01  1.1158e-08 -3.6727e-01
    4   0.0000   1.0000   0.0000  0.0000e+00 -3.0650e-05  0.0000e+00 -4.6028e-01 -2.0366e-08 -1.2836e+00
    5   0.0000   0.0000   1.0000  2.0000e-04  0.0000e+00  1.4942e-04  4.5604e-01  6.4415e-09  3.6727e-01
    6   1.0000   0.0000   1.0000  1.6972e-04  0.0000e+00  1.4942e-04  4.6028e-01  3.3961e-09  1.2836e+00
    7   1.0000   1.0000   1.0000  1.6972e-04 -3.0650e-05  1.4942e-04  4.6028e-01  1.0729e-08  1.2836e+00
    8   0.0000   1.0000   1.0000  2.0000e-04 -3.0650e-05  1.4942e-04  4.5604e-01 -2.1066e-08  3.6727e-01
  1.1200
    1   0.0000   0.0000   0.0000  0.0000e+00  0.0000e+00  0.0000e+00 -5.4006e-01 -2.2034e-11 -1.3442e+00
    2   1.0000   0.0000   0.0000 -3.0275e-05  0.0000e+00  0.0000e+00 -5.3398e-01  2.7627e-11 -2.7020e-01
    3   1.0000   1.0000   0.0000 -3.0275e-05 -3.0795e-05  0.0000e+00 -5.3398e-01 -2.5687e-10 -2.7020e-01
    4   0.0000   1.0000   0.0000  0.0000e+00 -3.0795e-05  0.0000e+00 -5.4006e-01  2.5441e-10 -1.3442e+00
    5   0.0000   0.0000   1.0000  2.4000e-04  0.0000e+00  1.4942e-04  5.3398e-01 -2.5249e-11  2.7020e-01
    6   1.0000   0.0000   1.0000  2.0972e-04  0.0000e+00  1.4942e-04  5.4006e-01  2.4433e-11  1.3442e+00
    7   1.0000   1.0000   1.0000  2.0972e-04 -3.0795e-05  1.4942e-04  5.4006e-01 -2.5671e-10  1.3442e+00
    8   0.0000   1.0000   1.0000  2.4000e-04 -3.0795e-05  1.4942e-04  5.3398e-01  2.5438e-10  2.7020e-01
  1.1400
    1   0.0000   0.0000   0.0000  0.0000e+00  0.0000e+00  0.0000e+00 -6.1377e-01  6.4845e-08 -1.3963e+00
    2   1.0000   0.0000   0.0000 -3.0275e-05  0.0000e+00  0.0000e+00 -6.0556e-01  6.4845e-08 -1.7698e-01
    3   1.0000   1.0000   0.0000 -3.0275e-05 -3.0955e-05  0.0000e+00 -6.0556e-01 -6.4843e-08 -1.7698e-01
    4   0.0000   1.0000   0.0000  0.0000e+00 -3.0955e-05  0.0000e+00 -6.1377e-01 -6.4843e-08 -1.3963e+00
    5   0.0000   0.0000   1.0000  2.8000e-04  0.0000e+00  1.4942e-04  6.0556e-01  6.4842e-08  1.7698e-01
    6   1.0000   0.0000   1.0000  2.4972e-04  0.0000e+00  1.4942e-04  6.1377e-01  6.4842e-08  1.3963e+00
    7   1.0000   1.0000   1.0000  2.4972e-04 -3.0955e-05  1.4942e-04  6.1377e-01 -6.4843e-08  1.3963e+00
    8   0.0000   1.0000   1.0000  2.8000e-04 -3.0955e-05  1.4942e-04  6.0556e-01 -6.4843e-08  1.7698e-01
  1.1600
    1   0.0000   0.0000   0.0000  0.0000e+00  0.0000e+00  0.0000e+00 -6.8088e-01  1.2830e-07 -1.4396e+00
    2   1.0000   0.0000   0.0000 -3.0275e-05  0.0000e+00  0.0000e+00 -6.7027e-01  1.2830e-07 -8.8481e-02
    3   1.0000   1.0000   0.0000 -3.0275e-05 -3.1125e-05  0.0000e+00 -6.7027e-01 -1.2830e-07 -8.8481e-02
    4   0.0000   1.0000   0.0000  0.0000e+00 -3.1125e-05  0.0000e+00 -6.8088e-01 -1.2830e-07 -1.4396e+00
    5   0.0000   0.0000   1.0000  3.2000e-04  0.0000e+00  1.4942e-04  6.7027e-01  1.2830e-07  8.8481e-02
    6   1.0000   0.0000   1.0000  2.8972e-04  0.0000e+00  1.4942e-04  6.8088e-01  1.2830e-07  1.4396e+00
    7   1.0000   1.0000   1.0000  2.8972e-04 -3.1125e-05  1.4942e-04  6.8088e-01 -1.2830e-07  1.4396e+00
    8   0.0000   1.0000   1.0000  3.2000e-04 -3.1125e-05  1.4942e-04  6.7027e-01 -1.2830e-07  8.8481e-02
  1.1800
    1   0.0000   0.0000   0.0000  0.0000e+00  0.0000e+00  0.0000e+00 -7.4102e-01  2.8359e-08 -1.4742e+00
    2   1.0000   0.0000   0.0000 -3.0275e-05  0.0000e+00  0.0000e+00 -7.2776e-01  3.8305e-08 -5.4033e-03
    3   1.0000   1.0000   0.0000 -3.0275e-05 -3.1303e-05  0.0000e+00 -7.2776e-01 -7.9742e-08 -5.4033e-03
    4   0.0000   1.0000   0.0000  0.0000e+00 -3.1303e-05  0.0000e+00 -7.4102e-01  1.0448e-08 -1.4742e+00
    5   0.0000   0.0000   1.0000  3.6000e-04  0.0000e+00  1.4942e-04  7.2776e-01  2.8328e-08  5.4032e-03
    6   1.0000   0.0000   1.0000  3.2972e-04  0.0000e+00  1.4942e-04  7.4102e-01  3.7452e-08  1.4742e+00
    7   1.0000   1.0000   1.0000  3.2972e-04 -3.1303e-05  1.4942e-04  7.4102e-01 -7.9983e-08  1.4742e+00
    8   0.0000   1.0000   1.0000  3.6000e-04 -3.1303e-05  1.4942e-04  7.2776e-01  1.6832e-08  5.4032e-03
  1.2000
    1   0.0000   0.0000   0.0000  0.0000e+00  0.0000e+00  0.0000e+00 -7.9395e-01 -3.2335e-10 -1.5001e+00
    2   1.0000   0.0000   0.0000 -3.0275e-05  0.0000e+00  0.0000e+00 -7.7782e-01  3.4525e-10  7.1705e-02
    3   1.0000   1.0000   0.0000 -3.0275e-05 -3.1484e-05  0.0000e+00 -7.7782e-01 -3.2315e-09  7.1705e-02
    4   0.0000   1.0000   0.0000  0.0000e+00 -3.1484e-05  0.0000e+00 -7.9395e-01  3.2226e-09 -1.5001e+00
    5   0.0000   0.0000   1.0000  4.0000e-04  0.0000e+00  1.4942e-04  7.7782e-01 -3.3737e-10 -7.1705e-02
    6   1.0000   0.0000   1.0000  3.6972e-04  0.0000e+00  1.4942e-04  7.9395e-01  3.3150e-10  1.5001e+00
    7   1.0000   1.0000   1.0000  3.6972e-04 -3.1484e-05  1.4942e-04  7.9395e-01 -3.2295e-09  1.5001e+00
    8   0.0000   1.0000   1.0000  4.0000e-04 -3.1484e-05  1.4942e-04  7.7782e-01  3.2223e-09 -7.1705e-02
  1.2200
    1   0.0000   0.0000   0.0000  0.0000e+00  0.0000e+00  0.0000e+00 -8.3954e-01  2.1012e-10 -1.5175e+00
    2   1.0000   0.0000   0.0000 -3.0275e-05  0.0000e+00  0.0000e+00 -8.2035e-01 -2.1303e-10  1.4244e-01
    3   1.0000   1.0000   0.0000 -3.0275e-05 -3.1666e-05  0.0000e+00 -8.2035e-01  2.0005e-09  1.4244e-01
    4   0.0000   1.0000   0.0000  0.0000e+00 -3.1666e-05  0.0000e+00 -8.3954e-01 -2.0038e-09 -1.5175e+00
    5   0.0000   0.0000   1.0000  4.4000e-04  0.0000e+00  1.4942e-04  8.2035e-01  2.1625e-10 -1.4244e-01
    6   1.0000   0.0000   1.0000  4.0972e-04  0.0000e+00  1.4942e-04  8.3954e-01 -2.0691e-10  1.5175e+00
    7   1.0000   1.0000   1.0000  4.0972e-04 -3.1666e-05  1.4942e-04  8.3954e-01  2.0006e-09  1.5175e+00
    8   0.0000   1.0000   1.0000  4.4000e-04 -3.1666e-05  1.4942e-04  8.2035e-01 -2.0037e-09 -1.4244e-01
  1.2400
    1   0.0000   0.0000   0.0000  0.0000e+00  0.0000e+00  0.0000e+00 -8.7779e-01  2.1406e-12 -1.5266e+00
    2   1.0000   0.0000   0.0000 -3.0275e-05  0.0000e+00  0.0000e+00 -8.5538e-01  1.8539e-12  2.0653e-01
    3   1.0000   1.0000   0.0000 -3.0275e-05 -3.1845e-05  0.0000e+00 -8.5538e-01 -8.3202e-13  2.0653e-01
    4   0.0000   1.0000   0.0000  0.0000e+00 -3.1845e-05  0.0000e+00 -8.7779e-01 -8.3332e-13 -1.5266e+00
    5   0.0000   0.0000   1.0000  4.8000e-04  0.0000e+00  1.4942e-04  8.5538e-01 -1.8452e-13 -2.0653e-01
    6   1.0000   0.0000   1.0000  4.4972e-04  0.0000e+00  1.4942e-04  8.7779e-01 -4.7939e-13  1.5266e+00
    7   1.0000   1.0000   1.0000  4.4972e-04 -3.1845e-05  1.4942e-04  8.7779e-01 -8.3210e-13  1.5266e+00
    8   0.0000   1.0000   1.0000  4.8000e-04 -3.1845e-05  1.4942e-04  8.5538e-01 -8.3318e-13 -2.0653e-01
  1.2600
    1   0.0000   0.0000   0.0000  0.0000e+00  0.0000e+00  0.0000e+00 -9.0878e-01  2.8496e-12 -1.5280e+00
    2   1.0000   0.0000   0.0000 -3.0275e-05  0.0000e+00  0.0000e+00 -8.8302e-01  2.5673e-12  2.6381e-01
    3   1.0000   1.0000   0.0000 -3.0275e-05 -3.2017e-05  0.0000e+00 -8.8302e-01 -1.5966e-12  2.6381e-01
    4   0.0000   1.0000   0.0000  0.0000e+00 -3.2017e-05  0.0000e+00 -9.0878e-01 -1.5966e-12 -1.5280e+00
    5   0.0000   0.0000   1.0000  5.2000e-04  0.0000e+00  1.4942e-04  8.8302e-01  6.3061e-13 -2.6381e-01
    6   1.0000   0.0000   1.0000  4.8972e-04  0.0000e+00  1.4942e-04  9.0878e-01  3.3903e-13  1.5280e+00
    7   1.0000   1.0000   1.0000  4.8972e-04 -3.2017e-05  1.4942e-04  9.0878e-01 -1.5966e-12  1.5280e+00
    8   0.0000   1.0000   1.0000  5.2000e-04 -3.2017e-05  1.4942e-04  8.8302e-01 -1.5967e-12 -2.6381e-01
  1.2800
    1   0.0000   0.0000   0.0000  0.0000e+00  0.0000e+00  0.0000e+00 -9.3269e-01  1.1482e-09 -1.5219e+00
    2   1.0000   0.0000   0.0000 -3.0275e-05  0.0000e+00  0.0000e+00 -9.0346e-01 -1.1855e-09  3.1425e-01
    3   1.0000   1.0000   0.0000 -3.0275e-05 -3.2180e-05  0.0000e+00 -9.0346e-01  1.0355e-08  3.1425e-01
    4   0.0000   1.0000   0.0000  0.0000e+00 -3.2180e-05  0.0000e+00 -9.3269e-01 -1.0388e-08 -1.5219e+00
    5   0.0000   0.0000   1.0000  5.6000e-04  0.0000e+00  1.4942e-04  9.0346e-01  1.2217e-09 -3.1425e-01
    6   1.0000   0.0000   1.0000  5.2972e-04  0.0000e+00  1.4942e-04  9.3269e-01 -1.1119e-09  1.5219e+00
    7   1.0000   1.0000   1.0000  5.2972e-04 -3.2180e-05  1.4942e-04  9.3269e-01  1.0351e-08  1.5219e+00
    8   0.0000   1.0000   1.0000  5.6000e-04 -3.2180e-05  1.4942e-04  9.0346e-01 -1.0392e-08 -3.1425e-01
  1.3000
    1   0.0000   0.0000   0.0000  0.0000e+00  0.0000e+00  0.0000e+00 -9.4974e-01  6.2219e-12 -1.5088e+00
    2   1.0000   0.0000   0.0000 -3.0275e-05  0.0000e+00  0.0000e+00 -9.1696e-01  5.9493e-12  3.5788e-01
    3   1.0000   1.0000   0.0000 -3.0275e-05 -3.2328e-05  0.0000e+00 -9.1696e-01 -5.0714e-12  3.5788e-01
    4   0.0000   1.0000   0.0000  0.0000e+00 -3.2328e-05  0.0000e+00 -9.4974e-01 -5.0891e-12 -1.5088e+00
    5   0.0000   0.0000   1.0000  6.0000e-04  0.0000e+00  1.4942e-04  9.1696e-01  4.2170e-12 -3.5788e-01
    6   1.0000   0.0000   1.0000  5.6972e-04  0.0000e+00  1.4942e-04  9.4974e-01  3.9330e-12  1.5088e+00
    7   1.0000   1.0000   1.0000  5.6972e-04 -3.2328e-05  1.4942e-04  9.4974e-01 -5.0714e-12  1.5088e+00
    8   0.0000   1.0000   1.0000  6.0000e-04 -3.2328e-05  1.4942e-04  9.1696e-01 -5.0892e-12 -3.5788e-01
  1.3200
    1   0.0000   0.0000   0.0000  0.0000e+00  0.0000e+00  0.0000e+00 -9.6025e-01  1.1994e-09 -1.4893e+00
    2   1.0000   0.0000   0.0000 -3.0275e-05  0.0000e+00  0.0000e+00 -9.2386e-01 -1.2553e-09  3.9484e-01
    3   1.0000   1.0000   0.0000 -3.0275e-05 -3.2459e-05  0.0000e+00 -9.2386e-01  1.0363e-08  3.9484e-01
    4   0.0000   1.0000   0.0000  0.0000e+00 -3.2459e-05  0.0000e+00 -9.6025e-01 -1.0397e-08 -1.4893e+00
    5   0.0000   0.0000   1.0000  6.4000e-04  0.0000e+00  1.4942e-04  9.2386e-01  1.2997e-09 -3.9484e-01
    6   1.0000   0.0000   1.0000  6.0972e-04  0.0000e+00  1.4942e-04  9.6025e-01 -1.1529e-09  1.4893e+00
    7   1.0000   1.0000   1.0000  6.0972e-04 -3.2459e-05  1.4942e-04  9.6025e-01  1.0361e-08  1.4893e+00
    8   0.0000   1.0000   1.0000  6.4000e-04 -3.2459e-05  1.4942e-04  9.2386e-01 -1.0419e-08 -3.9484e-01
  1.3400
    1   0.0000   0.0000   0.0000  0.0000e+00  0.0000e+00  0.0000e+00 -9.6455e-01  1.5107e-11 -1.4638e+00
    2   1.0000   0.0000   0.0000 -3.0275e-05  0.0000e+00  0.0000e+00 -9.2452e-01  1.4849e-11  4.2530e-01
    3   1.0000   1.0000   0.0000 -3.0275e-05 -3.2568e-05  0.0000e+00 -9.2452e-01 -1.4062e-11  4.2530e-01
    4   0.0000   1.0000   0.0000  0.0000e+00 -3.2568e-05  0.0000e+00 -9.6455e-01 -1.4094e-11 -1.4638e+00
    5   0.0000   0.0000   1.0000  6.8000e-04  0.0000e+00  1.4942e-04  9.2452e-01  1.3314e-11 -4.2530e-01
    6   1.0000   0.0000   1.0000  6.4972e-04  0.0000e+00  1.4942e-04  9.6455e-01  1.3042e-11  1.4638e+00
    7   1.0000   1.0000   1.0000  6.4972e-04 -3.2568e-05  1.4942e-04  9.6455e-01 -1.4062e-11  1.4638e+00
    8   0.0000   1.0000   1.0000  6.8000e-04 -3.2568e-05  1.4942e-04  9.2452e-01 -1.4094e-11 -4.2530e-01
  1.3600
    1   0.0000   0.0000   0.0000  0.0000e+00  0.0000e+00  0.0000e+00 -9.6304e-01 -1.9454e-09 -1.4329e+00
    2   1.0000   0.0000   0.0000 -3.0275e-05  0.0000e+00  0.0000e+00 -9.1935e-01  2.2556e-09  4.4953e-01
    3   1.0000   1.0000   0.0000 -3.0275e-05 -3.2651e-05  0.0000e+00 -9.1935e-01 -1.6892e-08  4.4953e-01
    4   0.0000   1.0000   0.0000  0.0000e+00 -3.2651e-05  0.0000e+00 -9.6304e-01  1.6794e-08 -1.4329e+00
    5   0.0000   0.0000   1.0000  7.2000e-04  0.0000e+00  1.4942e-04  9.1935e-01 -2.1661e-09 -4.4953e-01
    6   1.0000   0.0000   1.0000  6.8972e-04  0.0000e+00  1.4942e-04  9.6304e-01  2.0354e-09  1.4329e+00
    7   1.0000   1.0000   1.0000  6.8972e-04 -3.2651e-05  1.4942e-04  9.6304e-01 -1.6881e-08  1.4329e+00
    8   0.0000   1.0000   1.0000  7.2000e-04 -3.2651e-05  1.4942e-04  9.1935e-01  1.6799e-08 -4.4953e-01
  1.3800
    1   0.0000   0.0000   0.0000  0.0000e+00  0.0000e+00  0.0000e+00 -9.5613e-01  3.3415e-09 -1.3971e+00
    2   1.0000   0.0000   0.0000 -3.0275e-05  0.0000e+00  0.0000e+00 -9.0879e-01 -3.4517e-09  4.6783e-01
    3   1.0000   1.0000   0.0000 -3.0275e-05 -3.2703e-05  0.0000e+00 -9.0879e-01  2.6268e-08  4.6783e-01
    4   0.0000   1.0000   0.0000  0.0000e+00 -3.2703e-05  0.0000e+00 -9.5613e-01 -2.6551e-08 -1.3971e+00
    5   0.0000   0.0000   1.0000  7.6000e-04  0.0000e+00  1.4942e-04  9.0879e-01  3.7246e-09 -4.6783e-01
    6   1.0000   0.0000   1.0000  7.2972e-04  0.0000e+00  1.4942e-04  9.5613e-01 -3.0616e-09  1.3971e+00
    7   1.0000   1.0000   1.0000  7.2972e-04 -3.2703e-05  1.4942e-04  9.5613e-01  2.6308e-08  1.3971e+00
    8   0.0000   1.0000   1.0000  7.6000e-04 -3.2703e-05  1.4942e-04  9.0879e-01 -2.6578e-08 -4.6783e-01
  1.4000
    1   0.0000   0.0000   0.0000  0.0000e+00  0.0000e+00  0.0000e+00 -9.4426e-01 -1.2110e-09 -1.3570e+00
    2   1.0000   0.0000   0.0000 -3.0275e-05  0.0000e+00  0.0000e+00 -8.9332e-01  1.5333e-09  4.8055e-01
    3   1.0000   1.0000   0.0000 -3.0275e-05 -3.2719e-05  0.0000e+00 -8.9332e-01 -1.0423e-08  4.8055e-01
    4   0.0000   1.0000   0.0000  0.0000e+00 -3.2719e-05  0.0000e+00 -9.4426e-01  1.0269e-08 -1.3570e+00
    5   0.0000   0.0000   1.0000  8.0000e-04  0.0000e+00  1.4942e-04  8.9332e-01 -1.3849e-09 -4.8055e-01
    6   1.0000   0.0000   1.0000  7.6972e-04  0.0000e+00  1.4942e-04  9.4426e-01  1.3570e-09  1.3570e+00
    7   1.0000   1.0000   1.0000  7.6972e-04 -3.2719e-05  1.4942e-04  9.4426e-01 -1.0428e-08  1.3570e+00
    8   0.0000   1.0000   1.0000  8.0000e-04 -3.2719e-05  1.4942e-04  8.9332e-01  1.0288e-08 -4.8055e-01
  1.4200
    1   0.0000   0.0000   0.0000  0.0000e+00  0.0000e+00  0.0000e+00 -9.2790e-01  8.0855e-11 -1.3133e+00
    2   1.0000   0.0000   0.0000 -3.0275e-05  0.0000e+00  0.0000e+00 -8.7341e-01  8.0656e-11  4.8805e-01
    3   1.0000   1.0000   0.0000 -3.0275e-05 -3.2696e-05  0.0000e+00 -8.7341e-01 -8.0098e-11  4.8805e-01
    4   0.0000   1.0000   0.0000  0.0000e+00 -3.2696e-05  0.0000e+00 -9.2790e-01 -8.0007e-11 -1.3133e+00
    5   0.0000   0.0000   1.0000  8.4000e-04  0.0000e+00  1.4942e-04  8.7341e-01  7.9458e-11 -4.8805e-01
    6   1.0000   0.0000   1.0000  8.0972e-04  0.0000e+00  1.4942e-04  9.2790e-01  7.9241e-11  1.3133e+00
    7   1.0000   1.0000   1.0000  8.0972e-04 -3.2696e-05  1.4942e-04  9.2790e-01 -8.0098e-11  1.3133e+00
    8   0.0000   1.0000   1.0000  8.4000e-04 -3.2696e-05  1.4942e-04  8.7341e-01 -8.0007e-11 -4.8805e-01
  1.4400
    1   0.0000   0.0000   0.0000  0.0000e+00  0.0000e+00  0.0000e+00 -9.0751e-01 -1.2707e-08 -1.2663e+00
    2   1.0000   0.0000   0.0000 -3.0275e-05  0.0000e+00  0.0000e+00 -8.4955e-01  1.5739e-08  4.9075e-01
    3   1.0000   1.0000   0.0000 -3.0275e-05 -3.2627e-05  0.0000e+00 -8.4955e-01 -1.0111e-07  4.9075e-01
    4   0.0000   1.0000   0.0000  0.0000e+00 -3.2627e-05  0.0000e+00 -9.0751e-01  1.0007e-07 -1.2663e+00
    5   0.0000   0.0000   1.0000  8.8000e-04  0.0000e+00  1.4942e-04  8.4955e-01 -1.4872e-08 -4.9075e-01
    6   1.0000   0.0000   1.0000  8.4972e-04  0.0000e+00  1.4942e-04  9.0751e-01  1.3607e-08  1.2663e+00
    7   1.0000   1.0000   1.0000  8.4972e-04 -3.2627e-05  1.4942e-04  9.0751e-01 -1.0078e-07  1.2663e+00
    8   0.0000   1.0000   1.0000  8.8000e-04 -3.2627e-05  1.4942e-04  8.4955e-01  1.0005e-07 -4.9075e-01
  1.4600
    1   0.0000   0.0000   0.0000  0.0000e+00  0.0000e+00  0.0000e+00 -8.8357e-01  1.6774e-10 -1.2168e+00
    2   1.0000   0.0000   0.0000 -3.0275e-05  0.0000e+00  0.0000e+00 -8.2225e-01  1.6776e-10  4.8905e-01
    3   1.0000   1.0000   0.0000 -3.0275e-05 -3.2510e-05  0.0000e+00 -8.2225e-01 -1.6785e-10  4.8905e-01
    4   0.0000   1.0000   0.0000  0.0000e+00 -3.2510e-05  0.0000e+00 -8.8357e-01 -1.6641e-10 -1.2168e+00
    5   0.0000   0.0000   1.0000  9.2000e-04  0.0000e+00  1.4942e-04  8.2225e-01  1.6651e-10 -4.8905e-01
    6   1.0000   0.0000   1.0000  8.8972e-04  0.0000e+00  1.4942e-04  8.8357e-01  1.6651e-10  1.2168e+00
    7   1.0000   1.0000   1.0000  8.8972e-04 -3.2510e-05  1.4942e-04  8.8357e-01 -1.6785e-10  1.2168e+00
    8   0.0000   1.0000   1.0000  9.2000e-04 -3.2510e-05  1.4942e-04  8.2225e-01 -1.6641e-10 -4.8905e-01
  1.4800
    1   0.0000   0.0000   0.0000  0.0000e+00  0.0000e+00  0.0000e+00 -8.5656e-01  2.3423e-10 -1.1652e+00
    2   1.0000   0.0000   0.0000 -3.0275e-05  0.0000e+00  0.0000e+00 -7.9201e-01  2.3406e-10  4.8341e-01
    3   1.0000   1.0000   0.0000 -3.0275e-05 -3.2338e-05  0.0000e+00 -7.9201e-01 -2.3357e-10  4.8341e-01
    4   0.0000   1.0000   0.0000  0.0000e+00 -3.2338e-05  0.0000e+00 -8.5656e-01 -2.3357e-10 -1.1652e+00
    5   0.0000   0.0000   1.0000  9.6000e-04  0.0000e+00  1.4942e-04  7.9201e-01  2.3310e-10 -4.8341e-01
    6   1.0000   0.0000   1.0000  9.2972e-04  0.0000e+00  1.4942e-04  8.5656e-01  2.3291e-10  1.1652e+00
    7   1.0000   1.0000   1.0000  9.2972e-04 -3.2338e-05  1.4942e-04  8.5656e-01 -2.3357e-10  1.1652e+00
    8   0.0000   1.0000   1.0000  9.6000e-04 -3.2338e-05  1.4942e-04  7.9201e-01 -2.3357e-10 -4.8341e-01
  1.5000
    1   0.0000   0.0000   0.0000  0.0000e+00  0.0000e+00  0.0000e+00 -8.2694e-01  3.1963e-10 -1.1120e+00
    2   1.0000   0.0000   0.0000 -3.0275e-05  0.0000e+00  0.0000e+00 -7.5931e-01  3.1947e-10  4.7425e-01
    3   1.0000   1.0000   0.0000 -3.0275e-05 -3.2108e-05  0.0000e+00 -7.5931e-01 -3.1902e-10  4.7425e-01
    4   0.0000   1.0000   0.0000  0.0000e+00 -3.2108e-05  0.0000e+00 -8.2694e-01 -3.1902e-10 -1.1120e+00
    5   0.0000   0.0000   1.0000  1.0000e-03  0.0000e+00  1.4942e-04  7.5931e-01  3.1858e-10 -4.7425e-01
    6   1.0000   0.0000   1.0000  9.6972e-04  0.0000e+00  1.4942e-04  8.2694e-01  3.1840e-10  1.1120e+00
    7   1.0000   1.0000   1.0000  9.6972e-04 -3.2108e-05  1.4942e-04  8.2694e-01 -3.1902e-10  1.1120e+00
    8   0.0000   1.0000   1.0000  1.0000e-03 -3.2108e-05  1.4942e-04  7.5931e-01 -3.1902e-10 -4.7425e-01
  1.5200
    1   0.0000   0.0000   0.0000  0.0000e+00  0.0000e+00  0.0000e+00 -7.9517e-01  4.2607e-10 -1.0578e+00
    2   1.0000   0.0000   0.0000 -3.0275e-05  0.0000e+00  0.0000e+00 -7.2463e-01  4.2592e-10  4.6202e-01
    3   1.0000   1.0000   0.0000 -3.0275e-05 -3.1817e-05  0.0000e+00 -7.2463e-01 -4.2550e-10  4.6202e-01
    4   0.0000   1.0000   0.0000  0.0000e+00 -3.1817e-05  0.0000e+00 -7.9517e-01 -4.2550e-10 -1.0578e+00
    5   0.0000   0.0000   1.0000  1.0400e-03  0.0000e+00  1.4942e-04  7.2463e-01  4.2509e-10 -4.6202e-01
    6   1.0000   0.0000   1.0000  1.0097e-03  0.0000e+00  1.4942e-04  7.9517e-01  4.2492e-10  1.0578e+00
    7   1.0000   1.0000   1.0000  1.0097e-03 -3.1817e-05  1.4942e-04  7.9517e-01 -4.2550e-10  1.0578e+00
    8   0.0000   1.0000   1.0000  1.0400e-03 -3.1817e-05  1.4942e-04  7.2463e-01 -4.2550e-10 -4.6202e-01
  1.5400
    1   0.0000   0.0000   0.0000  0.0000e+00  0.0000e+00  0.0000e+00 -7.6170e-01  1.0718e-08 -1.0030e+00
    2   1.0000   0.0000   0.0000 -3.0275e-05  0.0000e+00  0.0000e+00 -6.8846e-01 -1.1456e-08  4.4716e-01
    3   1.0000   1.0000   0.0000 -3.0275e-05 -3.1461e-05  0.0000e+00 -6.8846e-01  6.3890e-08  4.4716e-01
    4   0.0000   1.0000   0.0000  0.0000e+00 -3.1461e-05  0.0000e+00 -7.6170e-01 -6.5277e-08 -1.0030e+00
    5   0.0000   0.0000   1.0000  1.0800e-03  0.0000e+00  1.4942e-04  6.8846e-01  1.3073e-08 -4.4716e-01
    6   1.0000   0.0000   1.0000  1.0497e-03  0.0000e+00  1.4942e-04  7.6170e-01 -9.0830e-09  1.0030e+00
    7   1.0000   1.0000   1.0000  1.0497e-03 -3.1461e-05  1.4942e-04  7.6170e-01  6.3775e-08  1.0030e+00
    8   0.0000   1.0000   1.0000  1.0800e-03 -3.1461e-05  1.4942e-04  6.8846e-01 -6.5640e-08 -4.4716e-01
  1.5600
    1   0.0000   0.0000   0.0000  0.0000e+00  0.0000e+00  0.0000e+00 -7.2696e-01  1.1286e-08 -9.4810e-01
    2   1.0000   0.0000   0.0000 -3.0275e-05  0.0000e+00  0.0000e+00 -6.5122e-01 -1.2543e-08  4.3009e-01
    3   1.0000   1.0000   0.0000 -3.0275e-05 -3.1037e-05  0.0000e+00 -6.5122e-01  6.6064e-08  4.3009e-01
    4   0.0000   1.0000   0.0000  0.0000e+00 -3.1038e-05  0.0000e+00 -7.2696e-01 -6.7323e-08 -9.4810e-01
    5   0.0000   0.0000   1.0000  1.1200e-03  0.0000e+00  1.4942e-04  6.5122e-01  1.3953e-08 -4.3009e-01
    6   1.0000   0.0000   1.0000  1.0897e-03  0.0000e+00  1.4942e-04  7.2696e-01 -9.8819e-09  9.4810e-01
    7   1.0000   1.0000   1.0000  1.0897e-03 -3.1037e-05  1.4942e-04  7.2696e-01  6.5869e-08  9.4810e-01
    8   0.0000   1.0000   1.0000  1.1200e-03 -3.1038e-05  1.4942e-04  6.5122e-01 -6.7423e-08 -4.3009e-01
  1.5800
    1   0.0000   0.0000   0.0000  0.0000e+00  0.0000e+00  0.0000e+00 -6.9137e-01 -2.3791e-08 -8.9350e-01
    2   1.0000   0.0000   0.0000 -3.0275e-05  0.0000e+00  0.0000e+00 -6.1336e-01  3.3657e-08  4.1123e-01
    3   1.0000   1.0000   0.0000 -3.0275e-05 -3.0545e-05  0.0000e+00 -6.1336e-01 -1.5629e-07  4.1123e-01
    4   0.0000   1.0000   0.0000  0.0000e+00 -3.0545e-05  0.0000e+00 -6.9137e-01  1.5246e-07 -8.9350e-01
    5   0.0000   0.0000   1.0000  1.1600e-03  0.0000e+00  1.4942e-04  6.1336e-01 -3.0661e-08 -4.1123e-01
    6   1.0000   0.0000   1.0000  1.1297e-03  0.0000e+00  1.4942e-04  6.9137e-01  2.6855e-08  8.9350e-01
    7   1.0000   1.0000   1.0000  1.1297e-03 -3.0545e-05  1.4942e-04  6.9137e-01 -1.5491e-07  8.9350e-01
    8   0.0000   1.0000   1.0000  1.1600e-03 -3.0545e-05  1.4942e-04  6.1336e-01  1.5268e-07 -4.1123e-01
  1.6000
    1   0.0000   0.0000   0.0000  0.0000e+00  0.0000e+00  0.0000e+00 -6.5537e-01  3.1253e-09 -8.3970e-01
    2   1.0000   0.0000   0.0000 -3.0275e-05  0.0000e+00  0.0000e+00 -5.7549e-01  3.4720e-09  3.9116e-01
    3   1.0000   1.0000   0.0000 -3.0275e-05 -3.0002e-05  0.0000e+00 -5.7549e-01 -4.2822e-09  3.9116e-01
    4   0.0000   1.0000   0.0000  0.0000e+00 -3.0002e-05  0.0000e+00 -6.5537e-01 -2.2671e-09 -8.3970e-01
    5   0.0000   0.0000   1.0000  1.2000e-03  0.0000e+00  1.4942e-04  5.7549e-01  3.0763e-09 -3.9116e-01
    6   1.0000   0.0000   1.0000  1.1697e-03  0.0000e+00  1.4942e-04  6.5537e-01  3.4464e-09  8.3970e-01
    7   1.0000   1.0000   1.0000  1.1697e-03 -3.0002e-05  1.4942e-04  6.5537e-01 -3.9068e-09  8.3970e-01
    8   0.0000   1.0000   1.0000  1.2000e-03 -3.0002e-05  1.4942e-04  5.7549e-01 -2.6639e-09 -3.9116e-01
  1.6200
    1   0.0000   0.0000   0.0000  0.0000e+00  0.0000e+00  0.0000e+00 -6.1934e-01  2.7137e-10 -7.8708e-01
    2   1.0000   0.0000   0.0000 -3.0275e-05  0.0000e+00  0.0000e+00 -5.3802e-01 -3.3323e-10  3.7028e-01
    3   1.0000   1.0000   0.0000 -3.0275e-05 -2.9415e-05  0.0000e+00 -5.3802e-01  1.3088e-09  3.7028e-01
    4   0.0000   1.0000   0.0000  0.0000e+00 -2.9415e-05  0.0000e+00 -6.1934e-01 -1.3145e-09 -7.8708e-01
    5   0.0000   0.0000   1.0000  1.2400e-03  0.0000e+00  1.4942e-04  5.3802e-01  3.3889e-10 -3.7028e-01
    6   1.0000   0.0000   1.0000  1.2097e-03  0.0000e+00  1.4942e-04  6.1934e-01 -2.6573e-10  7.8708e-01
    7   1.0000   1.0000   1.0000  1.2097e-03 -2.9415e-05  1.4942e-04  6.1934e-01  1.3090e-09  7.8708e-01
    8   0.0000   1.0000   1.0000  1.2400e-03 -2.9415e-05  1.4942e-04  5.3802e-01 -1.3145e-09 -3.7028e-01
  1.6400
    1   0.0000   0.0000   0.0000  0.0000e+00  0.0000e+00  0.0000e+00 -5.8356e-01 -9.9836e-08 -7.3584e-01
    2   1.0000   0.0000   0.0000 -3.0275e-05  0.0000e+00  0.0000e+00 -5.0108e-01  1.3839e-07  3.4879e-01
    3   1.0000   1.0000   0.0000 -3.0275e-05 -2.8769e-05  0.0000e+00 -5.0108e-01 -4.9488e-07  3.4879e-01
    4   0.0000   1.0000   0.0000  0.0000e+00 -2.8768e-05  0.0000e+00 -5.8356e-01  4.8858e-07 -7.3584e-01
    5   0.0000   0.0000   1.0000  1.2800e-03  0.0000e+00  1.4942e-04  5.0107e-01 -1.2637e-07 -3.4879e-01
    6   1.0000   0.0000   1.0000  1.2497e-03  0.0000e+00  1.4942e-04  5.8356e-01  1.1173e-07  7.3584e-01
    7   1.0000   1.0000   1.0000  1.2497e-03 -2.8769e-05  1.4942e-04  5.8356e-01 -5.0557e-07  7.3584e-01
    8   0.0000   1.0000   1.0000  1.2800e-03 -2.8768e-05  1.4942e-04  5.0107e-01  4.8796e-07 -3.4879e-01
  1.6600
    1   0.0000   0.0000   0.0000  0.0000e+00  0.0000e+00  0.0000e+00 -5.4831e-01 -1.4596e-08 -6.8626e-01
    2   1.0000   0.0000   0.0000 -3.0275e-05  0.0000e+00  0.0000e+00 -4.6496e-01  1.0608e-07  3.2700e-01
    3   1.0000   1.0000   0.0000 -3.0275e-05 -2.8065e-05  0.0000e+00 -4.6496e-01 -2.7648e-07  3.2700e-01
    4   0.0000   1.0000   0.0000  0.0000e+00 -2.8065e-05  0.0000e+00 -5.4831e-01  2.0453e-07 -6.8626e-01
    5   0.0000   0.0000   1.0000  1.3200e-03  0.0000e+00  1.4942e-04  4.6496e-01 -2.7674e-08 -3.2700e-01
    6   1.0000   0.0000   1.0000  1.2897e-03  0.0000e+00  1.4942e-04  5.4831e-01  9.3015e-08  6.8626e-01
    7   1.0000   1.0000   1.0000  1.2897e-03 -2.8065e-05  1.4942e-04  5.4831e-01 -2.8134e-07  6.8626e-01
    8   0.0000   1.0000   1.0000  1.3200e-03 -2.8065e-05  1.4942e-04  4.6496e-01  1.9647e-07 -3.2700e-01
  1.6800
    1   0.0000   0.0000   0.0000  0.0000e+00  0.0000e+00  0.0000e+00 -5.1386e-01  7.0796e-08 -6.3857e-01
    2   1.0000   0.0000   0.0000 -3.0275e-05  0.0000e+00  0.0000e+00 -4.2992e-01  1.0071e-08  3.0520e-01
    3   1.0000   1.0000   0.0000 -3.0275e-05 -2.7310e-05  0.0000e+00 -4.2992e-01  6.9056e-08  3.0520e-01
    4   0.0000   1.0000   0.0000  0.0000e+00 -2.7310e-05  0.0000e+00 -5.1386e-01 -1.6006e-07 -6.3857e-01
    5   0.0000   0.0000   1.0000  1.3600e-03  0.0000e+00  1.4942e-04  4.2992e-01  7.7538e-08 -3.0520e-01
    6   1.0000   0.0000   1.0000  1.3297e-03  0.0000e+00  1.4942e-04  5.1386e-01  1.6790e-08  6.3857e-01
    7   1.0000   1.0000   1.0000  1.3297e-03 -2.7310e-05  1.4942e-04  5.1386e-01  7.4264e-08  6.3857e-01
    8   0.0000   1.0000   1.0000  1.3600e-03 -2.7310e-05  1.4942e-04  4.2992e-01 -1.5845e-07 -3.0520e-01
  1.7000
    1   0.0000   0.0000   0.0000  0.0000e+00  0.0000e+00  0.0000e+00 -4.8043e-01  1.3318e-07 -5.9295e-01
    2   1.0000   0.0000   0.0000 -3.0275e-05  0.0000e+00  0.0000e+00 -3.9617e-01 -1.0148e-07  2.8364e-01
    3   1.0000   1.0000   0.0000 -3.0275e-05 -2.6506e-05  0.0000e+00 -3.9617e-01  3.9266e-07  2.8364e-01
    4   0.0000   1.0000   0.0000  0.0000e+00 -2.6507e-05  0.0000e+00 -4.8042e-01 -4.5753e-07 -5.9295e-01
    5   0.0000   0.0000   1.0000  1.4000e-03  0.0000e+00  1.4942e-04  3.9617e-01  1.6225e-07 -2.8364e-01
    6   1.0000   0.0000   1.0000  1.3697e-03  0.0000e+00  1.4942e-04  4.8042e-01 -7.2533e-08  5.9295e-01
    7   1.0000   1.0000   1.0000  1.3697e-03 -2.6506e-05  1.4942e-04  4.8042e-01  4.0047e-07  5.9295e-01
    8   0.0000   1.0000   1.0000  1.4000e-03 -2.6507e-05  1.4942e-04  3.9617e-01 -4.5701e-07 -2.8364e-01
  1.7200
    1   0.0000   0.0000   0.0000  0.0000e+00  0.0000e+00  0.0000e+00 -4.4820e-01  1.7564e-07 -5.4956e-01
    2   1.0000   0.0000   0.0000 -3.0275e-05  0.0000e+00  0.0000e+00 -3.6390e-01 -1.0721e-07  2.6255e-01
    3   1.0000   1.0000   0.0000 -3.0275e-05 -2.5661e-05  0.0000e+00 -3.6390e-01  4.3522e-07  2.6255e-01
    4   0.0000   1.0000   0.0000  0.0000e+00 -2.5662e-05  0.0000e+00 -4.4820e-01 -5.5088e-07 -5.4956e-01
    5   0.0000   0.0000   1.0000  1.4400e-03  0.0000e+00  1.4942e-04  3.6390e-01  2.0909e-07 -2.6254e-01
    6   1.0000   0.0000   1.0000  1.4097e-03  0.0000e+00  1.4942e-04  4.4820e-01 -7.3897e-08  5.4956e-01
    7   1.0000   1.0000   1.0000  1.4097e-03 -2.5661e-05  1.4942e-04  4.4820e-01  4.5156e-07  5.4956e-01
    8   0.0000   1.0000   1.0000  1.4400e-03 -2.5662e-05  1.4942e-04  3.6390e-01 -5.3952e-07 -2.6254e-01
  1.7400
    1   0.0000   0.0000   0.0000  0.0000e+00  0.0000e+00  0.0000e+00 -4.1734e-01  5.9689e-08 -5.0849e-01
    2   1.0000   0.0000   0.0000 -3.0275e-05  0.0000e+00  0.0000e+00 -3.3323e-01  6.7853e-08  2.4209e-01
    3   1.0000   1.0000   0.0000 -3.0275e-05 -2.4781e-05  0.0000e+00 -3.3323e-01 -7.6109e-08  2.4209e-01
    4   0.0000   1.0000   0.0000  0.0000e+00 -2.4781e-05  0.0000e+00 -4.1734e-01 -5.0083e-08 -5.0849e-01
    5   0.0000   0.0000   1.0000  1.4800e-03  0.0000e+00  1.4942e-04  3.3323e-01  5.8627e-08 -2.4209e-01
    6   1.0000   0.0000   1.0000  1.4497e-03  0.0000e+00  1.4942e-04  4.1734e-01  6.6907e-08  5.0849e-01
    7   1.0000   1.0000   1.0000  1.4497e-03 -2.4781e-05  1.4942e-04  4.1734e-01 -7.8041e-08  5.0849e-01
    8   0.0000   1.0000   1.0000  1.4800e-03 -2.4781e-05  1.4942e-04  3.3323e-01 -4.8842e-08 -2.4209e-01
  1.7600
    1   0.0000   0.0000   0.0000  0.0000e+00  0.0000e+00  0.0000e+00 -3.8796e-01  7.0397e-10 -4.6981e-01
    2   1.0000   0.0000   0.0000 -3.0275e-05  0.0000e+00  0.0000e+00 -3.0427e-01 -9.0824e-10  2.2242e-01
    3   1.0000   1.0000   0.0000 -3.0275e-05 -2.3872e-05  0.0000e+00 -3.0427e-01  2.5963e-09  2.2242e-01
    4   0.0000   1.0000   0.0000  0.0000e+00 -2.3872e-05  0.0000e+00 -3.8796e-01 -2.6111e-09 -4.6981e-01
    5   0.0000   0.0000   1.0000  1.5200e-03  0.0000e+00  1.4942e-04  3.0427e-01  9.2318e-10 -2.2242e-01
    6   1.0000   0.0000   1.0000  1.4897e-03  0.0000e+00  1.4942e-04  3.8796e-01 -6.8908e-10  4.6981e-01
    7   1.0000   1.0000   1.0000  1.4897e-03 -2.3872e-05  1.4942e-04  3.8796e-01  2.5964e-09  4.6981e-01
    8   0.0000   1.0000   1.0000  1.5200e-03 -2.3872e-05  1.4942e-04  3.0427e-01 -2.6114e-09 -2.2242e-01
  1.7800
    1   0.0000   0.0000   0.0000  0.0000e+00  0.0000e+00  0.0000e+00 -3.6014e-01  1.0845e-07 -4.3355e-01
    2   1.0000   0.0000   0.0000 -3.0275e-05  0.0000e+00  0.0000e+00 -2.7706e-01  1.6968e-08  2.0365e-01
    3   1.0000   1.0000   0.0000 -3.0275e-05 -2.2941e-05  0.0000e+00 -2.7706e-01  7.1344e-08  2.0365e-01
    4   0.0000   1.0000   0.0000  0.0000e+00 -2.2941e-05  0.0000e+00 -3.6014e-01 -2.1315e-07 -4.3355e-01
    5   0.0000   0.0000   1.0000  1.5600e-03  0.0000e+00  1.4942e-04  2.7706e-01  1.1960e-07 -2.0365e-01
    6   1.0000   0.0000   1.0000  1.5297e-03  0.0000e+00  1.4942e-04  3.6014e-01  2.7878e-08  4.3355e-01
    7   1.0000   1.0000   1.0000  1.5297e-03 -2.2941e-05  1.4942e-04  3.6014e-01  7.8783e-08  4.3355e-01
    8   0.0000   1.0000   1.0000  1.5600e-03 -2.2941e-05  1.4942e-04  2.7706e-01 -2.0988e-07 -2.0365e-01
  1.8000
    1   0.0000   0.0000   0.0000  0.0000e+00  0.0000e+00  0.0000e+00 -3.3392e-01  5.7062e-08 -3.9970e-01
    2   1.0000   0.0000   0.0000 -3.0275e-05  0.0000e+00  0.0000e+00 -2.5164e-01  9.9642e-08  1.8587e-01
    3   1.0000   1.0000   0.0000 -3.0275e-05 -2.1996e-05  0.0000e+00 -2.5164e-01 -1.3868e-07  1.8587e-01
    4   0.0000   1.0000   0.0000  0.0000e+00 -2.1995e-05  0.0000e+00 -3.3392e-01 -1.0419e-08 -3.9970e-01
    5   0.0000   0.0000   1.0000  1.6000e-03  0.0000e+00  1.4942e-04  2.5164e-01  5.1793e-08 -1.8587e-01
    6   1.0000   0.0000   1.0000  1.5697e-03  0.0000e+00  1.4942e-04  3.3392e-01  9.4509e-08  3.9970e-01
    7   1.0000   1.0000   1.0000  1.5697e-03 -2.1996e-05  1.4942e-04  3.3392e-01 -1.4211e-07  3.9970e-01
    8   0.0000   1.0000   1.0000  1.6000e-03 -2.1995e-05  1.4942e-04  2.5164e-01 -1.1800e-08 -1.8587e-01
  1.8200
    1   0.0000   0.0000   0.0000  0.0000e+00  0.0000e+00  0.0000e+00 -3.0933e-01  7.4314e-08 -3.6822e-01
    2   1.0000   0.0000   0.0000 -3.0275e-05  0.0000e+00  0.0000e+00 -2.2801e-01  7.4304e-08  1.6912e-01
    3   1.0000   1.0000   0.0000 -3.0275e-05 -2.1043e-05  0.0000e+00 -2.2801e-01 -7.4295e-08  1.6912e-01
    4   0.0000   1.0000   0.0000  0.0000e+00 -2.1043e-05  0.0000e+00 -3.0933e-01 -7.4324e-08 -3.6822e-01
    5   0.0000   0.0000   1.0000  1.6400e-03  0.0000e+00  1.4942e-04  2.2801e-01  7.4315e-08 -1.6912e-01
    6   1.0000   0.0000   1.0000  1.6097e-03  0.0000e+00  1.4942e-04  3.0933e-01  7.4305e-08  3.6822e-01
    7   1.0000   1.0000   1.0000  1.6097e-03 -2.1043e-05  1.4942e-04  3.0933e-01 -7.4295e-08  3.6822e-01
    8   0.0000   1.0000   1.0000  1.6400e-03 -2.1043e-05  1.4942e-04  2.2801e-01 -7.4323e-08 -1.6912e-01
  1.8400
    1   0.0000   0.0000   0.0000  0.0000e+00  0.0000e+00  0.0000e+00 -2.8637e-01  7.8242e-10 -3.3906e-01
    2   1.0000   0.0000   0.0000 -3.0275e-05  0.0000e+00  0.0000e+00 -2.0612e-01 -1.0238e-09  1.5343e-01
    3   1.0000   1.0000   0.0000 -3.0275e-05 -2.0089e-05  0.0000e+00 -2.0612e-01  2.5833e-09  1.5343e-01
    4   0.0000   1.0000   0.0000  0.0000e+00 -2.0089e-05  0.0000e+00 -2.8637e-01 -2.5968e-09 -3.3906e-01
    5   0.0000   0.0000   1.0000  1.6800e-03  0.0000e+00  1.4942e-04  2.0612e-01  1.0375e-09 -1.5343e-01
    6   1.0000   0.0000   1.0000  1.6497e-03  0.0000e+00  1.4942e-04  2.8637e-01 -7.6881e-10  3.3906e-01
    7   1.0000   1.0000   1.0000  1.6497e-03 -2.0089e-05  1.4942e-04  2.8637e-01  2.5834e-09  3.3906e-01
    8   0.0000   1.0000   1.0000  1.6800e-03 -2.0089e-05  1.4942e-04  2.0612e-01 -2.5972e-09 -1.5343e-01
  1.8600
    1   0.0000   0.0000   0.0000  0.0000e+00  0.0000e+00  0.0000e+00 -2.6500e-01  9.3307e-08 -3.1213e-01
    2   1.0000   0.0000   0.0000 -3.0275e-05  0.0000e+00  0.0000e+00 -1.8594e-01  3.8250e-08  1.3881e-01
    3   1.0000   1.0000   0.0000 -3.0275e-05 -1.9142e-05  0.0000e+00 -1.8594e-01  7.4218e-09  1.3881e-01
    4   0.0000   1.0000   0.0000  0.0000e+00 -1.9142e-05  0.0000e+00 -2.6500e-01 -1.4855e-07 -3.1213e-01
    5   0.0000   0.0000   1.0000  1.7200e-03  0.0000e+00  1.4942e-04  1.8594e-01  1.0008e-07 -1.3881e-01
    6   1.0000   0.0000   1.0000  1.6897e-03  0.0000e+00  1.4942e-04  2.6500e-01  4.5240e-08  3.1213e-01
    7   1.0000   1.0000   1.0000  1.6897e-03 -1.9142e-05  1.4942e-04  2.6500e-01  8.8725e-09  3.1213e-01
    8   0.0000   1.0000   1.0000  1.7200e-03 -1.9142e-05  1.4942e-04  1.8594e-01 -1.4462e-07 -1.3881e-01
  1.8800
    1   0.0000   0.0000   0.0000  0.0000e+00  0.0000e+00  0.0000e+00 -2.4519e-01  8.5073e-10 -2.8732e-01
    2   1.0000   0.0000   0.0000 -3.0275e-05  0.0000e+00  0.0000e+00 -1.6738e-01 -1.1176e-09  1.2525e-01
    3   1.0000   1.0000   0.0000 -3.0275e-05 -1.8206e-05  0.0000e+00 -1.6738e-01  2.7127e-09  1.2525e-01
    4   0.0000   1.0000   0.0000  0.0000e+00 -1.8206e-05  0.0000e+00 -2.4519e-01 -2.7242e-09 -2.8732e-01
    5   0.0000   0.0000   1.0000  1.7600e-03  0.0000e+00  1.4942e-04  1.6738e-01  1.1291e-09 -1.2525e-01
    6   1.0000   0.0000   1.0000  1.7297e-03  0.0000e+00  1.4942e-04  2.4519e-01 -8.3930e-10  2.8732e-01
    7   1.0000   1.0000   1.0000  1.7297e-03 -1.8206e-05  1.4942e-04  2.4519e-01  2.7130e-09  2.8732e-01
    8   0.0000   1.0000   1.0000  1.7600e-03 -1.8206e-05  1.4942e-04  1.6738e-01 -2.7245e-09 -1.2525e-01
  1.9000
    1   0.0000   0.0000   0.0000  0.0000e+00  0.0000e+00  0.0000e+00 -2.2687e-01  7.3910e-10 -2.6454e-01
    2   1.0000   0.0000   0.0000 -3.0275e-05  0.0000e+00  0.0000e+00 -1.5038e-01 -9.6697e-10  1.1271e-01
    3   1.0000   1.0000   0.0000 -3.0275e-05 -1.7287e-05  0.0000e+00 -1.5038e-01  2.3203e-09  1.1271e-01
    4   0.0000   1.0000   0.0000  0.0000e+00 -1.7287e-05  0.0000e+00 -2.2687e-01 -2.3328e-09 -2.6454e-01
    5   0.0000   0.0000   1.0000  1.8000e-03  0.0000e+00  1.4942e-04  1.5038e-01  9.7960e-10 -1.1271e-01
    6   1.0000   0.0000   1.0000  1.7697e-03  0.0000e+00  1.4942e-04  2.2687e-01 -7.2652e-10  2.6454e-01
    7   1.0000   1.0000   1.0000  1.7697e-03 -1.7287e-05  1.4942e-04  2.2687e-01  2.3204e-09  2.6454e-01
    8   0.0000   1.0000   1.0000  1.8000e-03 -1.7287e-05  1.4942e-04  1.5038e-01 -2.3331e-09 -1.1271e-01
  1.9200
    1   0.0000   0.0000   0.0000  0.0000e+00  0.0000e+00  0.0000e+00 -2.0997e-01 -1.3441e-09 -2.4366e-01
    2   1.0000   0.0000   0.0000 -3.0275e-05  0.0000e+00  0.0000e+00 -1.3484e-01  1.8306e-09  1.0115e-01
    3   1.0000   1.0000   0.0000 -3.0275e-05 -1.6390e-05  0.0000e+00 -1.3484e-01 -4.3134e-09  1.0115e-01
    4   0.0000   1.0000   0.0000  0.0000e+00 -1.6390e-05  0.0000e+00 -2.0997e-01  4.2725e-09 -2.4366e-01
    5   0.0000   0.0000   1.0000  1.8400e-03  0.0000e+00  1.4942e-04  1.3484e-01 -1.7894e-09 -1.0115e-01
    6   1.0000   0.0000   1.0000  1.8097e-03  0.0000e+00  1.4942e-04  2.0997e-01  1.3851e-09  2.4366e-01
    7   1.0000   1.0000   1.0000  1.8097e-03 -1.6390e-05  1.4942e-04  2.0997e-01 -4.3130e-09  2.4366e-01
    8   0.0000   1.0000   1.0000  1.8400e-03 -1.6390e-05  1.4942e-04  1.3484e-01  4.2715e-09 -1.0115e-01
  1.9400
    1   0.0000   0.0000   0.0000  0.0000e+00  0.0000e+00  0.0000e+00 -1.9442e-01  5.1306e-08 -2.2455e-01
    2   1.0000   0.0000   0.0000 -3.0275e-05  0.0000e+00  0.0000e+00 -1.2066e-01  5.1305e-08  9.0536e-02
    3   1.0000   1.0000   0.0000 -3.0275e-05 -1.5518e-05  0.0000e+00 -1.2066e-01 -5.1304e-08  9.0536e-02
    4   0.0000   1.0000   0.0000  0.0000e+00 -1.5518e-05  0.0000e+00 -1.9442e-01 -5.1307e-08 -2.2455e-01
    5   0.0000   0.0000   1.0000  1.8800e-03  0.0000e+00  1.4942e-04  1.2066e-01  5.1306e-08 -9.0536e-02
    6   1.0000   0.0000   1.0000  1.8497e-03  0.0000e+00  1.4942e-04  1.9442e-01  5.1305e-08  2.2455e-01
    7   1.0000   1.0000   1.0000  1.8497e-03 -1.5518e-05  1.4942e-04  1.9442e-01 -5.1304e-08  2.2455e-01
    8   0.0000   1.0000   1.0000  1.8800e-03 -1.5518e-05  1.4942e-04  1.2066e-01 -5.1307e-08 -9.0536e-02
  1.9600
    1   0.0000   0.0000   0.0000  0.0000e+00  0.0000e+00  0.0000e+00 -1.8013e-01  1.8285e-07 -2.0709e-01
    2   1.0000   0.0000   0.0000 -3.0275e-05  0.0000e+00  0.0000e+00 -1.0775e-01 -1.6881e-07  8.0800e-02
    3   1.0000   1.0000   0.0000 -3.0275e-05 -1.4672e-05  0.0000e+00 -1.0775e-01  4.3806e-07  8.0800e-02
    4   0.0000   1.0000   0.0000  0.0000e+00 -1.4674e-05  0.0000e+00 -1.8013e-01 -5.0724e-07 -2.0709e-01
    5   0.0000   0.0000   1.0000  1.9200e-03  0.0000e+00  1.4942e-04  1.0775e-01  2.2809e-07 -8.0800e-02
    6   1.0000   0.0000   1.0000  1.8897e-03  0.0000e+00  1.4942e-04  1.8013e-01 -1.2435e-07  2.0709e-01
    7   1.0000   1.0000   1.0000  1.8897e-03 -1.4672e-05  1.4942e-04  1.8013e-01  4.5210e-07  2.0709e-01
    8   0.0000   1.0000   1.0000  1.9200e-03 -1.4675e-05  1.4942e-04  1.0775e-01 -5.0070e-07 -8.0800e-02
  1.9800
    1   0.0000   0.0000   0.0000  0.0000e+00  0.0000e+00  0.0000e+00 -1.6703e-01  3.9684e-08 -1.9115e-01
    2   1.0000   0.0000   0.0000 -3.0275e-05  0.0000e+00  0.0000e+00 -9.6014e-02  3.9784e-08  7.1889e-02
    3   1.0000   1.0000   0.0000 -3.0275e-05 -1.3859e-05  0.0000e+00 -9.6014e-02 -3.9861e-08  7.1889e-02
    4   0.0000   1.0000   0.0000  0.0000e+00 -1.3859e-05  0.0000e+00 -1.6703e-01 -3.9590e-08 -1.9115e-01
    5   0.0000   0.0000   1.0000  1.9600e-03  0.0000e+00  1.4942e-04  9.6014e-02  3.9671e-08 -7.1889e-02
    6   1.0000   0.0000   1.0000  1.9297e-03  0.0000e+00  1.4942e-04  1.6703e-01  3.9771e-08  1.9115e-01
    7   1.0000   1.0000   1.0000  1.9297e-03 -1.3859e-05  1.4942e-04  1.6703e-01 -3.9864e-08  1.9115e-01
    8   0.0000   1.0000   1.0000  1.9600e-03 -1.3859e-05  1.4942e-04  9.6014e-02 -3.9594e-08 -7.1889e-02
  2.0000
    1   0.0000   0.0000   0.0000  0.0000e+00  0.0000e+00  0.0000e+00 -1.5501e-01  3.4287e-08 -1.7662e-01
    2   1.0000   0.0000   0.0000 -3.0275e-05  0.0000e+00  0.0000e+00 -8.5349e-02  3.4287e-08  6.3744e-02
    3   1.0000   1.0000   0.0000 -3.0275e-05 -1.3077e-05  0.0000e+00 -8.5349e-02 -3.4287e-08  6.3744e-02
    4   0.0000   1.0000   0.0000  0.0000e+00 -1.3077e-05  0.0000e+00 -1.5501e-01 -3.4287e-08 -1.7662e-01
    5   0.0000   0.0000   1.0000  2.0000e-03  0.0000e+00  1.4942e-04  8.5349e-02  3.4287e-08 -6.3744e-02
    6   1.0000   0.0000   1.0000  1.9697e-03  0.0000e+00  1.4942e-04  1.5501e-01  3.4287e-08  1.7662e-01
    7   1.0000   1.0000   1.0000  1.9697e-03 -1.3077e-05  1.4942e-04  1.5501e-01 -3.4287e-08  1.7662e-01
    8   0.0000   1.0000   1.0000  2.0000e-03 -1.3077e-05  1.4942e-04  8.5349e-02 -3.4287e-08 -6.3744e-02
