    0.00000800  3.499846e-01    0.00000800  3.499846e-01  0       1
    0.00001600  6.998767e-01    0.00001600  6.998767e-01  0       2
    0.00002400  1.049584e+00    0.00002400  1.049584e+00  0       3
    0.00003200  1.399014e+00    0.00003200  1.399014e+00  0       4
    0.00004000  1.748074e+00    0.00004000  1.748074e+00  0       5
    0.00004800  2.096673e+00    0.00004800  2.096673e+00  0       6
    0.00005600  2.444719e+00    0.00005600  2.444719e+00  0       7
    0.00006400  2.792120e+00    0.00006400  2.792120e+00  0       8
    0.00007200  3.138785e+00    0.00007200  3.138785e+00  0       9
    0.00008000  3.484622e+00    0.00008000  3.484622e+00  0      10
    0.00008800  3.829542e+00    0.00008800  3.829542e+00  0      11
    0.00009600  4.173454e+00    0.00009600  4.173454e+00  0      12
    0.00010400  4.516269e+00    0.00010400  4.516269e+00  0      13
    0.00011200  4.857897e+00    0.00011200  4.857897e+00  0      14
    0.00012000  5.198251e+00    0.00012000  5.198251e+00  0      15
    0.00012800  5.537241e+00    0.00012800  5.537241e+00  0      16
    0.00013600  5.874780e+00    0.00013600  5.874780e+00  0      17
    0.00014400  6.210783e+00    0.00014400  6.210783e+00  0      18
    0.00015200  6.545163e+00    0.00015200  6.545163e+00  0      19
    0.00016000  6.877834e+00    0.00016000  6.877834e+00  0      20
    0.00016800  7.208712e+00    0.00016800  7.208712e+00  0      21
    0.00017600  7.537714e+00    0.00017600  7.537714e+00  0      22
    0.00018400  7.864757e+00    0.00018400  7.864757e+00  0      23
    0.00019200  8.189759e+00    0.00019200  8.189759e+00  0      24
    0.00020000  8.512639e+00    0.00020000  8.512639e+00  0      25
    0.00020800  8.833317e+00    0.00020800  8.833317e+00  0      26
    0.00021600  9.151715e+00    0.00021600  9.151715e+00  0      27
    0.00022400  9.467753e+00    0.00022400  9.467753e+00  0      28
    0.00023200  9.781356e+00    0.00023200  9.781356e+00  0      29
    0.00024000  1.009245e+01    0.00024000  1.009245e+01  0      30
    0.00024800  1.040095e+01    0.00024800  1.040095e+01  0      31
    0.00025600  1.070680e+01    0.00025600  1.070680e+01  0      32
    0.00026400  1.100992e+01    0.00026400  1.100992e+01  0      33
    0.00027200  1.131023e+01    0.00027200  1.131023e+01  0      34
    0.00028000  1.160767e+01    0.00028000  1.160767e+01  0      35
    0.00028800  1.190217e+01    0.00028800  1.190217e+01  0      36
    0.00029600  1.219366e+01    0.00029600  1.219366e+01  0      37
    0.00030400  1.248208e+01    0.00030400  1.248208e+01  0      38
    0.00031200  1.276736e+01    0.00031200  1.276736e+01  0      39
    0.00032000  1.304944e+01    0.00032000  1.304944e+01  0      40
    0.00032800  1.332826e+01    0.00032800  1.332826e+01  0      41
    0.00033600  1.360375e+01    0.00033600  1.360375e+01  0      42
    0.00034400  1.387586e+01    0.00034400  1.387586e+01  0      43
    0.00035200  1.414454e+01    0.00035200  1.414454e+01  0      44
    0.00036000  1.440971e+01    0.00036000  1.440971e+01  0      45
    0.00036800  1.467134e+01    0.00036800  1.467134e+01  0      46
    0.00037600  1.492937e+01    0.00037600  1.492937e+01  0      47
    0.00038400  1.518374e+01    0.00038400  1.518374e+01  0      48
    0.00039200  1.543442e+01    0.00039200  1.543442e+01  0      49
    0.00040000  1.568134e+01    0.00040000  1.568134e+01  0      50
    0.00040800  1.592446e+01    0.00040800  1.592446e+01  0      51
    0.00041600  1.616374e+01    0.00041600  1.616374e+01  0      52
    0.00042400  1.639914e+01    0.00042400  1.639914e+01  0      53
    0.00043200  1.663061e+01    0.00043200  1.663061e+01  0      54
    0.00044000  1.685811e+01    0.00044000  1.685811e+01  0      55
    0.00044800  1.708161e+01    0.00044800  1.708161e+01  0      56
    0.00045600  1.730107e+01    0.00045600  1.730107e+01  0      57
    0.00046400  1.751645e+01    0.00046400  1.751645e+01  0      58
    0.00047200  1.772772e+01    0.00047200  1.772772e+01  0      59
    0.00048000  1.793485e+01    0.00048000  1.793485e+01  0      60
    0.00048800  1.813780e+01    0.00048800  1.813780e+01  0      61
    0.00049600  1.833656e+01    0.00049600  1.833656e+01  0      62
    0.00050400  1.853109e+01    0.00050400  1.853109e+01  0      63
    0.00051200  1.872137e+01    0.00051200  1.872137e+01  0      64
    0.00052000  1.890738e+01    0.00052000  1.890738e+01  0      65
    0.00052800  1.908909e+01    0.00052800  1.908909e+01  0      66
    0.00053600  1.926648e+01    0.00053600  1.926648e+01  0      67
    0.00054400  1.943954e+01    0.00054400  1.943954e+01  0      68
    0.00055200  1.960825e+01    0.00055200  1.960825e+01  0      69
    0.00056000  1.977259e+01    0.00056000  1.977259e+01  0      70
    0.00056800  1.993256e+01    0.00056800  1.993256e+01  0      71
    0.00057600  2.008814e+01    0.00057600  2.008814e+01  0      72
    0.00058400  2.023931e+01    0.00058400  2.023931e+01  0      73
    0.00059200  2.038608e+01    0.00059200  2.038608e+01  0      74
    0.00060000  2.052843e+01    0.00060000  2.052843e+01  0      75
    0.00060800  2.066637e+01    0.00060800  2.066637e+01  0      76
    0.00061600  2.079988e+01    0.00061600  2.079988e+01  0      77
    0.00062400  2.092897e+01    0.00062400  2.092897e+01  0      78
    0.00063200  2.105363e+01    0.00063200  2.105363e+01  0      79
    0.00064000  2.117387e+01    0.00064000  2.117387e+01  0      80
    0.00064800  2.128969e+01    0.00064800  2.128969e+01  0      81
    0.00065600  2.140110e+01    0.00065600  2.140110e+01  0      82
    0.00066400  2.150809e+01    0.00066400  2.150809e+01  0      83
    0.00067200  2.161069e+01    0.00067200  2.161069e+01  0      84
    0.00068000  2.170889e+01    0.00068000  2.170889e+01  0      85
    0.00068800  2.180271e+01    0.00068800  2.180271e+01  0      86
    0.00069600  2.189216e+01    0.00069600  2.189216e+01  0      87
    0.00070400  2.197726e+01    0.00070400  2.197726e+01  0      88
    0.00071200  2.205801e+01    0.00071200  2.205801e+01  0      89
    0.00072000  2.213444e+01    0.00072000  2.213444e+01  0      90
    0.00072800  2.220656e+01    0.00072800  2.220656e+01  0      91
    0.00073600  2.227440e+01    0.00073600  2.227440e+01  0      92
    0.00074400  2.233796e+01    0.00074400  2.233796e+01  0      93
    0.00075200  2.239729e+01    0.00075200  2.239729e+01  0      94
    0.00076000  2.245238e+01    0.00076000  2.245238e+01  0      95
    0.00076800  2.250329e+01    0.00076800  2.250329e+01  0      96
    0.00077600  2.255001e+01    0.00077600  2.255001e+01  0      97
    0.00078400  2.259260e+01    0.00078400  2.259260e+01  0      98
    0.00079200  2.263106e+01    0.00079200  2.263106e+01  0      99
    0.00080000  2.266544e+01    0.00080000  2.266544e+01  0     100
    0.00080800  2.269576e+01    0.00080800  2.269576e+01  0     101
    0.00081600  2.272206e+01    0.00081600  2.272206e+01  0     102
    0.00082400  2.274437e+01    0.00082400  2.274437e+01  0     103
    0.00083200  2.276288e+01    0.00083200  2.276288e+01  0     104
    0.00084000  2.277768e+01    0.00084000  2.277768e+01  0     105
    0.00084800  2.278910e+01    0.00084800  2.278910e+01  0     106
    0.00085600  2.279760e+01    0.00085600  2.279760e+01  0     107
    0.00086400  2.280357e+01    0.00086400  2.280357e+01  0     108
    0.00087200  2.280718e+01    0.00087200  2.280718e+01  0     109
    0.00088000  2.280846e+01    0.00088000  2.280846e+01  0     110
    0.00088800  2.280801e+01    0.00088800  2.280801e+01  0     111
    0.00089600  2.280659e+01    0.00089600  2.280659e+01  0     112
    0.00090400  2.280464e+01    0.00090400  2.280464e+01  0     113
    0.00091200  2.280228e+01    0.00091200  2.280228e+01  0     114
    0.00092000  2.279950e+01    0.00092000  2.279950e+01  0     115
    0.00092800  2.279632e+01    0.00092800  2.279632e+01  0     116
    0.00093600  2.279277e+01    0.00093600  2.279277e+01  0     117
    0.00094400  2.278885e+01    0.00094400  2.278885e+01  0     118
    0.00095200  2.278458e+01    0.00095200  2.278458e+01  0     119
    0.00096000  2.277997e+01    0.00096000  2.277997e+01  0     120
    0.00096800  2.277503e+01    0.00096800  2.277503e+01  0     121
    0.00097600  2.276977e+01    0.00097600  2.276977e+01  0     122
    0.00098400  2.276420e+01    0.00098400  2.276420e+01  0     123
    0.00099200  2.275833e+01    0.00099200  2.275833e+01  0     124
    0.00100000  2.275218e+01    0.00100000  2.275218e+01  0     125
    0.00100800  2.274574e+01    0.00100800  2.274574e+01  0     126
    0.00101600  2.273904e+01    0.00101600  2.273904e+01  0     127
    0.00102400  2.273208e+01    0.00102400  2.273208e+01  0     128
    0.00103200  2.272486e+01    0.00103200  2.272486e+01  0     129
    0.00104000  2.271740e+01    0.00104000  2.271740e+01  0     130
    0.00104800  2.270969e+01    0.00104800  2.270969e+01  0     131
    0.00105600  2.270176e+01    0.00105600  2.270176e+01  0     132
    0.00106400  2.269361e+01    0.00106400  2.269361e+01  0     133
    0.00107200  2.268523e+01    0.00107200  2.268523e+01  0     134
    0.00108000  2.267665e+01    0.00108000  2.267665e+01  0     135
    0.00108800  2.266786e+01    0.00108800  2.266786e+01  0     136
    0.00109600  2.265888e+01    0.00109600  2.265888e+01  0     137
    0.00110400  2.264970e+01    0.00110400  2.264970e+01  0     138
    0.00111200  2.264033e+01    0.00111200  2.264033e+01  0     139
    0.00112000  2.263078e+01    0.00112000  2.263078e+01  0     140
    0.00112800  2.262106e+01    0.00112800  2.262106e+01  0     141
    0.00113600  2.261116e+01    0.00113600  2.261116e+01  0     142
    0.00114400  2.260109e+01    0.00114400  2.260109e+01  0     143
    0.00115200  2.259087e+01    0.00115200  2.259087e+01  0     144
    0.00116000  2.258048e+01    0.00116000  2.258048e+01  0     145
    0.00116800  2.256994e+01    0.00116800  2.256994e+01  0     146
    0.00117600  2.255925e+01    0.00117600  2.255925e+01  0     147
    0.00118400  2.254842e+01    0.00118400  2.254842e+01  0     148
    0.00119200  2.253744e+01    0.00119200  2.253744e+01  0     149
    0.00120000  2.252633e+01    0.00120000  2.252633e+01  0     150
    0.00120800  2.251508e+01    0.00120800  2.251508e+01  0     151
    0.00121600  2.250371e+01    0.00121600  2.250371e+01  0     152
    0.00122400  2.249220e+01    0.00122400  2.249220e+01  0     153
    0.00123200  2.248057e+01    0.00123200  2.248057e+01  0     154
    0.00124000  2.246882e+01    0.00124000  2.246882e+01  0     155
    0.00124800  2.245696e+01    0.00124800  2.245696e+01  0     156
    0.00125600  2.244498e+01    0.00125600  2.244498e+01  0     157
    0.00126400  2.243289e+01    0.00126400  2.243289e+01  0     158
    0.00127200  2.242069e+01    0.00127200  2.242069e+01  0     159
    0.00128000  2.240838e+01    0.00128000  2.240838e+01  0     160
    0.00128800  2.239597e+01    0.00128800  2.239597e+01  0     161
    0.00129600  2.238346e+01    0.00129600  2.238346e+01  0     162
    0.00130400  2.237086e+01    0.00130400  2.237086e+01  0     163
    0.00131200  2.235816e+01    0.00131200  2.235816e+01  0     164
    0.00132000  2.234536e+01    0.00132000  2.234536e+01  0     165
    0.00132800  2.233248e+01    0.00132800  2.233248e+01  0     166
    0.00133600  2.231951e+01    0.00133600  2.231951e+01  0     167
    0.00134400  2.230645e+01    0.00134400  2.230645e+01  0     168
    0.00135200  2.229331e+01    0.00135200  2.229331e+01  0     169
    0.00136000  2.228009e+01    0.00136000  2.228009e+01  0     170
    0.00136800  2.226679e+01    0.00136800  2.226679e+01  0     171
    0.00137600  2.225342e+01    0.00137600  2.225342e+01  0     172
    0.00138400  2.223996e+01    0.00138400  2.223996e+01  0     173
    0.00139200  2.222644e+01    0.00139200  2.222644e+01  0     174
    0.00140000  2.221284e+01    0.00140000  2.221284e+01  0     175
    0.00140800  2.219918e+01    0.00140800  2.219918e+01  0     176
    0.00141600  2.218544e+01    0.00141600  2.218544e+01  0     177
    0.00142400  2.217164e+01    0.00142400  2.217164e+01  0     178
    0.00143200  2.215778e+01    0.00143200  2.215778e+01  0     179
    0.00144000  2.214385e+01    0.00144000  2.214385e+01  0     180
    0.00144800  2.212987e+01    0.00144800  2.212987e+01  0     181
    0.00145600  2.211582e+01    0.00145600  2.211582e+01  0     182
    0.00146400  2.210172e+01    0.00146400  2.210172e+01  0     183
    0.00147200  2.208756e+01    0.00147200  2.208756e+01  0     184
    0.00148000  2.207334e+01    0.00148000  2.207334e+01  0     185
    0.00148800  2.205908e+01    0.00148800  2.205908e+01  0     186
    0.00149600  2.204476e+01    0.00149600  2.204476e+01  0     187
    0.00150400  2.203039e+01    0.00150400  2.203039e+01  0     188
    0.00151200  2.201597e+01    0.00151200  2.201597e+01  0     189
    0.00152000  2.200150e+01    0.00152000  2.200150e+01  0     190
    0.00152800  2.198699e+01    0.00152800  2.198699e+01  0     191
    0.00153600  2.197243e+01    0.00153600  2.197243e+01  0     192
    0.00154400  2.195783e+01    0.00154400  2.195783e+01  0     193
    0.00155200  2.194318e+01    0.00155200  2.194318e+01  0     194
    0.00156000  2.192850e+01    0.00156000  2.192850e+01  0     195
    0.00156800  2.191377e+01    0.00156800  2.191377e+01  0     196
    0.00157600  2.189900e+01    0.00157600  2.189900e+01  0     197
    0.00158400  2.188420e+01    0.00158400  2.188420e+01  0     198
    0.00159200  2.186936e+01    0.00159200  2.186936e+01  0     199
    0.00160000  2.185448e+01    0.00160000  2.185448e+01  0     200
    0.00160800  2.183957e+01    0.00160800  2.183957e+01  0     201
    0.00161600  2.182462e+01    0.00161600  2.182462e+01  0     202
    0.00162400  2.180964e+01    0.00162400  2.180964e+01  0     203
    0.00163200  2.179463e+01    0.00163200  2.179463e+01  0     204
    0.00164000  2.177959e+01    0.00164000  2.177959e+01  0     205
    0.00164800  2.176451e+01    0.00164800  2.176451e+01  0     206
    0.00165600  2.174941e+01    0.00165600  2.174941e+01  0     207
    0.00166400  2.173428e+01    0.00166400  2.173428e+01  0     208
    0.00167200  2.171912e+01    0.00167200  2.171912e+01  0     209
    0.00168000  2.170394e+01    0.00168000  2.170394e+01  0     210
    0.00168800  2.168873e+01    0.00168800  2.168873e+01  0     211
    0.00169600  2.167349e+01    0.00169600  2.167349e+01  0     212
    0.00170400  2.165823e+01    0.00170400  2.165823e+01  0     213
    0.00171200  2.164295e+01    0.00171200  2.164295e+01  0     214
    0.00172000  2.162765e+01    0.00172000  2.162765e+01  0     215
    0.00172800  2.161232e+01    0.00172800  2.161232e+01  0     216
    0.00173600  2.159697e+01    0.00173600  2.159697e+01  0     217
    0.00174400  2.158160e+01    0.00174400  2.158160e+01  0     218
    0.00175200  2.156621e+01    0.00175200  2.156621e+01  0     219
    0.00176000  2.155081e+01    0.00176000  2.155081e+01  0     220
    0.00176800  2.153538e+01    0.00176800  2.153538e+01  0     221
    0.00177600  2.151994e+01    0.00177600  2.151994e+01  0     222
    0.00178400  2.150448e+01    0.00178400  2.150448e+01  0     223
    0.00179200  2.148900e+01    0.00179200  2.148900e+01  0     224
    0.00180000  2.147351e+01    0.00180000  2.147351e+01  0     225
    0.00180800  2.145800e+01    0.00180800  2.145800e+01  0     226
    0.00181600  2.144248e+01    0.00181600  2.144248e+01  0     227
    0.00182400  2.142695e+01    0.00182400  2.142695e+01  0     228
    0.00183200  2.141140e+01    0.00183200  2.141140e+01  0     229
    0.00184000  2.139584e+01    0.00184000  2.139584e+01  0     230
    0.00184800  2.138026e+01    0.00184800  2.138026e+01  0     231
    0.00185600  2.136468e+01    0.00185600  2.136468e+01  0     232
    0.00186400  2.134908e+01    0.00186400  2.134908e+01  0     233
    0.00187200  2.133348e+01    0.00187200  2.133348e+01  0     234
    0.00188000  2.131786e+01    0.00188000  2.131786e+01  0     235
    0.00188800  2.130224e+01    0.00188800  2.130224e+01  0     236
    0.00189600  2.128660e+01    0.00189600  2.128660e+01  0     237
    0.00190400  2.127096e+01    0.00190400  2.127096e+01  0     238
    0.00191200  2.125531e+01    0.00191200  2.125531e+01  0     239
    0.00192000  2.123965e+01    0.00192000  2.123965e+01  0     240
    0.00192800  2.122398e+01    0.00192800  2.122398e+01  0     241
    0.00193600  2.120831e+01    0.00193600  2.120831e+01  0     242
    0.00194400  2.119263e+01    0.00194400  2.119263e+01  0     243
    0.00195200  2.117695e+01    0.00195200  2.117695e+01  0     244
    0.00196000  2.116126e+01    0.00196000  2.116126e+01  0     245
    0.00196800  2.114557e+01    0.00196800  2.114557e+01  0     246
    0.00197600  2.112987e+01    0.00197600  2.112987e+01  0     247
    0.00198400  2.111417e+01    0.00198400  2.111417e+01  0     248
    0.00199200  2.109846e+01    0.00199200  2.109846e+01  0     249
    0.00200000  2.108275e+01    0.00200000  2.108275e+01  0     250
    0.00200800  2.106704e+01    0.00200800  2.106704e+01  0     251
    0.00201600  2.105132e+01    0.00201600  2.105132e+01  0     252
    0.00202400  2.103561e+01    0.00202400  2.103561e+01  0     253
    0.00203200  2.101989e+01    0.00203200  2.101989e+01  0     254
    0.00204000  2.100417e+01    0.00204000  2.100417e+01  0     255
    0.00204800  2.098845e+01    0.00204800  2.098845e+01  0     256
    0.00205600  2.097273e+01    0.00205600  2.097273e+01  0     257
    0.00206400  2.095700e+01    0.00206400  2.095700e+01  0     258
    0.00207200  2.094128e+01    0.00207200  2.094128e+01  0     259
    0.00208000  2.092556e+01    0.00208000  2.092556e+01  0     260
    0.00208800  2.090984e+01    0.00208800  2.090984e+01  0     261
    0.00209600  2.089412e+01    0.00209600  2.089412e+01  0     262
    0.00210400  2.087840e+01    0.00210400  2.087840e+01  0     263
    0.00211200  2.086269e+01    0.00211200  2.086269e+01  0     264
    0.00212000  2.084697e+01    0.00212000  2.084697e+01  0     265
    0.00212800  2.083126e+01    0.00212800  2.083126e+01  0     266
    0.00213600  2.081555e+01    0.00213600  2.081555e+01  0     267
    0.00214400  2.079984e+01    0.00214400  2.079984e+01  0     268
    0.00215200  2.078413e+01    0.00215200  2.078413e+01  0     269
    0.00216000  2.076843e+01    0.00216000  2.076843e+01  0     270
    0.00216800  2.075273e+01    0.00216800  2.075273e+01  0     271
    0.00217600  2.073704e+01    0.00217600  2.073704e+01  0     272
    0.00218400  2.072135e+01    0.00218400  2.072135e+01  0     273
    0.00219200  2.070566e+01    0.00219200  2.070566e+01  0     274
    0.00220000  2.068998e+01    0.00220000  2.068998e+01  0     275
    0.00220800  2.067430e+01    0.00220800  2.067430e+01  0     276
    0.00221600  2.065863e+01    0.00221600  2.065863e+01  0     277
    0.00222400  2.064297e+01    0.00222400  2.064297e+01  0     278
    0.00223200  2.062731e+01    0.00223200  2.062731e+01  0     279
    0.00224000  2.061165e+01    0.00224000  2.061165e+01  0     280
    0.00224800  2.059600e+01    0.00224800  2.059600e+01  0     281
    0.00225600  2.058036e+01    0.00225600  2.058036e+01  0     282
    0.00226400  2.056472e+01    0.00226400  2.056472e+01  0     283
    0.00227200  2.054909e+01    0.00227200  2.054909e+01  0     284
    0.00228000  2.053347e+01    0.00228000  2.053347e+01  0     285
    0.00228800  2.051785e+01    0.00228800  2.051785e+01  0     286
    0.00229600  2.050224e+01    0.00229600  2.050224e+01  0     287
    0.00230400  2.048664e+01    0.00230400  2.048664e+01  0     288
    0.00231200  2.047105e+01    0.00231200  2.047105e+01  0     289
    0.00232000  2.045546e+01    0.00232000  2.045546e+01  0     290
    0.00232800  2.043988e+01    0.00232800  2.043988e+01  0     291
    0.00233600  2.042431e+01    0.00233600  2.042431e+01  0     292
    0.00234400  2.040875e+01    0.00234400  2.040875e+01  0     293
    0.00235200  2.039320e+01    0.00235200  2.039320e+01  0     294
    0.00236000  2.037765e+01    0.00236000  2.037765e+01  0     295
    0.00236800  2.036212e+01    0.00236800  2.036212e+01  0     296
    0.00237600  2.034659e+01    0.00237600  2.034659e+01  0     297
    0.00238400  2.033107e+01    0.00238400  2.033107e+01  0     298
    0.00239200  2.031556e+01    0.00239200  2.031556e+01  0     299
    0.00240000  2.030006e+01    0.00240000  2.030006e+01  0     300
    0.00240800  2.028457e+01    0.00240800  2.028457e+01  0     301
    0.00241600  2.026909e+01    0.00241600  2.026909e+01  0     302
    0.00242400  2.025362e+01    0.00242400  2.025362e+01  0     303
    0.00243200  2.023816e+01    0.00243200  2.023816e+01  0     304
    0.00244000  2.022271e+01    0.00244000  2.022271e+01  0     305
    0.00244800  2.020727e+01    0.00244800  2.020727e+01  0     306
    0.00245600  2.019185e+01    0.00245600  2.019185e+01  0     307
    0.00246400  2.017643e+01    0.00246400  2.017643e+01  0     308
    0.00247200  2.016102e+01    0.00247200  2.016102e+01  0     309
    0.00248000  2.014562e+01    0.00248000  2.014562e+01  0     310
    0.00248800  2.013024e+01    0.00248800  2.013024e+01  0     311
    0.00249600  2.011486e+01    0.00249600  2.011486e+01  0     312
    0.00250400  2.009950e+01    0.00250400  2.009950e+01  0     313
    0.00251200  2.008415e+01    0.00251200  2.008415e+01  0     314
    0.00252000  2.006881e+01    0.00252000  2.006881e+01  0     315
    0.00252800  2.005348e+01    0.00252800  2.005348e+01  0     316
    0.00253600  2.003816e+01    0.00253600  2.003816e+01  0     317
    0.00254400  2.002286e+01    0.00254400  2.002286e+01  0     318
    0.00255200  2.000756e+01    0.00255200  2.000756e+01  0     319
    0.00256000  1.999228e+01    0.00256000  1.999228e+01  0     320
    0.00256800  1.997701e+01    0.00256800  1.997701e+01  0     321
    0.00257600  1.996176e+01    0.00257600  1.996176e+01  0     322
    0.00258400  1.994651e+01    0.00258400  1.994651e+01  0     323
    0.00259200  1.993128e+01    0.00259200  1.993128e+01  0     324
    0.00260000  1.991606e+01    0.00260000  1.991606e+01  0     325
    0.00260800  1.990085e+01    0.00260800  1.990085e+01  0     326
    0.00261600  1.988566e+01    0.00261600  1.988566e+01  0     327
    0.00262400  1.987048e+01    0.00262400  1.987048e+01  0     328
    0.00263200  1.985531e+01    0.00263200  1.985531e+01  0     329
    0.00264000  1.984015e+01    0.00264000  1.984015e+01  0     330
    0.00264800  1.982501e+01    0.00264800  1.982501e+01  0     331
    0.00265600  1.980988e+01    0.00265600  1.980988e+01  0     332
    0.00266400  1.979476e+01    0.00266400  1.979476e+01  0     333
    0.00267200  1.977966e+01    0.00267200  1.977966e+01  0     334
    0.00268000  1.976457e+01    0.00268000  1.976457e+01  0     335
    0.00268800  1.974950e+01    0.00268800  1.974950e+01  0     336
    0.00269600  1.973443e+01    0.00269600  1.973443e+01  0     337
    0.00270400  1.971939e+01    0.00270400  1.971939e+01  0     338
    0.00271200  1.970435e+01    0.00271200  1.970435e+01  0     339
    0.00272000  1.968933e+01    0.00272000  1.968933e+01  0     340
    0.00272800  1.967432e+01    0.00272800  1.967432e+01  0     341
    0.00273600  1.965933e+01    0.00273600  1.965933e+01  0     342
    0.00274400  1.964435e+01    0.00274400  1.964435e+01  0     343
    0.00275200  1.962938e+01    0.00275200  1.962938e+01  0     344
    0.00276000  1.961443e+01    0.00276000  1.961443e+01  0     345
    0.00276800  1.959950e+01    0.00276800  1.959950e+01  0     346
    0.00277600  1.958457e+01    0.00277600  1.958457e+01  0     347
    0.00278400  1.956966e+01    0.00278400  1.956966e+01  0     348
    0.00279200  1.955477e+01    0.00279200  1.955477e+01  0     349
    0.00280000  1.953989e+01    0.00280000  1.953989e+01  0     350
    0.00280800  1.952503e+01    0.00280800  1.952503e+01  0     351
    0.00281600  1.951017e+01    0.00281600  1.951017e+01  0     352
    0.00282400  1.949534e+01    0.00282400  1.949534e+01  0     353
    0.00283200  1.948052e+01    0.00283200  1.948052e+01  0     354
    0.00284000  1.946571e+01    0.00284000  1.946571e+01  0     355
    0.00284800  1.945092e+01    0.00284800  1.945092e+01  0     356
    0.00285600  1.943614e+01    0.00285600  1.943614e+01  0     357
    0.00286400  1.942138e+01    0.00286400  1.942138e+01  0     358
    0.00287200  1.940663e+01    0.00287200  1.940663e+01  0     359
    0.00288000  1.939190e+01    0.00288000  1.939190e+01  0     360
    0.00288800  1.937718e+01    0.00288800  1.937718e+01  0     361
    0.00289600  1.936248e+01    0.00289600  1.936248e+01  0     362
    0.00290400  1.934779e+01    0.00290400  1.934779e+01  0     363
    0.00291200  1.933312e+01    0.00291200  1.933312e+01  0     364
    0.00292000  1.931846e+01    0.00292000  1.931846e+01  0     365
    0.00292800  1.930382e+01    0.00292800  1.930382e+01  0     366
    0.00293600  1.928919e+01    0.00293600  1.928919e+01  0     367
    0.00294400  1.927458e+01    0.00294400  1.927458e+01  0     368
    0.00295200  1.925998e+01    0.00295200  1.925998e+01  0     369
    0.00296000  1.924540e+01    0.00296000  1.924540e+01  0     370
    0.00296800  1.923084e+01    0.00296800  1.923084e+01  0     371
    0.00297600  1.921629e+01    0.00297600  1.921629e+01  0     372
    0.00298400  1.920175e+01    0.00298400  1.920175e+01  0     373
    0.00299200  1.918723e+01    0.00299200  1.918723e+01  0     374
    0.00300000  1.917273e+01    0.00300000  1.917273e+01  0     375
    0.00300800  1.915824e+01    0.00300800  1.915824e+01  0     376
    0.00301600  1.914377e+01    0.00301600  1.914377e+01  0     377
    0.00302400  1.912931e+01    0.00302400  1.912931e+01  0     378
    0.00303200  1.911487e+01    0.00303200  1.911487e+01  0     379
    0.00304000  1.910044e+01    0.00304000  1.910044e+01  0     380
    0.00304800  1.908603e+01    0.00304800  1.908603e+01  0     381
    0.00305600  1.907164e+01    0.00305600  1.907164e+01  0     382
    0.00306400  1.905726e+01    0.00306400  1.905726e+01  0     383
    0.00307200  1.904290e+01    0.00307200  1.904290e+01  0     384
    0.00308000  1.902855e+01    0.00308000  1.902855e+01  0     385
    0.00308800  1.901422e+01    0.00308800  1.901422e+01  0     386
    0.00309600  1.899990e+01    0.00309600  1.899990e+01  0     387
    0.00310400  1.898560e+01    0.00310400  1.898560e+01  0     388
    0.00311200  1.897132e+01    0.00311200  1.897132e+01  0     389
    0.00312000  1.895705e+01    0.00312000  1.895705e+01  0     390
    0.00312800  1.894280e+01    0.00312800  1.894280e+01  0     391
    0.00313600  1.892856e+01    0.00313600  1.892856e+01  0     392
    0.00314400  1.891434e+01    0.00314400  1.891434e+01  0     393
    0.00315200  1.890014e+01    0.00315200  1.890014e+01  0     394
    0.00316000  1.888595e+01    0.00316000  1.888595e+01  0     395
    0.00316800  1.887178e+01    0.00316800  1.887178e+01  0     396
    0.00317600  1.885762e+01    0.00317600  1.885762e+01  0     397
    0.00318400  1.884348e+01    0.00318400  1.884348e+01  0     398
    0.00319200  1.882936e+01    0.00319200  1.882936e+01  0     399
    0.00320000  1.881525e+01    0.00320000  1.881525e+01  0     400
    0.00320800  1.880116e+01    0.00320800  1.880116e+01  0     401
    0.00321600  1.878708e+01    0.00321600  1.878708e+01  0     402
    0.00322400  1.877302e+01    0.00322400  1.877302e+01  0     403
    0.00323200  1.875898e+01    0.00323200  1.875898e+01  0     404
    0.00324000  1.874495e+01    0.00324000  1.874495e+01  0     405
    0.00324800  1.873094e+01    0.00324800  1.873094e+01  0     406
    0.00325600  1.871694e+01    0.00325600  1.871694e+01  0     407
    0.00326400  1.870296e+01    0.00326400  1.870296e+01  0     408
    0.00327200  1.868900e+01    0.00327200  1.868900e+01  0     409
    0.00328000  1.867505e+01    0.00328000  1.867505e+01  0     410
    0.00328800  1.866112e+01    0.00328800  1.866112e+01  0     411
    0.00329600  1.864720e+01    0.00329600  1.864720e+01  0     412
    0.00330400  1.863331e+01    0.00330400  1.863331e+01  0     413
    0.00331200  1.861942e+01    0.00331200  1.861942e+01  0     414
    0.00332000  1.860556e+01    0.00332000  1.860556e+01  0     415
    0.00332800  1.859171e+01    0.00332800  1.859171e+01  0     416
    0.00333600  1.857787e+01    0.00333600  1.857787e+01  0     417
    0.00334400  1.856405e+01    0.00334400  1.856405e+01  0     418
    0.00335200  1.855025e+01    0.00335200  1.855025e+01  0     419
    0.00336000  1.853647e+01    0.00336000  1.853647e+01  0     420
    0.00336800  1.852270e+01    0.00336800  1.852270e+01  0     421
    0.00337600  1.850894e+01    0.00337600  1.850894e+01  0     422
    0.00338400  1.849521e+01    0.00338400  1.849521e+01  0     423
    0.00339200  1.848149e+01    0.00339200  1.848149e+01  0     424
    0.00340000  1.846778e+01    0.00340000  1.846778e+01  0     425
    0.00340800  1.845409e+01    0.00340800  1.845409e+01  0     426
    0.00341600  1.844042e+01    0.00341600  1.844042e+01  0     427
    0.00342400  1.842677e+01    0.00342400  1.842677e+01  0     428
    0.00343200  1.841313e+01    0.00343200  1.841313e+01  0     429
    0.00344000  1.839950e+01    0.00344000  1.839950e+01  0     430
    0.00344800  1.838590e+01    0.00344800  1.838590e+01  0     431
    0.00345600  1.837231e+01    0.00345600  1.837231e+01  0     432
    0.00346400  1.835873e+01    0.00346400  1.835873e+01  0     433
    0.00347200  1.834517e+01    0.00347200  1.834517e+01  0     434
    0.00348000  1.833163e+01    0.00348000  1.833163e+01  0     435
    0.00348800  1.831811e+01    0.00348800  1.831811e+01  0     436
    0.00349600  1.830460e+01    0.00349600  1.830460e+01  0     437
    0.00350400  1.829110e+01    0.00350400  1.829110e+01  0     438
    0.00351200  1.827762e+01    0.00351200  1.827762e+01  0     439
    0.00352000  1.826416e+01    0.00352000  1.826416e+01  0     440
    0.00352800  1.825072e+01    0.00352800  1.825072e+01  0     441
    0.00353600  1.823729e+01    0.00353600  1.823729e+01  0     442
    0.00354400  1.822388e+01    0.00354400  1.822388e+01  0     443
    0.00355200  1.821048e+01    0.00355200  1.821048e+01  0     444
    0.00356000  1.819710e+01    0.00356000  1.819710e+01  0     445
    0.00356800  1.818374e+01    0.00356800  1.818374e+01  0     446
    0.00357600  1.817039e+01    0.00357600  1.817039e+01  0     447
    0.00358400  1.815706e+01    0.00358400  1.815706e+01  0     448
    0.00359200  1.814374e+01    0.00359200  1.814374e+01  0     449
    0.00360000  1.813044e+01    0.00360000  1.813044e+01  0     450
    0.00360800  1.811716e+01    0.00360800  1.811716e+01  0     451
    0.00361600  1.810389e+01    0.00361600  1.810389e+01  0     452
    0.00362400  1.809064e+01    0.00362400  1.809064e+01  0     453
    0.00363200  1.807740e+01    0.00363200  1.807740e+01  0     454
    0.00364000  1.806419e+01    0.00364000  1.806419e+01  0     455
    0.00364800  1.805098e+01    0.00364800  1.805098e+01  0     456
    0.00365600  1.803780e+01    0.00365600  1.803780e+01  0     457
    0.00366400  1.802462e+01    0.00366400  1.802462e+01  0     458
    0.00367200  1.801147e+01    0.00367200  1.801147e+01  0     459
    0.00368000  1.799833e+01    0.00368000  1.799833e+01  0     460
    0.00368800  1.798521e+01    0.00368800  1.798521e+01  0     461
    0.00369600  1.797210e+01    0.00369600  1.797210e+01  0     462
    0.00370400  1.795901e+01    0.00370400  1.795901e+01  0     463
    0.00371200  1.794594e+01    0.00371200  1.794594e+01  0     464
    0.00372000  1.793288e+01    0.00372000  1.793288e+01  0     465
    0.00372800  1.791984e+01    0.00372800  1.791984e+01  0     466
    0.00373600  1.790681e+01    0.00373600  1.790681e+01  0     467
    0.00374400  1.789380e+01    0.00374400  1.789380e+01  0     468
    0.00375200  1.788081e+01    0.00375200  1.788081e+01  0     469
    0.00376000  1.786783e+01    0.00376000  1.786783e+01  0     470
    0.00376800  1.785486e+01    0.00376800  1.785486e+01  0     471
    0.00377600  1.784192e+01    0.00377600  1.784192e+01  0     472
    0.00378400  1.782899e+01    0.00378400  1.782899e+01  0     473
    0.00379200  1.781607e+01    0.00379200  1.781607e+01  0     474
    0.00380000  1.780317e+01    0.00380000  1.780317e+01  0     475
    0.00380800  1.779029e+01    0.00380800  1.779029e+01  0     476
    0.00381600  1.777742e+01    0.00381600  1.777742e+01  0     477
    0.00382400  1.776457e+01    0.00382400  1.776457e+01  0     478
    0.00383200  1.775174e+01    0.00383200  1.775174e+01  0     479
    0.00384000  1.773892e+01    0.00384000  1.773892e+01  0     480
    0.00384800  1.772611e+01    0.00384800  1.772611e+01  0     481
    0.00385600  1.771333e+01    0.00385600  1.771333e+01  0     482
    0.00386400  1.770055e+01    0.00386400  1.770055e+01  0     483
    0.00387200  1.768780e+01    0.00387200  1.768780e+01  0     484
    0.00388000  1.767506e+01    0.00388000  1.767506e+01  0     485
    0.00388800  1.766233e+01    0.00388800  1.766233e+01  0     486
    0.00389600  1.764962e+01    0.00389600  1.764962e+01  0     487
    0.00390400  1.763693e+01    0.00390400  1.763693e+01  0     488
    0.00391200  1.762425e+01    0.00391200  1.762425e+01  0     489
    0.00392000  1.761159e+01    0.00392000  1.761159e+01  0     490
    0.00392800  1.759894e+01    0.00392800  1.759894e+01  0     491
    0.00393600  1.758631e+01    0.00393600  1.758631e+01  0     492
    0.00394400  1.757370e+01    0.00394400  1.757370e+01  0     493
    0.00395200  1.756110e+01    0.00395200  1.756110e+01  0     494
    0.00396000  1.754851e+01    0.00396000  1.754851e+01  0     495
    0.00396800  1.753595e+01    0.00396800  1.753595e+01  0     496
    0.00397600  1.752339e+01    0.00397600  1.752339e+01  0     497
    0.00398400  1.751086e+01    0.00398400  1.751086e+01  0     498
    0.00399200  1.749833e+01    0.00399200  1.749833e+01  0     499
    0.00400000  1.748583e+01    0.00400000  1.748583e+01  0     500
