  0.1000
    1   0.0000   0.0000   0.0000  0.0000e+00  0.0000e+00  0.0000e+00 -1.5681e+01  6.9769e-09  6.9769e-09
    2   5.0000   0.0000   0.0000  4.0000e-04  0.0000e+00  0.0000e+00  1.5681e+01  6.9769e-09  6.9769e-09
    3   5.0000   5.0000   0.0000  4.0000e-04 -8.0229e-05  0.0000e+00  1.5681e+01 -6.9769e-09  6.9769e-09
    4   0.0000   5.0000   0.0000  0.0000e+00 -8.0229e-05  0.0000e+00 -1.5681e+01 -6.9769e-09  6.9769e-09
    5   0.0000   0.0000   5.0000  0.0000e+00  0.0000e+00 -8.0229e-05 -1.5681e+01  6.9769e-09 -6.9769e-09
    6   5.0000   0.0000   5.0000  4.0000e-04  0.0000e+00 -8.0229e-05  1.5681e+01  6.9769e-09 -6.9769e-09
    7   5.0000   5.0000   5.0000  4.0000e-04 -8.0229e-05 -8.0229e-05  1.5681e+01 -6.9769e-09 -6.9769e-09
    8   0.0000   5.0000   5.0000  0.0000e+00 -8.0229e-05 -8.0229e-05 -1.5681e+01 -6.9769e-09 -6.9769e-09
  0.2000
    1   0.0000   0.0000   0.0000  0.0000e+00  0.0000e+00  0.0000e+00 -2.2665e+01  1.6140e-07  1.6140e-07
    2   5.0000   0.0000   0.0000  8.0000e-04  0.0000e+00  0.0000e+00  2.2665e+01  1.6140e-07  1.6140e-07
    3   5.0000   5.0000   0.0000  8.0000e-04 -1.6183e-04  0.0000e+00  2.2665e+01 -1.6140e-07  1.6140e-07
    4   0.0000   5.0000   0.0000  0.0000e+00 -1.6183e-04  0.0000e+00 -2.2665e+01 -1.6140e-07  1.6140e-07
    5   0.0000   0.0000   5.0000  0.0000e+00  0.0000e+00 -1.6183e-04 -2.2665e+01  1.6140e-07 -1.6140e-07
    6   5.0000   0.0000   5.0000  8.0000e-04  0.0000e+00 -1.6183e-04  2.2665e+01  1.6140e-07 -1.6140e-07
    7   5.0000   5.0000   5.0000  8.0000e-04 -1.6183e-04 -1.6183e-04  2.2665e+01 -1.6140e-07 -1.6140e-07
    8   0.0000   5.0000   5.0000  0.0000e+00 -1.6183e-04 -1.6183e-04 -2.2665e+01 -1.6140e-07 -1.6140e-07
  0.3000
    1   0.0000   0.0000   0.0000  0.0000e+00  0.0000e+00  0.0000e+00 -2.2526e+01  1.3967e-09  1.3967e-09
    2   5.0000   0.0000   0.0000  1.2000e-03  0.0000e+00  0.0000e+00  2.2526e+01  1.3967e-09  1.3967e-09
    3   5.0000   5.0000   0.0000  1.2000e-03 -2.4342e-04  0.0000e+00  2.2526e+01 -1.3967e-09  1.3967e-09
    4   0.0000   5.0000   0.0000  0.0000e+00 -2.4342e-04  0.0000e+00 -2.2526e+01 -1.3967e-09  1.3967e-09
    5   0.0000   0.0000   5.0000  0.0000e+00  0.0000e+00 -2.4342e-04 -2.2526e+01  1.3967e-09 -1.3967e-09
    6   5.0000   0.0000   5.0000  1.2000e-03  0.0000e+00 -2.4342e-04  2.2526e+01  1.3967e-09 -1.3967e-09
    7   5.0000   5.0000   5.0000  1.2000e-03 -2.4342e-04 -2.4342e-04  2.2526e+01 -1.3967e-09 -1.3967e-09
    8   0.0000   5.0000   5.0000  0.0000e+00 -2.4342e-04 -2.4342e-04 -2.2526e+01 -1.3967e-09 -1.3967e-09
  0.4000
    1   0.0000   0.0000   0.0000  0.0000e+00  0.0000e+00  0.0000e+00 -2.1854e+01  8.4826e-10  8.4826e-10
    2   5.0000   0.0000   0.0000  1.6000e-03  0.0000e+00  0.0000e+00  2.1854e+01  8.4826e-10  8.4826e-10
    3   5.0000   5.0000   0.0000  1.6000e-03 -3.2483e-04  0.0000e+00  2.1854e+01 -8.4826e-10  8.4826e-10
    4   0.0000   5.0000   0.0000  0.0000e+00 -3.2483e-04  0.0000e+00 -2.1854e+01 -8.4826e-10  8.4826e-10
    5   0.0000   0.0000   5.0000  0.0000e+00  0.0000e+00 -3.2483e-04 -2.1854e+01  8.4826e-10 -8.4826e-10
    6   5.0000   0.0000   5.0000  1.6000e-03  0.0000e+00 -3.2483e-04  2.1854e+01  8.4826e-10 -8.4826e-10
    7   5.0000   5.0000   5.0000  1.6000e-03 -3.2483e-04 -3.2483e-04  2.1854e+01 -8.4826e-10 -8.4826e-10
    8   0.0000   5.0000   5.0000  0.0000e+00 -3.2483e-04 -3.2483e-04 -2.1854e+01 -8.4826e-10 -8.4826e-10
  0.5000
    1   0.0000   0.0000   0.0000  0.0000e+00  0.0000e+00  0.0000e+00 -2.1083e+01  6.0181e-10  6.0181e-10
    2   5.0000   0.0000   0.0000  2.0000e-03  0.0000e+00  0.0000e+00  2.1083e+01  6.0181e-10  6.0181e-10
    3   5.0000   5.0000   0.0000  2.0000e-03 -4.0631e-04  0.0000e+00  2.1083e+01 -6.0181e-10  6.0181e-10
    4   0.0000   5.0000   0.0000  0.0000e+00 -4.0631e-04  0.0000e+00 -2.1083e+01 -6.0181e-10  6.0181e-10
    5   0.0000   0.0000   5.0000  0.0000e+00  0.0000e+00 -4.0631e-04 -2.1083e+01  6.0181e-10 -6.0181e-10
    6   5.0000   0.0000   5.0000  2.0000e-03  0.0000e+00 -4.0631e-04  2.1083e+01  6.0181e-10 -6.0181e-10
    7   5.0000   5.0000   5.0000  2.0000e-03 -4.0631e-04 -4.0631e-04  2.1083e+01 -6.0181e-10 -6.0181e-10
    8   0.0000   5.0000   5.0000  0.0000e+00 -4.0631e-04 -4.0631e-04 -2.1083e+01 -6.0181e-10 -6.0181e-10
  0.6000
    1   0.0000   0.0000   0.0000  0.0000e+00  0.0000e+00  0.0000e+00 -2.0300e+01  4.5254e-10  4.5254e-10
    2   5.0000   0.0000   0.0000  2.4000e-03  0.0000e+00  0.0000e+00  2.0300e+01  4.5254e-10  4.5254e-10
    3   5.0000   5.0000   0.0000  2.4000e-03 -4.8785e-04  0.0000e+00  2.0300e+01 -4.5254e-10  4.5254e-10
    4   0.0000   5.0000   0.0000  0.0000e+00 -4.8785e-04  0.0000e+00 -2.0300e+01 -4.5254e-10  4.5254e-10
    5   0.0000   0.0000   5.0000  0.0000e+00  0.0000e+00 -4.8785e-04 -2.0300e+01  4.5254e-10 -4.5254e-10
    6   5.0000   0.0000   5.0000  2.4000e-03  0.0000e+00 -4.8785e-04  2.0300e+01  4.5254e-10 -4.5254e-10
    7   5.0000   5.0000   5.0000  2.4000e-03 -4.8785e-04 -4.8785e-04  2.0300e+01 -4.5254e-10 -4.5254e-10
    8   0.0000   5.0000   5.0000  0.0000e+00 -4.8785e-04 -4.8785e-04 -2.0300e+01 -4.5254e-10 -4.5254e-10
  0.7000
    1   0.0000   0.0000   0.0000  0.0000e+00  0.0000e+00  0.0000e+00 -1.9540e+01  3.5227e-10  3.5226e-10
    2   5.0000   0.0000   0.0000  2.8000e-03  0.0000e+00  0.0000e+00  1.9540e+01  3.5227e-10  3.5226e-10
    3   5.0000   5.0000   0.0000  2.8000e-03 -5.6945e-04  0.0000e+00  1.9540e+01 -3.5227e-10  3.5227e-10
    4   0.0000   5.0000   0.0000  0.0000e+00 -5.6945e-04  0.0000e+00 -1.9540e+01 -3.5227e-10  3.5226e-10
    5   0.0000   0.0000   5.0000  0.0000e+00  0.0000e+00 -5.6945e-04 -1.9540e+01  3.5226e-10 -3.5226e-10
    6   5.0000   0.0000   5.0000  2.8000e-03  0.0000e+00 -5.6945e-04  1.9540e+01  3.5227e-10 -3.5226e-10
    7   5.0000   5.0000   5.0000  2.8000e-03 -5.6945e-04 -5.6945e-04  1.9540e+01 -3.5226e-10 -3.5227e-10
    8   0.0000   5.0000   5.0000  0.0000e+00 -5.6945e-04 -5.6945e-04 -1.9540e+01 -3.5226e-10 -3.5226e-10
  0.8000
    1   0.0000   0.0000   0.0000  0.0000e+00  0.0000e+00  0.0000e+00 -1.8815e+01  2.8115e-10  2.8115e-10
    2   5.0000   0.0000   0.0000  3.2000e-03  0.0000e+00  0.0000e+00  1.8815e+01  2.8115e-10  2.8115e-10
    3   5.0000   5.0000   0.0000  3.2000e-03 -6.5108e-04  0.0000e+00  1.8815e+01 -2.8115e-10  2.8115e-10
    4   0.0000   5.0000   0.0000  0.0000e+00 -6.5108e-04  0.0000e+00 -1.8815e+01 -2.8115e-10  2.8115e-10
    5   0.0000   0.0000   5.0000  0.0000e+00  0.0000e+00 -6.5108e-04 -1.8815e+01  2.8115e-10 -2.8115e-10
    6   5.0000   0.0000   5.0000  3.2000e-03  0.0000e+00 -6.5108e-04  1.8815e+01  2.8115e-10 -2.8115e-10
    7   5.0000   5.0000   5.0000  3.2000e-03 -6.5108e-04 -6.5108e-04  1.8815e+01 -2.8115e-10 -2.8115e-10
    8   0.0000   5.0000   5.0000  0.0000e+00 -6.5108e-04 -6.5108e-04 -1.8815e+01 -2.8115e-10 -2.8115e-10
  0.9000
    1   0.0000   0.0000   0.0000  0.0000e+00  0.0000e+00  0.0000e+00 -1.8130e+01  2.2884e-10  2.2884e-10
    2   5.0000   0.0000   0.0000  3.6000e-03  0.0000e+00  0.0000e+00  1.8130e+01  2.2884e-10  2.2884e-10
    3   5.0000   5.0000   0.0000  3.6000e-03 -7.3276e-04  0.0000e+00  1.8130e+01 -2.2884e-10  2.2884e-10
    4   0.0000   5.0000   0.0000  0.0000e+00 -7.3276e-04  0.0000e+00 -1.8130e+01 -2.2884e-10  2.2884e-10
    5   0.0000   0.0000   5.0000  0.0000e+00  0.0000e+00 -7.3276e-04 -1.8130e+01  2.2884e-10 -2.2884e-10
    6   5.0000   0.0000   5.0000  3.6000e-03  0.0000e+00 -7.3276e-04  1.8130e+01  2.2884e-10 -2.2884e-10
    7   5.0000   5.0000   5.0000  3.6000e-03 -7.3276e-04 -7.3276e-04  1.8130e+01 -2.2884e-10 -2.2884e-10
    8   0.0000   5.0000   5.0000  0.0000e+00 -7.3276e-04 -7.3276e-04 -1.8130e+01 -2.2884e-10 -2.2884e-10
  1.0000
    1   0.0000   0.0000   0.0000  0.0000e+00  0.0000e+00  0.0000e+00 -1.7486e+01  1.8928e-10  1.8928e-10
    2   5.0000   0.0000   0.0000  4.0000e-03  0.0000e+00  0.0000e+00  1.7486e+01  1.8928e-10  1.8928e-10
    3   5.0000   5.0000   0.0000  4.0000e-03 -8.1448e-04  0.0000e+00  1.7486e+01 -1.8928e-10  1.8928e-10
    4   0.0000   5.0000   0.0000  0.0000e+00 -8.1448e-04  0.0000e+00 -1.7486e+01 -1.8928e-10  1.8928e-10
    5   0.0000   0.0000   5.0000  0.0000e+00  0.0000e+00 -8.1448e-04 -1.7486e+01  1.8928e-10 -1.8928e-10
    6   5.0000   0.0000   5.0000  4.0000e-03  0.0000e+00 -8.1448e-04  1.7486e+01  1.8928e-10 -1.8928e-10
    7   5.0000   5.0000   5.0000  4.0000e-03 -8.1448e-04 -8.1448e-04  1.7486e+01 -1.8928e-10 -1.8928e-10
    8   0.0000   5.0000   5.0000  0.0000e+00 -8.1448e-04 -8.1448e-04 -1.7486e+01 -1.8928e-10 -1.8928e-10
