Time   0.1000
El      1    C3D8                                     EL1                             MATMICRODAM         MICRODAMAGE      1      2      3      4      5      6      7      8
   1.0566   1.0566   1.0566   8.0000e-05  -1.6046e-05  -1.6046e-05   4.2352e-22   0.0000e+00  -3.3881e-21   2.5090e+00  -1.1163e-09  -1.1163e-09   0.0000e+00   0.0000e+00  -2.7756e-17   1.0221e-01   0.0000e+00
   1.0566   1.0566   3.9434   8.0000e-05  -1.6046e-05  -1.6046e-05   5.9292e-21   3.3881e-21   0.0000e+00   2.5090e+00  -1.1163e-09  -1.1163e-09   4.8572e-17   2.4286e-17   3.4694e-18   1.0221e-01   0.0000e+00
   1.0566   3.9434   1.0566   8.0000e-05  -1.6046e-05  -1.6046e-05  -5.9292e-21   4.2352e-22  -3.3881e-21   2.5090e+00  -1.1163e-09  -1.1163e-09  -5.5511e-17   0.0000e+00  -2.4286e-17   1.0221e-01   0.0000e+00
   1.0566   3.9434   3.9434   8.0000e-05  -1.6046e-05  -1.6046e-05  -8.4703e-22   8.4703e-22  -6.7763e-21   2.5090e+00  -1.1163e-09  -1.1163e-09   0.0000e+00   3.4694e-18  -9.0206e-17   1.0221e-01   0.0000e+00
   3.9434   1.0566   1.0566   8.0000e-05  -1.6046e-05  -1.6046e-05  -4.2352e-22   8.4703e-22   0.0000e+00   2.5090e+00  -1.1163e-09  -1.1163e-09   0.0000e+00   3.4694e-18   0.0000e+00   1.0221e-01   0.0000e+00
   3.9434   1.0566   3.9434   8.0000e-05  -1.6046e-05  -1.6046e-05   3.3881e-21   3.3881e-21   0.0000e+00   2.5090e+00  -1.1163e-09  -1.1163e-09   4.1633e-17   3.4694e-17   0.0000e+00   1.0221e-01   0.0000e+00
   3.9434   3.9434   1.0566   8.0000e-05  -1.6046e-05  -1.6046e-05  -4.6587e-21   2.1176e-21   0.0000e+00   2.5090e+00  -1.1163e-09  -1.1163e-09  -4.1633e-17   2.0817e-17  -3.4694e-18   1.0221e-01   0.0000e+00
   3.9434   3.9434   3.9434   8.0000e-05  -1.6046e-05  -1.6046e-05  -1.6941e-21   4.2352e-21   0.0000e+00   2.5090e+00  -1.1163e-09  -1.1163e-09  -6.9389e-18   4.8572e-17   0.0000e+00   1.0221e-01   0.0000e+00
Time   0.2000
El      1    C3D8                                     EL1                             MATMICRODAM         MICRODAMAGE      1      2      3      4      5      6      7      8
   1.0566   1.0566   1.0566   1.6000e-04  -3.2366e-05  -3.2366e-05  -8.4703e-22  -8.4703e-22   0.0000e+00   3.6265e+00  -2.5824e-08  -2.5824e-08   0.0000e+00   0.0000e+00   0.0000e+00   3.4743e-01   0.0000e+00
   1.0566   1.0566   3.9434   1.6000e-04  -3.2366e-05  -3.2366e-05   1.0164e-20   1.6941e-21  -6.7763e-21   3.6265e+00  -2.5824e-08  -2.5824e-08   1.0408e-16   6.9389e-18  -3.1225e-17   3.4743e-01   0.0000e+00
   1.0566   3.9434   1.0566   1.6000e-04  -3.2366e-05  -3.2366e-05  -1.1011e-20   5.0822e-21  -6.7763e-21   3.6265e+00  -2.5824e-08  -2.5824e-08  -9.0206e-17   3.4694e-17  -2.7756e-17   3.4743e-01   0.0000e+00
   1.0566   3.9434   3.9434   1.6000e-04  -3.2366e-05  -3.2366e-05  -3.3881e-21   1.6941e-20   0.0000e+00   3.6265e+00  -2.5824e-08  -2.5824e-08  -1.3878e-17   1.3184e-16   0.0000e+00   3.4743e-01   0.0000e+00
   3.9434   1.0566   1.0566   1.6000e-04  -3.2366e-05  -3.2366e-05   4.2352e-21   8.4703e-22   0.0000e+00   3.6265e+00  -2.5824e-08  -2.5824e-08   2.7756e-17   0.0000e+00   0.0000e+00   3.4743e-01   0.0000e+00
   3.9434   1.0566   3.9434   1.6000e-04  -3.2366e-05  -3.2366e-05   2.5411e-20   1.6941e-21   0.0000e+00   3.6265e+00  -2.5824e-08  -2.5824e-08   2.4980e-16   6.9389e-18   3.4694e-18   3.4743e-01   0.0000e+00
   3.9434   3.9434   1.0566   1.6000e-04  -3.2366e-05  -3.2366e-05  -6.7763e-21  -1.6941e-21   0.0000e+00   3.6265e+00  -2.5824e-08  -2.5824e-08  -2.7756e-17  -6.9389e-18   6.9389e-18   3.4743e-01   0.0000e+00
   3.9434   3.9434   3.9434   1.6000e-04  -3.2366e-05  -3.2366e-05   1.3553e-20   1.3553e-20   0.0000e+00   3.6265e+00  -2.5824e-08  -2.5824e-08   1.4919e-16   1.2143e-16  -1.0408e-17   3.4743e-01   0.0000e+00
Time   0.3000
El      1    C3D8                                     EL1                             MATMICRODAM         MICRODAMAGE      1      2      3      4      5      6      7      8
   1.0566   1.0566   1.0566   2.4000e-04  -4.8685e-05  -4.8685e-05   4.2352e-21  -8.4703e-22   6.7763e-21   3.6042e+00  -2.2348e-10  -2.2348e-10   1.3878e-17   0.0000e+00   1.3878e-17   5.6681e-01   0.0000e+00
   1.0566   1.0566   3.9434   2.4000e-04  -4.8685e-05  -4.8685e-05   1.0164e-20  -3.3881e-21   0.0000e+00   3.6042e+00  -2.2348e-10  -2.2348e-10   4.1633e-17  -6.9389e-18   6.9389e-18   5.6681e-01   0.0000e+00
   1.0566   3.9434   1.0566   2.4000e-04  -4.8685e-05  -4.8685e-05   7.6233e-21   4.2352e-21   2.7105e-20   3.6042e+00  -2.2348e-10  -2.2348e-10   1.3878e-17   6.9389e-18   1.5266e-16   5.6681e-01   0.0000e+00
   1.0566   3.9434   3.9434   2.4000e-04  -4.8685e-05  -4.8685e-05   1.0164e-20   1.0164e-20   0.0000e+00   3.6042e+00  -2.2348e-10  -2.2348e-10   6.9389e-17   4.5103e-17   0.0000e+00   5.6681e-01   0.0000e+00
   3.9434   1.0566   1.0566   2.4000e-04  -4.8685e-05  -4.8685e-05   3.3881e-21   8.4703e-22   0.0000e+00   3.6042e+00  -2.2348e-10  -2.2348e-10   0.0000e+00   0.0000e+00   0.0000e+00   5.6681e-01   0.0000e+00
   3.9434   1.0566   3.9434   2.4000e-04  -4.8685e-05  -4.8685e-05   1.3553e-20   3.3881e-21   0.0000e+00   3.6042e+00  -2.2348e-10  -2.2348e-10   5.5511e-17   6.9389e-18   6.9389e-18   5.6681e-01   0.0000e+00
   3.9434   3.9434   1.0566   2.4000e-04  -4.8685e-05  -4.8685e-05   1.6941e-21  -2.5411e-21   0.0000e+00   3.6042e+00  -2.2348e-10  -2.2348e-10   0.0000e+00   0.0000e+00   0.0000e+00   5.6681e-01   0.0000e+00
   3.9434   3.9434   3.9434   2.4000e-04  -4.8685e-05  -4.8685e-05   1.3553e-20   3.3881e-21   0.0000e+00   3.6042e+00  -2.2348e-10  -2.2348e-10   8.3267e-17   6.9389e-18   0.0000e+00   5.6681e-01   0.0000e+00
Time   0.4000
El      1    C3D8                                     EL1                             MATMICRODAM         MICRODAMAGE      1      2      3      4      5      6      7      8
   1.0566   1.0566   1.0566   3.2000e-04  -6.4967e-05  -6.4967e-05   5.0822e-21  -5.0822e-21   1.3553e-20   3.4967e+00  -1.3572e-10  -1.3572e-10   0.0000e+00  -6.9389e-18   3.4694e-17   6.8462e-01   0.0000e+00
   1.0566   1.0566   3.9434   3.2000e-04  -6.4967e-05  -6.4967e-05   1.3553e-20  -6.7763e-21   1.3553e-20   3.4967e+00  -1.3572e-10  -1.3572e-10   9.7145e-17  -1.0408e-17   3.4694e-17   6.8462e-01   0.0000e+00
   1.0566   3.9434   1.0566   3.2000e-04  -6.4967e-05  -6.4967e-05  -5.0822e-21   1.6941e-21   2.7105e-20   3.4967e+00  -1.3572e-10  -1.3572e-10   0.0000e+00   0.0000e+00   1.1796e-16   6.8462e-01   0.0000e+00
   1.0566   3.9434   3.9434   3.2000e-04  -6.4967e-05  -6.4967e-05   6.7763e-21   0.0000e+00   0.0000e+00   3.4967e+00  -1.3572e-10  -1.3572e-10   1.3878e-17   0.0000e+00   0.0000e+00   6.8462e-01   0.0000e+00
   3.9434   1.0566   1.0566   3.2000e-04  -6.4967e-05  -6.4967e-05   1.6941e-21   0.0000e+00   0.0000e+00   3.4967e+00  -1.3572e-10  -1.3572e-10   0.0000e+00   0.0000e+00   0.0000e+00   6.8462e-01   0.0000e+00
   3.9434   1.0566   3.9434   3.2000e-04  -6.4967e-05  -6.4967e-05   2.0329e-20  -6.7763e-21   0.0000e+00   3.4967e+00  -1.3572e-10  -1.3572e-10   9.0206e-17  -1.0408e-17   0.0000e+00   6.8462e-01   0.0000e+00
   3.9434   3.9434   1.0566   3.2000e-04  -6.4967e-05  -6.4967e-05  -1.1858e-20   8.4703e-21   5.4210e-20   3.4967e+00  -1.3572e-10  -1.3572e-10  -4.1633e-17   3.1225e-17   2.4286e-16   6.8462e-01   0.0000e+00
   3.9434   3.9434   3.9434   3.2000e-04  -6.4967e-05  -6.4967e-05   6.7763e-21   0.0000e+00   1.0842e-19   3.4967e+00  -1.3572e-10  -1.3572e-10   1.3878e-17   0.0000e+00   4.9266e-16   6.8462e-01   0.0000e+00
Time   0.5000
El      1    C3D8                                     EL1                             MATMICRODAM         MICRODAMAGE      1      2      3      4      5      6      7      8
   1.0566   1.0566   1.0566   4.0000e-04  -8.1262e-05  -8.1262e-05   6.7763e-21   1.6941e-21   0.0000e+00   3.3732e+00  -9.6290e-11  -9.6290e-11   0.0000e+00   0.0000e+00   0.0000e+00   7.5649e-01   0.0000e+00
   1.0566   1.0566   3.9434   4.0000e-04  -8.1262e-05  -8.1262e-05   2.0329e-20   2.0329e-20   0.0000e+00   3.3732e+00  -9.6290e-11  -9.6290e-11   4.1633e-17   4.5103e-17   0.0000e+00   7.5649e-01   0.0000e+00
   1.0566   3.9434   1.0566   4.0000e-04  -8.1262e-05  -8.1262e-05   0.0000e+00   3.3881e-21  -2.7105e-20   3.3732e+00  -9.6290e-11  -9.6290e-11   0.0000e+00   0.0000e+00  -5.5511e-17   7.5649e-01   0.0000e+00
   1.0566   3.9434   3.9434   4.0000e-04  -8.1262e-05  -8.1262e-05   2.0329e-20   0.0000e+00   0.0000e+00   3.3732e+00  -9.6290e-11  -9.6290e-11   4.1633e-17   0.0000e+00   0.0000e+00   7.5649e-01   0.0000e+00
   3.9434   1.0566   1.0566   4.0000e-04  -8.1262e-05  -8.1262e-05   3.3881e-21   1.6941e-21   0.0000e+00   3.3732e+00  -9.6290e-11  -9.6290e-11   0.0000e+00   0.0000e+00   0.0000e+00   7.5649e-01   0.0000e+00
   3.9434   1.0566   3.9434   4.0000e-04  -8.1262e-05  -8.1262e-05   1.3553e-20   2.0329e-20   0.0000e+00   3.3732e+00  -9.6290e-11  -9.6290e-11   1.3878e-17   4.5103e-17   0.0000e+00   7.5649e-01   0.0000e+00
   3.9434   3.9434   1.0566   4.0000e-04  -8.1262e-05  -8.1262e-05   3.3881e-21   1.6941e-20   0.0000e+00   3.3732e+00  -9.6290e-11  -9.6290e-11   0.0000e+00   3.8164e-17   0.0000e+00   7.5649e-01   0.0000e+00
   3.9434   3.9434   3.9434   4.0000e-04  -8.1262e-05  -8.1262e-05   2.0329e-20   0.0000e+00   0.0000e+00   3.3732e+00  -9.6290e-11  -9.6290e-11   6.9389e-17   0.0000e+00   0.0000e+00   7.5649e-01   0.0000e+00
Time   0.6000
El      1    C3D8                                     EL1                             MATMICRODAM         MICRODAMAGE      1      2      3      4      5      6      7      8
   1.0566   1.0566   1.0566   4.8000e-04  -9.7570e-05  -9.7570e-05  -1.6941e-21  -1.1858e-20   0.0000e+00   3.2480e+00  -7.2406e-11  -7.2406e-11   0.0000e+00  -1.0408e-17   0.0000e+00   8.0453e-01   0.0000e+00
   1.0566   1.0566   3.9434   4.8000e-04  -9.7570e-05  -9.7570e-05  -2.7105e-20  -2.7105e-20   0.0000e+00   3.2480e+00  -7.2406e-11  -7.2406e-11  -5.5511e-17  -4.5103e-17   0.0000e+00   8.0453e-01   0.0000e+00
   1.0566   3.9434   1.0566   4.8000e-04  -9.7570e-05  -9.7570e-05  -1.6941e-21  -1.6941e-21   0.0000e+00   3.2480e+00  -7.2406e-11  -7.2406e-11   0.0000e+00   0.0000e+00   0.0000e+00   8.0453e-01   0.0000e+00
   1.0566   3.9434   3.9434   4.8000e-04  -9.7570e-05  -9.7570e-05  -2.0329e-20   2.0329e-20   0.0000e+00   3.2480e+00  -7.2406e-11  -7.2406e-11  -5.5511e-17   3.8164e-17   0.0000e+00   8.0453e-01   0.0000e+00
   3.9434   1.0566   1.0566   4.8000e-04  -9.7570e-05  -9.7570e-05   3.3881e-21  -5.0822e-21   0.0000e+00   3.2480e+00  -7.2406e-11  -7.2406e-11   0.0000e+00   0.0000e+00   0.0000e+00   8.0453e-01   0.0000e+00
   3.9434   1.0566   3.9434   4.8000e-04  -9.7570e-05  -9.7570e-05   2.7105e-20  -2.7105e-20   0.0000e+00   3.2480e+00  -7.2406e-11  -7.2406e-11   5.5511e-17  -3.8164e-17   0.0000e+00   8.0453e-01   0.0000e+00
   3.9434   3.9434   1.0566   4.8000e-04  -9.7570e-05  -9.7570e-05   3.3881e-21  -1.6941e-21   0.0000e+00   3.2480e+00  -7.2406e-11  -7.2406e-11   0.0000e+00   0.0000e+00   0.0000e+00   8.0453e-01   0.0000e+00
   3.9434   3.9434   3.9434   4.8000e-04  -9.7570e-05  -9.7570e-05   2.0329e-20   3.3881e-20   0.0000e+00   3.2480e+00  -7.2406e-11  -7.2406e-11   4.1633e-17   1.1102e-16   0.0000e+00   8.0453e-01   0.0000e+00
Time   0.7000
El      1    C3D8                                     EL1                             MATMICRODAM         MICRODAMAGE      1      2      3      4      5      6      7      8
   1.0566   1.0566   1.0566   5.6000e-04  -1.1389e-04  -1.1389e-04   0.0000e+00  -3.3881e-21   0.0000e+00   3.1264e+00  -5.6363e-11  -5.6362e-11   0.0000e+00   0.0000e+00   0.0000e+00   8.3868e-01   0.0000e+00
   1.0566   1.0566   3.9434   5.6000e-04  -1.1389e-04  -1.1389e-04   6.7763e-21  -6.7763e-21   2.7105e-20   3.1264e+00  -5.6362e-11  -5.6362e-11   0.0000e+00  -3.4694e-18   3.4694e-17   8.3868e-01   0.0000e+00
   1.0566   3.9434   1.0566   5.6000e-04  -1.1389e-04  -1.1389e-04  -6.7763e-21  -1.3553e-20  -2.7105e-20   3.1264e+00  -5.6362e-11  -5.6362e-11   0.0000e+00  -1.0408e-17  -3.4694e-17   8.3868e-01   0.0000e+00
   1.0566   3.9434   3.9434   5.6000e-04  -1.1389e-04  -1.1389e-04  -6.7763e-21  -3.3881e-20   2.7105e-20   3.1264e+00  -5.6362e-11  -5.6362e-11   6.9389e-18  -5.5511e-17   3.4694e-17   8.3868e-01   0.0000e+00
   3.9434   1.0566   1.0566   5.6000e-04  -1.1389e-04  -1.1389e-04   0.0000e+00  -6.7763e-21   0.0000e+00   3.1264e+00  -5.6363e-11  -5.6362e-11   0.0000e+00  -3.4694e-18   0.0000e+00   8.3868e-01   0.0000e+00
   3.9434   1.0566   3.9434   5.6000e-04  -1.1389e-04  -1.1389e-04  -6.7763e-21  -6.7763e-21   0.0000e+00   3.1264e+00  -5.6362e-11  -5.6362e-11   0.0000e+00  -3.4694e-18   0.0000e+00   8.3868e-01   0.0000e+00
   3.9434   3.9434   1.0566   5.6000e-04  -1.1389e-04  -1.1389e-04   1.1858e-20   1.3553e-20   0.0000e+00   3.1264e+00  -5.6362e-11  -5.6363e-11   1.3878e-17   1.0408e-17   0.0000e+00   8.3868e-01   0.0000e+00
   3.9434   3.9434   3.9434   5.6000e-04  -1.1389e-04  -1.1389e-04   6.7763e-21  -6.7763e-21   0.0000e+00   3.1264e+00  -5.6363e-11  -5.6363e-11   0.0000e+00  -3.4694e-18   0.0000e+00   8.3868e-01   0.0000e+00
Time   0.8000
El      1    C3D8                                     EL1                             MATMICRODAM         MICRODAMAGE      1      2      3      4      5      6      7      8
   1.0566   1.0566   1.0566   6.4000e-04  -1.3022e-04  -1.3022e-04   1.6941e-20  -6.7763e-21   2.7105e-20   3.0104e+00  -4.4984e-11  -4.4984e-11   1.3878e-17  -3.4694e-18   2.7756e-17   8.6404e-01   0.0000e+00
   1.0566   1.0566   3.9434   6.4000e-04  -1.3022e-04  -1.3022e-04   2.7105e-20   1.3553e-20   0.0000e+00   3.0104e+00  -4.4984e-11  -4.4984e-11   5.5511e-17   6.9389e-18   0.0000e+00   8.6404e-01   0.0000e+00
   1.0566   3.9434   1.0566   6.4000e-04  -1.3022e-04  -1.3022e-04   3.7269e-20   6.7763e-21   0.0000e+00   3.0104e+00  -4.4984e-11  -4.4984e-11   5.5511e-17   3.4694e-18   0.0000e+00   8.6404e-01   0.0000e+00
   1.0566   3.9434   3.9434   6.4000e-04  -1.3022e-04  -1.3022e-04   2.7105e-20   1.3553e-20  -2.7105e-20   3.0104e+00  -4.4984e-11  -4.4984e-11   5.5511e-17   6.9389e-18  -2.7756e-17   8.6404e-01   0.0000e+00
   3.9434   1.0566   1.0566   6.4000e-04  -1.3022e-04  -1.3022e-04  -3.3881e-21   6.7763e-21   0.0000e+00   3.0104e+00  -4.4984e-11  -4.4984e-11   0.0000e+00   3.4694e-18   0.0000e+00   8.6404e-01   0.0000e+00
   3.9434   1.0566   3.9434   6.4000e-04  -1.3022e-04  -1.3022e-04   1.3553e-20   1.3553e-20   0.0000e+00   3.0104e+00  -4.4984e-11  -4.4984e-11   1.3878e-17   6.9389e-18   0.0000e+00   8.6404e-01   0.0000e+00
   3.9434   3.9434   1.0566   6.4000e-04  -1.3022e-04  -1.3022e-04  -3.3881e-20   6.7763e-21   0.0000e+00   3.0104e+00  -4.4984e-11  -4.4985e-11  -4.1633e-17   3.4694e-18   0.0000e+00   8.6404e-01   0.0000e+00
   3.9434   3.9434   3.9434   6.4000e-04  -1.3022e-04  -1.3022e-04  -2.0329e-20   1.3553e-20   1.0842e-19   3.0104e+00  -4.4984e-11  -4.4984e-11  -6.2450e-17   6.9389e-18   2.4286e-16   8.6404e-01   0.0000e+00
Time   0.9000
El      1    C3D8                                     EL1                             MATMICRODAM         MICRODAMAGE      1      2      3      4      5      6      7      8
   1.0566   1.0566   1.0566   7.2000e-04  -1.4655e-04  -1.4655e-04   3.3881e-21  -1.0164e-20   5.4210e-20   2.9009e+00  -3.6614e-11  -3.6615e-11   0.0000e+00  -3.4694e-18   9.7145e-17   8.8351e-01   0.0000e+00
   1.0566   1.0566   3.9434   7.2000e-04  -1.4655e-04  -1.4655e-04   8.1315e-20  -1.3553e-20  -2.7105e-20   2.9009e+00  -3.6614e-11  -3.6615e-11   1.4919e-16  -3.4694e-18  -1.7347e-17   8.8351e-01   0.0000e+00
   1.0566   3.9434   1.0566   7.2000e-04  -1.4655e-04  -1.4655e-04  -4.7434e-20   3.3881e-21   0.0000e+00   2.9009e+00  -3.6614e-11  -3.6614e-11  -7.6328e-17   0.0000e+00   3.4694e-18   8.8351e-01   0.0000e+00
   1.0566   3.9434   3.9434   7.2000e-04  -1.4655e-04  -1.4655e-04   1.3553e-20   1.3553e-20   0.0000e+00   2.9009e+00  -3.6614e-11  -3.6614e-11   6.9389e-18   3.4694e-18   0.0000e+00   8.8351e-01   0.0000e+00
   3.9434   1.0566   1.0566   7.2000e-04  -1.4655e-04  -1.4655e-04   0.0000e+00   0.0000e+00   0.0000e+00   2.9009e+00  -3.6614e-11  -3.6615e-11   0.0000e+00   0.0000e+00   0.0000e+00   8.8351e-01   0.0000e+00
   3.9434   1.0566   3.9434   7.2000e-04  -1.4655e-04  -1.4655e-04   6.7763e-20  -1.3553e-20   0.0000e+00   2.9009e+00  -3.6615e-11  -3.6615e-11   1.1796e-16  -3.4694e-18   0.0000e+00   8.8351e-01   0.0000e+00
   3.9434   3.9434   1.0566   7.2000e-04  -1.4655e-04  -1.4655e-04  -7.4539e-20   3.3881e-21   0.0000e+00   2.9009e+00  -3.6614e-11  -3.6614e-11  -1.1796e-16   0.0000e+00  -3.4694e-18   8.8351e-01   0.0000e+00
   3.9434   3.9434   3.9434   7.2000e-04  -1.4655e-04  -1.4655e-04   0.0000e+00   0.0000e+00   1.0842e-19   2.9009e+00  -3.6614e-11  -3.6614e-11   0.0000e+00   0.0000e+00   2.0817e-16   8.8351e-01   0.0000e+00
Time   1.0000
El      1    C3D8                                     EL1                             MATMICRODAM         MICRODAMAGE      1      2      3      4      5      6      7      8
   1.0566   1.0566   1.0566   8.0000e-04  -1.6290e-04  -1.6290e-04   0.0000e+00   0.0000e+00   0.0000e+00   2.7977e+00  -3.0285e-11  -3.0285e-11   0.0000e+00   0.0000e+00   0.0000e+00   8.9886e-01   0.0000e+00
   1.0566   1.0566   3.9434   8.0000e-04  -1.6290e-04  -1.6290e-04   0.0000e+00   2.7105e-20   0.0000e+00   2.7977e+00  -3.0285e-11  -3.0285e-11   0.0000e+00   1.0408e-17   0.0000e+00   8.9886e-01   0.0000e+00
   1.0566   3.9434   1.0566   8.0000e-04  -1.6290e-04  -1.6290e-04  -3.3881e-21   1.6941e-20   0.0000e+00   2.7977e+00  -3.0285e-11  -3.0285e-11   0.0000e+00   6.9389e-18   0.0000e+00   8.9886e-01   0.0000e+00
   1.0566   3.9434   3.9434   8.0000e-04  -1.6290e-04  -1.6290e-04   1.3553e-20   4.0658e-20  -5.4210e-20   2.7977e+00  -3.0285e-11  -3.0285e-11   1.3878e-17   4.8572e-17  -4.8572e-17   8.9886e-01   0.0000e+00
   3.9434   1.0566   1.0566   8.0000e-04  -1.6290e-04  -1.6290e-04   0.0000e+00   0.0000e+00   0.0000e+00   2.7977e+00  -3.0285e-11  -3.0285e-11   0.0000e+00   0.0000e+00   0.0000e+00   8.9886e-01   0.0000e+00
   3.9434   1.0566   3.9434   8.0000e-04  -1.6290e-04  -1.6290e-04   1.3553e-20   4.0658e-20  -1.0842e-19   2.7977e+00  -3.0285e-11  -3.0285e-11   6.9389e-18   5.5511e-17  -1.7347e-16   8.9886e-01   0.0000e+00
   3.9434   3.9434   1.0566   8.0000e-04  -1.6290e-04  -1.6290e-04  -2.0329e-20  -1.0164e-20  -1.0842e-19   2.7977e+00  -3.0285e-11  -3.0285e-11  -6.9389e-18  -3.4694e-18  -1.7347e-16   8.9886e-01   0.0000e+00
   3.9434   3.9434   3.9434   8.0000e-04  -1.6290e-04  -1.6290e-04  -1.3553e-20   4.0658e-20  -1.0842e-19   2.7977e+00  -3.0285e-11  -3.0285e-11  -6.9389e-18   4.8572e-17  -1.6653e-16   8.9886e-01   0.0000e+00
