Time,   0.1000
     1,  EL1, MATMICRODAM,   C3D8,   0,     1.0566,    1.0566,    1.0566,  8.000000e-05, -1.604588e-05, -1.604588e-05,  4.235165e-22,  0.000000e+00, -3.388132e-21,  2.509014e+00, -1.116308e-09, -1.116308e-09,  0.000000e+00,  0.000000e+00, -2.775558e-17,  1.022072e-01,  0.000000e+00,
     1,  EL1, MATMICRODAM,   C3D8,   1,     1.0566,    1.0566,    3.9434,  8.000000e-05, -1.604588e-05, -1.604588e-05,  5.929231e-21,  3.388132e-21,  0.000000e+00,  2.509014e+00, -1.116308e-09, -1.116308e-09,  4.857226e-17,  2.428613e-17,  3.469447e-18,  1.022072e-01,  0.000000e+00,
     1,  EL1, MATMICRODAM,   C3D8,   2,     1.0566,    3.9434,    1.0566,  8.000000e-05, -1.604588e-05, -1.604588e-05, -5.929231e-21,  4.235165e-22, -3.388132e-21,  2.509014e+00, -1.116308e-09, -1.116308e-09, -5.551115e-17,  0.000000e+00, -2.428613e-17,  1.022072e-01,  0.000000e+00,
     1,  EL1, MATMICRODAM,   C3D8,   3,     1.0566,    3.9434,    3.9434,  8.000000e-05, -1.604588e-05, -1.604588e-05, -8.470329e-22,  8.470329e-22, -6.776264e-21,  2.509014e+00, -1.116308e-09, -1.116308e-09,  0.000000e+00,  3.469447e-18, -9.020562e-17,  1.022072e-01,  0.000000e+00,
     1,  EL1, MATMICRODAM,   C3D8,   4,     3.9434,    1.0566,    1.0566,  8.000000e-05, -1.604588e-05, -1.604588e-05, -4.235165e-22,  8.470329e-22,  0.000000e+00,  2.509014e+00, -1.116308e-09, -1.116308e-09,  0.000000e+00,  3.469447e-18,  0.000000e+00,  1.022072e-01,  0.000000e+00,
     1,  EL1, MATMICRODAM,   C3D8,   5,     3.9434,    1.0566,    3.9434,  8.000000e-05, -1.604588e-05, -1.604588e-05,  3.388132e-21,  3.388132e-21,  0.000000e+00,  2.509014e+00, -1.116308e-09, -1.116308e-09,  4.163336e-17,  3.469447e-17,  0.000000e+00,  1.022072e-01,  0.000000e+00,
     1,  EL1, MATMICRODAM,   C3D8,   6,     3.9434,    3.9434,    1.0566,  8.000000e-05, -1.604588e-05, -1.604588e-05, -4.658681e-21,  2.117582e-21,  0.000000e+00,  2.509014e+00, -1.116308e-09, -1.116308e-09, -4.163336e-17,  2.081668e-17, -3.469447e-18,  1.022072e-01,  0.000000e+00,
     1,  EL1, MATMICRODAM,   C3D8,   7,     3.9434,    3.9434,    3.9434,  8.000000e-05, -1.604588e-05, -1.604588e-05, -1.694066e-21,  4.235165e-21,  0.000000e+00,  2.509014e+00, -1.116308e-09, -1.116308e-09, -6.938894e-18,  4.857226e-17,  0.000000e+00,  1.022072e-01,  0.000000e+00,
Time,   0.2000
     1,  EL1, MATMICRODAM,   C3D8,   0,     1.0566,    1.0566,    1.0566,  1.600000e-04, -3.236649e-05, -3.236649e-05, -8.470329e-22, -8.470329e-22,  0.000000e+00,  3.626471e+00, -2.582449e-08, -2.582449e-08,  0.000000e+00,  0.000000e+00,  0.000000e+00,  3.474335e-01,  0.000000e+00,
     1,  EL1, MATMICRODAM,   C3D8,   1,     1.0566,    1.0566,    3.9434,  1.600000e-04, -3.236649e-05, -3.236649e-05,  1.016440e-20,  1.694066e-21, -6.776264e-21,  3.626471e+00, -2.582449e-08, -2.582449e-08,  1.040834e-16,  6.938894e-18, -3.122502e-17,  3.474335e-01,  0.000000e+00,
     1,  EL1, MATMICRODAM,   C3D8,   2,     1.0566,    3.9434,    1.0566,  1.600000e-04, -3.236649e-05, -3.236649e-05, -1.101143e-20,  5.082198e-21, -6.776264e-21,  3.626471e+00, -2.582449e-08, -2.582449e-08, -9.020562e-17,  3.469447e-17, -2.775558e-17,  3.474335e-01,  0.000000e+00,
     1,  EL1, MATMICRODAM,   C3D8,   3,     1.0566,    3.9434,    3.9434,  1.600000e-04, -3.236649e-05, -3.236649e-05, -3.388132e-21,  1.694066e-20,  0.000000e+00,  3.626471e+00, -2.582449e-08, -2.582449e-08, -1.387779e-17,  1.318390e-16,  0.000000e+00,  3.474335e-01,  0.000000e+00,
     1,  EL1, MATMICRODAM,   C3D8,   4,     3.9434,    1.0566,    1.0566,  1.600000e-04, -3.236649e-05, -3.236649e-05,  4.235165e-21,  8.470329e-22,  0.000000e+00,  3.626471e+00, -2.582449e-08, -2.582449e-08,  2.775558e-17,  0.000000e+00,  0.000000e+00,  3.474335e-01,  0.000000e+00,
     1,  EL1, MATMICRODAM,   C3D8,   5,     3.9434,    1.0566,    3.9434,  1.600000e-04, -3.236649e-05, -3.236649e-05,  2.541099e-20,  1.694066e-21,  0.000000e+00,  3.626471e+00, -2.582449e-08, -2.582449e-08,  2.498002e-16,  6.938894e-18,  3.469447e-18,  3.474335e-01,  0.000000e+00,
     1,  EL1, MATMICRODAM,   C3D8,   6,     3.9434,    3.9434,    1.0566,  1.600000e-04, -3.236649e-05, -3.236649e-05, -6.776264e-21, -1.694066e-21,  0.000000e+00,  3.626471e+00, -2.582449e-08, -2.582449e-08, -2.775558e-17, -6.938894e-18,  6.938894e-18,  3.474335e-01,  0.000000e+00,
     1,  EL1, MATMICRODAM,   C3D8,   7,     3.9434,    3.9434,    3.9434,  1.600000e-04, -3.236649e-05, -3.236649e-05,  1.355253e-20,  1.355253e-20,  0.000000e+00,  3.626471e+00, -2.582449e-08, -2.582449e-08,  1.491862e-16,  1.214306e-16, -1.040834e-17,  3.474335e-01,  0.000000e+00,
Time,   0.3000
     1,  EL1, MATMICRODAM,   C3D8,   0,     1.0566,    1.0566,    1.0566,  2.400000e-04, -4.868496e-05, -4.868496e-05,  4.235165e-21, -8.470329e-22,  6.776264e-21,  3.604213e+00, -2.234758e-10, -2.234758e-10,  1.387779e-17,  0.000000e+00,  1.387779e-17,  5.668059e-01,  0.000000e+00,
     1,  EL1, MATMICRODAM,   C3D8,   1,     1.0566,    1.0566,    3.9434,  2.400000e-04, -4.868496e-05, -4.868496e-05,  1.016440e-20, -3.388132e-21,  0.000000e+00,  3.604213e+00, -2.234754e-10, -2.234756e-10,  4.163336e-17, -6.938894e-18,  6.938894e-18,  5.668059e-01,  0.000000e+00,
     1,  EL1, MATMICRODAM,   C3D8,   2,     1.0566,    3.9434,    1.0566,  2.400000e-04, -4.868496e-05, -4.868496e-05,  7.623297e-21,  4.235165e-21,  2.710505e-20,  3.604213e+00, -2.234758e-10, -2.234758e-10,  1.387779e-17,  6.938894e-18,  1.526557e-16,  5.668059e-01,  0.000000e+00,
     1,  EL1, MATMICRODAM,   C3D8,   3,     1.0566,    3.9434,    3.9434,  2.400000e-04, -4.868496e-05, -4.868496e-05,  1.016440e-20,  1.016440e-20,  0.000000e+00,  3.604213e+00, -2.234758e-10, -2.234760e-10,  6.938894e-17,  4.510281e-17,  0.000000e+00,  5.668059e-01,  0.000000e+00,
     1,  EL1, MATMICRODAM,   C3D8,   4,     3.9434,    1.0566,    1.0566,  2.400000e-04, -4.868496e-05, -4.868496e-05,  3.388132e-21,  8.470329e-22,  0.000000e+00,  3.604213e+00, -2.234757e-10, -2.234759e-10,  0.000000e+00,  0.000000e+00,  0.000000e+00,  5.668059e-01,  0.000000e+00,
     1,  EL1, MATMICRODAM,   C3D8,   5,     3.9434,    1.0566,    3.9434,  2.400000e-04, -4.868496e-05, -4.868496e-05,  1.355253e-20,  3.388132e-21,  0.000000e+00,  3.604213e+00, -2.234754e-10, -2.234756e-10,  5.551115e-17,  6.938894e-18,  6.938894e-18,  5.668059e-01,  0.000000e+00,
     1,  EL1, MATMICRODAM,   C3D8,   6,     3.9434,    3.9434,    1.0566,  2.400000e-04, -4.868496e-05, -4.868496e-05,  1.694066e-21, -2.541099e-21,  0.000000e+00,  3.604213e+00, -2.234757e-10, -2.234759e-10,  0.000000e+00,  0.000000e+00,  0.000000e+00,  5.668059e-01,  0.000000e+00,
     1,  EL1, MATMICRODAM,   C3D8,   7,     3.9434,    3.9434,    3.9434,  2.400000e-04, -4.868496e-05, -4.868496e-05,  1.355253e-20,  3.388132e-21,  0.000000e+00,  3.604213e+00, -2.234759e-10, -2.234758e-10,  8.326673e-17,  6.938894e-18,  0.000000e+00,  5.668059e-01,  0.000000e+00,
Time,   0.4000
     1,  EL1, MATMICRODAM,   C3D8,   0,     1.0566,    1.0566,    1.0566,  3.200000e-04, -6.496670e-05, -6.496670e-05,  5.082198e-21, -5.082198e-21,  1.355253e-20,  3.496717e+00, -1.357216e-10, -1.357216e-10,  0.000000e+00, -6.938894e-18,  3.469447e-17,  6.846173e-01,  0.000000e+00,
     1,  EL1, MATMICRODAM,   C3D8,   1,     1.0566,    1.0566,    3.9434,  3.200000e-04, -6.496670e-05, -6.496670e-05,  1.355253e-20, -6.776264e-21,  1.355253e-20,  3.496717e+00, -1.357211e-10, -1.357211e-10,  9.714451e-17, -1.040834e-17,  3.469447e-17,  6.846173e-01,  0.000000e+00,
     1,  EL1, MATMICRODAM,   C3D8,   2,     1.0566,    3.9434,    1.0566,  3.200000e-04, -6.496670e-05, -6.496670e-05, -5.082198e-21,  1.694066e-21,  2.710505e-20,  3.496717e+00, -1.357217e-10, -1.357216e-10,  0.000000e+00,  0.000000e+00,  1.179612e-16,  6.846173e-01,  0.000000e+00,
     1,  EL1, MATMICRODAM,   C3D8,   3,     1.0566,    3.9434,    3.9434,  3.200000e-04, -6.496670e-05, -6.496670e-05,  6.776264e-21,  0.000000e+00,  0.000000e+00,  3.496717e+00, -1.357217e-10, -1.357215e-10,  1.387779e-17,  0.000000e+00,  0.000000e+00,  6.846173e-01,  0.000000e+00,
     1,  EL1, MATMICRODAM,   C3D8,   4,     3.9434,    1.0566,    1.0566,  3.200000e-04, -6.496670e-05, -6.496670e-05,  1.694066e-21,  0.000000e+00,  0.000000e+00,  3.496717e+00, -1.357213e-10, -1.357219e-10,  0.000000e+00,  0.000000e+00,  0.000000e+00,  6.846173e-01,  0.000000e+00,
     1,  EL1, MATMICRODAM,   C3D8,   5,     3.9434,    1.0566,    3.9434,  3.200000e-04, -6.496670e-05, -6.496670e-05,  2.032879e-20, -6.776264e-21,  0.000000e+00,  3.496717e+00, -1.357214e-10, -1.357216e-10,  9.020562e-17, -1.040834e-17,  0.000000e+00,  6.846173e-01,  0.000000e+00,
     1,  EL1, MATMICRODAM,   C3D8,   6,     3.9434,    3.9434,    1.0566,  3.200000e-04, -6.496670e-05, -6.496670e-05, -1.185846e-20,  8.470329e-21,  5.421011e-20,  3.496717e+00, -1.357214e-10, -1.357217e-10, -4.163336e-17,  3.122502e-17,  2.428613e-16,  6.846173e-01,  0.000000e+00,
     1,  EL1, MATMICRODAM,   C3D8,   7,     3.9434,    3.9434,    3.9434,  3.200000e-04, -6.496670e-05, -6.496670e-05,  6.776264e-21,  0.000000e+00,  1.084202e-19,  3.496717e+00, -1.357214e-10, -1.357216e-10,  1.387779e-17,  0.000000e+00,  4.926615e-16,  6.846173e-01,  0.000000e+00,
Time,   0.5000
     1,  EL1, MATMICRODAM,   C3D8,   0,     1.0566,    1.0566,    1.0566,  4.000000e-04, -8.126247e-05, -8.126247e-05,  6.776264e-21,  1.694066e-21,  0.000000e+00,  3.373240e+00, -9.628966e-11, -9.628973e-11,  0.000000e+00,  0.000000e+00,  0.000000e+00,  7.564924e-01,  0.000000e+00,
     1,  EL1, MATMICRODAM,   C3D8,   1,     1.0566,    1.0566,    3.9434,  4.000000e-04, -8.126247e-05, -8.126247e-05,  2.032879e-20,  2.032879e-20,  0.000000e+00,  3.373240e+00, -9.628960e-11, -9.628967e-11,  4.163336e-17,  4.510281e-17,  0.000000e+00,  7.564924e-01,  0.000000e+00,
     1,  EL1, MATMICRODAM,   C3D8,   2,     1.0566,    3.9434,    1.0566,  4.000000e-04, -8.126247e-05, -8.126247e-05,  0.000000e+00,  3.388132e-21, -2.710505e-20,  3.373240e+00, -9.628955e-11, -9.628964e-11,  0.000000e+00,  0.000000e+00, -5.551115e-17,  7.564924e-01,  0.000000e+00,
     1,  EL1, MATMICRODAM,   C3D8,   3,     1.0566,    3.9434,    3.9434,  4.000000e-04, -8.126247e-05, -8.126247e-05,  2.032879e-20,  0.000000e+00,  0.000000e+00,  3.373240e+00, -9.628960e-11, -9.628967e-11,  4.163336e-17,  0.000000e+00,  0.000000e+00,  7.564924e-01,  0.000000e+00,
     1,  EL1, MATMICRODAM,   C3D8,   4,     3.9434,    1.0566,    1.0566,  4.000000e-04, -8.126247e-05, -8.126247e-05,  3.388132e-21,  1.694066e-21,  0.000000e+00,  3.373240e+00, -9.629009e-11, -9.629003e-11,  0.000000e+00,  0.000000e+00,  0.000000e+00,  7.564924e-01,  0.000000e+00,
     1,  EL1, MATMICRODAM,   C3D8,   5,     3.9434,    1.0566,    3.9434,  4.000000e-04, -8.126247e-05, -8.126247e-05,  1.355253e-20,  2.032879e-20,  0.000000e+00,  3.373240e+00, -9.629009e-11, -9.629000e-11,  1.387779e-17,  4.510281e-17,  0.000000e+00,  7.564924e-01,  0.000000e+00,
     1,  EL1, MATMICRODAM,   C3D8,   6,     3.9434,    3.9434,    1.0566,  4.000000e-04, -8.126247e-05, -8.126247e-05,  3.388132e-21,  1.694066e-20,  0.000000e+00,  3.373240e+00, -9.629009e-11, -9.629002e-11,  0.000000e+00,  3.816392e-17,  0.000000e+00,  7.564924e-01,  0.000000e+00,
     1,  EL1, MATMICRODAM,   C3D8,   7,     3.9434,    3.9434,    3.9434,  4.000000e-04, -8.126247e-05, -8.126247e-05,  2.032879e-20,  0.000000e+00,  0.000000e+00,  3.373240e+00, -9.629009e-11, -9.629000e-11,  6.938894e-17,  0.000000e+00,  0.000000e+00,  7.564924e-01,  0.000000e+00,
Time,   0.6000
     1,  EL1, MATMICRODAM,   C3D8,   0,     1.0566,    1.0566,    1.0566,  4.800000e-04, -9.757047e-05, -9.757047e-05, -1.694066e-21, -1.185846e-20,  0.000000e+00,  3.248010e+00, -7.240568e-11, -7.240566e-11,  0.000000e+00, -1.040834e-17,  0.000000e+00,  8.045343e-01,  0.000000e+00,
     1,  EL1, MATMICRODAM,   C3D8,   1,     1.0566,    1.0566,    3.9434,  4.800000e-04, -9.757047e-05, -9.757047e-05, -2.710505e-20, -2.710505e-20,  0.000000e+00,  3.248010e+00, -7.240565e-11, -7.240555e-11, -5.551115e-17, -4.510281e-17,  0.000000e+00,  8.045343e-01,  0.000000e+00,
     1,  EL1, MATMICRODAM,   C3D8,   2,     1.0566,    3.9434,    1.0566,  4.800000e-04, -9.757047e-05, -9.757047e-05, -1.694066e-21, -1.694066e-21,  0.000000e+00,  3.248010e+00, -7.240571e-11, -7.240583e-11,  0.000000e+00,  0.000000e+00,  0.000000e+00,  8.045343e-01,  0.000000e+00,
     1,  EL1, MATMICRODAM,   C3D8,   3,     1.0566,    3.9434,    3.9434,  4.800000e-04, -9.757047e-05, -9.757047e-05, -2.032879e-20,  2.032879e-20,  0.000000e+00,  3.248010e+00, -7.240576e-11, -7.240578e-11, -5.551115e-17,  3.816392e-17,  0.000000e+00,  8.045343e-01,  0.000000e+00,
     1,  EL1, MATMICRODAM,   C3D8,   4,     3.9434,    1.0566,    1.0566,  4.800000e-04, -9.757047e-05, -9.757047e-05,  3.388132e-21, -5.082198e-21,  0.000000e+00,  3.248010e+00, -7.240578e-11, -7.240577e-11,  0.000000e+00,  0.000000e+00,  0.000000e+00,  8.045343e-01,  0.000000e+00,
     1,  EL1, MATMICRODAM,   C3D8,   5,     3.9434,    1.0566,    3.9434,  4.800000e-04, -9.757047e-05, -9.757047e-05,  2.710505e-20, -2.710505e-20,  0.000000e+00,  3.248010e+00, -7.240595e-11, -7.240578e-11,  5.551115e-17, -3.816392e-17,  0.000000e+00,  8.045343e-01,  0.000000e+00,
     1,  EL1, MATMICRODAM,   C3D8,   6,     3.9434,    3.9434,    1.0566,  4.800000e-04, -9.757047e-05, -9.757047e-05,  3.388132e-21, -1.694066e-21,  0.000000e+00,  3.248010e+00, -7.240584e-11, -7.240574e-11,  0.000000e+00,  0.000000e+00,  0.000000e+00,  8.045343e-01,  0.000000e+00,
     1,  EL1, MATMICRODAM,   C3D8,   7,     3.9434,    3.9434,    3.9434,  4.800000e-04, -9.757047e-05, -9.757047e-05,  2.032879e-20,  3.388132e-20,  0.000000e+00,  3.248010e+00, -7.240585e-11, -7.240581e-11,  4.163336e-17,  1.110223e-16,  0.000000e+00,  8.045343e-01,  0.000000e+00,
Time,   0.7000
     1,  EL1, MATMICRODAM,   C3D8,   0,     1.0566,    1.0566,    1.0566,  5.600000e-04, -1.138891e-04, -1.138891e-04,  0.000000e+00, -3.388132e-21,  0.000000e+00,  3.126382e+00, -5.636253e-11, -5.636226e-11,  0.000000e+00,  0.000000e+00,  0.000000e+00,  8.386767e-01,  0.000000e+00,
     1,  EL1, MATMICRODAM,   C3D8,   1,     1.0566,    1.0566,    3.9434,  5.600000e-04, -1.138891e-04, -1.138891e-04,  6.776264e-21, -6.776264e-21,  2.710505e-20,  3.126382e+00, -5.636227e-11, -5.636221e-11,  0.000000e+00, -3.469447e-18,  3.469447e-17,  8.386767e-01,  0.000000e+00,
     1,  EL1, MATMICRODAM,   C3D8,   2,     1.0566,    3.9434,    1.0566,  5.600000e-04, -1.138891e-04, -1.138891e-04, -6.776264e-21, -1.355253e-20, -2.710505e-20,  3.126382e+00, -5.636232e-11, -5.636196e-11,  0.000000e+00, -1.040834e-17, -3.469447e-17,  8.386767e-01,  0.000000e+00,
     1,  EL1, MATMICRODAM,   C3D8,   3,     1.0566,    3.9434,    3.9434,  5.600000e-04, -1.138891e-04, -1.138891e-04, -6.776264e-21, -3.388132e-20,  2.710505e-20,  3.126382e+00, -5.636231e-11, -5.636195e-11,  6.938894e-18, -5.551115e-17,  3.469447e-17,  8.386767e-01,  0.000000e+00,
     1,  EL1, MATMICRODAM,   C3D8,   4,     3.9434,    1.0566,    1.0566,  5.600000e-04, -1.138891e-04, -1.138891e-04,  0.000000e+00, -6.776264e-21,  0.000000e+00,  3.126382e+00, -5.636253e-11, -5.636226e-11,  0.000000e+00, -3.469447e-18,  0.000000e+00,  8.386767e-01,  0.000000e+00,
     1,  EL1, MATMICRODAM,   C3D8,   5,     3.9434,    1.0566,    3.9434,  5.600000e-04, -1.138891e-04, -1.138891e-04, -6.776264e-21, -6.776264e-21,  0.000000e+00,  3.126382e+00, -5.636226e-11, -5.636219e-11,  0.000000e+00, -3.469447e-18,  0.000000e+00,  8.386767e-01,  0.000000e+00,
     1,  EL1, MATMICRODAM,   C3D8,   6,     3.9434,    3.9434,    1.0566,  5.600000e-04, -1.138891e-04, -1.138891e-04,  1.185846e-20,  1.355253e-20,  0.000000e+00,  3.126382e+00, -5.636247e-11, -5.636260e-11,  1.387779e-17,  1.040834e-17,  0.000000e+00,  8.386767e-01,  0.000000e+00,
     1,  EL1, MATMICRODAM,   C3D8,   7,     3.9434,    3.9434,    3.9434,  5.600000e-04, -1.138891e-04, -1.138891e-04,  6.776264e-21, -6.776264e-21,  0.000000e+00,  3.126382e+00, -5.636252e-11, -5.636264e-11,  0.000000e+00, -3.469447e-18,  0.000000e+00,  8.386767e-01,  0.000000e+00,
Time,   0.8000
     1,  EL1, MATMICRODAM,   C3D8,   0,     1.0566,    1.0566,    1.0566,  6.400000e-04, -1.302169e-04, -1.302169e-04,  1.694066e-20, -6.776264e-21,  2.710505e-20,  3.010440e+00, -4.498436e-11, -4.498433e-11,  1.387779e-17, -3.469447e-18,  2.775558e-17,  8.640355e-01,  0.000000e+00,
     1,  EL1, MATMICRODAM,   C3D8,   1,     1.0566,    1.0566,    3.9434,  6.400000e-04, -1.302169e-04, -1.302169e-04,  2.710505e-20,  1.355253e-20,  0.000000e+00,  3.010440e+00, -4.498400e-11, -4.498416e-11,  5.551115e-17,  6.938894e-18,  0.000000e+00,  8.640355e-01,  0.000000e+00,
     1,  EL1, MATMICRODAM,   C3D8,   2,     1.0566,    3.9434,    1.0566,  6.400000e-04, -1.302169e-04, -1.302169e-04,  3.726945e-20,  6.776264e-21,  0.000000e+00,  3.010440e+00, -4.498438e-11, -4.498426e-11,  5.551115e-17,  3.469447e-18,  0.000000e+00,  8.640355e-01,  0.000000e+00,
     1,  EL1, MATMICRODAM,   C3D8,   3,     1.0566,    3.9434,    3.9434,  6.400000e-04, -1.302169e-04, -1.302169e-04,  2.710505e-20,  1.355253e-20, -2.710505e-20,  3.010440e+00, -4.498420e-11, -4.498438e-11,  5.551115e-17,  6.938894e-18, -2.775558e-17,  8.640355e-01,  0.000000e+00,
     1,  EL1, MATMICRODAM,   C3D8,   4,     3.9434,    1.0566,    1.0566,  6.400000e-04, -1.302169e-04, -1.302169e-04, -3.388132e-21,  6.776264e-21,  0.000000e+00,  3.010440e+00, -4.498423e-11, -4.498447e-11,  0.000000e+00,  3.469447e-18,  0.000000e+00,  8.640355e-01,  0.000000e+00,
     1,  EL1, MATMICRODAM,   C3D8,   5,     3.9434,    1.0566,    3.9434,  6.400000e-04, -1.302169e-04, -1.302169e-04,  1.355253e-20,  1.355253e-20,  0.000000e+00,  3.010440e+00, -4.498402e-11, -4.498406e-11,  1.387779e-17,  6.938894e-18,  0.000000e+00,  8.640355e-01,  0.000000e+00,
     1,  EL1, MATMICRODAM,   C3D8,   6,     3.9434,    3.9434,    1.0566,  6.400000e-04, -1.302169e-04, -1.302169e-04, -3.388132e-20,  6.776264e-21,  0.000000e+00,  3.010440e+00, -4.498419e-11, -4.498451e-11, -4.163336e-17,  3.469447e-18,  0.000000e+00,  8.640355e-01,  0.000000e+00,
     1,  EL1, MATMICRODAM,   C3D8,   7,     3.9434,    3.9434,    3.9434,  6.400000e-04, -1.302169e-04, -1.302169e-04, -2.032879e-20,  1.355253e-20,  1.084202e-19,  3.010440e+00, -4.498438e-11, -4.498436e-11, -6.245005e-17,  6.938894e-18,  2.428613e-16,  8.640355e-01,  0.000000e+00,
Time,   0.9000
     1,  EL1, MATMICRODAM,   C3D8,   0,     1.0566,    1.0566,    1.0566,  7.200000e-04, -1.465530e-04, -1.465530e-04,  3.388132e-21, -1.016440e-20,  5.421011e-20,  2.900871e+00, -3.661416e-11, -3.661458e-11,  0.000000e+00, -3.469447e-18,  9.714451e-17,  8.835093e-01,  0.000000e+00,
     1,  EL1, MATMICRODAM,   C3D8,   1,     1.0566,    1.0566,    3.9434,  7.200000e-04, -1.465530e-04, -1.465530e-04,  8.131516e-20, -1.355253e-20, -2.710505e-20,  2.900871e+00, -3.661436e-11, -3.661458e-11,  1.491862e-16, -3.469447e-18, -1.734723e-17,  8.835093e-01,  0.000000e+00,
     1,  EL1, MATMICRODAM,   C3D8,   2,     1.0566,    3.9434,    1.0566,  7.200000e-04, -1.465530e-04, -1.465530e-04, -4.743385e-20,  3.388132e-21,  0.000000e+00,  2.900871e+00, -3.661402e-11, -3.661427e-11, -7.632783e-17,  0.000000e+00,  3.469447e-18,  8.835093e-01,  0.000000e+00,
     1,  EL1, MATMICRODAM,   C3D8,   3,     1.0566,    3.9434,    3.9434,  7.200000e-04, -1.465530e-04, -1.465530e-04,  1.355253e-20,  1.355253e-20,  0.000000e+00,  2.900871e+00, -3.661426e-11, -3.661429e-11,  6.938894e-18,  3.469447e-18,  0.000000e+00,  8.835093e-01,  0.000000e+00,
     1,  EL1, MATMICRODAM,   C3D8,   4,     3.9434,    1.0566,    1.0566,  7.200000e-04, -1.465530e-04, -1.465530e-04,  0.000000e+00,  0.000000e+00,  0.000000e+00,  2.900871e+00, -3.661414e-11, -3.661459e-11,  0.000000e+00,  0.000000e+00,  0.000000e+00,  8.835093e-01,  0.000000e+00,
     1,  EL1, MATMICRODAM,   C3D8,   5,     3.9434,    1.0566,    3.9434,  7.200000e-04, -1.465530e-04, -1.465530e-04,  6.776264e-20, -1.355253e-20,  0.000000e+00,  2.900871e+00, -3.661452e-11, -3.661458e-11,  1.179612e-16, -3.469447e-18,  0.000000e+00,  8.835093e-01,  0.000000e+00,
     1,  EL1, MATMICRODAM,   C3D8,   6,     3.9434,    3.9434,    1.0566,  7.200000e-04, -1.465530e-04, -1.465530e-04, -7.453890e-20,  3.388132e-21,  0.000000e+00,  2.900871e+00, -3.661403e-11, -3.661428e-11, -1.179612e-16,  0.000000e+00, -3.469447e-18,  8.835093e-01,  0.000000e+00,
     1,  EL1, MATMICRODAM,   C3D8,   7,     3.9434,    3.9434,    3.9434,  7.200000e-04, -1.465530e-04, -1.465530e-04,  0.000000e+00,  0.000000e+00,  1.084202e-19,  2.900871e+00, -3.661448e-11, -3.661428e-11,  0.000000e+00,  0.000000e+00,  2.081668e-16,  8.835093e-01,  0.000000e+00,
Time,   1.0000
     1,  EL1, MATMICRODAM,   C3D8,   0,     1.0566,    1.0566,    1.0566,  8.000000e-04, -1.628964e-04, -1.628964e-04,  0.000000e+00,  0.000000e+00,  0.000000e+00,  2.797732e+00, -3.028501e-11, -3.028503e-11,  0.000000e+00,  0.000000e+00,  0.000000e+00,  8.988604e-01,  0.000000e+00,
     1,  EL1, MATMICRODAM,   C3D8,   1,     1.0566,    1.0566,    3.9434,  8.000000e-04, -1.628964e-04, -1.628964e-04,  0.000000e+00,  2.710505e-20,  0.000000e+00,  2.797732e+00, -3.028468e-11, -3.028484e-11,  0.000000e+00,  1.040834e-17,  0.000000e+00,  8.988604e-01,  0.000000e+00,
     1,  EL1, MATMICRODAM,   C3D8,   2,     1.0566,    3.9434,    1.0566,  8.000000e-04, -1.628964e-04, -1.628964e-04, -3.388132e-21,  1.694066e-20,  0.000000e+00,  2.797732e+00, -3.028501e-11, -3.028503e-11,  0.000000e+00,  6.938894e-18,  0.000000e+00,  8.988604e-01,  0.000000e+00,
     1,  EL1, MATMICRODAM,   C3D8,   3,     1.0566,    3.9434,    3.9434,  8.000000e-04, -1.628964e-04, -1.628964e-04,  1.355253e-20,  4.065758e-20, -5.421011e-20,  2.797732e+00, -3.028474e-11, -3.028491e-11,  1.387779e-17,  4.857226e-17, -4.857226e-17,  8.988604e-01,  0.000000e+00,
     1,  EL1, MATMICRODAM,   C3D8,   4,     3.9434,    1.0566,    1.0566,  8.000000e-04, -1.628964e-04, -1.628964e-04,  0.000000e+00,  0.000000e+00,  0.000000e+00,  2.797732e+00, -3.028482e-11, -3.028478e-11,  0.000000e+00,  0.000000e+00,  0.000000e+00,  8.988604e-01,  0.000000e+00,
     1,  EL1, MATMICRODAM,   C3D8,   5,     3.9434,    1.0566,    3.9434,  8.000000e-04, -1.628964e-04, -1.628964e-04,  1.355253e-20,  4.065758e-20, -1.084202e-19,  2.797732e+00, -3.028490e-11, -3.028494e-11,  6.938894e-18,  5.551115e-17, -1.734723e-16,  8.988604e-01,  0.000000e+00,
     1,  EL1, MATMICRODAM,   C3D8,   6,     3.9434,    3.9434,    1.0566,  8.000000e-04, -1.628964e-04, -1.628964e-04, -2.032879e-20, -1.016440e-20, -1.084202e-19,  2.797732e+00, -3.028501e-11, -3.028503e-11, -6.938894e-18, -3.469447e-18, -1.734723e-16,  8.988604e-01,  0.000000e+00,
     1,  EL1, MATMICRODAM,   C3D8,   7,     3.9434,    3.9434,    3.9434,  8.000000e-04, -1.628964e-04, -1.628964e-04, -1.355253e-20,  4.065758e-20, -1.084202e-19,  2.797732e+00, -3.028506e-11, -3.028500e-11, -6.938894e-18,  4.857226e-17, -1.665335e-16,  8.988604e-01,  0.000000e+00,
