  0.8000
    1   0.5000   0.0000   0.0000  0.0000e+00  0.0000e+00  0.0000e+00  0.0000e+00  1.3272e+01  6.3271e+00
    2   0.5050   0.0000   0.0000  0.0000e+00 -8.2447e-06 -1.1961e-03  0.0000e+00 -2.1979e-03 -6.8413e-04
    3   0.5100   0.0000   0.0000  0.0000e+00 -2.2356e-05 -2.3677e-03  0.0000e+00 -4.3660e-03 -7.9249e-04
    4   0.5150   0.0000   0.0000  0.0000e+00 -4.2214e-05 -3.5155e-03  0.0000e+00 -6.4511e-03 -4.5086e-04
    5   0.5200   0.0000   0.0000  0.0000e+00 -6.7699e-05 -4.6398e-03  0.0000e+00 -8.4032e-03 -9.2119e-05
    6   0.5250   0.0000   0.0000  0.0000e+00 -9.8697e-05 -5.7412e-03  0.0000e+00 -1.0179e-02 -1.2235e-04
    7   0.5300   0.0000   0.0000  0.0000e+00 -1.3509e-04 -6.8202e-03  0.0000e+00 -1.1740e-02 -3.3281e-04
    8   0.5350   0.0000   0.0000  0.0000e+00 -1.7678e-04 -7.8771e-03  0.0000e+00 -1.3057e-02 -3.2208e-04
    9   0.5400   0.0000   0.0000  0.0000e+00 -2.2365e-04 -8.9124e-03  0.0000e+00 -1.4105e-02 -7.1176e-05
   10   0.5450   0.0000   0.0000  0.0000e+00 -2.7558e-04 -9.9266e-03  0.0000e+00 -1.4870e-02  6.0846e-04
   11   0.5500   0.0000   0.0000  0.0000e+00 -3.3249e-04 -1.0920e-02  0.0000e+00 -1.5348e-02  1.6516e-03
   12   0.5550   0.0000   0.0000  0.0000e+00 -3.9427e-04 -1.1893e-02  0.0000e+00 -1.5545e-02  2.3568e-03
   13   0.5600   0.0000   0.0000  0.0000e+00 -4.6081e-04 -1.2847e-02  0.0000e+00 -1.5481e-02  2.1607e-03
   14   0.5650   0.0000   0.0000  0.0000e+00 -5.3203e-04 -1.3782e-02  0.0000e+00 -1.5186e-02  1.0832e-03
   15   0.5700   0.0000   0.0000  0.0000e+00 -6.0783e-04 -1.4697e-02  0.0000e+00 -1.4698e-02  2.7514e-05
   16   0.5750   0.0000   0.0000  0.0000e+00 -6.8811e-04 -1.5593e-02  0.0000e+00 -1.4054e-02  9.3351e-05
   17   0.5800   0.0000   0.0000  0.0000e+00 -7.7279e-04 -1.6471e-02  0.0000e+00 -1.3296e-02  7.6612e-04
   18   0.5850   0.0000   0.0000  0.0000e+00 -8.6176e-04 -1.7331e-02  0.0000e+00 -1.2472e-02  6.7634e-04
   19   0.5900   0.0000   0.0000  0.0000e+00 -9.5495e-04 -1.8173e-02  0.0000e+00 -1.1635e-02 -1.2118e-04
   20   0.5950   0.0000   0.0000  0.0000e+00 -1.0523e-03 -1.8997e-02  0.0000e+00 -1.0835e-02 -8.7695e-04
   21   0.6000   0.0000   0.0000  0.0000e+00 -1.1536e-03 -1.9804e-02  0.0000e+00 -1.0116e-02 -1.5673e-03
   22   0.6050   0.0000   0.0000  0.0000e+00 -1.2589e-03 -2.0593e-02  0.0000e+00 -9.5160e-03 -1.9487e-03
   23   0.6100   0.0000   0.0000  0.0000e+00 -1.3681e-03 -2.1366e-02  0.0000e+00 -9.0614e-03 -1.2804e-03
   24   0.6150   0.0000   0.0000  0.0000e+00 -1.4810e-03 -2.2122e-02  0.0000e+00 -8.7689e-03  3.4259e-04
   25   0.6200   0.0000   0.0000  0.0000e+00 -1.5977e-03 -2.2861e-02  0.0000e+00 -8.6467e-03  1.9674e-03
   26   0.6250   0.0000   0.0000  0.0000e+00 -1.7179e-03 -2.3585e-02  0.0000e+00 -8.6964e-03  2.8448e-03
   27   0.6300   0.0000   0.0000  0.0000e+00 -1.8418e-03 -2.4294e-02  0.0000e+00 -8.9102e-03  2.8158e-03
   28   0.6350   0.0000   0.0000  0.0000e+00 -1.9690e-03 -2.4988e-02  0.0000e+00 -9.2685e-03  2.4410e-03
   29   0.6400   0.0000   0.0000  0.0000e+00 -2.0997e-03 -2.5667e-02  0.0000e+00 -9.7380e-03  2.7075e-03
   30   0.6450   0.0000   0.0000  0.0000e+00 -2.2337e-03 -2.6332e-02  0.0000e+00 -1.0274e-02  3.7690e-03
   31   0.6500   0.0000   0.0000  0.0000e+00 -2.3710e-03 -2.6982e-02  0.0000e+00 -1.0829e-02  4.5742e-03
   32   0.6550   0.0000   0.0000  0.0000e+00 -2.5115e-03 -2.7619e-02  0.0000e+00 -1.1355e-02  4.3880e-03
   33   0.6600   0.0000   0.0000  0.0000e+00 -2.6550e-03 -2.8242e-02  0.0000e+00 -1.1805e-02  3.6908e-03
   34   0.6650   0.0000   0.0000  0.0000e+00 -2.8016e-03 -2.8851e-02  0.0000e+00 -1.2132e-02  3.1007e-03
   35   0.6700   0.0000   0.0000  0.0000e+00 -2.9512e-03 -2.9447e-02  0.0000e+00 -1.2293e-02  2.6109e-03
   36   0.6750   0.0000   0.0000  0.0000e+00 -3.1037e-03 -3.0030e-02  0.0000e+00 -1.2254e-02  2.3251e-03
   37   0.6800   0.0000   0.0000  0.0000e+00 -3.2591e-03 -3.0600e-02  0.0000e+00 -1.1991e-02  2.6998e-03
   38   0.6850   0.0000   0.0000  0.0000e+00 -3.4172e-03 -3.1157e-02  0.0000e+00 -1.1493e-02  3.5399e-03
   39   0.6900   0.0000   0.0000  0.0000e+00 -3.5781e-03 -3.1702e-02  0.0000e+00 -1.0767e-02  3.8337e-03
   40   0.6950   0.0000   0.0000  0.0000e+00 -3.7416e-03 -3.2234e-02  0.0000e+00 -9.8388e-03  3.1789e-03
   41   0.7000   0.0000   0.0000  0.0000e+00 -3.9078e-03 -3.2754e-02  0.0000e+00 -8.7483e-03  2.5602e-03
   42   0.7050   0.0000   0.0000  0.0000e+00 -4.0765e-03 -3.3262e-02  0.0000e+00 -7.5426e-03  3.1181e-03
   43   0.7100   0.0000   0.0000  0.0000e+00 -4.2476e-03 -3.3758e-02  0.0000e+00 -6.2773e-03  4.6963e-03
   44   0.7150   0.0000   0.0000  0.0000e+00 -4.4212e-03 -3.4243e-02  0.0000e+00 -5.0181e-03  6.1191e-03
   45   0.7200   0.0000   0.0000  0.0000e+00 -4.5971e-03 -3.4717e-02  0.0000e+00 -3.8384e-03  6.4910e-03
   46   0.7250   0.0000   0.0000  0.0000e+00 -4.7754e-03 -3.5180e-02  0.0000e+00 -2.8118e-03  5.7421e-03
   47   0.7300   0.0000   0.0000  0.0000e+00 -4.9559e-03 -3.5632e-02  0.0000e+00 -2.0032e-03  4.2239e-03
   48   0.7350   0.0000   0.0000  0.0000e+00 -5.1387e-03 -3.6073e-02  0.0000e+00 -1.4630e-03  2.3723e-03
   49   0.7400   0.0000   0.0000  0.0000e+00 -5.3236e-03 -3.6503e-02  0.0000e+00 -1.2218e-03  7.1166e-04
   50   0.7450   0.0000   0.0000  0.0000e+00 -5.5106e-03 -3.6922e-02  0.0000e+00 -1.2867e-03 -3.7266e-04
   51   0.7500   0.0000   0.0000  0.0000e+00 -5.6996e-03 -3.7330e-02  0.0000e+00 -1.6412e-03 -1.0998e-03
   52   0.7550   0.0000   0.0000  0.0000e+00 -5.8906e-03 -3.7727e-02  0.0000e+00 -2.2476e-03 -2.2196e-03
   53   0.7600   0.0000   0.0000  0.0000e+00 -6.0836e-03 -3.8113e-02  0.0000e+00 -3.0487e-03 -4.1641e-03
   54   0.7650   0.0000   0.0000  0.0000e+00 -6.2784e-03 -3.8488e-02  0.0000e+00 -3.9685e-03 -6.3469e-03
   55   0.7700   0.0000   0.0000  0.0000e+00 -6.4751e-03 -3.8852e-02  0.0000e+00 -4.9130e-03 -7.5391e-03
   56   0.7750   0.0000   0.0000  0.0000e+00 -6.6735e-03 -3.9205e-02  0.0000e+00 -5.7780e-03 -6.9905e-03
   57   0.7800   0.0000   0.0000  0.0000e+00 -6.8737e-03 -3.9546e-02  0.0000e+00 -6.4614e-03 -5.0728e-03
   58   0.7850   0.0000   0.0000  0.0000e+00 -7.0755e-03 -3.9877e-02  0.0000e+00 -6.8772e-03 -2.8156e-03
   59   0.7900   0.0000   0.0000  0.0000e+00 -7.2789e-03 -4.0198e-02  0.0000e+00 -6.9664e-03 -9.4917e-04
   60   0.7950   0.0000   0.0000  0.0000e+00 -7.4839e-03 -4.0509e-02  0.0000e+00 -6.7024e-03  5.4338e-04
   61   0.8000   0.0000   0.0000  0.0000e+00 -7.6904e-03 -4.0811e-02  0.0000e+00 -6.0946e-03  2.1061e-03
   62   0.8050   0.0000   0.0000  0.0000e+00 -7.8983e-03 -4.1103e-02  0.0000e+00 -5.1910e-03  4.0501e-03
   63   0.8100   0.0000   0.0000  0.0000e+00 -8.1077e-03 -4.1387e-02  0.0000e+00 -4.0788e-03  6.2623e-03
   64   0.8150   0.0000   0.0000  0.0000e+00 -8.3184e-03 -4.1662e-02  0.0000e+00 -2.8814e-03  8.2386e-03
   65   0.8200   0.0000   0.0000  0.0000e+00 -8.5305e-03 -4.1929e-02  0.0000e+00 -1.7498e-03  9.3150e-03
   66   0.8250   0.0000   0.0000  0.0000e+00 -8.7438e-03 -4.2188e-02  0.0000e+00 -8.4832e-04  9.0332e-03
   67   0.8300   0.0000   0.0000  0.0000e+00 -8.9585e-03 -4.2439e-02  0.0000e+00 -3.3462e-04  7.4719e-03
   68   0.8350   0.0000   0.0000  0.0000e+00 -9.1743e-03 -4.2682e-02  0.0000e+00 -3.3727e-04  5.2632e-03
   69   0.8400   0.0000   0.0000  0.0000e+00 -9.3913e-03 -4.2917e-02  0.0000e+00 -9.3401e-04  3.2016e-03
   70   0.8450   0.0000   0.0000  0.0000e+00 -9.6095e-03 -4.3143e-02  0.0000e+00 -2.1351e-03  1.6967e-03
   71   0.8500   0.0000   0.0000  0.0000e+00 -9.8287e-03 -4.3362e-02  0.0000e+00 -3.8744e-03  5.2118e-04
   72   0.8550   0.0000   0.0000  0.0000e+00 -1.0049e-02 -4.3572e-02  0.0000e+00 -6.0080e-03 -8.2537e-04
   73   0.8600   0.0000   0.0000  0.0000e+00 -1.0270e-02 -4.3773e-02  0.0000e+00 -8.3215e-03 -2.4402e-03
   74   0.8650   0.0000   0.0000  0.0000e+00 -1.0493e-02 -4.3967e-02  0.0000e+00 -1.0546e-02 -3.7882e-03
   75   0.8700   0.0000   0.0000  0.0000e+00 -1.0716e-02 -4.4151e-02  0.0000e+00 -1.2389e-02 -4.1502e-03
   76   0.8750   0.0000   0.0000  0.0000e+00 -1.0940e-02 -4.4327e-02  0.0000e+00 -1.3572e-02 -3.2782e-03
   77   0.8800   0.0000   0.0000  0.0000e+00 -1.1165e-02 -4.4495e-02  0.0000e+00 -1.3885e-02 -1.7376e-03
   78   0.8850   0.0000   0.0000  0.0000e+00 -1.1391e-02 -4.4655e-02  0.0000e+00 -1.3231e-02 -5.5594e-04
   79   0.8900   0.0000   0.0000  0.0000e+00 -1.1617e-02 -4.4807e-02  0.0000e+00 -1.1665e-02 -4.0143e-04
   80   0.8950   0.0000   0.0000  0.0000e+00 -1.1844e-02 -4.4952e-02  0.0000e+00 -9.4066e-03 -1.0373e-03
   81   0.9000   0.0000   0.0000  0.0000e+00 -1.2072e-02 -4.5089e-02  0.0000e+00 -6.8265e-03 -1.5381e-03
   82   0.9050   0.0000   0.0000  0.0000e+00 -1.2301e-02 -4.5218e-02  0.0000e+00 -4.3989e-03 -1.1669e-03
   83   0.9100   0.0000   0.0000  0.0000e+00 -1.2530e-02 -4.5340e-02  0.0000e+00 -2.6250e-03 -7.3225e-05
   84   0.9150   0.0000   0.0000  0.0000e+00 -1.2760e-02 -4.5455e-02  0.0000e+00 -1.9266e-03  8.7763e-04
   85   0.9200   0.0000   0.0000  0.0000e+00 -1.2990e-02 -4.5562e-02  0.0000e+00 -2.5240e-03  9.2789e-04
   86   0.9250   0.0000   0.0000  0.0000e+00 -1.3221e-02 -4.5662e-02  0.0000e+00 -4.3252e-03  1.1804e-04
   87   0.9300   0.0000   0.0000  0.0000e+00 -1.3452e-02 -4.5756e-02  0.0000e+00 -6.8618e-03 -7.5024e-04
   88   0.9350   0.0000   0.0000  0.0000e+00 -1.3684e-02 -4.5842e-02  0.0000e+00 -9.3194e-03 -8.1232e-04
   89   0.9400   0.0000   0.0000  0.0000e+00 -1.3916e-02 -4.5922e-02  0.0000e+00 -1.0694e-02  9.0090e-05
   90   0.9450   0.0000   0.0000  0.0000e+00 -1.4148e-02 -4.5994e-02  0.0000e+00 -1.0089e-02  1.2509e-03
   91   0.9500   0.0000   0.0000  0.0000e+00 -1.4381e-02 -4.6060e-02  0.0000e+00 -7.1051e-03  1.7057e-03
   92   0.9550   0.0000   0.0000  0.0000e+00 -1.4614e-02 -4.6120e-02  0.0000e+00 -2.2258e-03  1.0368e-03
   93   0.9600   0.0000   0.0000  0.0000e+00 -1.4847e-02 -4.6173e-02  0.0000e+00  2.9941e-03 -2.9506e-04
   94   0.9650   0.0000   0.0000  0.0000e+00 -1.5081e-02 -4.6220e-02  0.0000e+00  6.1987e-03 -1.2832e-03
   95   0.9700   0.0000   0.0000  0.0000e+00 -1.5315e-02 -4.6260e-02  0.0000e+00  5.2127e-03 -1.1413e-03
   96   0.9750   0.0000   0.0000  0.0000e+00 -1.5549e-02 -4.6293e-02  0.0000e+00 -2.1484e-04  2.3310e-05
   97   0.9800   0.0000   0.0000  0.0000e+00 -1.5783e-02 -4.6320e-02  0.0000e+00 -6.4892e-03  1.2737e-03
   98   0.9850   0.0000   0.0000  0.0000e+00 -1.6017e-02 -4.6341e-02  0.0000e+00 -6.1249e-03  1.6794e-03
   99   0.9900   0.0000   0.0000  0.0000e+00 -1.6251e-02 -4.6357e-02  0.0000e+00  5.4237e-03  1.0981e-03
  100   0.9950   0.0000   0.0000  0.0000e+00 -1.6486e-02 -4.6366e-02  0.0000e+00  5.5849e-03  1.6182e-04
  101   1.0000   0.0000   0.0000  0.0000e+00 -1.6720e-02 -4.6369e-02  0.0000e+00 -1.4167e-03 -1.4164e-04
