  0.0010   -0.001291  0       1
  0.0020   -0.004936  0       2
  0.0030   -0.010903  0       3
  0.0040   -0.018011  0       4
  0.0050   -0.024775  0       5
  0.0060   -0.030246  0       6
  0.0070   -0.032888  0       7
  0.0080   -0.032179  0       8
  0.0090   -0.028125  0       9
  0.0100   -0.022045  0      10
  0.0110   -0.015388  0      11
  0.0120   -0.009229  0      12
  0.0130   -0.004741  0      13
  0.0140   -0.002804  0      14
  0.0150   -0.004358  0      15
  0.0160   -0.008661  0      16
  0.0170   -0.014680  0      17
  0.0180   -0.020910  0      18
  0.0190   -0.026379  0      19
  0.0200   -0.030084  0      20
  0.0210   -0.031099  0      21
  0.0220   -0.029149  0      22
  0.0230   -0.024464  0      23
  0.0240   -0.018692  0      24
  0.0250   -0.012879  0      25
  0.0260   -0.008169  0      26
  0.0270   -0.005176  0      27
  0.0280   -0.004867  0      28
  0.0290   -0.007396  0      29
  0.0300   -0.012061  0      30
  0.0310   -0.017732  0      31
  0.0320   -0.022942  0      32
  0.0330   -0.027086  0      33
  0.0340   -0.029216  0      34
  0.0350   -0.029009  0      35
  0.0360   -0.026077  0      36
  0.0370   -0.021313  0      37
  0.0380   -0.016008  0      38
  0.0390   -0.011257  0      39
  0.0400   -0.007851  0      40
  0.0410   -0.006250  0      41
  0.0420   -0.007172  0      42
  0.0430   -0.010263  0      43
  0.0440   -0.015040  0      44
  0.0450   -0.020014  0      45
  0.0460   -0.024227  0      46
  0.0470   -0.027015  0      47
  0.0480   -0.027941  0      48
  0.0490   -0.026704  0      49
  0.0500   -0.023232  0      50
  0.0510   -0.018691  0      51
  0.0520   -0.014011  0      52
  0.0530   -0.010388  0      53
  0.0540   -0.008130  0      54
  0.0550   -0.007782  0      55
  0.0560   -0.009450  0      56
  0.0570   -0.012933  0      57
  0.0580   -0.017445  0      58
  0.0590   -0.021627  0      59
  0.0600   -0.024816  0      60
  0.0610   -0.026403  0      61
  0.0620   -0.026402  0      62
  0.0630   -0.024341  0      63
  0.0640   -0.020789  0      64
  0.0650   -0.016556  0      65
  0.0660   -0.012710  0      66
  0.0670   -0.010099  0      67
  0.0680   -0.008921  0      68
  0.0690   -0.009492  0      69
  0.0700   -0.011637  0      70
  0.0710   -0.015286  0      71
  0.0720   -0.019250  0      72
  0.0730   -0.022665  0      73
  0.0740   -0.024798  0      74
  0.0750   -0.025482  0      75
  0.0760   -0.024646  0      76
  0.0770   -0.022173  0      77
  0.0780   -0.018729  0      78
  0.0790   -0.014942  0      79
  0.0800   -0.012009  0      80
  0.0810   -0.010277  0      81
  0.0820   -0.010067  0      82
  0.0830   -0.011194  0      83
  0.0840   -0.013711  0      84
  0.0850   -0.017179  0      85
  0.0860   -0.020551  0      86
  0.0870   -0.023156  0      87
  0.0880   -0.024365  0      88
  0.0890   -0.024328  0      89
  0.0900   -0.022841  0      90
  0.0910   -0.020311  0      91
  0.0920   -0.017015  0      92
  0.0930   -0.013885  0      93
  0.0940   -0.011754  0      94
  0.0950   -0.010867  0      95
  0.0960   -0.011340  0      96
  0.0970   -0.012866  0      97
  0.0980   -0.015544  0      98
  0.0990   -0.018604  0      99
  0.1000   -0.021416  0     100
  0.1010   -0.023169  0     101
  0.1020   -0.023681  0     102
  0.1030   -0.022986  0     103
  0.1040   -0.021203  0     104
  0.1050   -0.018703  0     105
  0.1060   -0.015711  0     106
  0.1070   -0.013303  0     107
  0.1080   -0.011863  0     108
  0.1090   -0.011737  0     109
  0.1100   -0.012616  0     110
  0.1110   -0.014472  0     111
  0.1120   -0.017011  0     112
  0.1130   -0.019655  0     113
  0.1140   -0.021850  0     114
  0.1150   -0.022860  0     115
  0.1160   -0.022792  0     116
  0.1170   -0.021620  0     117
  0.1180   -0.019788  0     118
  0.1190   -0.017334  0     119
  0.1200   -0.014868  0     120
  0.1210   -0.013054  0     121
  0.1220   -0.012303  0     122
  0.1230   -0.012701  0     123
  0.1240   -0.013896  0     124
  0.1250   -0.015886  0     125
  0.1260   -0.018121  0     126
  0.1270   -0.020383  0     127
  0.1280   -0.021896  0     128
  0.1290   -0.022350  0     129
  0.1300   -0.021754  0     130
  0.1310   -0.020386  0     131
  0.1320   -0.018537  0     132
  0.1330   -0.016296  0     133
  0.1340   -0.014386  0     134
  0.1350   -0.013095  0     135
  0.1360   -0.012960  0     136
  0.1370   -0.013680  0     137
  0.1380   -0.015142  0     138
  0.1390   -0.016996  0     139
  0.1400   -0.018976  0     140
  0.1410   -0.020761  0     141
  0.1420   -0.021684  0     142
  0.1430   -0.021672  0     143
  0.1440   -0.020704  0     144
  0.1450   -0.019304  0     145
  0.1460   -0.017461  0     146
  0.1470   -0.015631  0     147
  0.1480   -0.014143  0     148
  0.1490   -0.013414  0     149
  0.1500   -0.013689  0     150
  0.1510   -0.014682  0     151
  0.1520   -0.016225  0     152
  0.1530   -0.017848  0     153
  0.1540   -0.019589  0     154
  0.1550   -0.020823  0     155
  0.1560   -0.021313  0     156
  0.1570   -0.020875  0     157
  0.1580   -0.019757  0     158
  0.1590   -0.018323  0     159
  0.1600   -0.016663  0     160
  0.1610   -0.015231  0     161
  0.1620   -0.014128  0     162
  0.1630   -0.013909  0     163
  0.1640   -0.014441  0     164
  0.1650   -0.015659  0     165
  0.1660   -0.017064  0     166
  0.1670   -0.018535  0     167
  0.1680   -0.019904  0     168
  0.1690   -0.020691  0     169
  0.1700   -0.020807  0     170
  0.1710   -0.020064  0     171
  0.1720   -0.018918  0     172
  0.1730   -0.017478  0     173
  0.1740   -0.016157  0     174
  0.1750   -0.015003  0     175
  0.1760   -0.014342  0     176
  0.1770   -0.014462  0     177
  0.1780   -0.015227  0     178
  0.1790   -0.016487  0     179
  0.1800   -0.017731  0     180
  0.1810   -0.019029  0     181
  0.1820   -0.019962  0     182
  0.1830   -0.020446  0     183
  0.1840   -0.020193  0     184
  0.1850   -0.019331  0     185
  0.1860   -0.018144  0     186
  0.1870   -0.016866  0     187
  0.1880   -0.015837  0     188
  0.1890   -0.014957  0     189
  0.1900   -0.014706  0     190
  0.1910   -0.015035  0     191
  0.1920   -0.015995  0     192
  0.1930   -0.017128  0     193
  0.1940   -0.018286  0     194
  0.1950   -0.019273  0     195
  0.1960   -0.019883  0     196
  0.1970   -0.020086  0     197
  0.1980   -0.019567  0     198
  0.1990   -0.018668  0     199
  0.2000   -0.017484  0     200
  0.2010   -0.016481  0     201
  0.2020   -0.015634  0     202
  0.2030   -0.015108  0     203
  0.2040   -0.015113  0     204
  0.2050   -0.015642  0     205
  0.2060   -0.016641  0     206
  0.2070   -0.017659  0     207
  0.2080   -0.018673  0     208
  0.2090   -0.019321  0     209
  0.2100   -0.019726  0     210
  0.2110   -0.019622  0     211
  0.2120   -0.019006  0     212
  0.2130   -0.018045  0     213
  0.2140   -0.017015  0     214
  0.2150   -0.016225  0     215
  0.2160   -0.015576  0     216
  0.2170   -0.015383  0     217
  0.2180   -0.015536  0     218
  0.2190   -0.016236  0     219
  0.2200   -0.017152  0     220
  0.2210   -0.018105  0     221
  0.2220   -0.018850  0     222
  0.2230   -0.019283  0     223
  0.2240   -0.019466  0     224
  0.2250   -0.019147  0     225
  0.2260   -0.018488  0     226
  0.2270   -0.017521  0     227
  0.2280   -0.016716  0     228
  0.2290   -0.016050  0     229
  0.2300   -0.015691  0     230
  0.2310   -0.015677  0     231
  0.2320   -0.015996  0     232
  0.2330   -0.016738  0     233
  0.2340   -0.017583  0     234
  0.2350   -0.018410  0     235
  0.2360   -0.018883  0     236
  0.2370   -0.019185  0     237
  0.2380   -0.019116  0     238
  0.2390   -0.018718  0     239
  0.2400   -0.017999  0     240
  0.2410   -0.017153  0     241
  0.2420   -0.016498  0     242
  0.2430   -0.016007  0     243
  0.2440   -0.015900  0     244
  0.2450   -0.015979  0     245
  0.2460   -0.016457  0     246
  0.2470   -0.017141  0     247
  0.2480   -0.017944  0     248
  0.2490   -0.018547  0     249
  0.2500   -0.018865  0     250
  0.2510   -0.018991  0     251
  0.2520   -0.018761  0     252
  0.2530   -0.018318  0     253
  0.2540   -0.017588  0     254
  0.2550   -0.016911  0     255
  0.2560   -0.016344  0     256
  0.2570   -0.016110  0     257
  0.2580   -0.016111  0     258
  0.2590   -0.016321  0     259
  0.2600   -0.016850  0     260
  0.2610   -0.017486  0     261
  0.2620   -0.018187  0     262
  0.2630   -0.018579  0     263
  0.2640   -0.018798  0     264
  0.2650   -0.018720  0     265
  0.2660   -0.018442  0     266
  0.2670   -0.017942  0     267
  0.2680   -0.017293  0     268
  0.2690   -0.016725  0     269
  0.2700   -0.016313  0     270
  0.2710   -0.016269  0     271
  0.2720   -0.016332  0     272
  0.2730   -0.016674  0     273
  0.2740   -0.017161  0     274
  0.2750   -0.017782  0     275
  0.2760   -0.018293  0     276
  0.2770   -0.018581  0     277
  0.2780   -0.018646  0     278
  0.2790   -0.018445  0     279
  0.2800   -0.018148  0     280
  0.2810   -0.017621  0     281
  0.2820   -0.017088  0     282
  0.2830   -0.016597  0     283
  0.2840   -0.016397  0     284
  0.2850   -0.016419  0     285
  0.2860   -0.016597  0     286
  0.2870   -0.016974  0     287
  0.2880   -0.017427  0     288
  0.2890   -0.017982  0     289
  0.2900   -0.018328  0     290
  0.2910   -0.018536  0     291
  0.2920   -0.018431  0     292
  0.2930   -0.018207  0     293
  0.2940   -0.017862  0     294
  0.2950   -0.017387  0     295
  0.2960   -0.016927  0     296
  0.2970   -0.016572  0     297
  0.2980   -0.016516  0     298
  0.2990   -0.016582  0     299
  0.3000   -0.016875  0     300
  0.3010   -0.017206  0     301
  0.3020   -0.017661  0     302
  0.3030   -0.018074  0     303
  0.3040   -0.018345  0     304
  0.3050   -0.018409  0     305
  0.3060   -0.018221  0     306
  0.3070   -0.017989  0     307
  0.3080   -0.017610  0     308
  0.3090   -0.017224  0     309
  0.3100   -0.016819  0     310
  0.3110   -0.016630  0     311
  0.3120   -0.016627  0     312
  0.3130   -0.016792  0     313
  0.3140   -0.017102  0     314
  0.3150   -0.017412  0     315
  0.3160   -0.017817  0     316
  0.3170   -0.018116  0     317
  0.3180   -0.018319  0     318
  0.3190   -0.018229  0     319
  0.3200   -0.018051  0     320
  0.3210   -0.017764  0     321
  0.3220   -0.017428  0     322
  0.3230   -0.017096  0     323
  0.3240   -0.016792  0     324
  0.3250   -0.016712  0     325
  0.3260   -0.016755  0     326
  0.3270   -0.017015  0     327
  0.3280   -0.017271  0     328
  0.3290   -0.017596  0     329
  0.3300   -0.017893  0     330
  0.3310   -0.018142  0     331
  0.3320   -0.018219  0     332
  0.3330   -0.018070  0     333
  0.3340   -0.017882  0     334
  0.3350   -0.017567  0     335
  0.3360   -0.017304  0     336
  0.3370   -0.017007  0     337
  0.3380   -0.016832  0     338
  0.3390   -0.016786  0     339
  0.3400   -0.016929  0     340
  0.3410   -0.017188  0     341
  0.3420   -0.017425  0     342
  0.3430   -0.017722  0     343
  0.3440   -0.017934  0     344
  0.3450   -0.018127  0     345
  0.3460   -0.018080  0     346
  0.3470   -0.017948  0     347
  0.3480   -0.017692  0     348
  0.3490   -0.017436  0     349
  0.3500   -0.017203  0     350
  0.3510   -0.016977  0     351
  0.3520   -0.016888  0     352
  0.3530   -0.016881  0     353
  0.3540   -0.017109  0     354
  0.3550   -0.017315  0     355
  0.3560   -0.017569  0     356
  0.3570   -0.017782  0     357
  0.3580   -0.017963  0     358
  0.3590   -0.018048  0     359
  0.3600   -0.017967  0     360
  0.3610   -0.017811  0     361
  0.3620   -0.017533  0     362
  0.3630   -0.017349  0     363
  0.3640   -0.017128  0     364
  0.3650   -0.017003  0     365
  0.3660   -0.016936  0     366
  0.3670   -0.017024  0     367
  0.3680   -0.017239  0     368
  0.3690   -0.017436  0     369
  0.3700   -0.017671  0     370
  0.3710   -0.017809  0     371
  0.3720   -0.017960  0     372
  0.3730   -0.017944  0     373
  0.3740   -0.017876  0     374
  0.3750   -0.017655  0     375
  0.3760   -0.017435  0     376
  0.3770   -0.017270  0     377
  0.3780   -0.017106  0     378
  0.3790   -0.017037  0     379
  0.3800   -0.017008  0     380
  0.3810   -0.017169  0     381
  0.3820   -0.017329  0     382
  0.3830   -0.017561  0     383
  0.3840   -0.017712  0     384
  0.3850   -0.017833  0     385
  0.3860   -0.017904  0     386
  0.3870   -0.017866  0     387
  0.3880   -0.017763  0     388
  0.3890   -0.017528  0     389
  0.3900   -0.017373  0     390
  0.3910   -0.017203  0     391
  0.3920   -0.017130  0     392
  0.3930   -0.017064  0     393
  0.3940   -0.017120  0     394
  0.3950   -0.017266  0     395
  0.3960   -0.017427  0     396
  0.3970   -0.017646  0     397
  0.3980   -0.017727  0     398
  0.3990   -0.017835  0     399
  0.4000   -0.017828  0     400
  0.4010   -0.017803  0     401
  0.4020   -0.017632  0     402
  0.4030   -0.017457  0     403
  0.4040   -0.017308  0     404
  0.4050   -0.017185  0     405
  0.4060   -0.017155  0     406
  0.4070   -0.017118  0     407
  0.4080   -0.017227  0     408
  0.4090   -0.017333  0     409
  0.4100   -0.017540  0     410
  0.4110   -0.017665  0     411
  0.4120   -0.017752  0     412
  0.4130   -0.017792  0     413
  0.4140   -0.017771  0     414
  0.4150   -0.017717  0     415
  0.4160   -0.017528  0     416
  0.4170   -0.017411  0     417
  0.4180   -0.017250  0     418
  0.4190   -0.017206  0     419
  0.4200   -0.017173  0     420
  0.4210   -0.017205  0     421
  0.4220   -0.017293  0     422
  0.4230   -0.017419  0     423
  0.4240   -0.017609  0     424
  0.4250   -0.017670  0     425
  0.4260   -0.017762  0     426
  0.4270   -0.017730  0     427
  0.4280   -0.017729  0     428
  0.4290   -0.017610  0     429
  0.4300   -0.017480  0     430
  0.4310   -0.017348  0     431
  0.4320   -0.017238  0     432
  0.4330   -0.017228  0     433
  0.4340   -0.017209  0     434
  0.4350   -0.017287  0     435
  0.4360   -0.017340  0     436
  0.4370   -0.017516  0     437
  0.4380   -0.017618  0     438
  0.4390   -0.017696  0     439
  0.4400   -0.017726  0     440
  0.4410   -0.017690  0     441
  0.4420   -0.017663  0     442
  0.4430   -0.017530  0     443
  0.4440   -0.017448  0     444
  0.4450   -0.017290  0     445
  0.4460   -0.017264  0     446
  0.4470   -0.017240  0     447
  0.4480   -0.017274  0     448
  0.4490   -0.017334  0     449
  0.4500   -0.017413  0     450
  0.4510   -0.017568  0     451
  0.4520   -0.017623  0     452
  0.4530   -0.017712  0     453
  0.4540   -0.017667  0     454
  0.4550   -0.017668  0     455
  0.4560   -0.017573  0     456
  0.4570   -0.017501  0     457
  0.4580   -0.017390  0     458
  0.4590   -0.017279  0     459
  0.4600   -0.017285  0     460
  0.4610   -0.017263  0     461
  0.4620   -0.017339  0     462
  0.4630   -0.017367  0     463
  0.4640   -0.017494  0     464
  0.4650   -0.017569  0     465
  0.4660   -0.017653  0     466
  0.4670   -0.017680  0     467
  0.4680   -0.017634  0     468
  0.4690   -0.017618  0     469
  0.4700   -0.017516  0     470
  0.4710   -0.017474  0     471
  0.4720   -0.017335  0     472
  0.4730   -0.017309  0     473
  0.4740   -0.017282  0     474
  0.4750   -0.017322  0     475
  0.4760   -0.017371  0     476
  0.4770   -0.017424  0     477
  0.4780   -0.017534  0     478
  0.4790   -0.017574  0     479
  0.4800   -0.017673  0     480
  0.4810   -0.017627  0     481
  0.4820   -0.017623  0     482
  0.4830   -0.017544  0     483
  0.4840   -0.017504  0     484
  0.4850   -0.017417  0     485
  0.4860   -0.017332  0     486
  0.4870   -0.017324  0     487
  0.4880   -0.017295  0     488
  0.4890   -0.017380  0     489
  0.4900   -0.017391  0     490
  0.4910   -0.017489  0     491
  0.4920   -0.017531  0     492
  0.4930   -0.017609  0     493
  0.4940   -0.017641  0     494
  0.4950   -0.017606  0     495
  0.4960   -0.017583  0     496
  0.4970   -0.017501  0     497
  0.4980   -0.017485  0     498
  0.4990   -0.017369  0     499
  0.5000   -0.017362  0     500
  0.5010   -0.017310  0     501
  0.5020   -0.017350  0     502
  0.5030   -0.017398  0     503
  0.5040   -0.017440  0     504
  0.5050   -0.017515  0     505
  0.5060   -0.017537  0     506
  0.5070   -0.017632  0     507
  0.5080   -0.017591  0     508
  0.5090   -0.017604  0     509
  0.5100   -0.017521  0     510
  0.5110   -0.017496  0     511
  0.5120   -0.017433  0     512
  0.5130   -0.017376  0     513
  0.5140   -0.017361  0     514
  0.5150   -0.017324  0     515
  0.5160   -0.017398  0     516
  0.5170   -0.017408  0     517
  0.5180   -0.017497  0     518
  0.5190   -0.017502  0     519
  0.5200   -0.017578  0     520
  0.5210   -0.017600  0     521
  0.5220   -0.017581  0     522
  0.5230   -0.017570  0     523
  0.5240   -0.017488  0     524
  0.5250   -0.017481  0     525
  0.5260   -0.017395  0     526
  0.5270   -0.017404  0     527
  0.5280   -0.017337  0     528
  0.5290   -0.017377  0     529
  0.5300   -0.017407  0     530
  0.5310   -0.017451  0     531
  0.5320   -0.017511  0     532
  0.5330   -0.017513  0     533
  0.5340   -0.017594  0     534
  0.5350   -0.017559  0     535
  0.5360   -0.017589  0     536
  0.5370   -0.017510  0     537
  0.5380   -0.017492  0     538
  0.5390   -0.017433  0     539
  0.5400   -0.017409  0     540
  0.5410   -0.017393  0     541
  0.5420   -0.017351  0     542
  0.5430   -0.017413  0     543
  0.5440   -0.017414  0     544
  0.5450   -0.017499  0     545
  0.5460   -0.017493  0     546
  0.5470   -0.017557  0     547
  0.5480   -0.017556  0     548
  0.5490   -0.017564  0     549
  0.5500   -0.017558  0     550
  0.5510   -0.017482  0     551
  0.5520   -0.017482  0     552
  0.5530   -0.017404  0     553
  0.5540   -0.017432  0     554
  0.5550   -0.017367  0     555
  0.5560   -0.017401  0     556
  0.5570   -0.017409  0     557
  0.5580   -0.017457  0     558
  0.5590   -0.017503  0     559
  0.5600   -0.017507  0     560
  0.5610   -0.017566  0     561
  0.5620   -0.017525  0     562
  0.5630   -0.017577  0     563
  0.5640   -0.017502  0     564
  0.5650   -0.017494  0     565
  0.5660   -0.017435  0     566
  0.5670   -0.017427  0     567
  0.5680   -0.017412  0     568
  0.5690   -0.017384  0     569
  0.5700   -0.017427  0     570
  0.5710   -0.017413  0     571
  0.5720   -0.017499  0     572
  0.5730   -0.017487  0     573
  0.5740   -0.017545  0     574
  0.5750   -0.017527  0     575
  0.5760   -0.017543  0     576
  0.5770   -0.017542  0     577
  0.5780   -0.017487  0     578
  0.5790   -0.017483  0     579
  0.5800   -0.017411  0     580
  0.5810   -0.017448  0     581
  0.5820   -0.017385  0     582
  0.5830   -0.017431  0     583
  0.5840   -0.017413  0     584
  0.5850   -0.017457  0     585
  0.5860   -0.017494  0     586
  0.5870   -0.017507  0     587
  0.5880   -0.017544  0     588
  0.5890   -0.017506  0     589
  0.5900   -0.017560  0     590
  0.5910   -0.017488  0     591
  0.5920   -0.017507  0     592
  0.5930   -0.017436  0     593
  0.5940   -0.017438  0     594
  0.5950   -0.017424  0     595
  0.5960   -0.017408  0     596
  0.5970   -0.017444  0     597
  0.5980   -0.017417  0     598
  0.5990   -0.017493  0     599
  0.6000   -0.017478  0     600
  0.6010   -0.017541  0     601
  0.6020   -0.017505  0     602
  0.6030   -0.017532  0     603
  0.6040   -0.017522  0     604
  0.6050   -0.017486  0     605
  0.6060   -0.017491  0     606
  0.6070   -0.017420  0     607
  0.6080   -0.017456  0     608
  0.6090   -0.017397  0     609
  0.6100   -0.017457  0     610
  0.6110   -0.017415  0     611
  0.6120   -0.017464  0     612
  0.6130   -0.017482  0     613
  0.6140   -0.017499  0     614
  0.6150   -0.017535  0     615
  0.6160   -0.017494  0     616
  0.6170   -0.017543  0     617
  0.6180   -0.017477  0     618
  0.6190   -0.017512  0     619
  0.6200   -0.017442  0     620
  0.6210   -0.017451  0     621
  0.6220   -0.017426  0     622
  0.6230   -0.017425  0     623
  0.6240   -0.017458  0     624
  0.6250   -0.017421  0     625
  0.6260   -0.017494  0     626
  0.6270   -0.017466  0     627
  0.6280   -0.017533  0     628
  0.6290   -0.017497  0     629
  0.6300   -0.017525  0     630
  0.6310   -0.017501  0     631
  0.6320   -0.017487  0     632
  0.6330   -0.017494  0     633
  0.6340   -0.017430  0     634
  0.6350   -0.017465  0     635
  0.6360   -0.017402  0     636
  0.6370   -0.017471  0     637
  0.6380   -0.017423  0     638
  0.6390   -0.017473  0     639
  0.6400   -0.017471  0     640
  0.6410   -0.017493  0     641
  0.6420   -0.017523  0     642
  0.6430   -0.017491  0     643
  0.6440   -0.017533  0     644
  0.6450   -0.017463  0     645
  0.6460   -0.017513  0     646
  0.6470   -0.017447  0     647
  0.6480   -0.017463  0     648
  0.6490   -0.017430  0     649
  0.6500   -0.017439  0     650
  0.6510   -0.017459  0     651
  0.6520   -0.017434  0     652
  0.6530   -0.017496  0     653
  0.6540   -0.017452  0     654
  0.6550   -0.017529  0     655
  0.6560   -0.017484  0     656
  0.6570   -0.017524  0     657
  0.6580   -0.017489  0     658
  0.6590   -0.017483  0     659
  0.6600   -0.017491  0     660
  0.6610   -0.017442  0     661
  0.6620   -0.017472  0     662
  0.6630   -0.017410  0     663
  0.6640   -0.017477  0     664
  0.6650   -0.017426  0     665
  0.6660   -0.017485  0     666
  0.6670   -0.017465  0     667
  0.6680   -0.017486  0     668
  0.6690   -0.017511  0     669
  0.6700   -0.017489  0     670
  0.6710   -0.017524  0     671
  0.6720   -0.017459  0     672
  0.6730   -0.017511  0     673
  0.6740   -0.017444  0     674
  0.6750   -0.017478  0     675
  0.6760   -0.017434  0     676
  0.6770   -0.017448  0     677
  0.6780   -0.017458  0     678
  0.6790   -0.017445  0     679
  0.6800   -0.017496  0     680
  0.6810   -0.017450  0     681
  0.6820   -0.017520  0     682
  0.6830   -0.017473  0     683
  0.6840   -0.017525  0     684
  0.6850   -0.017478  0     685
  0.6860   -0.017486  0     686
  0.6870   -0.017485  0     687
  0.6880   -0.017447  0     688
  0.6890   -0.017481  0     689
  0.6900   -0.017421  0     690
  0.6910   -0.017478  0     691
  0.6920   -0.017427  0     692
  0.6930   -0.017494  0     693
  0.6940   -0.017458  0     694
  0.6950   -0.017490  0     695
  0.6960   -0.017495  0     696
  0.6970   -0.017486  0     697
  0.6980   -0.017518  0     698
  0.6990   -0.017459  0     699
  0.7000   -0.017509  0     700
  0.7010   -0.017440  0     701
  0.7020   -0.017487  0     702
  0.7030   -0.017439  0     703
  0.7040   -0.017460  0     704
  0.7050   -0.017454  0     705
  0.7060   -0.017452  0     706
  0.7070   -0.017496  0     707
  0.7080   -0.017450  0     708
  0.7090   -0.017515  0     709
  0.7100   -0.017464  0     710
  0.7110   -0.017520  0     711
  0.7120   -0.017473  0     712
  0.7130   -0.017492  0     713
  0.7140   -0.017474  0     714
  0.7150   -0.017454  0     715
  0.7160   -0.017485  0     716
  0.7170   -0.017428  0     717
  0.7180   -0.017484  0     718
  0.7190   -0.017427  0     719
  0.7200   -0.017497  0     720
  0.7210   -0.017456  0     721
  0.7220   -0.017494  0     722
  0.7230   -0.017483  0     723
  0.7240   -0.017485  0     724
  0.7250   -0.017507  0     725
  0.7260   -0.017464  0     726
  0.7270   -0.017507  0     727
  0.7280   -0.017438  0     728
  0.7290   -0.017491  0     729
  0.7300   -0.017443  0     730
  0.7310   -0.017468  0     731
  0.7320   -0.017454  0     732
  0.7330   -0.017458  0     733
  0.7340   -0.017487  0     734
  0.7350   -0.017457  0     735
  0.7360   -0.017511  0     736
  0.7370   -0.017458  0     737
  0.7380   -0.017515  0     738
  0.7390   -0.017466  0     739
  0.7400   -0.017499  0     740
  0.7410   -0.017467  0     741
  0.7420   -0.017463  0     742
  0.7430   -0.017478  0     743
  0.7440   -0.017441  0     744
  0.7450   -0.017486  0     745
  0.7460   -0.017430  0     746
  0.7470   -0.017499  0     747
  0.7480   -0.017449  0     748
  0.7490   -0.017500  0     749
  0.7500   -0.017476  0     750
  0.7510   -0.017483  0     751
  0.7520   -0.017496  0     752
  0.7530   -0.017469  0     753
  0.7540   -0.017501  0     754
  0.7550   -0.017442  0     755
  0.7560   -0.017494  0     756
  0.7570   -0.017440  0     757
  0.7580   -0.017480  0     758
  0.7590   -0.017453  0     759
  0.7600   -0.017464  0     760
  0.7610   -0.017480  0     761
  0.7620   -0.017460  0     762
  0.7630   -0.017508  0     763
  0.7640   -0.017456  0     764
  0.7650   -0.017511  0     765
  0.7660   -0.017459  0     766
  0.7670   -0.017504  0     767
  0.7680   -0.017461  0     768
  0.7690   -0.017472  0     769
  0.7700   -0.017473  0     770
  0.7710   -0.017447  0     771
  0.7720   -0.017488  0     772
  0.7730   -0.017438  0     773
  0.7740   -0.017496  0     774
  0.7750   -0.017445  0     775
  0.7760   -0.017504  0     776
  0.7770   -0.017468  0     777
  0.7780   -0.017488  0     778
  0.7790   -0.017487  0     779
  0.7800   -0.017470  0     780
  0.7810   -0.017498  0     781
  0.7820   -0.017448  0     782
  0.7830   -0.017494  0     783
  0.7840   -0.017439  0     784
  0.7850   -0.017487  0     785
  0.7860   -0.017451  0     786
  0.7870   -0.017475  0     787
  0.7880   -0.017471  0     788
  0.7890   -0.017464  0     789
  0.7900   -0.017504  0     790
  0.7910   -0.017455  0     791
  0.7920   -0.017510  0     792
  0.7930   -0.017454  0     793
  0.7940   -0.017503  0     794
  0.7950   -0.017459  0     795
  0.7960   -0.017481  0     796
  0.7970   -0.017466  0     797
  0.7980   -0.017454  0     798
  0.7990   -0.017486  0     799
  0.8000   -0.017443  0     800
