Time,   0.8000
     1,  EL1,      MATEL, BAX21E,   0,     0.5011,    0.0000,  0.000000e+00, -2.410808e-01, -1.010368e-03,  0.000000e+00, -2.009007e+00, -4.041472e+00,
     1,  EL1,      MATEL, BAX21E,   1,     0.5039,    0.0000,  0.000000e+00, -2.382767e-01, -1.004533e-03,  0.000000e+00, -1.985640e+00, -4.018131e+00,
     2,  EL1,      MATEL, BAX21E,   0,     0.5061,    0.0000,  0.000000e+00, -2.362241e-01, -1.000268e-03,  0.000000e+00, -1.968534e+00, -4.001073e+00,
     2,  EL1,      MATEL, BAX21E,   1,     0.5089,    0.0000,  0.000000e+00, -2.334249e-01, -9.944534e-04,  0.000000e+00, -1.945208e+00, -3.977813e+00,
     3,  EL1,      MATEL, BAX21E,   0,     0.5111,    0.0000,  0.000000e+00, -2.313816e-01, -9.902040e-04,  0.000000e+00, -1.928180e+00, -3.960816e+00,
     3,  EL1,      MATEL, BAX21E,   1,     0.5139,    0.0000,  0.000000e+00, -2.286070e-01, -9.844111e-04,  0.000000e+00, -1.905059e+00, -3.937644e+00,
     4,  EL1,      MATEL, BAX21E,   0,     0.5161,    0.0000,  0.000000e+00, -2.265861e-01, -9.801789e-04,  0.000000e+00, -1.888218e+00, -3.920716e+00,
     4,  EL1,      MATEL, BAX21E,   1,     0.5189,    0.0000,  0.000000e+00, -2.238356e-01, -9.744117e-04,  0.000000e+00, -1.865297e+00, -3.897647e+00,
     5,  EL1,      MATEL, BAX21E,   0,     0.5211,    0.0000,  0.000000e+00, -2.218310e-01, -9.702003e-04,  0.000000e+00, -1.848592e+00, -3.880801e+00,
     5,  EL1,      MATEL, BAX21E,   1,     0.5239,    0.0000,  0.000000e+00, -2.191090e-01, -9.644645e-04,  0.000000e+00, -1.825908e+00, -3.857858e+00,
     6,  EL1,      MATEL, BAX21E,   0,     0.5261,    0.0000,  0.000000e+00, -2.171269e-01, -9.602785e-04,  0.000000e+00, -1.809391e+00, -3.841114e+00,
     6,  EL1,      MATEL, BAX21E,   1,     0.5289,    0.0000,  0.000000e+00, -2.144358e-01, -9.545816e-04,  0.000000e+00, -1.786965e+00, -3.818326e+00,
     7,  EL1,      MATEL, BAX21E,   0,     0.5311,    0.0000,  0.000000e+00, -2.124808e-01, -9.504270e-04,  0.000000e+00, -1.770674e+00, -3.801708e+00,
     7,  EL1,      MATEL, BAX21E,   1,     0.5339,    0.0000,  0.000000e+00, -2.098361e-01, -9.447776e-04,  0.000000e+00, -1.748634e+00, -3.779110e+00,
     8,  EL1,      MATEL, BAX21E,   0,     0.5361,    0.0000,  0.000000e+00, -2.079169e-01, -9.406612e-04,  0.000000e+00, -1.732641e+00, -3.762645e+00,
     8,  EL1,      MATEL, BAX21E,   1,     0.5389,    0.0000,  0.000000e+00, -2.053235e-01, -9.350687e-04,  0.000000e+00, -1.711029e+00, -3.740275e+00,
     9,  EL1,      MATEL, BAX21E,   0,     0.5411,    0.0000,  0.000000e+00, -2.034512e-01, -9.309978e-04,  0.000000e+00, -1.695427e+00, -3.723991e+00,
     9,  EL1,      MATEL, BAX21E,   1,     0.5439,    0.0000,  0.000000e+00, -2.009519e-01, -9.254727e-04,  0.000000e+00, -1.674599e+00, -3.701891e+00,
    10,  EL1,      MATEL, BAX21E,   0,     0.5461,    0.0000,  0.000000e+00, -1.991675e-01, -9.214549e-04,  0.000000e+00, -1.659729e+00, -3.685820e+00,
    10,  EL1,      MATEL, BAX21E,   1,     0.5489,    0.0000,  0.000000e+00, -1.967817e-01, -9.160078e-04,  0.000000e+00, -1.639848e+00, -3.664031e+00,
    11,  EL1,      MATEL, BAX21E,   0,     0.5511,    0.0000,  0.000000e+00, -1.950670e-01, -9.120509e-04,  0.000000e+00, -1.625558e+00, -3.648204e+00,
    11,  EL1,      MATEL, BAX21E,   1,     0.5539,    0.0000,  0.000000e+00, -1.927573e-01, -9.066919e-04,  0.000000e+00, -1.606311e+00, -3.626767e+00,
    12,  EL1,      MATEL, BAX21E,   0,     0.5561,    0.0000,  0.000000e+00, -1.910908e-01, -9.028029e-04,  0.000000e+00, -1.592424e+00, -3.611212e+00,
    12,  EL1,      MATEL, BAX21E,   1,     0.5589,    0.0000,  0.000000e+00, -1.888492e-01, -8.975410e-04,  0.000000e+00, -1.573744e+00, -3.590164e+00,
    13,  EL1,      MATEL, BAX21E,   0,     0.5611,    0.0000,  0.000000e+00, -1.872336e-01, -8.937262e-04,  0.000000e+00, -1.560280e+00, -3.574905e+00,
    13,  EL1,      MATEL, BAX21E,   1,     0.5639,    0.0000,  0.000000e+00, -1.850624e-01, -8.885693e-04,  0.000000e+00, -1.542186e+00, -3.554277e+00,
    14,  EL1,      MATEL, BAX21E,   0,     0.5661,    0.0000,  0.000000e+00, -1.834999e-01, -8.848339e-04,  0.000000e+00, -1.529166e+00, -3.539336e+00,
    14,  EL1,      MATEL, BAX21E,   1,     0.5689,    0.0000,  0.000000e+00, -1.814057e-01, -8.797884e-04,  0.000000e+00, -1.511714e+00, -3.519154e+00,
    15,  EL1,      MATEL, BAX21E,   0,     0.5711,    0.0000,  0.000000e+00, -1.799022e-01, -8.761367e-04,  0.000000e+00, -1.499185e+00, -3.504547e+00,
    15,  EL1,      MATEL, BAX21E,   1,     0.5739,    0.0000,  0.000000e+00, -1.778845e-01, -8.712075e-04,  0.000000e+00, -1.482371e+00, -3.484830e+00,
    16,  EL1,      MATEL, BAX21E,   0,     0.5761,    0.0000,  0.000000e+00, -1.764323e-01, -8.676423e-04,  0.000000e+00, -1.470269e+00, -3.470569e+00,
    16,  EL1,      MATEL, BAX21E,   1,     0.5789,    0.0000,  0.000000e+00, -1.744782e-01, -8.628322e-04,  0.000000e+00, -1.453985e+00, -3.451329e+00,
    17,  EL1,      MATEL, BAX21E,   0,     0.5811,    0.0000,  0.000000e+00, -1.730693e-01, -8.593549e-04,  0.000000e+00, -1.442244e+00, -3.437420e+00,
    17,  EL1,      MATEL, BAX21E,   1,     0.5839,    0.0000,  0.000000e+00, -1.711651e-01, -8.546649e-04,  0.000000e+00, -1.426376e+00, -3.418659e+00,
    18,  EL1,      MATEL, BAX21E,   0,     0.5861,    0.0000,  0.000000e+00, -1.697822e-01, -8.512753e-04,  0.000000e+00, -1.414851e+00, -3.405101e+00,
    18,  EL1,      MATEL, BAX21E,   1,     0.5889,    0.0000,  0.000000e+00, -1.678881e-01, -8.467039e-04,  0.000000e+00, -1.399068e+00, -3.386816e+00,
    19,  EL1,      MATEL, BAX21E,   0,     0.5911,    0.0000,  0.000000e+00, -1.664934e-01, -8.434002e-04,  0.000000e+00, -1.387445e+00, -3.373601e+00,
    19,  EL1,      MATEL, BAX21E,   1,     0.5939,    0.0000,  0.000000e+00, -1.645721e-01, -8.389438e-04,  0.000000e+00, -1.371434e+00, -3.355775e+00,
    20,  EL1,      MATEL, BAX21E,   0,     0.5961,    0.0000,  0.000000e+00, -1.631562e-01, -8.357225e-04,  0.000000e+00, -1.359635e+00, -3.342890e+00,
    20,  EL1,      MATEL, BAX21E,   1,     0.5989,    0.0000,  0.000000e+00, -1.612217e-01, -8.313757e-04,  0.000000e+00, -1.343514e+00, -3.325503e+00,
    21,  EL1,      MATEL, BAX21E,   0,     0.6011,    0.0000,  0.000000e+00, -1.598083e-01, -8.282323e-04,  0.000000e+00, -1.331735e+00, -3.312929e+00,
    21,  EL1,      MATEL, BAX21E,   1,     0.6039,    0.0000,  0.000000e+00, -1.578834e-01, -8.239884e-04,  0.000000e+00, -1.315695e+00, -3.295953e+00,
    22,  EL1,      MATEL, BAX21E,   0,     0.6061,    0.0000,  0.000000e+00, -1.564766e-01, -8.209175e-04,  0.000000e+00, -1.303972e+00, -3.283670e+00,
    22,  EL1,      MATEL, BAX21E,   1,     0.6089,    0.0000,  0.000000e+00, -1.545515e-01, -8.167687e-04,  0.000000e+00, -1.287929e+00, -3.267075e+00,
    23,  EL1,      MATEL, BAX21E,   0,     0.6111,    0.0000,  0.000000e+00, -1.531386e-01, -8.137645e-04,  0.000000e+00, -1.276155e+00, -3.255058e+00,
    23,  EL1,      MATEL, BAX21E,   1,     0.6139,    0.0000,  0.000000e+00, -1.512042e-01, -8.097021e-04,  0.000000e+00, -1.260035e+00, -3.238809e+00,
    24,  EL1,      MATEL, BAX21E,   0,     0.6161,    0.0000,  0.000000e+00, -1.497861e-01, -8.067579e-04,  0.000000e+00, -1.248218e+00, -3.227031e+00,
    24,  EL1,      MATEL, BAX21E,   1,     0.6189,    0.0000,  0.000000e+00, -1.478481e-01, -8.027729e-04,  0.000000e+00, -1.232068e+00, -3.211092e+00,
    25,  EL1,      MATEL, BAX21E,   0,     0.6211,    0.0000,  0.000000e+00, -1.464283e-01, -7.998819e-04,  0.000000e+00, -1.220236e+00, -3.199528e+00,
    25,  EL1,      MATEL, BAX21E,   1,     0.6239,    0.0000,  0.000000e+00, -1.444869e-01, -7.959653e-04,  0.000000e+00, -1.204057e+00, -3.183861e+00,
    26,  EL1,      MATEL, BAX21E,   0,     0.6261,    0.0000,  0.000000e+00, -1.430644e-01, -7.931212e-04,  0.000000e+00, -1.192204e+00, -3.172485e+00,
    26,  EL1,      MATEL, BAX21E,   1,     0.6289,    0.0000,  0.000000e+00, -1.411289e-01, -7.892645e-04,  0.000000e+00, -1.176074e+00, -3.157058e+00,
    27,  EL1,      MATEL, BAX21E,   0,     0.6311,    0.0000,  0.000000e+00, -1.397211e-01, -7.864612e-04,  0.000000e+00, -1.164343e+00, -3.145845e+00,
    27,  EL1,      MATEL, BAX21E,   1,     0.6339,    0.0000,  0.000000e+00, -1.378272e-01, -7.826568e-04,  0.000000e+00, -1.148560e+00, -3.130627e+00,
    28,  EL1,      MATEL, BAX21E,   0,     0.6361,    0.0000,  0.000000e+00, -1.364652e-01, -7.798895e-04,  0.000000e+00, -1.137210e+00, -3.119558e+00,
    28,  EL1,      MATEL, BAX21E,   1,     0.6389,    0.0000,  0.000000e+00, -1.346446e-01, -7.761316e-04,  0.000000e+00, -1.122038e+00, -3.104526e+00,
    29,  EL1,      MATEL, BAX21E,   0,     0.6411,    0.0000,  0.000000e+00, -1.333403e-01, -7.733965e-04,  0.000000e+00, -1.111169e+00, -3.093586e+00,
    29,  EL1,      MATEL, BAX21E,   1,     0.6439,    0.0000,  0.000000e+00, -1.315918e-01, -7.696809e-04,  0.000000e+00, -1.096598e+00, -3.078724e+00,
    30,  EL1,      MATEL, BAX21E,   0,     0.6461,    0.0000,  0.000000e+00, -1.303342e-01, -7.669755e-04,  0.000000e+00, -1.086118e+00, -3.067902e+00,
    30,  EL1,      MATEL, BAX21E,   1,     0.6489,    0.0000,  0.000000e+00, -1.286434e-01, -7.632995e-04,  0.000000e+00, -1.072029e+00, -3.053198e+00,
    31,  EL1,      MATEL, BAX21E,   0,     0.6511,    0.0000,  0.000000e+00, -1.274259e-01, -7.606225e-04,  0.000000e+00, -1.061882e+00, -3.042490e+00,
    31,  EL1,      MATEL, BAX21E,   1,     0.6539,    0.0000,  0.000000e+00, -1.257945e-01, -7.569852e-04,  0.000000e+00, -1.048287e+00, -3.027941e+00,
    32,  EL1,      MATEL, BAX21E,   0,     0.6561,    0.0000,  0.000000e+00, -1.246249e-01, -7.543367e-04,  0.000000e+00, -1.038541e+00, -3.017347e+00,
    32,  EL1,      MATEL, BAX21E,   1,     0.6589,    0.0000,  0.000000e+00, -1.230662e-01, -7.507391e-04,  0.000000e+00, -1.025552e+00, -3.002956e+00,
    33,  EL1,      MATEL, BAX21E,   0,     0.6611,    0.0000,  0.000000e+00, -1.219543e-01, -7.481205e-04,  0.000000e+00, -1.016286e+00, -2.992482e+00,
    33,  EL1,      MATEL, BAX21E,   1,     0.6639,    0.0000,  0.000000e+00, -1.204764e-01, -7.445656e-04,  0.000000e+00, -1.003970e+00, -2.978262e+00,
    34,  EL1,      MATEL, BAX21E,   0,     0.6661,    0.0000,  0.000000e+00, -1.194242e-01, -7.419797e-04,  0.000000e+00, -9.952021e-01, -2.967919e+00,
    34,  EL1,      MATEL, BAX21E,   1,     0.6689,    0.0000,  0.000000e+00, -1.180242e-01, -7.384721e-04,  0.000000e+00, -9.835353e-01, -2.953889e+00,
    35,  EL1,      MATEL, BAX21E,   0,     0.6711,    0.0000,  0.000000e+00, -1.170254e-01, -7.359229e-04,  0.000000e+00, -9.752119e-01, -2.943691e+00,
    35,  EL1,      MATEL, BAX21E,   1,     0.6739,    0.0000,  0.000000e+00, -1.156872e-01, -7.324683e-04,  0.000000e+00, -9.640604e-01, -2.929873e+00,
    36,  EL1,      MATEL, BAX21E,   0,     0.6761,    0.0000,  0.000000e+00, -1.147241e-01, -7.299602e-04,  0.000000e+00, -9.560339e-01, -2.919841e+00,
    36,  EL1,      MATEL, BAX21E,   1,     0.6789,    0.0000,  0.000000e+00, -1.134164e-01, -7.265651e-04,  0.000000e+00, -9.451368e-01, -2.906261e+00,
    37,  EL1,      MATEL, BAX21E,   0,     0.6811,    0.0000,  0.000000e+00, -1.124617e-01, -7.241030e-04,  0.000000e+00, -9.371812e-01, -2.896412e+00,
    37,  EL1,      MATEL, BAX21E,   1,     0.6839,    0.0000,  0.000000e+00, -1.111498e-01, -7.207740e-04,  0.000000e+00, -9.262483e-01, -2.883096e+00,
    38,  EL1,      MATEL, BAX21E,   0,     0.6861,    0.0000,  0.000000e+00, -1.101821e-01, -7.183626e-04,  0.000000e+00, -9.181845e-01, -2.873451e+00,
    38,  EL1,      MATEL, BAX21E,   1,     0.6889,    0.0000,  0.000000e+00, -1.088488e-01, -7.151060e-04,  0.000000e+00, -9.070729e-01, -2.860424e+00,
    39,  EL1,      MATEL, BAX21E,   0,     0.6911,    0.0000,  0.000000e+00, -1.078651e-01, -7.127498e-04,  0.000000e+00, -8.988755e-01, -2.850999e+00,
    39,  EL1,      MATEL, BAX21E,   1,     0.6939,    0.0000,  0.000000e+00, -1.065151e-01, -7.095712e-04,  0.000000e+00, -8.876257e-01, -2.838285e+00,
    40,  EL1,      MATEL, BAX21E,   0,     0.6961,    0.0000,  0.000000e+00, -1.055233e-01, -7.072740e-04,  0.000000e+00, -8.793606e-01, -2.829096e+00,
    40,  EL1,      MATEL, BAX21E,   1,     0.6989,    0.0000,  0.000000e+00, -1.041637e-01, -7.041782e-04,  0.000000e+00, -8.680306e-01, -2.816713e+00,
    41,  EL1,      MATEL, BAX21E,   0,     0.7011,    0.0000,  0.000000e+00, -1.031640e-01, -7.019431e-04,  0.000000e+00, -8.596997e-01, -2.807772e+00,
    41,  EL1,      MATEL, BAX21E,   1,     0.7039,    0.0000,  0.000000e+00, -1.017856e-01, -6.989334e-04,  0.000000e+00, -8.482135e-01, -2.795734e+00,
    42,  EL1,      MATEL, BAX21E,   0,     0.7061,    0.0000,  0.000000e+00, -1.007652e-01, -6.967621e-04,  0.000000e+00, -8.397101e-01, -2.787048e+00,
    42,  EL1,      MATEL, BAX21E,   1,     0.7089,    0.0000,  0.000000e+00, -9.934934e-02, -6.938398e-04,  0.000000e+00, -8.279112e-01, -2.775359e+00,
    43,  EL1,      MATEL, BAX21E,   0,     0.7111,    0.0000,  0.000000e+00, -9.829590e-02, -6.917324e-04,  0.000000e+00, -8.191325e-01, -2.766930e+00,
    43,  EL1,      MATEL, BAX21E,   1,     0.7139,    0.0000,  0.000000e+00, -9.683542e-02, -6.888965e-04,  0.000000e+00, -8.069618e-01, -2.755586e+00,
    44,  EL1,      MATEL, BAX21E,   0,     0.7161,    0.0000,  0.000000e+00, -9.575193e-02, -6.868515e-04,  0.000000e+00, -7.979328e-01, -2.747406e+00,
    44,  EL1,      MATEL, BAX21E,   1,     0.7189,    0.0000,  0.000000e+00, -9.426232e-02, -6.840988e-04,  0.000000e+00, -7.855194e-01, -2.736395e+00,
    45,  EL1,      MATEL, BAX21E,   0,     0.7211,    0.0000,  0.000000e+00, -9.316756e-02, -6.821131e-04,  0.000000e+00, -7.763963e-01, -2.728452e+00,
    45,  EL1,      MATEL, BAX21E,   1,     0.7239,    0.0000,  0.000000e+00, -9.167874e-02, -6.794385e-04,  0.000000e+00, -7.639895e-01, -2.717754e+00,
    46,  EL1,      MATEL, BAX21E,   0,     0.7261,    0.0000,  0.000000e+00, -9.059613e-02, -6.775077e-04,  0.000000e+00, -7.549678e-01, -2.710031e+00,
    46,  EL1,      MATEL, BAX21E,   1,     0.7289,    0.0000,  0.000000e+00, -8.913646e-02, -6.749043e-04,  0.000000e+00, -7.428038e-01, -2.699617e+00,
    47,  EL1,      MATEL, BAX21E,   0,     0.7311,    0.0000,  0.000000e+00, -8.808320e-02, -6.730228e-04,  0.000000e+00, -7.340266e-01, -2.692091e+00,
    47,  EL1,      MATEL, BAX21E,   1,     0.7339,    0.0000,  0.000000e+00, -8.666911e-02, -6.704823e-04,  0.000000e+00, -7.222426e-01, -2.681929e+00,
    48,  EL1,      MATEL, BAX21E,   0,     0.7361,    0.0000,  0.000000e+00, -8.565211e-02, -6.686435e-04,  0.000000e+00, -7.137675e-01, -2.674574e+00,
    48,  EL1,      MATEL, BAX21E,   1,     0.7389,    0.0000,  0.000000e+00, -8.428761e-02, -6.661566e-04,  0.000000e+00, -7.023967e-01, -2.664626e+00,
    49,  EL1,      MATEL, BAX21E,   0,     0.7411,    0.0000,  0.000000e+00, -8.330647e-02, -6.643534e-04,  0.000000e+00, -6.942206e-01, -2.657413e+00,
    49,  EL1,      MATEL, BAX21E,   1,     0.7439,    0.0000,  0.000000e+00, -8.199014e-02, -6.619099e-04,  0.000000e+00, -6.832511e-01, -2.647640e+00,
    50,  EL1,      MATEL, BAX21E,   0,     0.7461,    0.0000,  0.000000e+00, -8.104408e-02, -6.601348e-04,  0.000000e+00, -6.753674e-01, -2.640539e+00,
    50,  EL1,      MATEL, BAX21E,   1,     0.7489,    0.0000,  0.000000e+00, -7.977828e-02, -6.577250e-04,  0.000000e+00, -6.648190e-01, -2.630900e+00,
    51,  EL1,      MATEL, BAX21E,   0,     0.7511,    0.0000,  0.000000e+00, -7.887198e-02, -6.559710e-04,  0.000000e+00, -6.572665e-01, -2.623884e+00,
    51,  EL1,      MATEL, BAX21E,   1,     0.7539,    0.0000,  0.000000e+00, -7.766635e-02, -6.535856e-04,  0.000000e+00, -6.472196e-01, -2.614342e+00,
    52,  EL1,      MATEL, BAX21E,   0,     0.7561,    0.0000,  0.000000e+00, -7.680852e-02, -6.518465e-04,  0.000000e+00, -6.400710e-01, -2.607386e+00,
    52,  EL1,      MATEL, BAX21E,   1,     0.7589,    0.0000,  0.000000e+00, -7.567224e-02, -6.494782e-04,  0.000000e+00, -6.306020e-01, -2.597913e+00,
    53,  EL1,      MATEL, BAX21E,   0,     0.7611,    0.0000,  0.000000e+00, -7.486617e-02, -6.477493e-04,  0.000000e+00, -6.238847e-01, -2.590997e+00,
    53,  EL1,      MATEL, BAX21E,   1,     0.7639,    0.0000,  0.000000e+00, -7.379432e-02, -6.453927e-04,  0.000000e+00, -6.149527e-01, -2.581571e+00,
    54,  EL1,      MATEL, BAX21E,   0,     0.7661,    0.0000,  0.000000e+00, -7.302890e-02, -6.436709e-04,  0.000000e+00, -6.085742e-01, -2.574684e+00,
    54,  EL1,      MATEL, BAX21E,   1,     0.7689,    0.0000,  0.000000e+00, -7.199730e-02, -6.413232e-04,  0.000000e+00, -5.999775e-01, -2.565293e+00,
    55,  EL1,      MATEL, BAX21E,   0,     0.7711,    0.0000,  0.000000e+00, -7.124935e-02, -6.396074e-04,  0.000000e+00, -5.937446e-01, -2.558430e+00,
    55,  EL1,      MATEL, BAX21E,   1,     0.7739,    0.0000,  0.000000e+00, -7.022613e-02, -6.372682e-04,  0.000000e+00, -5.852178e-01, -2.549073e+00,
    56,  EL1,      MATEL, BAX21E,   0,     0.7761,    0.0000,  0.000000e+00, -6.947419e-02, -6.355591e-04,  0.000000e+00, -5.789516e-01, -2.542236e+00,
    56,  EL1,      MATEL, BAX21E,   1,     0.7789,    0.0000,  0.000000e+00, -6.843906e-02, -6.332307e-04,  0.000000e+00, -5.703255e-01, -2.532923e+00,
    57,  EL1,      MATEL, BAX21E,   0,     0.7811,    0.0000,  0.000000e+00, -6.767567e-02, -6.315310e-04,  0.000000e+00, -5.639639e-01, -2.526124e+00,
    57,  EL1,      MATEL, BAX21E,   1,     0.7839,    0.0000,  0.000000e+00, -6.662757e-02, -6.292182e-04,  0.000000e+00, -5.552298e-01, -2.516873e+00,
    58,  EL1,      MATEL, BAX21E,   0,     0.7861,    0.0000,  0.000000e+00, -6.585741e-02, -6.275324e-04,  0.000000e+00, -5.488118e-01, -2.510129e+00,
    58,  EL1,      MATEL, BAX21E,   1,     0.7889,    0.0000,  0.000000e+00, -6.480281e-02, -6.252424e-04,  0.000000e+00, -5.400234e-01, -2.500970e+00,
    59,  EL1,      MATEL, BAX21E,   0,     0.7911,    0.0000,  0.000000e+00, -6.402867e-02, -6.235762e-04,  0.000000e+00, -5.335723e-01, -2.494305e+00,
    59,  EL1,      MATEL, BAX21E,   1,     0.7939,    0.0000,  0.000000e+00, -6.296318e-02, -6.213176e-04,  0.000000e+00, -5.246932e-01, -2.485270e+00,
    60,  EL1,      MATEL, BAX21E,   0,     0.7961,    0.0000,  0.000000e+00, -6.217538e-02, -6.196776e-04,  0.000000e+00, -5.181282e-01, -2.478711e+00,
    60,  EL1,      MATEL, BAX21E,   1,     0.7989,    0.0000,  0.000000e+00, -6.107960e-02, -6.174593e-04,  0.000000e+00, -5.089967e-01, -2.469837e+00,
    61,  EL1,      MATEL, BAX21E,   0,     0.8011,    0.0000,  0.000000e+00, -6.026107e-02, -6.158519e-04,  0.000000e+00, -5.021756e-01, -2.463408e+00,
    61,  EL1,      MATEL, BAX21E,   1,     0.8039,    0.0000,  0.000000e+00, -5.911637e-02, -6.136818e-04,  0.000000e+00, -4.926364e-01, -2.454727e+00,
    62,  EL1,      MATEL, BAX21E,   0,     0.8061,    0.0000,  0.000000e+00, -5.825898e-02, -6.121123e-04,  0.000000e+00, -4.854915e-01, -2.448449e+00,
    62,  EL1,      MATEL, BAX21E,   1,     0.8089,    0.0000,  0.000000e+00, -5.706758e-02, -6.099966e-04,  0.000000e+00, -4.755631e-01, -2.439986e+00,
    63,  EL1,      MATEL, BAX21E,   0,     0.8111,    0.0000,  0.000000e+00, -5.618312e-02, -6.084687e-04,  0.000000e+00, -4.681927e-01, -2.433875e+00,
    63,  EL1,      MATEL, BAX21E,   1,     0.8139,    0.0000,  0.000000e+00, -5.497205e-02, -6.064109e-04,  0.000000e+00, -4.581004e-01, -2.425644e+00,
    64,  EL1,      MATEL, BAX21E,   0,     0.8161,    0.0000,  0.000000e+00, -5.408666e-02, -6.049260e-04,  0.000000e+00, -4.507222e-01, -2.419704e+00,
    64,  EL1,      MATEL, BAX21E,   1,     0.8189,    0.0000,  0.000000e+00, -5.289163e-02, -6.029263e-04,  0.000000e+00, -4.407636e-01, -2.411705e+00,
    65,  EL1,      MATEL, BAX21E,   0,     0.8211,    0.0000,  0.000000e+00, -5.202935e-02, -6.014831e-04,  0.000000e+00, -4.335779e-01, -2.405932e+00,
    65,  EL1,      MATEL, BAX21E,   1,     0.8239,    0.0000,  0.000000e+00, -5.087412e-02, -5.995377e-04,  0.000000e+00, -4.239510e-01, -2.398151e+00,
    66,  EL1,      MATEL, BAX21E,   0,     0.8261,    0.0000,  0.000000e+00, -5.004510e-02, -5.981321e-04,  0.000000e+00, -4.170425e-01, -2.392528e+00,
    66,  EL1,      MATEL, BAX21E,   1,     0.8289,    0.0000,  0.000000e+00, -4.893479e-02, -5.962332e-04,  0.000000e+00, -4.077899e-01, -2.384933e+00,
    67,  EL1,      MATEL, BAX21E,   0,     0.8311,    0.0000,  0.000000e+00, -4.813753e-02, -5.948579e-04,  0.000000e+00, -4.011461e-01, -2.379431e+00,
    67,  EL1,      MATEL, BAX21E,   1,     0.8339,    0.0000,  0.000000e+00, -4.706888e-02, -5.929938e-04,  0.000000e+00, -3.922406e-01, -2.371975e+00,
    68,  EL1,      MATEL, BAX21E,   0,     0.8361,    0.0000,  0.000000e+00, -4.630160e-02, -5.916388e-04,  0.000000e+00, -3.858466e-01, -2.366555e+00,
    68,  EL1,      MATEL, BAX21E,   1,     0.8389,    0.0000,  0.000000e+00, -4.527719e-02, -5.897949e-04,  0.000000e+00, -3.773099e-01, -2.359180e+00,
    69,  EL1,      MATEL, BAX21E,   0,     0.8411,    0.0000,  0.000000e+00, -4.454580e-02, -5.884488e-04,  0.000000e+00, -3.712150e-01, -2.353795e+00,
    69,  EL1,      MATEL, BAX21E,   1,     0.8439,    0.0000,  0.000000e+00, -4.357758e-02, -5.866090e-04,  0.000000e+00, -3.631465e-01, -2.346436e+00,
    70,  EL1,      MATEL, BAX21E,   0,     0.8461,    0.0000,  0.000000e+00, -4.289259e-02, -5.852600e-04,  0.000000e+00, -3.574383e-01, -2.341040e+00,
    70,  EL1,      MATEL, BAX21E,   1,     0.8489,    0.0000,  0.000000e+00, -4.199170e-02, -5.834087e-04,  0.000000e+00, -3.499309e-01, -2.333635e+00,
    71,  EL1,      MATEL, BAX21E,   0,     0.8511,    0.0000,  0.000000e+00, -4.135753e-02, -5.820461e-04,  0.000000e+00, -3.446461e-01, -2.328185e+00,
    71,  EL1,      MATEL, BAX21E,   1,     0.8539,    0.0000,  0.000000e+00, -4.052092e-02, -5.801705e-04,  0.000000e+00, -3.376743e-01, -2.320682e+00,
    72,  EL1,      MATEL, BAX21E,   0,     0.8561,    0.0000,  0.000000e+00, -3.992835e-02, -5.787861e-04,  0.000000e+00, -3.327363e-01, -2.315144e+00,
    72,  EL1,      MATEL, BAX21E,   1,     0.8589,    0.0000,  0.000000e+00, -3.913570e-02, -5.768774e-04,  0.000000e+00, -3.261308e-01, -2.307510e+00,
    73,  EL1,      MATEL, BAX21E,   0,     0.8611,    0.0000,  0.000000e+00, -3.856526e-02, -5.754670e-04,  0.000000e+00, -3.213772e-01, -2.301868e+00,
    73,  EL1,      MATEL, BAX21E,   1,     0.8639,    0.0000,  0.000000e+00, -3.778949e-02, -5.735227e-04,  0.000000e+00, -3.149124e-01, -2.294091e+00,
    74,  EL1,      MATEL, BAX21E,   0,     0.8661,    0.0000,  0.000000e+00, -3.722244e-02, -5.720868e-04,  0.000000e+00, -3.101870e-01, -2.288347e+00,
    74,  EL1,      MATEL, BAX21E,   1,     0.8689,    0.0000,  0.000000e+00, -3.644355e-02, -5.701114e-04,  0.000000e+00, -3.036962e-01, -2.280446e+00,
    75,  EL1,      MATEL, BAX21E,   0,     0.8711,    0.0000,  0.000000e+00, -3.586972e-02, -5.686561e-04,  0.000000e+00, -2.989144e-01, -2.274624e+00,
    75,  EL1,      MATEL, BAX21E,   1,     0.8739,    0.0000,  0.000000e+00, -3.507945e-02, -5.666615e-04,  0.000000e+00, -2.923288e-01, -2.266646e+00,
    76,  EL1,      MATEL, BAX21E,   0,     0.8761,    0.0000,  0.000000e+00, -3.449626e-02, -5.651981e-04,  0.000000e+00, -2.874689e-01, -2.260792e+00,
    76,  EL1,      MATEL, BAX21E,   1,     0.8789,    0.0000,  0.000000e+00, -3.369266e-02, -5.632029e-04,  0.000000e+00, -2.807722e-01, -2.252812e+00,
    77,  EL1,      MATEL, BAX21E,   0,     0.8811,    0.0000,  0.000000e+00, -3.309911e-02, -5.617470e-04,  0.000000e+00, -2.758260e-01, -2.246988e+00,
    77,  EL1,      MATEL, BAX21E,   1,     0.8839,    0.0000,  0.000000e+00, -3.227914e-02, -5.597744e-04,  0.000000e+00, -2.689928e-01, -2.239097e+00,
    78,  EL1,      MATEL, BAX21E,   0,     0.8861,    0.0000,  0.000000e+00, -3.167151e-02, -5.583440e-04,  0.000000e+00, -2.639293e-01, -2.233376e+00,
    78,  EL1,      MATEL, BAX21E,   1,     0.8889,    0.0000,  0.000000e+00, -3.082811e-02, -5.564183e-04,  0.000000e+00, -2.569009e-01, -2.225673e+00,
    79,  EL1,      MATEL, BAX21E,   0,     0.8911,    0.0000,  0.000000e+00, -3.020010e-02, -5.550309e-04,  0.000000e+00, -2.516675e-01, -2.220124e+00,
    79,  EL1,      MATEL, BAX21E,   1,     0.8939,    0.0000,  0.000000e+00, -2.932567e-02, -5.531739e-04,  0.000000e+00, -2.443806e-01, -2.212696e+00,
    80,  EL1,      MATEL, BAX21E,   0,     0.8961,    0.0000,  0.000000e+00, -2.867328e-02, -5.518437e-04,  0.000000e+00, -2.389440e-01, -2.207375e+00,
    80,  EL1,      MATEL, BAX21E,   1,     0.8989,    0.0000,  0.000000e+00, -2.776726e-02, -5.500705e-04,  0.000000e+00, -2.313938e-01, -2.200282e+00,
    81,  EL1,      MATEL, BAX21E,   0,     0.9011,    0.0000,  0.000000e+00, -2.709404e-02, -5.488049e-04,  0.000000e+00, -2.257837e-01, -2.195220e+00,
    81,  EL1,      MATEL, BAX21E,   1,     0.9039,    0.0000,  0.000000e+00, -2.616623e-02, -5.471203e-04,  0.000000e+00, -2.180519e-01, -2.188481e+00,
    82,  EL1,      MATEL, BAX21E,   0,     0.9061,    0.0000,  0.000000e+00, -2.548235e-02, -5.459186e-04,  0.000000e+00, -2.123529e-01, -2.183674e+00,
    82,  EL1,      MATEL, BAX21E,   1,     0.9089,    0.0000,  0.000000e+00, -2.454723e-02, -5.443148e-04,  0.000000e+00, -2.045603e-01, -2.177259e+00,
    83,  EL1,      MATEL, BAX21E,   0,     0.9111,    0.0000,  0.000000e+00, -2.386290e-02, -5.431666e-04,  0.000000e+00, -1.988575e-01, -2.172667e+00,
    83,  EL1,      MATEL, BAX21E,   1,     0.9139,    0.0000,  0.000000e+00, -2.293128e-02, -5.416236e-04,  0.000000e+00, -1.910940e-01, -2.166494e+00,
    84,  EL1,      MATEL, BAX21E,   0,     0.9161,    0.0000,  0.000000e+00, -2.225181e-02, -5.405101e-04,  0.000000e+00, -1.854317e-01, -2.162040e+00,
    84,  EL1,      MATEL, BAX21E,   1,     0.9189,    0.0000,  0.000000e+00, -2.132742e-02, -5.389981e-04,  0.000000e+00, -1.777285e-01, -2.155993e+00,
    85,  EL1,      MATEL, BAX21E,   0,     0.9211,    0.0000,  0.000000e+00, -2.065333e-02, -5.378952e-04,  0.000000e+00, -1.721111e-01, -2.151581e+00,
    85,  EL1,      MATEL, BAX21E,   1,     0.9239,    0.0000,  0.000000e+00, -1.973617e-02, -5.363809e-04,  0.000000e+00, -1.644681e-01, -2.145523e+00,
    86,  EL1,      MATEL, BAX21E,   0,     0.9261,    0.0000,  0.000000e+00, -1.906755e-02, -5.352643e-04,  0.000000e+00, -1.588963e-01, -2.141057e+00,
    86,  EL1,      MATEL, BAX21E,   1,     0.9289,    0.0000,  0.000000e+00, -1.815975e-02, -5.337188e-04,  0.000000e+00, -1.513313e-01, -2.134875e+00,
    87,  EL1,      MATEL, BAX21E,   0,     0.9311,    0.0000,  0.000000e+00, -1.749977e-02, -5.325712e-04,  0.000000e+00, -1.458315e-01, -2.130285e+00,
    87,  EL1,      MATEL, BAX21E,   1,     0.9339,    0.0000,  0.000000e+00, -1.660806e-02, -5.309793e-04,  0.000000e+00, -1.384005e-01, -2.123917e+00,
    88,  EL1,      MATEL, BAX21E,   0,     0.9361,    0.0000,  0.000000e+00, -1.596345e-02, -5.297966e-04,  0.000000e+00, -1.330288e-01, -2.119186e+00,
    88,  EL1,      MATEL, BAX21E,   1,     0.9389,    0.0000,  0.000000e+00, -1.509865e-02, -5.281648e-04,  0.000000e+00, -1.258221e-01, -2.112659e+00,
    89,  EL1,      MATEL, BAX21E,   0,     0.9411,    0.0000,  0.000000e+00, -1.447800e-02, -5.269609e-04,  0.000000e+00, -1.206500e-01, -2.107843e+00,
    89,  EL1,      MATEL, BAX21E,   1,     0.9439,    0.0000,  0.000000e+00, -1.364916e-02, -5.253204e-04,  0.000000e+00, -1.137430e-01, -2.101281e+00,
    90,  EL1,      MATEL, BAX21E,   0,     0.9461,    0.0000,  0.000000e+00, -1.305622e-02, -5.241267e-04,  0.000000e+00, -1.088018e-01, -2.096507e+00,
    90,  EL1,      MATEL, BAX21E,   1,     0.9489,    0.0000,  0.000000e+00, -1.226349e-02, -5.225288e-04,  0.000000e+00, -1.021957e-01, -2.090115e+00,
    91,  EL1,      MATEL, BAX21E,   0,     0.9511,    0.0000,  0.000000e+00, -1.169511e-02, -5.213880e-04,  0.000000e+00, -9.745925e-02, -2.085552e+00,
    91,  EL1,      MATEL, BAX21E,   1,     0.9539,    0.0000,  0.000000e+00, -1.093147e-02, -5.198902e-04,  0.000000e+00, -9.109558e-02, -2.079561e+00,
    92,  EL1,      MATEL, BAX21E,   0,     0.9561,    0.0000,  0.000000e+00, -1.038098e-02, -5.188417e-04,  0.000000e+00, -8.650820e-02, -2.075367e+00,
    92,  EL1,      MATEL, BAX21E,   1,     0.9589,    0.0000,  0.000000e+00, -9.638083e-03, -5.174845e-04,  0.000000e+00, -8.031736e-02, -2.069938e+00,
    93,  EL1,      MATEL, BAX21E,   0,     0.9611,    0.0000,  0.000000e+00, -9.100477e-03, -5.165461e-04,  0.000000e+00, -7.583731e-02, -2.066184e+00,
    93,  EL1,      MATEL, BAX21E,   1,     0.9639,    0.0000,  0.000000e+00, -8.373889e-03, -5.153280e-04,  0.000000e+00, -6.978241e-02, -2.061312e+00,
    94,  EL1,      MATEL, BAX21E,   0,     0.9661,    0.0000,  0.000000e+00, -7.847909e-03, -5.144780e-04,  0.000000e+00, -6.539924e-02, -2.057912e+00,
    94,  EL1,      MATEL, BAX21E,   1,     0.9689,    0.0000,  0.000000e+00, -7.138598e-03, -5.133392e-04,  0.000000e+00, -5.948832e-02, -2.053357e+00,
    95,  EL1,      MATEL, BAX21E,   0,     0.9711,    0.0000,  0.000000e+00, -6.626378e-03, -5.125121e-04,  0.000000e+00, -5.521981e-02, -2.050048e+00,
    95,  EL1,      MATEL, BAX21E,   1,     0.9739,    0.0000,  0.000000e+00, -5.936998e-03, -5.113449e-04,  0.000000e+00, -4.947499e-02, -2.045380e+00,
    96,  EL1,      MATEL, BAX21E,   0,     0.9761,    0.0000,  0.000000e+00, -5.439905e-03, -5.104527e-04,  0.000000e+00, -4.533255e-02, -2.041811e+00,
    96,  EL1,      MATEL, BAX21E,   1,     0.9789,    0.0000,  0.000000e+00, -4.770213e-03, -5.091555e-04,  0.000000e+00, -3.975177e-02, -2.036622e+00,
    97,  EL1,      MATEL, BAX21E,   0,     0.9811,    0.0000,  0.000000e+00, -4.286389e-03, -5.081461e-04,  0.000000e+00, -3.571991e-02, -2.032584e+00,
    97,  EL1,      MATEL, BAX21E,   1,     0.9839,    0.0000,  0.000000e+00, -3.630901e-03, -5.067198e-04,  0.000000e+00, -3.025751e-02, -2.026879e+00,
    98,  EL1,      MATEL, BAX21E,   0,     0.9861,    0.0000,  0.000000e+00, -3.153996e-03, -5.056571e-04,  0.000000e+00, -2.628330e-02, -2.022629e+00,
    98,  EL1,      MATEL, BAX21E,   1,     0.9889,    0.0000,  0.000000e+00, -2.502684e-03, -5.042882e-04,  0.000000e+00, -2.085570e-02, -2.017153e+00,
    99,  EL1,      MATEL, BAX21E,   0,     0.9911,    0.0000,  0.000000e+00, -2.025401e-03, -5.033830e-04,  0.000000e+00, -1.687834e-02, -2.013532e+00,
    99,  EL1,      MATEL, BAX21E,   1,     0.9939,    0.0000,  0.000000e+00, -1.372000e-03, -5.023312e-04,  0.000000e+00, -1.143333e-02, -2.009325e+00,
   100,  EL1,      MATEL, BAX21E,   0,     0.9961,    0.0000,  0.000000e+00, -8.928513e-04, -5.017167e-04,  0.000000e+00, -7.440427e-03, -2.006867e+00,
   100,  EL1,      MATEL, BAX21E,   1,     0.9989,    0.0000,  0.000000e+00, -2.390222e-04, -5.005655e-04,  0.000000e+00, -1.991852e-03, -2.002262e+00,
