  0.0010   -0.001287  0       1
  0.0020   -0.004906  0       2
  0.0030   -0.010799  0       3
  0.0040   -0.017763  0       4
  0.0050   -0.024282  0       5
  0.0060   -0.029379  0       6
  0.0070   -0.031528  0       7
  0.0080   -0.030305  0       8
  0.0090   -0.025880  0       9
  0.0100   -0.019699  0      10
  0.0110   -0.013221  0      11
  0.0120   -0.007500  0      12
  0.0130   -0.003735  0      13
  0.0140   -0.002755  0      14
  0.0150   -0.005245  0      15
  0.0160   -0.010149  0      16
  0.0170   -0.016300  0      17
  0.0180   -0.022215  0      18
  0.0190   -0.026958  0      19
  0.0200   -0.029558  0      20
  0.0210   -0.029225  0      21
  0.0220   -0.026026  0      22
  0.0230   -0.020628  0      23
  0.0240   -0.014846  0      24
  0.0250   -0.009585  0      25
  0.0260   -0.005902  0      26
  0.0270   -0.004398  0      27
  0.0280   -0.005787  0      28
  0.0290   -0.009723  0      29
  0.0300   -0.015065  0      30
  0.0310   -0.020560  0      31
  0.0320   -0.024907  0      32
  0.0330   -0.027673  0      33
  0.0340   -0.028002  0      34
  0.0350   -0.025852  0      35
  0.0360   -0.021429  0      36
  0.0370   -0.016160  0      37
  0.0380   -0.011337  0      38
  0.0390   -0.007747  0      39
  0.0400   -0.006048  0      40
  0.0410   -0.006560  0      41
  0.0420   -0.009547  0      42
  0.0430   -0.014046  0      43
  0.0440   -0.019109  0      44
  0.0450   -0.023257  0      45
  0.0460   -0.025939  0      46
  0.0470   -0.026753  0      47
  0.0480   -0.025378  0      48
  0.0490   -0.021994  0      49
  0.0500   -0.017298  0      50
  0.0510   -0.012835  0      51
  0.0520   -0.009314  0      52
  0.0530   -0.007532  0      53
  0.0540   -0.007529  0      54
  0.0550   -0.009595  0      55
  0.0560   -0.013315  0      56
  0.0570   -0.017783  0      57
  0.0580   -0.021850  0      58
  0.0590   -0.024462  0      59
  0.0600   -0.025539  0      60
  0.0610   -0.024730  0      61
  0.0620   -0.022236  0      62
  0.0630   -0.018275  0      63
  0.0640   -0.014130  0      64
  0.0650   -0.010730  0      65
  0.0660   -0.008770  0      66
  0.0670   -0.008548  0      67
  0.0680   -0.009881  0      68
  0.0690   -0.012842  0      69
  0.0700   -0.016665  0      70
  0.0710   -0.020540  0      71
  0.0720   -0.023207  0      72
  0.0730   -0.024423  0      73
  0.0740   -0.024046  0      74
  0.0750   -0.022158  0      75
  0.0760   -0.019041  0      76
  0.0770   -0.015259  0      77
  0.0780   -0.012022  0      78
  0.0790   -0.009883  0      79
  0.0800   -0.009439  0      80
  0.0810   -0.010348  0      81
  0.0820   -0.012610  0      82
  0.0830   -0.015811  0      83
  0.0840   -0.019305  0      84
  0.0850   -0.022085  0      85
  0.0860   -0.023414  0      86
  0.0870   -0.023393  0      87
  0.0880   -0.021924  0      88
  0.0890   -0.019479  0      89
  0.0900   -0.016253  0      90
  0.0910   -0.013178  0      91
  0.0920   -0.010953  0      92
  0.0930   -0.010203  0      93
  0.0940   -0.010862  0      94
  0.0950   -0.012567  0      95
  0.0960   -0.015239  0      96
  0.0970   -0.018227  0      97
  0.0980   -0.020992  0      98
  0.0990   -0.022519  0      99
  0.1000   -0.022750  0     100
  0.1010   -0.021675  0     101
  0.1020   -0.019650  0     102
  0.1030   -0.017028  0     103
  0.1040   -0.014201  0     104
  0.1050   -0.012004  0     105
  0.1060   -0.010912  0     106
  0.1070   -0.011328  0     107
  0.1080   -0.012662  0     108
  0.1090   -0.014855  0     109
  0.1100   -0.017421  0     110
  0.1110   -0.019926  0     111
  0.1120   -0.021668  0     112
  0.1130   -0.022131  0     113
  0.1140   -0.021428  0     114
  0.1150   -0.019694  0     115
  0.1160   -0.017550  0     116
  0.1170   -0.015075  0     117
  0.1180   -0.012968  0     118
  0.1190   -0.011686  0     119
  0.1200   -0.011710  0     120
  0.1210   -0.012830  0     121
  0.1220   -0.014605  0     122
  0.1230   -0.016842  0     123
  0.1240   -0.019011  0     124
  0.1250   -0.020805  0     125
  0.1260   -0.021520  0     126
  0.1270   -0.021154  0     127
  0.1280   -0.019731  0     128
  0.1290   -0.017847  0     129
  0.1300   -0.015791  0     130
  0.1310   -0.013800  0     131
  0.1320   -0.012488  0     132
  0.1330   -0.012133  0     133
  0.1340   -0.012975  0     134
  0.1350   -0.014459  0     135
  0.1360   -0.016416  0     136
  0.1370   -0.018306  0     137
  0.1380   -0.019968  0     138
  0.1390   -0.020908  0     139
  0.1400   -0.020812  0     140
  0.1410   -0.019772  0     141
  0.1420   -0.018055  0     142
  0.1430   -0.016301  0     143
  0.1440   -0.014521  0     144
  0.1450   -0.013227  0     145
  0.1460   -0.012650  0     146
  0.1470   -0.013120  0     147
  0.1480   -0.014378  0     148
  0.1490   -0.016057  0     149
  0.1500   -0.017806  0     150
  0.1510   -0.019230  0     151
  0.1520   -0.020281  0     152
  0.1530   -0.020432  0     153
  0.1540   -0.019733  0     154
  0.1550   -0.018270  0     155
  0.1560   -0.016661  0     156
  0.1570   -0.015108  0     157
  0.1580   -0.013862  0     158
  0.1590   -0.013226  0     159
  0.1600   -0.013321  0     160
  0.1610   -0.014339  0     161
  0.1620   -0.015759  0     162
  0.1630   -0.017390  0     163
  0.1640   -0.018678  0     164
  0.1650   -0.019658  0     165
  0.1660   -0.020024  0     166
  0.1670   -0.019598  0     167
  0.1680   -0.018465  0     168
  0.1690   -0.016955  0     169
  0.1700   -0.015582  0     170
  0.1710   -0.014384  0     171
  0.1720   -0.013762  0     172
  0.1730   -0.013642  0     173
  0.1740   -0.014317  0     174
  0.1750   -0.015548  0     175
  0.1760   -0.016993  0     176
  0.1770   -0.018266  0     177
  0.1780   -0.019118  0     178
  0.1790   -0.019607  0     179
  0.1800   -0.019376  0     180
  0.1810   -0.018583  0     181
  0.1820   -0.017246  0     182
  0.1830   -0.015950  0     183
  0.1840   -0.014850  0     184
  0.1850   -0.014186  0     185
  0.1860   -0.014031  0     186
  0.1870   -0.014378  0     187
  0.1880   -0.015392  0     188
  0.1890   -0.016637  0     189
  0.1900   -0.017902  0     190
  0.1910   -0.018698  0     191
  0.1920   -0.019196  0     192
  0.1930   -0.019138  0     193
  0.1940   -0.018558  0     194
  0.1950   -0.017527  0     195
  0.1960   -0.016269  0     196
  0.1970   -0.015249  0     197
  0.1980   -0.014546  0     198
  0.1990   -0.014378  0     199
  0.2000   -0.014543  0     200
  0.2010   -0.015295  0     201
  0.2020   -0.016357  0     202
  0.2030   -0.017519  0     203
  0.2040   -0.018387  0     204
  0.2050   -0.018815  0     205
  0.2060   -0.018909  0     206
  0.2070   -0.018453  0     207
  0.2080   -0.017707  0     208
  0.2090   -0.016585  0     209
  0.2100   -0.015596  0     210
  0.2110   -0.014875  0     211
  0.2120   -0.014644  0     212
  0.2130   -0.014776  0     213
  0.2140   -0.015251  0     214
  0.2150   -0.016175  0     215
  0.2160   -0.017150  0     216
  0.2170   -0.018081  0     217
  0.2180   -0.018526  0     218
  0.2190   -0.018665  0     219
  0.2200   -0.018344  0     220
  0.2210   -0.017756  0     221
  0.2220   -0.016877  0     222
  0.2230   -0.015899  0     223
  0.2240   -0.015208  0     224
  0.2250   -0.014849  0     225
  0.2260   -0.014984  0     226
  0.2270   -0.015304  0     227
  0.2280   -0.016032  0     228
  0.2290   -0.016879  0     229
  0.2300   -0.017735  0     230
  0.2310   -0.018293  0     231
  0.2320   -0.018434  0     232
  0.2330   -0.018252  0     233
  0.2340   -0.017719  0     234
  0.2350   -0.017089  0     235
  0.2360   -0.016186  0     236
  0.2370   -0.015506  0     237
  0.2380   -0.015084  0     238
  0.2390   -0.015109  0     239
  0.2400   -0.015417  0     240
  0.2410   -0.015941  0     241
  0.2420   -0.016693  0     242
  0.2430   -0.017403  0     243
  0.2440   -0.018054  0     244
  0.2450   -0.018236  0     245
  0.2460   -0.018152  0     246
  0.2470   -0.017697  0     247
  0.2480   -0.017166  0     248
  0.2490   -0.016464  0     249
  0.2500   -0.015761  0     250
  0.2510   -0.015343  0     251
  0.2520   -0.015217  0     252
  0.2530   -0.015508  0     253
  0.2540   -0.015909  0     254
  0.2550   -0.016561  0     255
  0.2560   -0.017154  0     256
  0.2570   -0.017765  0     257
  0.2580   -0.018082  0     258
  0.2590   -0.018019  0     259
  0.2600   -0.017710  0     260
  0.2610   -0.017181  0     261
  0.2620   -0.016662  0     262
  0.2630   -0.016001  0     263
  0.2640   -0.015590  0     264
  0.2650   -0.015361  0     265
  0.2660   -0.015553  0     266
  0.2670   -0.015927  0     267
  0.2680   -0.016439  0     268
  0.2690   -0.017008  0     269
  0.2700   -0.017475  0     270
  0.2710   -0.017908  0     271
  0.2720   -0.017899  0     272
  0.2730   -0.017700  0     273
  0.2740   -0.017214  0     274
  0.2750   -0.016764  0     275
  0.2760   -0.016223  0     276
  0.2770   -0.015790  0     277
  0.2780   -0.015568  0     278
  0.2790   -0.015572  0     279
  0.2800   -0.015953  0     280
  0.2810   -0.016353  0     281
  0.2820   -0.016888  0     282
  0.2830   -0.017277  0     283
  0.2840   -0.017680  0     284
  0.2850   -0.017800  0     285
  0.2860   -0.017642  0     286
  0.2870   -0.017292  0     287
  0.2880   -0.016800  0     288
  0.2890   -0.016410  0     289
  0.2900   -0.015955  0     290
  0.2910   -0.015764  0     291
  0.2920   -0.015661  0     292
  0.2930   -0.015929  0     293
  0.2940   -0.016317  0     294
  0.2950   -0.016764  0     295
  0.2960   -0.017160  0     296
  0.2970   -0.017454  0     297
  0.2980   -0.017690  0     298
  0.2990   -0.017561  0     299
  0.3000   -0.017348  0     300
  0.3010   -0.016870  0     301
  0.3020   -0.016505  0     302
  0.3030   -0.016133  0     303
  0.3040   -0.015901  0     304
  0.3050   -0.015813  0     305
  0.3060   -0.015906  0     306
  0.3070   -0.016292  0     307
  0.3080   -0.016648  0     308
  0.3090   -0.017072  0     309
  0.3100   -0.017294  0     310
  0.3110   -0.017532  0     311
  0.3120   -0.017508  0     312
  0.3130   -0.017325  0     313
  0.3140   -0.016988  0     314
  0.3150   -0.016557  0     315
  0.3160   -0.016284  0     316
  0.3170   -0.016008  0     317
  0.3180   -0.015965  0     318
  0.3190   -0.015939  0     319
  0.3200   -0.016249  0     320
  0.3210   -0.016577  0     321
  0.3220   -0.016946  0     322
  0.3230   -0.017222  0     323
  0.3240   -0.017360  0     324
  0.3250   -0.017449  0     325
  0.3260   -0.017278  0     326
  0.3270   -0.017072  0     327
  0.3280   -0.016642  0     328
  0.3290   -0.016377  0     329
  0.3300   -0.016128  0     330
  0.3310   -0.016050  0     331
  0.3320   -0.016052  0     332
  0.3330   -0.016190  0     333
  0.3340   -0.016541  0     334
  0.3350   -0.016817  0     335
  0.3360   -0.017151  0     336
  0.3370   -0.017253  0     337
  0.3380   -0.017350  0     338
  0.3390   -0.017246  0     339
  0.3400   -0.017083  0     340
  0.3410   -0.016768  0     341
  0.3420   -0.016428  0     342
  0.3430   -0.016259  0     343
  0.3440   -0.016099  0     344
  0.3450   -0.016159  0     345
  0.3460   -0.016194  0     346
  0.3470   -0.016485  0     347
  0.3480   -0.016736  0     348
  0.3490   -0.017039  0     349
  0.3500   -0.017205  0     350
  0.3510   -0.017238  0     351
  0.3520   -0.017229  0     352
  0.3530   -0.017046  0     353
  0.3540   -0.016871  0     354
  0.3550   -0.016509  0     355
  0.3560   -0.016338  0     356
  0.3570   -0.016183  0     357
  0.3580   -0.016199  0     358
  0.3590   -0.016263  0     359
  0.3600   -0.016425  0     360
  0.3610   -0.016692  0     361
  0.3620   -0.016909  0     362
  0.3630   -0.017163  0     363
  0.3640   -0.017160  0     364
  0.3650   -0.017184  0     365
  0.3660   -0.017035  0     366
  0.3670   -0.016890  0     367
  0.3680   -0.016629  0     368
  0.3690   -0.016389  0     369
  0.3700   -0.016281  0     370
  0.3710   -0.016212  0     371
  0.3720   -0.016333  0     372
  0.3730   -0.016400  0     373
  0.3740   -0.016652  0     374
  0.3750   -0.016819  0     375
  0.3760   -0.017067  0     376
  0.3770   -0.017140  0     377
  0.3780   -0.017110  0     378
  0.3790   -0.017048  0     379
  0.3800   -0.016870  0     380
  0.3810   -0.016726  0     381
  0.3820   -0.016453  0     382
  0.3830   -0.016363  0     383
  0.3840   -0.016250  0     384
  0.3850   -0.016347  0     385
  0.3860   -0.016438  0     386
  0.3870   -0.016588  0     387
  0.3880   -0.016788  0     388
  0.3890   -0.016944  0     389
  0.3900   -0.017116  0     390
  0.3910   -0.017060  0     391
  0.3920   -0.017042  0     392
  0.3930   -0.016867  0     393
  0.3940   -0.016757  0     394
  0.3950   -0.016551  0     395
  0.3960   -0.016401  0     396
  0.3970   -0.016339  0     397
  0.3980   -0.016320  0     398
  0.3990   -0.016483  0     399
  0.4000   -0.016552  0     400
  0.4010   -0.016754  0     401
  0.4020   -0.016864  0     402
  0.4030   -0.017045  0     403
  0.4040   -0.017046  0     404
  0.4050   -0.017006  0     405
  0.4060   -0.016902  0     406
  0.4070   -0.016738  0     407
  0.4080   -0.016642  0     408
  0.4090   -0.016446  0     409
  0.4100   -0.016409  0     410
  0.4110   -0.016338  0     411
  0.4120   -0.016474  0     412
  0.4130   -0.016563  0     413
  0.4140   -0.016702  0     414
  0.4150   -0.016837  0     415
  0.4160   -0.016940  0     416
  0.4170   -0.017043  0     417
  0.4180   -0.016963  0     418
  0.4190   -0.016930  0     419
  0.4200   -0.016745  0     420
  0.4210   -0.016667  0     421
  0.4220   -0.016524  0     422
  0.4230   -0.016442  0     423
  0.4240   -0.016401  0     424
  0.4250   -0.016436  0     425
  0.4260   -0.016589  0     426
  0.4270   -0.016650  0     427
  0.4280   -0.016826  0     428
  0.4290   -0.016867  0     429
  0.4300   -0.016993  0     430
  0.4310   -0.016958  0     431
  0.4320   -0.016915  0     432
  0.4330   -0.016790  0     433
  0.4340   -0.016660  0     434
  0.4350   -0.016593  0     435
  0.4360   -0.016469  0     436
  0.4370   -0.016467  0     437
  0.4380   -0.016426  0     438
  0.4390   -0.016577  0     439
  0.4400   -0.016643  0     440
  0.4410   -0.016775  0     441
  0.4420   -0.016858  0     442
  0.4430   -0.016907  0     443
  0.4440   -0.016962  0     444
  0.4450   -0.016885  0     445
  0.4460   -0.016837  0     446
  0.4470   -0.016662  0     447
  0.4480   -0.016628  0     448
  0.4490   -0.016516  0     449
  0.4500   -0.016493  0     450
  0.4510   -0.016477  0     451
  0.4520   -0.016530  0     452
  0.4530   -0.016658  0     453
  0.4540   -0.016721  0     454
  0.4550   -0.016855  0     455
  0.4560   -0.016850  0     456
  0.4570   -0.016935  0     457
  0.4580   -0.016874  0     458
  0.4590   -0.016844  0     459
  0.4600   -0.016711  0     460
  0.4610   -0.016618  0     461
  0.4620   -0.016579  0     462
  0.4630   -0.016499  0     463
  0.4640   -0.016529  0     464
  0.4650   -0.016515  0     465
  0.4660   -0.016642  0     466
  0.4670   -0.016697  0     467
  0.4680   -0.016822  0     468
  0.4690   -0.016845  0     469
  0.4700   -0.016872  0     470
  0.4710   -0.016888  0     471
  0.4720   -0.016815  0     472
  0.4730   -0.016768  0     473
  0.4740   -0.016621  0     474
  0.4750   -0.016610  0     475
  0.4760   -0.016524  0     476
  0.4770   -0.016551  0     477
  0.4780   -0.016542  0     478
  0.4790   -0.016607  0     479
  0.4800   -0.016698  0     480
  0.4810   -0.016763  0     481
  0.4820   -0.016860  0     482
  0.4830   -0.016820  0     483
  0.4840   -0.016882  0     484
  0.4850   -0.016804  0     485
  0.4860   -0.016784  0     486
  0.4870   -0.016662  0     487
  0.4880   -0.016610  0     488
  0.4890   -0.016570  0     489
  0.4900   -0.016539  0     490
  0.4910   -0.016593  0     491
  0.4920   -0.016576  0     492
  0.4930   -0.016695  0     493
  0.4940   -0.016728  0     494
  0.4950   -0.016835  0     495
  0.4960   -0.016824  0     496
  0.4970   -0.016836  0     497
  0.4980   -0.016821  0     498
  0.4990   -0.016760  0     499
  0.5000   -0.016721  0     500
  0.5010   -0.016605  0     501
  0.5020   -0.016612  0     502
  0.5030   -0.016539  0     503
  0.5040   -0.016608  0     504
  0.5050   -0.016597  0     505
  0.5060   -0.016658  0     506
  0.5070   -0.016729  0     507
  0.5080   -0.016780  0     508
  0.5090   -0.016843  0     509
  0.5100   -0.016795  0     510
  0.5110   -0.016834  0     511
  0.5120   -0.016742  0     512
  0.5130   -0.016744  0     513
  0.5140   -0.016640  0     514
  0.5150   -0.016611  0     515
  0.5160   -0.016579  0     516
  0.5170   -0.016582  0     517
  0.5180   -0.016638  0     518
  0.5190   -0.016628  0     519
  0.5200   -0.016729  0     520
  0.5210   -0.016740  0     521
  0.5220   -0.016831  0     522
  0.5230   -0.016794  0     523
  0.5240   -0.016807  0     524
  0.5250   -0.016767  0     525
  0.5260   -0.016716  0     526
  0.5270   -0.016698  0     527
  0.5280   -0.016603  0     528
  0.5290   -0.016617  0     529
  0.5300   -0.016570  0     530
  0.5310   -0.016650  0     531
  0.5320   -0.016633  0     532
  0.5330   -0.016704  0     533
  0.5340   -0.016740  0     534
  0.5350   -0.016778  0     535
  0.5360   -0.016823  0     536
  0.5370   -0.016770  0     537
  0.5380   -0.016792  0     538
  0.5390   -0.016700  0     539
  0.5400   -0.016719  0     540
  0.5410   -0.016629  0     541
  0.5420   -0.016624  0     542
  0.5430   -0.016594  0     543
  0.5440   -0.016623  0     544
  0.5450   -0.016668  0     545
  0.5460   -0.016666  0     546
  0.5470   -0.016753  0     547
  0.5480   -0.016737  0     548
  0.5490   -0.016816  0     549
  0.5500   -0.016771  0     550
  0.5510   -0.016780  0     551
  0.5520   -0.016722  0     552
  0.5530   -0.016695  0     553
  0.5540   -0.016682  0     554
  0.5550   -0.016607  0     555
  0.5560   -0.016639  0     556
  0.5570   -0.016595  0     557
  0.5580   -0.016681  0     558
  0.5590   -0.016663  0     559
  0.5600   -0.016732  0     560
  0.5610   -0.016741  0     561
  0.5620   -0.016770  0     562
  0.5630   -0.016796  0     563
  0.5640   -0.016750  0     564
  0.5650   -0.016758  0     565
  0.5660   -0.016671  0     566
  0.5670   -0.016708  0     567
  0.5680   -0.016622  0     568
  0.5690   -0.016644  0     569
  0.5700   -0.016618  0     570
  0.5710   -0.016650  0     571
  0.5720   -0.016689  0     572
  0.5730   -0.016698  0     573
  0.5740   -0.016758  0     574
  0.5750   -0.016730  0     575
  0.5760   -0.016801  0     576
  0.5770   -0.016744  0     577
  0.5780   -0.016758  0     578
  0.5790   -0.016694  0     579
  0.5800   -0.016683  0     580
  0.5810   -0.016670  0     581
  0.5820   -0.016623  0     582
  0.5830   -0.016659  0     583
  0.5840   -0.016619  0     584
  0.5850   -0.016704  0     585
  0.5860   -0.016681  0     586
  0.5870   -0.016753  0     587
  0.5880   -0.016731  0     588
  0.5890   -0.016762  0     589
  0.5900   -0.016772  0     590
  0.5910   -0.016728  0     591
  0.5920   -0.016735  0     592
  0.5930   -0.016659  0     593
  0.5940   -0.016697  0     594
  0.5950   -0.016623  0     595
  0.5960   -0.016671  0     596
  0.5970   -0.016631  0     597
  0.5980   -0.016675  0     598
  0.5990   -0.016705  0     599
  0.6000   -0.016712  0     600
  0.6010   -0.016761  0     601
  0.6020   -0.016720  0     602
  0.6030   -0.016783  0     603
  0.6040   -0.016720  0     604
  0.6050   -0.016740  0     605
  0.6060   -0.016679  0     606
  0.6070   -0.016678  0     607
  0.6080   -0.016663  0     608
  0.6090   -0.016641  0     609
  0.6100   -0.016679  0     610
  0.6110   -0.016635  0     611
  0.6120   -0.016723  0     612
  0.6130   -0.016692  0     613
  0.6140   -0.016759  0     614
  0.6150   -0.016723  0     615
  0.6160   -0.016755  0     616
  0.6170   -0.016744  0     617
  0.6180   -0.016713  0     618
  0.6190   -0.016723  0     619
  0.6200   -0.016650  0     620
  0.6210   -0.016694  0     621
  0.6220   -0.016632  0     622
  0.6230   -0.016688  0     623
  0.6240   -0.016648  0     624
  0.6250   -0.016692  0     625
  0.6260   -0.016713  0     626
  0.6270   -0.016720  0     627
  0.6280   -0.016755  0     628
  0.6290   -0.016714  0     629
  0.6300   -0.016766  0     630
  0.6310   -0.016697  0     631
  0.6320   -0.016734  0     632
  0.6330   -0.016670  0     633
  0.6340   -0.016674  0     634
  0.6350   -0.016667  0     635
  0.6360   -0.016658  0     636
  0.6370   -0.016689  0     637
  0.6380   -0.016656  0     638
  0.6390   -0.016732  0     639
  0.6400   -0.016694  0     640
  0.6410   -0.016762  0     641
  0.6420   -0.016714  0     642
  0.6430   -0.016745  0     643
  0.6440   -0.016722  0     644
  0.6450   -0.016705  0     645
  0.6460   -0.016712  0     646
  0.6470   -0.016649  0     647
  0.6480   -0.016694  0     648
  0.6490   -0.016643  0     649
  0.6500   -0.016703  0     650
  0.6510   -0.016659  0     651
  0.6520   -0.016711  0     652
  0.6530   -0.016712  0     653
  0.6540   -0.016722  0     654
  0.6550   -0.016751  0     655
  0.6560   -0.016708  0     656
  0.6570   -0.016747  0     657
  0.6580   -0.016686  0     658
  0.6590   -0.016728  0     659
  0.6600   -0.016659  0     660
  0.6610   -0.016685  0     661
  0.6620   -0.016667  0     662
  0.6630   -0.016672  0     663
  0.6640   -0.016700  0     664
  0.6650   -0.016670  0     665
  0.6660   -0.016737  0     666
  0.6670   -0.016692  0     667
  0.6680   -0.016759  0     668
  0.6690   -0.016708  0     669
  0.6700   -0.016735  0     670
  0.6710   -0.016704  0     671
  0.6720   -0.016703  0     672
  0.6730   -0.016702  0     673
  0.6740   -0.016654  0     674
  0.6750   -0.016701  0     675
  0.6760   -0.016648  0     676
  0.6770   -0.016713  0     677
  0.6780   -0.016672  0     678
  0.6790   -0.016721  0     679
  0.6800   -0.016706  0     680
  0.6810   -0.016727  0     681
  0.6820   -0.016739  0     682
  0.6830   -0.016702  0     683
  0.6840   -0.016735  0     684
  0.6850   -0.016678  0     685
  0.6860   -0.016723  0     686
  0.6870   -0.016658  0     687
  0.6880   -0.016693  0     688
  0.6890   -0.016669  0     689
  0.6900   -0.016685  0     690
  0.6910   -0.016704  0     691
  0.6920   -0.016685  0     692
  0.6930   -0.016735  0     693
  0.6940   -0.016690  0     694
  0.6950   -0.016759  0     695
  0.6960   -0.016694  0     696
  0.6970   -0.016731  0     697
  0.6980   -0.016694  0     698
  0.6990   -0.016699  0     699
  0.7000   -0.016695  0     700
  0.7010   -0.016666  0     701
  0.7020   -0.016700  0     702
  0.7030   -0.016657  0     703
  0.7040   -0.016723  0     704
  0.7050   -0.016676  0     705
  0.7060   -0.016730  0     706
  0.7070   -0.016699  0     707
  0.7080   -0.016728  0     708
  0.7090   -0.016727  0     709
  0.7100   -0.016699  0     710
  0.7110   -0.016726  0     711
  0.7120   -0.016673  0     712
  0.7130   -0.016718  0     713
  0.7140   -0.016660  0     714
  0.7150   -0.016704  0     715
  0.7160   -0.016667  0     716
  0.7170   -0.016697  0     717
  0.7180   -0.016708  0     718
  0.7190   -0.016692  0     719
  0.7200   -0.016733  0     720
  0.7210   -0.016691  0     721
  0.7220   -0.016750  0     722
  0.7230   -0.016686  0     723
  0.7240   -0.016732  0     724
  0.7250   -0.016680  0     725
  0.7260   -0.016702  0     726
  0.7270   -0.016690  0     727
  0.7280   -0.016676  0     728
  0.7290   -0.016703  0     729
  0.7300   -0.016664  0     730
  0.7310   -0.016727  0     731
  0.7320   -0.016681  0     732
  0.7330   -0.016732  0     733
  0.7340   -0.016696  0     734
  0.7350   -0.016728  0     735
  0.7360   -0.016713  0     736
  0.7370   -0.016701  0     737
  0.7380   -0.016718  0     738
  0.7390   -0.016668  0     739
  0.7400   -0.016718  0     740
  0.7410   -0.016663  0     741
  0.7420   -0.016709  0     742
  0.7430   -0.016671  0     743
  0.7440   -0.016707  0     744
  0.7450   -0.016704  0     745
  0.7460   -0.016702  0     746
  0.7470   -0.016727  0     747
  0.7480   -0.016692  0     748
  0.7490   -0.016740  0     749
  0.7500   -0.016683  0     750
  0.7510   -0.016730  0     751
  0.7520   -0.016673  0     752
  0.7530   -0.016706  0     753
  0.7540   -0.016685  0     754
  0.7550   -0.016689  0     755
  0.7560   -0.016699  0     756
  0.7570   -0.016677  0     757
  0.7580   -0.016727  0     758
  0.7590   -0.016680  0     759
  0.7600   -0.016738  0     760
  0.7610   -0.016690  0     761
  0.7620   -0.016725  0     762
  0.7630   -0.016704  0     763
  0.7640   -0.016704  0     764
  0.7650   -0.016707  0     765
  0.7660   -0.016674  0     766
  0.7670   -0.016715  0     767
  0.7680   -0.016666  0     768
  0.7690   -0.016718  0     769
  0.7700   -0.016670  0     770
  0.7710   -0.016717  0     771
  0.7720   -0.016697  0     772
  0.7730   -0.016710  0     773
  0.7740   -0.016721  0     774
  0.7750   -0.016692  0     775
  0.7760   -0.016731  0     776
  0.7770   -0.016682  0     777
  0.7780   -0.016728  0     778
  0.7790   -0.016668  0     779
  0.7800   -0.016713  0     780
  0.7810   -0.016680  0     781
  0.7820   -0.016697  0     782
  0.7830   -0.016700  0     783
  0.7840   -0.016685  0     784
  0.7850   -0.016723  0     785
  0.7860   -0.016685  0     786
  0.7870   -0.016738  0     787
  0.7880   -0.016684  0     788
  0.7890   -0.016727  0     789
  0.7900   -0.016693  0     790
  0.7910   -0.016708  0     791
  0.7920   -0.016700  0     792
  0.7930   -0.016680  0     793
  0.7940   -0.016713  0     794
  0.7950   -0.016670  0     795
  0.7960   -0.016721  0     796
  0.7970   -0.016674  0     797
  0.7980   -0.016722  0     798
  0.7990   -0.016690  0     799
  0.8000   -0.016720  0     800
