Time,   0.8000
     1,  EL1,      MATEL, BAX21E,   0,     0.5006,    0.0000,  0.000000e+00, -2.506146e-01, -9.055094e-04,  0.000000e+00, -1.994328e+00, -3.622038e+00,
     1,  EL1,      MATEL, BAX21E,   1,     0.5025,    0.0000,  0.000000e+00, -2.487886e-01, -9.002376e-04,  0.000000e+00, -1.979797e+00, -3.600950e+00,
     1,  EL1,      MATEL, BAX21E,   2,     0.5044,    0.0000,  0.000000e+00, -2.469626e-01, -8.985019e-04,  0.000000e+00, -1.965266e+00, -3.594007e+00,
     2,  EL1,      MATEL, BAX21E,   0,     0.5056,    0.0000,  0.000000e+00, -2.459160e-01, -8.964525e-04,  0.000000e+00, -1.956937e+00, -3.585810e+00,
     2,  EL1,      MATEL, BAX21E,   1,     0.5075,    0.0000,  0.000000e+00, -2.441409e-01, -8.912446e-04,  0.000000e+00, -1.942812e+00, -3.564979e+00,
     2,  EL1,      MATEL, BAX21E,   2,     0.5094,    0.0000,  0.000000e+00, -2.423658e-01, -8.894742e-04,  0.000000e+00, -1.928686e+00, -3.557897e+00,
     3,  EL1,      MATEL, BAX21E,   0,     0.5106,    0.0000,  0.000000e+00, -2.413467e-01, -8.874364e-04,  0.000000e+00, -1.920576e+00, -3.549746e+00,
     3,  EL1,      MATEL, BAX21E,   1,     0.5125,    0.0000,  0.000000e+00, -2.396152e-01, -8.822868e-04,  0.000000e+00, -1.906797e+00, -3.529147e+00,
     3,  EL1,      MATEL, BAX21E,   2,     0.5144,    0.0000,  0.000000e+00, -2.378837e-01, -8.804903e-04,  0.000000e+00, -1.893018e+00, -3.521961e+00,
     4,  EL1,      MATEL, BAX21E,   0,     0.5156,    0.0000,  0.000000e+00, -2.368842e-01, -8.784747e-04,  0.000000e+00, -1.885065e+00, -3.513899e+00,
     4,  EL1,      MATEL, BAX21E,   1,     0.5175,    0.0000,  0.000000e+00, -2.351675e-01, -8.733583e-04,  0.000000e+00, -1.871403e+00, -3.493433e+00,
     4,  EL1,      MATEL, BAX21E,   2,     0.5194,    0.0000,  0.000000e+00, -2.334508e-01, -8.715662e-04,  0.000000e+00, -1.857742e+00, -3.486265e+00,
     5,  EL1,      MATEL, BAX21E,   0,     0.5206,    0.0000,  0.000000e+00, -2.324529e-01, -8.695709e-04,  0.000000e+00, -1.849801e+00, -3.478284e+00,
     5,  EL1,      MATEL, BAX21E,   1,     0.5225,    0.0000,  0.000000e+00, -2.307313e-01, -8.644723e-04,  0.000000e+00, -1.836101e+00, -3.457889e+00,
     5,  EL1,      MATEL, BAX21E,   2,     0.5244,    0.0000,  0.000000e+00, -2.290097e-01, -8.627075e-04,  0.000000e+00, -1.822401e+00, -3.450830e+00,
     6,  EL1,      MATEL, BAX21E,   0,     0.5256,    0.0000,  0.000000e+00, -2.280008e-01, -8.607339e-04,  0.000000e+00, -1.814373e+00, -3.442936e+00,
     6,  EL1,      MATEL, BAX21E,   1,     0.5275,    0.0000,  0.000000e+00, -2.262572e-01, -8.556412e-04,  0.000000e+00, -1.800498e+00, -3.422565e+00,
     6,  EL1,      MATEL, BAX21E,   2,     0.5294,    0.0000,  0.000000e+00, -2.245136e-01, -8.539249e-04,  0.000000e+00, -1.786623e+00, -3.415700e+00,
     7,  EL1,      MATEL, BAX21E,   0,     0.5306,    0.0000,  0.000000e+00, -2.234931e-01, -8.519683e-04,  0.000000e+00, -1.778502e+00, -3.407873e+00,
     7,  EL1,      MATEL, BAX21E,   1,     0.5325,    0.0000,  0.000000e+00, -2.217282e-01, -8.468876e-04,  0.000000e+00, -1.764457e+00, -3.387550e+00,
     7,  EL1,      MATEL, BAX21E,   2,     0.5344,    0.0000,  0.000000e+00, -2.199633e-01, -8.452245e-04,  0.000000e+00, -1.750413e+00, -3.380898e+00,
     8,  EL1,      MATEL, BAX21E,   0,     0.5356,    0.0000,  0.000000e+00, -2.189243e-01, -8.432891e-04,  0.000000e+00, -1.742144e+00, -3.373157e+00,
     8,  EL1,      MATEL, BAX21E,   1,     0.5375,    0.0000,  0.000000e+00, -2.171367e-01, -8.382250e-04,  0.000000e+00, -1.727919e+00, -3.352900e+00,
     8,  EL1,      MATEL, BAX21E,   2,     0.5394,    0.0000,  0.000000e+00, -2.153491e-01, -8.366224e-04,  0.000000e+00, -1.713694e+00, -3.346490e+00,
     9,  EL1,      MATEL, BAX21E,   0,     0.5406,    0.0000,  0.000000e+00, -2.143075e-01, -8.346923e-04,  0.000000e+00, -1.705405e+00, -3.338769e+00,
     9,  EL1,      MATEL, BAX21E,   1,     0.5425,    0.0000,  0.000000e+00, -2.125411e-01, -8.296937e-04,  0.000000e+00, -1.691349e+00, -3.318775e+00,
     9,  EL1,      MATEL, BAX21E,   2,     0.5444,    0.0000,  0.000000e+00, -2.107748e-01, -8.281156e-04,  0.000000e+00, -1.677292e+00, -3.312462e+00,
    10,  EL1,      MATEL, BAX21E,   0,     0.5456,    0.0000,  0.000000e+00, -2.097564e-01, -8.262116e-04,  0.000000e+00, -1.669189e+00, -3.304846e+00,
    10,  EL1,      MATEL, BAX21E,   1,     0.5475,    0.0000,  0.000000e+00, -2.080157e-01, -8.212896e-04,  0.000000e+00, -1.655336e+00, -3.285158e+00,
    10,  EL1,      MATEL, BAX21E,   2,     0.5494,    0.0000,  0.000000e+00, -2.062749e-01, -8.197385e-04,  0.000000e+00, -1.641484e+00, -3.278954e+00,
    11,  EL1,      MATEL, BAX21E,   0,     0.5506,    0.0000,  0.000000e+00, -2.052646e-01, -8.178711e-04,  0.000000e+00, -1.633444e+00, -3.271484e+00,
    11,  EL1,      MATEL, BAX21E,   1,     0.5525,    0.0000,  0.000000e+00, -2.035386e-01, -8.130214e-04,  0.000000e+00, -1.619709e+00, -3.252086e+00,
    11,  EL1,      MATEL, BAX21E,   2,     0.5544,    0.0000,  0.000000e+00, -2.018126e-01, -8.115141e-04,  0.000000e+00, -1.605974e+00, -3.246056e+00,
    12,  EL1,      MATEL, BAX21E,   0,     0.5556,    0.0000,  0.000000e+00, -2.008123e-01, -8.096775e-04,  0.000000e+00, -1.598013e+00, -3.238710e+00,
    12,  EL1,      MATEL, BAX21E,   1,     0.5575,    0.0000,  0.000000e+00, -1.991118e-01, -8.049165e-04,  0.000000e+00, -1.584482e+00, -3.219666e+00,
    12,  EL1,      MATEL, BAX21E,   2,     0.5594,    0.0000,  0.000000e+00, -1.974114e-01, -8.034483e-04,  0.000000e+00, -1.570950e+00, -3.213793e+00,
    13,  EL1,      MATEL, BAX21E,   0,     0.5606,    0.0000,  0.000000e+00, -1.964294e-01, -8.016433e-04,  0.000000e+00, -1.563136e+00, -3.206573e+00,
    13,  EL1,      MATEL, BAX21E,   1,     0.5625,    0.0000,  0.000000e+00, -1.947712e-01, -7.969922e-04,  0.000000e+00, -1.549940e+00, -3.187969e+00,
    13,  EL1,      MATEL, BAX21E,   2,     0.5644,    0.0000,  0.000000e+00, -1.931129e-01, -7.955524e-04,  0.000000e+00, -1.536744e+00, -3.182209e+00,
    14,  EL1,      MATEL, BAX21E,   0,     0.5656,    0.0000,  0.000000e+00, -1.921628e-01, -7.937795e-04,  0.000000e+00, -1.529183e+00, -3.175118e+00,
    14,  EL1,      MATEL, BAX21E,   1,     0.5675,    0.0000,  0.000000e+00, -1.905681e-01, -7.892636e-04,  0.000000e+00, -1.516493e+00, -3.157054e+00,
    14,  EL1,      MATEL, BAX21E,   2,     0.5694,    0.0000,  0.000000e+00, -1.889734e-01, -7.878357e-04,  0.000000e+00, -1.503803e+00, -3.151343e+00,
    15,  EL1,      MATEL, BAX21E,   0,     0.5706,    0.0000,  0.000000e+00, -1.880645e-01, -7.861032e-04,  0.000000e+00, -1.496570e+00, -3.144413e+00,
    15,  EL1,      MATEL, BAX21E,   1,     0.5725,    0.0000,  0.000000e+00, -1.865412e-01, -7.817333e-04,  0.000000e+00, -1.484448e+00, -3.126933e+00,
    15,  EL1,      MATEL, BAX21E,   2,     0.5744,    0.0000,  0.000000e+00, -1.850178e-01, -7.803134e-04,  0.000000e+00, -1.472325e+00, -3.121254e+00,
    16,  EL1,      MATEL, BAX21E,   0,     0.5756,    0.0000,  0.000000e+00, -1.841520e-01, -7.786233e-04,  0.000000e+00, -1.465435e+00, -3.114493e+00,
    16,  EL1,      MATEL, BAX21E,   1,     0.5775,    0.0000,  0.000000e+00, -1.827069e-01, -7.744083e-04,  0.000000e+00, -1.453935e+00, -3.097633e+00,
    16,  EL1,      MATEL, BAX21E,   2,     0.5794,    0.0000,  0.000000e+00, -1.812617e-01, -7.729919e-04,  0.000000e+00, -1.442435e+00, -3.091968e+00,
    17,  EL1,      MATEL, BAX21E,   0,     0.5806,    0.0000,  0.000000e+00, -1.804449e-01, -7.713503e-04,  0.000000e+00, -1.435935e+00, -3.085401e+00,
    17,  EL1,      MATEL, BAX21E,   1,     0.5825,    0.0000,  0.000000e+00, -1.790728e-01, -7.672863e-04,  0.000000e+00, -1.425016e+00, -3.069145e+00,
    17,  EL1,      MATEL, BAX21E,   2,     0.5844,    0.0000,  0.000000e+00, -1.777007e-01, -7.658794e-04,  0.000000e+00, -1.414097e+00, -3.063518e+00,
    18,  EL1,      MATEL, BAX21E,   0,     0.5856,    0.0000,  0.000000e+00, -1.769187e-01, -7.642975e-04,  0.000000e+00, -1.407874e+00, -3.057190e+00,
    18,  EL1,      MATEL, BAX21E,   1,     0.5875,    0.0000,  0.000000e+00, -1.755890e-01, -7.603541e-04,  0.000000e+00, -1.397293e+00, -3.041417e+00,
    18,  EL1,      MATEL, BAX21E,   2,     0.5894,    0.0000,  0.000000e+00, -1.742593e-01, -7.589858e-04,  0.000000e+00, -1.386711e+00, -3.035943e+00,
    19,  EL1,      MATEL, BAX21E,   0,     0.5906,    0.0000,  0.000000e+00, -1.734925e-01, -7.574539e-04,  0.000000e+00, -1.380610e+00, -3.029816e+00,
    19,  EL1,      MATEL, BAX21E,   1,     0.5925,    0.0000,  0.000000e+00, -1.721954e-01, -7.536197e-04,  0.000000e+00, -1.370288e+00, -3.014479e+00,
    19,  EL1,      MATEL, BAX21E,   2,     0.5944,    0.0000,  0.000000e+00, -1.708983e-01, -7.522974e-04,  0.000000e+00, -1.359965e+00, -3.009190e+00,
    20,  EL1,      MATEL, BAX21E,   0,     0.5956,    0.0000,  0.000000e+00, -1.701549e-01, -7.508038e-04,  0.000000e+00, -1.354050e+00, -3.003215e+00,
    20,  EL1,      MATEL, BAX21E,   1,     0.5975,    0.0000,  0.000000e+00, -1.689042e-01, -7.470891e-04,  0.000000e+00, -1.344097e+00, -2.988356e+00,
    20,  EL1,      MATEL, BAX21E,   2,     0.5994,    0.0000,  0.000000e+00, -1.676535e-01, -7.457964e-04,  0.000000e+00, -1.334144e+00, -2.983186e+00,
    21,  EL1,      MATEL, BAX21E,   0,     0.6006,    0.0000,  0.000000e+00, -1.669398e-01, -7.443492e-04,  0.000000e+00, -1.328465e+00, -2.977397e+00,
    21,  EL1,      MATEL, BAX21E,   1,     0.6025,    0.0000,  0.000000e+00, -1.657257e-01, -7.407404e-04,  0.000000e+00, -1.318803e+00, -2.962962e+00,
    21,  EL1,      MATEL, BAX21E,   2,     0.6044,    0.0000,  0.000000e+00, -1.645115e-01, -7.394828e-04,  0.000000e+00, -1.309141e+00, -2.957931e+00,
    22,  EL1,      MATEL, BAX21E,   0,     0.6056,    0.0000,  0.000000e+00, -1.638109e-01, -7.380865e-04,  0.000000e+00, -1.303566e+00, -2.952346e+00,
    22,  EL1,      MATEL, BAX21E,   1,     0.6075,    0.0000,  0.000000e+00, -1.626071e-01, -7.345531e-04,  0.000000e+00, -1.293986e+00, -2.938213e+00,
    22,  EL1,      MATEL, BAX21E,   2,     0.6094,    0.0000,  0.000000e+00, -1.614032e-01, -7.333510e-04,  0.000000e+00, -1.284406e+00, -2.933404e+00,
    23,  EL1,      MATEL, BAX21E,   0,     0.6106,    0.0000,  0.000000e+00, -1.607024e-01, -7.319976e-04,  0.000000e+00, -1.278829e+00, -2.927991e+00,
    23,  EL1,      MATEL, BAX21E,   1,     0.6125,    0.0000,  0.000000e+00, -1.594939e-01, -7.285195e-04,  0.000000e+00, -1.269212e+00, -2.914078e+00,
    23,  EL1,      MATEL, BAX21E,   2,     0.6144,    0.0000,  0.000000e+00, -1.582855e-01, -7.273815e-04,  0.000000e+00, -1.259596e+00, -2.909526e+00,
    24,  EL1,      MATEL, BAX21E,   0,     0.6156,    0.0000,  0.000000e+00, -1.575789e-01, -7.260668e-04,  0.000000e+00, -1.253973e+00, -2.904267e+00,
    24,  EL1,      MATEL, BAX21E,   1,     0.6175,    0.0000,  0.000000e+00, -1.563526e-01, -7.226249e-04,  0.000000e+00, -1.244215e+00, -2.890500e+00,
    24,  EL1,      MATEL, BAX21E,   2,     0.6194,    0.0000,  0.000000e+00, -1.551263e-01, -7.215578e-04,  0.000000e+00, -1.234456e+00, -2.886231e+00,
    25,  EL1,      MATEL, BAX21E,   0,     0.6206,    0.0000,  0.000000e+00, -1.544038e-01, -7.202770e-04,  0.000000e+00, -1.228706e+00, -2.881108e+00,
    25,  EL1,      MATEL, BAX21E,   1,     0.6225,    0.0000,  0.000000e+00, -1.531491e-01, -7.168549e-04,  0.000000e+00, -1.218722e+00, -2.867420e+00,
    25,  EL1,      MATEL, BAX21E,   2,     0.6244,    0.0000,  0.000000e+00, -1.518944e-01, -7.158625e-04,  0.000000e+00, -1.208738e+00, -2.863450e+00,
    26,  EL1,      MATEL, BAX21E,   0,     0.6256,    0.0000,  0.000000e+00, -1.511549e-01, -7.146019e-04,  0.000000e+00, -1.202852e+00, -2.858408e+00,
    26,  EL1,      MATEL, BAX21E,   1,     0.6275,    0.0000,  0.000000e+00, -1.498847e-01, -7.112062e-04,  0.000000e+00, -1.192745e+00, -2.844825e+00,
    26,  EL1,      MATEL, BAX21E,   2,     0.6294,    0.0000,  0.000000e+00, -1.486145e-01, -7.102701e-04,  0.000000e+00, -1.182637e+00, -2.841080e+00,
    27,  EL1,      MATEL, BAX21E,   0,     0.6306,    0.0000,  0.000000e+00, -1.478740e-01, -7.090216e-04,  0.000000e+00, -1.176744e+00, -2.836087e+00,
    27,  EL1,      MATEL, BAX21E,   1,     0.6325,    0.0000,  0.000000e+00, -1.466122e-01, -7.056701e-04,  0.000000e+00, -1.166703e+00, -2.822681e+00,
    27,  EL1,      MATEL, BAX21E,   2,     0.6344,    0.0000,  0.000000e+00, -1.453504e-01, -7.047622e-04,  0.000000e+00, -1.156662e+00, -2.819049e+00,
    28,  EL1,      MATEL, BAX21E,   0,     0.6356,    0.0000,  0.000000e+00, -1.446203e-01, -7.035313e-04,  0.000000e+00, -1.150851e+00, -2.814125e+00,
    28,  EL1,      MATEL, BAX21E,   1,     0.6375,    0.0000,  0.000000e+00, -1.433715e-01, -7.002243e-04,  0.000000e+00, -1.140914e+00, -2.800897e+00,
    28,  EL1,      MATEL, BAX21E,   2,     0.6394,    0.0000,  0.000000e+00, -1.421227e-01, -6.993357e-04,  0.000000e+00, -1.130976e+00, -2.797343e+00,
    29,  EL1,      MATEL, BAX21E,   0,     0.6406,    0.0000,  0.000000e+00, -1.413975e-01, -6.981263e-04,  0.000000e+00, -1.125206e+00, -2.792505e+00,
    29,  EL1,      MATEL, BAX21E,   1,     0.6425,    0.0000,  0.000000e+00, -1.401522e-01, -6.948514e-04,  0.000000e+00, -1.115295e+00, -2.779406e+00,
    29,  EL1,      MATEL, BAX21E,   2,     0.6444,    0.0000,  0.000000e+00, -1.389068e-01, -6.939880e-04,  0.000000e+00, -1.105385e+00, -2.775952e+00,
    30,  EL1,      MATEL, BAX21E,   0,     0.6456,    0.0000,  0.000000e+00, -1.381809e-01, -6.927940e-04,  0.000000e+00, -1.099609e+00, -2.771176e+00,
    30,  EL1,      MATEL, BAX21E,   1,     0.6475,    0.0000,  0.000000e+00, -1.369401e-01, -6.895498e-04,  0.000000e+00, -1.089734e+00, -2.758199e+00,
    30,  EL1,      MATEL, BAX21E,   2,     0.6494,    0.0000,  0.000000e+00, -1.356992e-01, -6.887086e-04,  0.000000e+00, -1.079860e+00, -2.754834e+00,
    31,  EL1,      MATEL, BAX21E,   0,     0.6506,    0.0000,  0.000000e+00, -1.349790e-01, -6.875229e-04,  0.000000e+00, -1.074129e+00, -2.750092e+00,
    31,  EL1,      MATEL, BAX21E,   1,     0.6525,    0.0000,  0.000000e+00, -1.337576e-01, -6.843232e-04,  0.000000e+00, -1.064409e+00, -2.737293e+00,
    31,  EL1,      MATEL, BAX21E,   2,     0.6544,    0.0000,  0.000000e+00, -1.325362e-01, -6.834887e-04,  0.000000e+00, -1.054690e+00, -2.733955e+00,
    32,  EL1,      MATEL, BAX21E,   0,     0.6556,    0.0000,  0.000000e+00, -1.318327e-01, -6.823107e-04,  0.000000e+00, -1.049092e+00, -2.729243e+00,
    32,  EL1,      MATEL, BAX21E,   1,     0.6575,    0.0000,  0.000000e+00, -1.306471e-01, -6.791717e-04,  0.000000e+00, -1.039657e+00, -2.716687e+00,
    32,  EL1,      MATEL, BAX21E,   2,     0.6594,    0.0000,  0.000000e+00, -1.294615e-01, -6.783287e-04,  0.000000e+00, -1.030222e+00, -2.713315e+00,
    33,  EL1,      MATEL, BAX21E,   0,     0.6606,    0.0000,  0.000000e+00, -1.287831e-01, -6.771613e-04,  0.000000e+00, -1.024823e+00, -2.708645e+00,
    33,  EL1,      MATEL, BAX21E,   1,     0.6625,    0.0000,  0.000000e+00, -1.276443e-01, -6.740957e-04,  0.000000e+00, -1.015761e+00, -2.696383e+00,
    33,  EL1,      MATEL, BAX21E,   2,     0.6644,    0.0000,  0.000000e+00, -1.265056e-01, -6.732353e-04,  0.000000e+00, -1.006699e+00, -2.692941e+00,
    34,  EL1,      MATEL, BAX21E,   0,     0.6656,    0.0000,  0.000000e+00, -1.258572e-01, -6.720832e-04,  0.000000e+00, -1.001540e+00, -2.688333e+00,
    34,  EL1,      MATEL, BAX21E,   1,     0.6675,    0.0000,  0.000000e+00, -1.247688e-01, -6.690973e-04,  0.000000e+00, -9.928788e-01, -2.676389e+00,
    34,  EL1,      MATEL, BAX21E,   2,     0.6694,    0.0000,  0.000000e+00, -1.236804e-01, -6.682191e-04,  0.000000e+00, -9.842176e-01, -2.672876e+00,
    35,  EL1,      MATEL, BAX21E,   0,     0.6706,    0.0000,  0.000000e+00, -1.230610e-01, -6.670893e-04,  0.000000e+00, -9.792885e-01, -2.668357e+00,
    35,  EL1,      MATEL, BAX21E,   1,     0.6725,    0.0000,  0.000000e+00, -1.220149e-01, -6.641792e-04,  0.000000e+00, -9.709635e-01, -2.656717e+00,
    35,  EL1,      MATEL, BAX21E,   2,     0.6744,    0.0000,  0.000000e+00, -1.209687e-01, -6.632949e-04,  0.000000e+00, -9.626385e-01, -2.653180e+00,
    36,  EL1,      MATEL, BAX21E,   0,     0.6756,    0.0000,  0.000000e+00, -1.203696e-01, -6.621927e-04,  0.000000e+00, -9.578706e-01, -2.648771e+00,
    36,  EL1,      MATEL, BAX21E,   1,     0.6775,    0.0000,  0.000000e+00, -1.193513e-01, -6.593486e-04,  0.000000e+00, -9.497673e-01, -2.637395e+00,
    36,  EL1,      MATEL, BAX21E,   2,     0.6794,    0.0000,  0.000000e+00, -1.183330e-01, -6.584765e-04,  0.000000e+00, -9.416640e-01, -2.633906e+00,
    37,  EL1,      MATEL, BAX21E,   0,     0.6806,    0.0000,  0.000000e+00, -1.177459e-01, -6.574009e-04,  0.000000e+00, -9.369924e-01, -2.629604e+00,
    37,  EL1,      MATEL, BAX21E,   1,     0.6825,    0.0000,  0.000000e+00, -1.167493e-01, -6.546216e-04,  0.000000e+00, -9.290616e-01, -2.618486e+00,
    37,  EL1,      MATEL, BAX21E,   2,     0.6844,    0.0000,  0.000000e+00, -1.157527e-01, -6.537721e-04,  0.000000e+00, -9.211307e-01, -2.615089e+00,
    38,  EL1,      MATEL, BAX21E,   0,     0.6856,    0.0000,  0.000000e+00, -1.151788e-01, -6.527208e-04,  0.000000e+00, -9.165639e-01, -2.610883e+00,
    38,  EL1,      MATEL, BAX21E,   1,     0.6875,    0.0000,  0.000000e+00, -1.142095e-01, -6.500161e-04,  0.000000e+00, -9.088506e-01, -2.600064e+00,
    38,  EL1,      MATEL, BAX21E,   2,     0.6894,    0.0000,  0.000000e+00, -1.132403e-01, -6.491885e-04,  0.000000e+00, -9.011374e-01, -2.596754e+00,
    39,  EL1,      MATEL, BAX21E,   0,     0.6906,    0.0000,  0.000000e+00, -1.126852e-01, -6.481652e-04,  0.000000e+00, -8.967203e-01, -2.592661e+00,
    39,  EL1,      MATEL, BAX21E,   1,     0.6925,    0.0000,  0.000000e+00, -1.117460e-01, -6.455422e-04,  0.000000e+00, -8.892466e-01, -2.582169e+00,
    39,  EL1,      MATEL, BAX21E,   2,     0.6944,    0.0000,  0.000000e+00, -1.108069e-01, -6.447379e-04,  0.000000e+00, -8.817729e-01, -2.578951e+00,
    40,  EL1,      MATEL, BAX21E,   0,     0.6956,    0.0000,  0.000000e+00, -1.102682e-01, -6.437520e-04,  0.000000e+00, -8.774868e-01, -2.575008e+00,
    40,  EL1,      MATEL, BAX21E,   1,     0.6975,    0.0000,  0.000000e+00, -1.093457e-01, -6.412011e-04,  0.000000e+00, -8.701454e-01, -2.564804e+00,
    40,  EL1,      MATEL, BAX21E,   2,     0.6994,    0.0000,  0.000000e+00, -1.084231e-01, -6.404367e-04,  0.000000e+00, -8.628040e-01, -2.561747e+00,
    41,  EL1,      MATEL, BAX21E,   0,     0.7006,    0.0000,  0.000000e+00, -1.078876e-01, -6.394944e-04,  0.000000e+00, -8.585422e-01, -2.557978e+00,
    41,  EL1,      MATEL, BAX21E,   1,     0.7025,    0.0000,  0.000000e+00, -1.069581e-01, -6.369950e-04,  0.000000e+00, -8.511452e-01, -2.547980e+00,
    41,  EL1,      MATEL, BAX21E,   2,     0.7044,    0.0000,  0.000000e+00, -1.060285e-01, -6.362957e-04,  0.000000e+00, -8.437482e-01, -2.545183e+00,
    42,  EL1,      MATEL, BAX21E,   0,     0.7056,    0.0000,  0.000000e+00, -1.054817e-01, -6.353950e-04,  0.000000e+00, -8.393967e-01, -2.541580e+00,
    42,  EL1,      MATEL, BAX21E,   1,     0.7075,    0.0000,  0.000000e+00, -1.045288e-01, -6.329321e-04,  0.000000e+00, -8.318136e-01, -2.531728e+00,
    42,  EL1,      MATEL, BAX21E,   2,     0.7094,    0.0000,  0.000000e+00, -1.035759e-01, -6.323145e-04,  0.000000e+00, -8.242306e-01, -2.529258e+00,
    43,  EL1,      MATEL, BAX21E,   0,     0.7106,    0.0000,  0.000000e+00, -1.030127e-01, -6.314487e-04,  0.000000e+00, -8.197492e-01, -2.525795e+00,
    43,  EL1,      MATEL, BAX21E,   1,     0.7125,    0.0000,  0.000000e+00, -1.020356e-01, -6.290209e-04,  0.000000e+00, -8.119738e-01, -2.516084e+00,
    43,  EL1,      MATEL, BAX21E,   2,     0.7144,    0.0000,  0.000000e+00, -1.010585e-01, -6.284852e-04,  0.000000e+00, -8.041984e-01, -2.513941e+00,
    44,  EL1,      MATEL, BAX21E,   0,     0.7156,    0.0000,  0.000000e+00, -1.004832e-01, -6.276495e-04,  0.000000e+00, -7.996198e-01, -2.510598e+00,
    44,  EL1,      MATEL, BAX21E,   1,     0.7175,    0.0000,  0.000000e+00, -9.949054e-02, -6.252631e-04,  0.000000e+00, -7.917205e-01, -2.501052e+00,
    44,  EL1,      MATEL, BAX21E,   2,     0.7194,    0.0000,  0.000000e+00, -9.849789e-02, -6.247990e-04,  0.000000e+00, -7.838213e-01, -2.499196e+00,
    45,  EL1,      MATEL, BAX21E,   0,     0.7206,    0.0000,  0.000000e+00, -9.791649e-02, -6.239921e-04,  0.000000e+00, -7.791946e-01, -2.495968e+00,
    45,  EL1,      MATEL, BAX21E,   1,     0.7225,    0.0000,  0.000000e+00, -9.691574e-02, -6.216509e-04,  0.000000e+00, -7.712310e-01, -2.486603e+00,
    45,  EL1,      MATEL, BAX21E,   2,     0.7244,    0.0000,  0.000000e+00, -9.591499e-02, -6.212476e-04,  0.000000e+00, -7.632673e-01, -2.484990e+00,
    46,  EL1,      MATEL, BAX21E,   0,     0.7256,    0.0000,  0.000000e+00, -9.533030e-02, -6.204697e-04,  0.000000e+00, -7.586144e-01, -2.481879e+00,
    46,  EL1,      MATEL, BAX21E,   1,     0.7275,    0.0000,  0.000000e+00, -9.432293e-02, -6.181703e-04,  0.000000e+00, -7.505980e-01, -2.472681e+00,
    46,  EL1,      MATEL, BAX21E,   2,     0.7294,    0.0000,  0.000000e+00, -9.331555e-02, -6.178216e-04,  0.000000e+00, -7.425816e-01, -2.471286e+00,
    47,  EL1,      MATEL, BAX21E,   0,     0.7306,    0.0000,  0.000000e+00, -9.272648e-02, -6.170711e-04,  0.000000e+00, -7.378939e-01, -2.468284e+00,
    47,  EL1,      MATEL, BAX21E,   1,     0.7325,    0.0000,  0.000000e+00, -9.171055e-02, -6.148056e-04,  0.000000e+00, -7.298094e-01, -2.459222e+00,
    47,  EL1,      MATEL, BAX21E,   2,     0.7344,    0.0000,  0.000000e+00, -9.069462e-02, -6.145075e-04,  0.000000e+00, -7.217248e-01, -2.458030e+00,
    48,  EL1,      MATEL, BAX21E,   0,     0.7356,    0.0000,  0.000000e+00, -9.009975e-02, -6.137789e-04,  0.000000e+00, -7.169911e-01, -2.455116e+00,
    48,  EL1,      MATEL, BAX21E,   1,     0.7375,    0.0000,  0.000000e+00, -8.907699e-02, -6.115423e-04,  0.000000e+00, -7.088522e-01, -2.446169e+00,
    48,  EL1,      MATEL, BAX21E,   2,     0.7394,    0.0000,  0.000000e+00, -8.805423e-02, -6.112863e-04,  0.000000e+00, -7.007133e-01, -2.445145e+00,
    49,  EL1,      MATEL, BAX21E,   0,     0.7406,    0.0000,  0.000000e+00, -8.745686e-02, -6.105711e-04,  0.000000e+00, -6.959596e-01, -2.442285e+00,
    49,  EL1,      MATEL, BAX21E,   1,     0.7425,    0.0000,  0.000000e+00, -8.643931e-02, -6.083680e-04,  0.000000e+00, -6.878622e-01, -2.433472e+00,
    49,  EL1,      MATEL, BAX21E,   2,     0.7444,    0.0000,  0.000000e+00, -8.542176e-02, -6.081353e-04,  0.000000e+00, -6.797648e-01, -2.432541e+00,
    50,  EL1,      MATEL, BAX21E,   0,     0.7456,    0.0000,  0.000000e+00, -8.483275e-02, -6.074250e-04,  0.000000e+00, -6.750776e-01, -2.429700e+00,
    50,  EL1,      MATEL, BAX21E,   1,     0.7475,    0.0000,  0.000000e+00, -8.384257e-02, -6.052698e-04,  0.000000e+00, -6.671980e-01, -2.421079e+00,
    50,  EL1,      MATEL, BAX21E,   2,     0.7494,    0.0000,  0.000000e+00, -8.285239e-02, -6.050322e-04,  0.000000e+00, -6.593184e-01, -2.420129e+00,
    51,  EL1,      MATEL, BAX21E,   0,     0.7506,    0.0000,  0.000000e+00, -8.228702e-02, -6.043227e-04,  0.000000e+00, -6.548193e-01, -2.417291e+00,
    51,  EL1,      MATEL, BAX21E,   1,     0.7525,    0.0000,  0.000000e+00, -8.134653e-02, -6.022311e-04,  0.000000e+00, -6.473351e-01, -2.408925e+00,
    51,  EL1,      MATEL, BAX21E,   2,     0.7544,    0.0000,  0.000000e+00, -8.040604e-02, -6.019608e-04,  0.000000e+00, -6.398509e-01, -2.407843e+00,
    52,  EL1,      MATEL, BAX21E,   0,     0.7556,    0.0000,  0.000000e+00, -7.987531e-02, -6.012544e-04,  0.000000e+00, -6.356275e-01, -2.405018e+00,
    52,  EL1,      MATEL, BAX21E,   1,     0.7575,    0.0000,  0.000000e+00, -7.899408e-02, -5.992307e-04,  0.000000e+00, -6.286149e-01, -2.396923e+00,
    52,  EL1,      MATEL, BAX21E,   2,     0.7594,    0.0000,  0.000000e+00, -7.811286e-02, -5.989135e-04,  0.000000e+00, -6.216024e-01, -2.395654e+00,
    53,  EL1,      MATEL, BAX21E,   0,     0.7606,    0.0000,  0.000000e+00, -7.761694e-02, -5.982146e-04,  0.000000e+00, -6.176560e-01, -2.392858e+00,
    53,  EL1,      MATEL, BAX21E,   1,     0.7625,    0.0000,  0.000000e+00, -7.678840e-02, -5.962489e-04,  0.000000e+00, -6.110627e-01, -2.384996e+00,
    53,  EL1,      MATEL, BAX21E,   2,     0.7644,    0.0000,  0.000000e+00, -7.595986e-02, -5.958877e-04,  0.000000e+00, -6.044693e-01, -2.383551e+00,
    54,  EL1,      MATEL, BAX21E,   0,     0.7656,    0.0000,  0.000000e+00, -7.549071e-02, -5.951973e-04,  0.000000e+00, -6.007360e-01, -2.380789e+00,
    54,  EL1,      MATEL, BAX21E,   1,     0.7675,    0.0000,  0.000000e+00, -7.470234e-02, -5.932756e-04,  0.000000e+00, -5.944623e-01, -2.373102e+00,
    54,  EL1,      MATEL, BAX21E,   2,     0.7694,    0.0000,  0.000000e+00, -7.391397e-02, -5.928806e-04,  0.000000e+00, -5.881887e-01, -2.371522e+00,
    55,  EL1,      MATEL, BAX21E,   0,     0.7706,    0.0000,  0.000000e+00, -7.346485e-02, -5.921949e-04,  0.000000e+00, -5.846147e-01, -2.368780e+00,
    55,  EL1,      MATEL, BAX21E,   1,     0.7725,    0.0000,  0.000000e+00, -7.271140e-02, -5.903121e-04,  0.000000e+00, -5.786190e-01, -2.361248e+00,
    55,  EL1,      MATEL, BAX21E,   2,     0.7744,    0.0000,  0.000000e+00, -7.195796e-02, -5.898884e-04,  0.000000e+00, -5.726232e-01, -2.359553e+00,
    56,  EL1,      MATEL, BAX21E,   0,     0.7756,    0.0000,  0.000000e+00, -7.152946e-02, -5.892042e-04,  0.000000e+00, -5.692133e-01, -2.356817e+00,
    56,  EL1,      MATEL, BAX21E,   1,     0.7775,    0.0000,  0.000000e+00, -7.081446e-02, -5.873656e-04,  0.000000e+00, -5.635236e-01, -2.349462e+00,
    56,  EL1,      MATEL, BAX21E,   2,     0.7794,    0.0000,  0.000000e+00, -7.009946e-02, -5.869116e-04,  0.000000e+00, -5.578338e-01, -2.347646e+00,
    57,  EL1,      MATEL, BAX21E,   0,     0.7806,    0.0000,  0.000000e+00, -6.969527e-02, -5.862318e-04,  0.000000e+00, -5.546173e-01, -2.344927e+00,
    57,  EL1,      MATEL, BAX21E,   1,     0.7825,    0.0000,  0.000000e+00, -6.901945e-02, -5.844418e-04,  0.000000e+00, -5.492393e-01, -2.337767e+00,
    57,  EL1,      MATEL, BAX21E,   2,     0.7844,    0.0000,  0.000000e+00, -6.834363e-02, -5.839605e-04,  0.000000e+00, -5.438613e-01, -2.335842e+00,
    58,  EL1,      MATEL, BAX21E,   0,     0.7856,    0.0000,  0.000000e+00, -6.796105e-02, -5.832938e-04,  0.000000e+00, -5.408168e-01, -2.333175e+00,
    58,  EL1,      MATEL, BAX21E,   1,     0.7875,    0.0000,  0.000000e+00, -6.731150e-02, -5.815450e-04,  0.000000e+00, -5.356479e-01, -2.326180e+00,
    58,  EL1,      MATEL, BAX21E,   2,     0.7894,    0.0000,  0.000000e+00, -6.666196e-02, -5.810541e-04,  0.000000e+00, -5.304790e-01, -2.324217e+00,
    59,  EL1,      MATEL, BAX21E,   0,     0.7906,    0.0000,  0.000000e+00, -6.628855e-02, -5.804082e-04,  0.000000e+00, -5.275076e-01, -2.321633e+00,
    59,  EL1,      MATEL, BAX21E,   1,     0.7925,    0.0000,  0.000000e+00, -6.564188e-02, -5.786840e-04,  0.000000e+00, -5.223615e-01, -2.314736e+00,
    59,  EL1,      MATEL, BAX21E,   2,     0.7944,    0.0000,  0.000000e+00, -6.499521e-02, -5.782120e-04,  0.000000e+00, -5.172154e-01, -2.312848e+00,
    60,  EL1,      MATEL, BAX21E,   0,     0.7956,    0.0000,  0.000000e+00, -6.461587e-02, -5.775889e-04,  0.000000e+00, -5.141967e-01, -2.310356e+00,
    60,  EL1,      MATEL, BAX21E,   1,     0.7975,    0.0000,  0.000000e+00, -6.395271e-02, -5.758764e-04,  0.000000e+00, -5.089195e-01, -2.303506e+00,
    60,  EL1,      MATEL, BAX21E,   2,     0.7994,    0.0000,  0.000000e+00, -6.328956e-02, -5.754481e-04,  0.000000e+00, -5.036423e-01, -2.301792e+00,
    61,  EL1,      MATEL, BAX21E,   0,     0.8006,    0.0000,  0.000000e+00, -6.289664e-02, -5.748448e-04,  0.000000e+00, -5.005156e-01, -2.299379e+00,
    61,  EL1,      MATEL, BAX21E,   1,     0.8025,    0.0000,  0.000000e+00, -6.221246e-02, -5.731450e-04,  0.000000e+00, -4.950710e-01, -2.292580e+00,
    61,  EL1,      MATEL, BAX21E,   2,     0.8044,    0.0000,  0.000000e+00, -6.152827e-02, -5.727702e-04,  0.000000e+00, -4.896264e-01, -2.291081e+00,
    62,  EL1,      MATEL, BAX21E,   0,     0.8056,    0.0000,  0.000000e+00, -6.112416e-02, -5.721850e-04,  0.000000e+00, -4.864106e-01, -2.288740e+00,
    62,  EL1,      MATEL, BAX21E,   1,     0.8075,    0.0000,  0.000000e+00, -6.042530e-02, -5.705085e-04,  0.000000e+00, -4.808493e-01, -2.282034e+00,
    62,  EL1,      MATEL, BAX21E,   2,     0.8094,    0.0000,  0.000000e+00, -5.972645e-02, -5.701853e-04,  0.000000e+00, -4.752880e-01, -2.280741e+00,
    63,  EL1,      MATEL, BAX21E,   0,     0.8106,    0.0000,  0.000000e+00, -5.931640e-02, -5.696213e-04,  0.000000e+00, -4.720249e-01, -2.278485e+00,
    63,  EL1,      MATEL, BAX21E,   1,     0.8125,    0.0000,  0.000000e+00, -5.860686e-02, -5.679743e-04,  0.000000e+00, -4.663785e-01, -2.271897e+00,
    63,  EL1,      MATEL, BAX21E,   2,     0.8144,    0.0000,  0.000000e+00, -5.789731e-02, -5.677014e-04,  0.000000e+00, -4.607321e-01, -2.270805e+00,
    64,  EL1,      MATEL, BAX21E,   0,     0.8156,    0.0000,  0.000000e+00, -5.748083e-02, -5.671637e-04,  0.000000e+00, -4.574179e-01, -2.268655e+00,
    64,  EL1,      MATEL, BAX21E,   1,     0.8175,    0.0000,  0.000000e+00, -5.675424e-02, -5.655401e-04,  0.000000e+00, -4.516359e-01, -2.262160e+00,
    64,  EL1,      MATEL, BAX21E,   2,     0.8194,    0.0000,  0.000000e+00, -5.602765e-02, -5.653235e-04,  0.000000e+00, -4.458539e-01, -2.261294e+00,
    65,  EL1,      MATEL, BAX21E,   0,     0.8206,    0.0000,  0.000000e+00, -5.559775e-02, -5.648134e-04,  0.000000e+00, -4.424328e-01, -2.259254e+00,
    65,  EL1,      MATEL, BAX21E,   1,     0.8225,    0.0000,  0.000000e+00, -5.484334e-02, -5.631997e-04,  0.000000e+00, -4.364294e-01, -2.252799e+00,
    65,  EL1,      MATEL, BAX21E,   2,     0.8244,    0.0000,  0.000000e+00, -5.408892e-02, -5.630469e-04,  0.000000e+00, -4.304260e-01, -2.252188e+00,
    66,  EL1,      MATEL, BAX21E,   0,     0.8256,    0.0000,  0.000000e+00, -5.363979e-02, -5.625580e-04,  0.000000e+00, -4.268519e-01, -2.250232e+00,
    66,  EL1,      MATEL, BAX21E,   1,     0.8275,    0.0000,  0.000000e+00, -5.285547e-02, -5.609463e-04,  0.000000e+00, -4.206105e-01, -2.243785e+00,
    66,  EL1,      MATEL, BAX21E,   2,     0.8294,    0.0000,  0.000000e+00, -5.207116e-02, -5.608534e-04,  0.000000e+00, -4.143691e-01, -2.243413e+00,
    67,  EL1,      MATEL, BAX21E,   0,     0.8306,    0.0000,  0.000000e+00, -5.160605e-02, -5.603748e-04,  0.000000e+00, -4.106679e-01, -2.241499e+00,
    67,  EL1,      MATEL, BAX21E,   1,     0.8325,    0.0000,  0.000000e+00, -5.080484e-02, -5.587693e-04,  0.000000e+00, -4.042921e-01, -2.235077e+00,
    67,  EL1,      MATEL, BAX21E,   2,     0.8344,    0.0000,  0.000000e+00, -5.000363e-02, -5.587152e-04,  0.000000e+00, -3.979162e-01, -2.234861e+00,
    68,  EL1,      MATEL, BAX21E,   0,     0.8356,    0.0000,  0.000000e+00, -4.953458e-02, -5.582380e-04,  0.000000e+00, -3.941837e-01, -2.232952e+00,
    68,  EL1,      MATEL, BAX21E,   1,     0.8375,    0.0000,  0.000000e+00, -4.873756e-02, -5.566487e-04,  0.000000e+00, -3.878412e-01, -2.226595e+00,
    68,  EL1,      MATEL, BAX21E,   2,     0.8394,    0.0000,  0.000000e+00, -4.794054e-02, -5.566029e-04,  0.000000e+00, -3.814987e-01, -2.226412e+00,
    69,  EL1,      MATEL, BAX21E,   0,     0.8406,    0.0000,  0.000000e+00, -4.748038e-02, -5.561227e-04,  0.000000e+00, -3.778368e-01, -2.224491e+00,
    69,  EL1,      MATEL, BAX21E,   1,     0.8425,    0.0000,  0.000000e+00, -4.670360e-02, -5.545543e-04,  0.000000e+00, -3.716554e-01, -2.218217e+00,
    69,  EL1,      MATEL, BAX21E,   2,     0.8444,    0.0000,  0.000000e+00, -4.592682e-02, -5.544902e-04,  0.000000e+00, -3.654740e-01, -2.217961e+00,
    70,  EL1,      MATEL, BAX21E,   0,     0.8456,    0.0000,  0.000000e+00, -4.548160e-02, -5.540054e-04,  0.000000e+00, -3.619311e-01, -2.216022e+00,
    70,  EL1,      MATEL, BAX21E,   1,     0.8475,    0.0000,  0.000000e+00, -4.472958e-02, -5.524516e-04,  0.000000e+00, -3.559467e-01, -2.209807e+00,
    70,  EL1,      MATEL, BAX21E,   2,     0.8494,    0.0000,  0.000000e+00, -4.397756e-02, -5.523541e-04,  0.000000e+00, -3.499623e-01, -2.209417e+00,
    71,  EL1,      MATEL, BAX21E,   0,     0.8506,    0.0000,  0.000000e+00, -4.354646e-02, -5.518617e-04,  0.000000e+00, -3.465317e-01, -2.207447e+00,
    71,  EL1,      MATEL, BAX21E,   1,     0.8525,    0.0000,  0.000000e+00, -4.281706e-02, -5.503114e-04,  0.000000e+00, -3.407273e-01, -2.201246e+00,
    71,  EL1,      MATEL, BAX21E,   2,     0.8544,    0.0000,  0.000000e+00, -4.208766e-02, -5.501736e-04,  0.000000e+00, -3.349230e-01, -2.200694e+00,
    72,  EL1,      MATEL, BAX21E,   0,     0.8556,    0.0000,  0.000000e+00, -4.166881e-02, -5.496678e-04,  0.000000e+00, -3.315899e-01, -2.198671e+00,
    72,  EL1,      MATEL, BAX21E,   1,     0.8575,    0.0000,  0.000000e+00, -4.096265e-02, -5.481156e-04,  0.000000e+00, -3.259704e-01, -2.192462e+00,
    72,  EL1,      MATEL, BAX21E,   2,     0.8594,    0.0000,  0.000000e+00, -4.025649e-02, -5.479309e-04,  0.000000e+00, -3.203510e-01, -2.191724e+00,
    73,  EL1,      MATEL, BAX21E,   0,     0.8606,    0.0000,  0.000000e+00, -3.985234e-02, -5.474061e-04,  0.000000e+00, -3.171349e-01, -2.189625e+00,
    73,  EL1,      MATEL, BAX21E,   1,     0.8625,    0.0000,  0.000000e+00, -3.917718e-02, -5.458578e-04,  0.000000e+00, -3.117621e-01, -2.183431e+00,
    73,  EL1,      MATEL, BAX21E,   2,     0.8644,    0.0000,  0.000000e+00, -3.850201e-02, -5.456170e-04,  0.000000e+00, -3.063893e-01, -2.182468e+00,
    74,  EL1,      MATEL, BAX21E,   0,     0.8656,    0.0000,  0.000000e+00, -3.811926e-02, -5.450724e-04,  0.000000e+00, -3.033435e-01, -2.180290e+00,
    74,  EL1,      MATEL, BAX21E,   1,     0.8675,    0.0000,  0.000000e+00, -3.748576e-02, -5.435416e-04,  0.000000e+00, -2.983022e-01, -2.174166e+00,
    74,  EL1,      MATEL, BAX21E,   2,     0.8694,    0.0000,  0.000000e+00, -3.685225e-02, -5.432376e-04,  0.000000e+00, -2.932609e-01, -2.172951e+00,
    75,  EL1,      MATEL, BAX21E,   0,     0.8706,    0.0000,  0.000000e+00, -3.649685e-02, -5.426792e-04,  0.000000e+00, -2.904327e-01, -2.170717e+00,
    75,  EL1,      MATEL, BAX21E,   1,     0.8725,    0.0000,  0.000000e+00, -3.590974e-02, -5.411790e-04,  0.000000e+00, -2.857606e-01, -2.164716e+00,
    75,  EL1,      MATEL, BAX21E,   2,     0.8744,    0.0000,  0.000000e+00, -3.532263e-02, -5.408158e-04,  0.000000e+00, -2.810886e-01, -2.163263e+00,
    76,  EL1,      MATEL, BAX21E,   0,     0.8756,    0.0000,  0.000000e+00, -3.499424e-02, -5.402549e-04,  0.000000e+00, -2.784753e-01, -2.161019e+00,
    76,  EL1,      MATEL, BAX21E,   1,     0.8775,    0.0000,  0.000000e+00, -3.444692e-02, -5.387918e-04,  0.000000e+00, -2.741199e-01, -2.155167e+00,
    76,  EL1,      MATEL, BAX21E,   2,     0.8794,    0.0000,  0.000000e+00, -3.389961e-02, -5.383887e-04,  0.000000e+00, -2.697645e-01, -2.153555e+00,
    77,  EL1,      MATEL, BAX21E,   0,     0.8806,    0.0000,  0.000000e+00, -3.359080e-02, -5.378374e-04,  0.000000e+00, -2.673071e-01, -2.151349e+00,
    77,  EL1,      MATEL, BAX21E,   1,     0.8825,    0.0000,  0.000000e+00, -3.306879e-02, -5.364134e-04,  0.000000e+00, -2.631531e-01, -2.145653e+00,
    77,  EL1,      MATEL, BAX21E,   2,     0.8844,    0.0000,  0.000000e+00, -3.254677e-02, -5.360002e-04,  0.000000e+00, -2.589990e-01, -2.144001e+00,
    78,  EL1,      MATEL, BAX21E,   0,     0.8856,    0.0000,  0.000000e+00, -3.224795e-02, -5.354682e-04,  0.000000e+00, -2.566210e-01, -2.141873e+00,
    78,  EL1,      MATEL, BAX21E,   1,     0.8875,    0.0000,  0.000000e+00, -3.173753e-02, -5.340866e-04,  0.000000e+00, -2.525592e-01, -2.136347e+00,
    78,  EL1,      MATEL, BAX21E,   2,     0.8894,    0.0000,  0.000000e+00, -3.122710e-02, -5.336935e-04,  0.000000e+00, -2.484974e-01, -2.134774e+00,
    79,  EL1,      MATEL, BAX21E,   0,     0.8906,    0.0000,  0.000000e+00, -3.093171e-02, -5.331879e-04,  0.000000e+00, -2.461467e-01, -2.132752e+00,
    79,  EL1,      MATEL, BAX21E,   1,     0.8925,    0.0000,  0.000000e+00, -3.042491e-02, -5.318560e-04,  0.000000e+00, -2.421137e-01, -2.127424e+00,
    79,  EL1,      MATEL, BAX21E,   2,     0.8944,    0.0000,  0.000000e+00, -2.991811e-02, -5.315055e-04,  0.000000e+00, -2.380807e-01, -2.126022e+00,
    80,  EL1,      MATEL, BAX21E,   0,     0.8956,    0.0000,  0.000000e+00, -2.962333e-02, -5.310324e-04,  0.000000e+00, -2.357350e-01, -2.124129e+00,
    80,  EL1,      MATEL, BAX21E,   1,     0.8975,    0.0000,  0.000000e+00, -2.911647e-02, -5.297568e-04,  0.000000e+00, -2.317015e-01, -2.119027e+00,
    80,  EL1,      MATEL, BAX21E,   2,     0.8994,    0.0000,  0.000000e+00, -2.860960e-02, -5.294628e-04,  0.000000e+00, -2.276680e-01, -2.117851e+00,
    81,  EL1,      MATEL, BAX21E,   0,     0.9006,    0.0000,  0.000000e+00, -2.831409e-02, -5.290262e-04,  0.000000e+00, -2.253163e-01, -2.116105e+00,
    81,  EL1,      MATEL, BAX21E,   1,     0.9025,    0.0000,  0.000000e+00, -2.780405e-02, -5.278074e-04,  0.000000e+00, -2.212576e-01, -2.111230e+00,
    81,  EL1,      MATEL, BAX21E,   2,     0.9044,    0.0000,  0.000000e+00, -2.729401e-02, -5.275763e-04,  0.000000e+00, -2.171988e-01, -2.110305e+00,
    82,  EL1,      MATEL, BAX21E,   0,     0.9056,    0.0000,  0.000000e+00, -2.699559e-02, -5.271769e-04,  0.000000e+00, -2.148240e-01, -2.108707e+00,
    82,  EL1,      MATEL, BAX21E,   1,     0.9075,    0.0000,  0.000000e+00, -2.647694e-02, -5.260044e-04,  0.000000e+00, -2.106968e-01, -2.104017e+00,
    82,  EL1,      MATEL, BAX21E,   2,     0.9094,    0.0000,  0.000000e+00, -2.595830e-02, -5.258362e-04,  0.000000e+00, -2.065696e-01, -2.103345e+00,
    83,  EL1,      MATEL, BAX21E,   0,     0.9106,    0.0000,  0.000000e+00, -2.565275e-02, -5.254693e-04,  0.000000e+00, -2.041381e-01, -2.101877e+00,
    83,  EL1,      MATEL, BAX21E,   1,     0.9125,    0.0000,  0.000000e+00, -2.511782e-02, -5.243220e-04,  0.000000e+00, -1.998812e-01, -2.097288e+00,
    83,  EL1,      MATEL, BAX21E,   2,     0.9144,    0.0000,  0.000000e+00, -2.458288e-02, -5.242107e-04,  0.000000e+00, -1.956244e-01, -2.096843e+00,
    84,  EL1,      MATEL, BAX21E,   0,     0.9156,    0.0000,  0.000000e+00, -2.426542e-02, -5.238652e-04,  0.000000e+00, -1.930981e-01, -2.095461e+00,
    84,  EL1,      MATEL, BAX21E,   1,     0.9175,    0.0000,  0.000000e+00, -2.370818e-02, -5.227171e-04,  0.000000e+00, -1.886637e-01, -2.090868e+00,
    84,  EL1,      MATEL, BAX21E,   2,     0.9194,    0.0000,  0.000000e+00, -2.315094e-02, -5.226481e-04,  0.000000e+00, -1.842293e-01, -2.090592e+00,
    85,  EL1,      MATEL, BAX21E,   0,     0.9206,    0.0000,  0.000000e+00, -2.281926e-02, -5.223084e-04,  0.000000e+00, -1.815899e-01, -2.089234e+00,
    85,  EL1,      MATEL, BAX21E,   1,     0.9225,    0.0000,  0.000000e+00, -2.223898e-02, -5.211359e-04,  0.000000e+00, -1.769721e-01, -2.084544e+00,
    85,  EL1,      MATEL, BAX21E,   2,     0.9244,    0.0000,  0.000000e+00, -2.165869e-02, -5.210871e-04,  0.000000e+00, -1.723544e-01, -2.084348e+00,
    86,  EL1,      MATEL, BAX21E,   0,     0.9256,    0.0000,  0.000000e+00, -2.131421e-02, -5.207375e-04,  0.000000e+00, -1.696131e-01, -2.082950e+00,
    86,  EL1,      MATEL, BAX21E,   1,     0.9275,    0.0000,  0.000000e+00, -2.071521e-02, -5.195250e-04,  0.000000e+00, -1.648464e-01, -2.078100e+00,
    86,  EL1,      MATEL, BAX21E,   2,     0.9294,    0.0000,  0.000000e+00, -2.011620e-02, -5.194725e-04,  0.000000e+00, -1.600797e-01, -2.077890e+00,
    87,  EL1,      MATEL, BAX21E,   0,     0.9306,    0.0000,  0.000000e+00, -1.976261e-02, -5.191025e-04,  0.000000e+00, -1.572658e-01, -2.076410e+00,
    87,  EL1,      MATEL, BAX21E,   1,     0.9325,    0.0000,  0.000000e+00, -1.915079e-02, -5.178452e-04,  0.000000e+00, -1.523971e-01, -2.071381e+00,
    87,  EL1,      MATEL, BAX21E,   2,     0.9344,    0.0000,  0.000000e+00, -1.853897e-02, -5.177727e-04,  0.000000e+00, -1.475284e-01, -2.071091e+00,
    88,  EL1,      MATEL, BAX21E,   0,     0.9356,    0.0000,  0.000000e+00, -1.817946e-02, -5.173801e-04,  0.000000e+00, -1.446675e-01, -2.069521e+00,
    88,  EL1,      MATEL, BAX21E,   1,     0.9375,    0.0000,  0.000000e+00, -1.755977e-02, -5.160868e-04,  0.000000e+00, -1.397362e-01, -2.064347e+00,
    88,  EL1,      MATEL, BAX21E,   2,     0.9394,    0.0000,  0.000000e+00, -1.694008e-02, -5.159935e-04,  0.000000e+00, -1.348049e-01, -2.063974e+00,
    89,  EL1,      MATEL, BAX21E,   0,     0.9406,    0.0000,  0.000000e+00, -1.657741e-02, -5.155855e-04,  0.000000e+00, -1.319188e-01, -2.062342e+00,
    89,  EL1,      MATEL, BAX21E,   1,     0.9425,    0.0000,  0.000000e+00, -1.595479e-02, -5.142816e-04,  0.000000e+00, -1.269642e-01, -2.057126e+00,
    89,  EL1,      MATEL, BAX21E,   2,     0.9444,    0.0000,  0.000000e+00, -1.533217e-02, -5.141833e-04,  0.000000e+00, -1.220095e-01, -2.056733e+00,
    90,  EL1,      MATEL, BAX21E,   0,     0.9456,    0.0000,  0.000000e+00, -1.496917e-02, -5.137771e-04,  0.000000e+00, -1.191209e-01, -2.055109e+00,
    90,  EL1,      MATEL, BAX21E,   1,     0.9475,    0.0000,  0.000000e+00, -1.434817e-02, -5.125013e-04,  0.000000e+00, -1.141791e-01, -2.050005e+00,
    90,  EL1,      MATEL, BAX21E,   2,     0.9494,    0.0000,  0.000000e+00, -1.372717e-02, -5.124280e-04,  0.000000e+00, -1.092373e-01, -2.049712e+00,
    91,  EL1,      MATEL, BAX21E,   0,     0.9506,    0.0000,  0.000000e+00, -1.336634e-02, -5.120467e-04,  0.000000e+00, -1.063660e-01, -2.048187e+00,
    91,  EL1,      MATEL, BAX21E,   1,     0.9525,    0.0000,  0.000000e+00, -1.275221e-02, -5.108425e-04,  0.000000e+00, -1.014789e-01, -2.043370e+00,
    91,  EL1,      MATEL, BAX21E,   2,     0.9544,    0.0000,  0.000000e+00, -1.213808e-02, -5.108276e-04,  0.000000e+00, -9.659176e-02, -2.043310e+00,
    92,  EL1,      MATEL, BAX21E,   0,     0.9556,    0.0000,  0.000000e+00, -1.178309e-02, -5.104926e-04,  0.000000e+00, -9.376684e-02, -2.041970e+00,
    92,  EL1,      MATEL, BAX21E,   1,     0.9575,    0.0000,  0.000000e+00, -1.118246e-02, -5.093940e-04,  0.000000e+00, -8.898716e-02, -2.037576e+00,
    92,  EL1,      MATEL, BAX21E,   2,     0.9594,    0.0000,  0.000000e+00, -1.058182e-02, -5.094585e-04,  0.000000e+00, -8.420748e-02, -2.037834e+00,
    93,  EL1,      MATEL, BAX21E,   0,     0.9606,    0.0000,  0.000000e+00, -1.023678e-02, -5.091805e-04,  0.000000e+00, -8.146170e-02, -2.036722e+00,
    93,  EL1,      MATEL, BAX21E,   1,     0.9625,    0.0000,  0.000000e+00, -9.655760e-03, -5.081925e-04,  0.000000e+00, -7.683810e-02, -2.032770e+00,
    93,  EL1,      MATEL, BAX21E,   2,     0.9644,    0.0000,  0.000000e+00, -9.074741e-03, -5.083297e-04,  0.000000e+00, -7.221450e-02, -2.033319e+00,
    94,  EL1,      MATEL, BAX21E,   0,     0.9656,    0.0000,  0.000000e+00, -8.742587e-03, -5.080987e-04,  0.000000e+00, -6.957129e-02, -2.032395e+00,
    94,  EL1,      MATEL, BAX21E,   1,     0.9675,    0.0000,  0.000000e+00, -8.184751e-03, -5.071847e-04,  0.000000e+00, -6.513218e-02, -2.028739e+00,
    94,  EL1,      MATEL, BAX21E,   2,     0.9694,    0.0000,  0.000000e+00, -7.626915e-03, -5.073509e-04,  0.000000e+00, -6.069306e-02, -2.029404e+00,
    95,  EL1,      MATEL, BAX21E,   0,     0.9706,    0.0000,  0.000000e+00, -7.309109e-03, -5.071316e-04,  0.000000e+00, -5.816405e-02, -2.028527e+00,
    95,  EL1,      MATEL, BAX21E,   1,     0.9725,    0.0000,  0.000000e+00, -6.775594e-03, -5.062201e-04,  0.000000e+00, -5.391846e-02, -2.024880e+00,
    95,  EL1,      MATEL, BAX21E,   2,     0.9744,    0.0000,  0.000000e+00, -6.242078e-03, -5.063416e-04,  0.000000e+00, -4.967288e-02, -2.025367e+00,
    96,  EL1,      MATEL, BAX21E,   0,     0.9756,    0.0000,  0.000000e+00, -5.938267e-03, -5.060845e-04,  0.000000e+00, -4.725522e-02, -2.024338e+00,
    96,  EL1,      MATEL, BAX21E,   1,     0.9775,    0.0000,  0.000000e+00, -5.428534e-03, -5.051057e-04,  0.000000e+00, -4.319890e-02, -2.020423e+00,
    96,  EL1,      MATEL, BAX21E,   2,     0.9794,    0.0000,  0.000000e+00, -4.918801e-03, -5.051140e-04,  0.000000e+00, -3.914258e-02, -2.020456e+00,
    97,  EL1,      MATEL, BAX21E,   0,     0.9806,    0.0000,  0.000000e+00, -4.628792e-03, -5.047866e-04,  0.000000e+00, -3.683476e-02, -2.019146e+00,
    97,  EL1,      MATEL, BAX21E,   1,     0.9825,    0.0000,  0.000000e+00, -4.141763e-03, -5.037392e-04,  0.000000e+00, -3.295910e-02, -2.014957e+00,
    97,  EL1,      MATEL, BAX21E,   2,     0.9844,    0.0000,  0.000000e+00, -3.654733e-03, -5.036349e-04,  0.000000e+00, -2.908344e-02, -2.014540e+00,
    98,  EL1,      MATEL, BAX21E,   0,     0.9856,    0.0000,  0.000000e+00, -3.377431e-03, -5.032706e-04,  0.000000e+00, -2.687674e-02, -2.013082e+00,
    98,  EL1,      MATEL, BAX21E,   1,     0.9875,    0.0000,  0.000000e+00, -2.909967e-03, -5.022775e-04,  0.000000e+00, -2.315678e-02, -2.009110e+00,
    98,  EL1,      MATEL, BAX21E,   2,     0.9894,    0.0000,  0.000000e+00, -2.442502e-03, -5.021897e-04,  0.000000e+00, -1.943682e-02, -2.008759e+00,
    99,  EL1,      MATEL, BAX21E,   0,     0.9906,    0.0000,  0.000000e+00, -2.175422e-03, -5.019150e-04,  0.000000e+00, -1.731146e-02, -2.007660e+00,
    99,  EL1,      MATEL, BAX21E,   1,     0.9925,    0.0000,  0.000000e+00, -1.723205e-03, -5.011534e-04,  0.000000e+00, -1.371283e-02, -2.004613e+00,
    99,  EL1,      MATEL, BAX21E,   2,     0.9944,    0.0000,  0.000000e+00, -1.270987e-03, -5.012674e-04,  0.000000e+00, -1.011420e-02, -2.005070e+00,
   100,  EL1,      MATEL, BAX21E,   0,     0.9956,    0.0000,  0.000000e+00, -1.011607e-03, -5.012108e-04,  0.000000e+00, -8.050113e-03, -2.004843e+00,
   100,  EL1,      MATEL, BAX21E,   1,     0.9975,    0.0000,  0.000000e+00, -5.695418e-04, -5.004185e-04,  0.000000e+00, -4.532269e-03, -2.001674e+00,
   100,  EL1,      MATEL, BAX21E,   2,     0.9994,    0.0000,  0.000000e+00, -1.274765e-04, -5.004823e-04,  0.000000e+00, -1.014426e-03, -2.001929e+00,
