  0.8000
    1   0.5000   0.0000   0.0000  0.0000e+00  0.0000e+00  0.0000e+00  0.0000e+00  1.2724e+01  6.3383e+00
    2   0.5025   0.0000   0.0000  0.0000e+00 -3.2790e-06 -6.0223e-04  0.0000e+00 -6.9588e-04 -9.4792e-04
    3   0.5050   0.0000   0.0000  0.0000e+00 -8.0434e-06 -1.1984e-03  0.0000e+00 -6.9914e-04 -9.0745e-04
    4   0.5075   0.0000   0.0000  0.0000e+00 -1.4278e-05 -1.7885e-03  0.0000e+00 -2.0873e-03 -2.4995e-03
    5   0.5100   0.0000   0.0000  0.0000e+00 -2.1968e-05 -2.3725e-03  0.0000e+00 -1.3915e-03 -1.5708e-03
    6   0.5125   0.0000   0.0000  0.0000e+00 -3.1097e-05 -2.9505e-03  0.0000e+00 -3.4471e-03 -3.4415e-03
    7   0.5150   0.0000   0.0000  0.0000e+00 -4.1652e-05 -3.5225e-03  0.0000e+00 -2.0585e-03 -1.9183e-03
    8   0.5175   0.0000   0.0000  0.0000e+00 -5.3616e-05 -4.0885e-03  0.0000e+00 -4.7396e-03 -4.3814e-03
    9   0.5200   0.0000   0.0000  0.0000e+00 -6.6976e-05 -4.6485e-03  0.0000e+00 -2.6840e-03 -2.4303e-03
   10   0.5225   0.0000   0.0000  0.0000e+00 -8.1715e-05 -5.2027e-03  0.0000e+00 -5.9342e-03 -5.1678e-03
   11   0.5250   0.0000   0.0000  0.0000e+00 -9.7821e-05 -5.7509e-03  0.0000e+00 -3.2527e-03 -2.7792e-03
   12   0.5275   0.0000   0.0000  0.0000e+00 -1.1528e-04 -6.2933e-03  0.0000e+00 -7.0020e-03 -5.8532e-03
   13   0.5300   0.0000   0.0000  0.0000e+00 -1.3407e-04 -6.8298e-03  0.0000e+00 -3.7515e-03 -3.0267e-03
   14   0.5325   0.0000   0.0000  0.0000e+00 -1.5418e-04 -7.3606e-03  0.0000e+00 -7.9186e-03 -6.0189e-03
   15   0.5350   0.0000   0.0000  0.0000e+00 -1.7561e-04 -7.8856e-03  0.0000e+00 -4.1688e-03 -3.0589e-03
   16   0.5375   0.0000   0.0000  0.0000e+00 -1.9832e-04 -8.4049e-03  0.0000e+00 -8.6640e-03 -5.9843e-03
   17   0.5400   0.0000   0.0000  0.0000e+00 -2.2231e-04 -8.9187e-03  0.0000e+00 -4.4965e-03 -2.8620e-03
   18   0.5425   0.0000   0.0000  0.0000e+00 -2.4757e-04 -9.4269e-03  0.0000e+00 -9.2225e-03 -4.4981e-03
   19   0.5450   0.0000   0.0000  0.0000e+00 -2.7409e-04 -9.9297e-03  0.0000e+00 -4.7264e-03 -1.5978e-03
   20   0.5475   0.0000   0.0000  0.0000e+00 -3.0184e-04 -1.0427e-02  0.0000e+00 -9.5815e-03 -2.2817e-03
   21   0.5500   0.0000   0.0000  0.0000e+00 -3.3081e-04 -1.0920e-02  0.0000e+00 -4.8553e-03 -7.6761e-04
   22   0.5525   0.0000   0.0000  0.0000e+00 -3.6100e-04 -1.1407e-02  0.0000e+00 -9.7438e-03 -1.2192e-03
   23   0.5550   0.0000   0.0000  0.0000e+00 -3.9239e-04 -1.1889e-02  0.0000e+00 -4.8885e-03 -4.1535e-04
   24   0.5575   0.0000   0.0000  0.0000e+00 -4.2496e-04 -1.2366e-02  0.0000e+00 -9.7211e-03 -3.5798e-04
   25   0.5600   0.0000   0.0000  0.0000e+00 -4.5872e-04 -1.2839e-02  0.0000e+00 -4.8320e-03  5.3893e-05
   26   0.5625   0.0000   0.0000  0.0000e+00 -4.9363e-04 -1.3307e-02  0.0000e+00 -9.5269e-03  6.4119e-04
   27   0.5650   0.0000   0.0000  0.0000e+00 -5.2970e-04 -1.3770e-02  0.0000e+00 -4.6940e-03  6.0176e-04
   28   0.5675   0.0000   0.0000  0.0000e+00 -5.6691e-04 -1.4228e-02  0.0000e+00 -9.1800e-03  1.9379e-03
   29   0.5700   0.0000   0.0000  0.0000e+00 -6.0525e-04 -1.4682e-02  0.0000e+00 -4.4848e-03  1.3455e-03
   30   0.5725   0.0000   0.0000  0.0000e+00 -6.4471e-04 -1.5131e-02  0.0000e+00 -8.7039e-03  3.2879e-03
   31   0.5750   0.0000   0.0000  0.0000e+00 -6.8527e-04 -1.5576e-02  0.0000e+00 -4.2177e-03  1.9275e-03
   32   0.5775   0.0000   0.0000  0.0000e+00 -7.2693e-04 -1.6017e-02  0.0000e+00 -8.1282e-03  4.2542e-03
   33   0.5800   0.0000   0.0000  0.0000e+00 -7.6968e-04 -1.6454e-02  0.0000e+00 -3.9089e-03  2.3590e-03
   34   0.5825   0.0000   0.0000  0.0000e+00 -8.1350e-04 -1.6886e-02  0.0000e+00 -7.4862e-03  4.7996e-03
   35   0.5850   0.0000   0.0000  0.0000e+00 -8.5839e-04 -1.7314e-02  0.0000e+00 -3.5756e-03  2.4174e-03
   36   0.5875   0.0000   0.0000  0.0000e+00 -9.0434e-04 -1.7738e-02  0.0000e+00 -6.8152e-03  3.9770e-03
   37   0.5900   0.0000   0.0000  0.0000e+00 -9.5133e-04 -1.8158e-02  0.0000e+00 -3.2381e-03  1.5059e-03
   38   0.5925   0.0000   0.0000  0.0000e+00 -9.9935e-04 -1.8574e-02  0.0000e+00 -6.1557e-03  1.8167e-03
   39   0.5950   0.0000   0.0000  0.0000e+00 -1.0484e-03 -1.8986e-02  0.0000e+00 -2.9163e-03  3.4828e-04
   40   0.5975   0.0000   0.0000  0.0000e+00 -1.0985e-03 -1.9394e-02  0.0000e+00 -5.5415e-03  1.4883e-04
   41   0.6000   0.0000   0.0000  0.0000e+00 -1.1495e-03 -1.9797e-02  0.0000e+00 -2.6239e-03 -1.6363e-04
   42   0.6025   0.0000   0.0000  0.0000e+00 -1.2016e-03 -2.0196e-02  0.0000e+00 -4.9968e-03 -6.9647e-04
   43   0.6050   0.0000   0.0000  0.0000e+00 -1.2546e-03 -2.0591e-02  0.0000e+00 -2.3718e-03 -5.7022e-04
   44   0.6075   0.0000   0.0000  0.0000e+00 -1.3087e-03 -2.0982e-02  0.0000e+00 -4.5445e-03 -1.8917e-03
   45   0.6100   0.0000   0.0000  0.0000e+00 -1.3636e-03 -2.1369e-02  0.0000e+00 -2.1720e-03 -1.3360e-03
   46   0.6125   0.0000   0.0000  0.0000e+00 -1.4196e-03 -2.1751e-02  0.0000e+00 -4.2055e-03 -3.4218e-03
   47   0.6150   0.0000   0.0000  0.0000e+00 -1.4765e-03 -2.2130e-02  0.0000e+00 -2.0330e-03 -2.0657e-03
   48   0.6175   0.0000   0.0000  0.0000e+00 -1.5343e-03 -2.2504e-02  0.0000e+00 -3.9920e-03 -4.7489e-03
   49   0.6200   0.0000   0.0000  0.0000e+00 -1.5930e-03 -2.2874e-02  0.0000e+00 -1.9587e-03 -2.7004e-03
   50   0.6225   0.0000   0.0000  0.0000e+00 -1.6526e-03 -2.3240e-02  0.0000e+00 -3.9081e-03 -6.0672e-03
   51   0.6250   0.0000   0.0000  0.0000e+00 -1.7132e-03 -2.3601e-02  0.0000e+00 -1.9496e-03 -3.3890e-03
   52   0.6275   0.0000   0.0000  0.0000e+00 -1.7746e-03 -2.3958e-02  0.0000e+00 -3.9507e-03 -7.0386e-03
   53   0.6300   0.0000   0.0000  0.0000e+00 -1.8369e-03 -2.4312e-02  0.0000e+00 -2.0015e-03 -3.6214e-03
   54   0.6325   0.0000   0.0000  0.0000e+00 -1.9001e-03 -2.4661e-02  0.0000e+00 -4.1047e-03 -6.6344e-03
   55   0.6350   0.0000   0.0000  0.0000e+00 -1.9641e-03 -2.5005e-02  0.0000e+00 -2.1037e-03 -2.9823e-03
   56   0.6375   0.0000   0.0000  0.0000e+00 -2.0290e-03 -2.5346e-02  0.0000e+00 -4.3454e-03 -4.9619e-03
   57   0.6400   0.0000   0.0000  0.0000e+00 -2.0948e-03 -2.5683e-02  0.0000e+00 -2.2422e-03 -1.9957e-03
   58   0.6425   0.0000   0.0000  0.0000e+00 -2.1613e-03 -2.6016e-02  0.0000e+00 -4.6452e-03 -3.2729e-03
   59   0.6450   0.0000   0.0000  0.0000e+00 -2.2287e-03 -2.6346e-02  0.0000e+00 -2.4036e-03 -1.3017e-03
   60   0.6475   0.0000   0.0000  0.0000e+00 -2.2969e-03 -2.6671e-02  0.0000e+00 -4.9765e-03 -2.0834e-03
   61   0.6500   0.0000   0.0000  0.0000e+00 -2.3659e-03 -2.6993e-02  0.0000e+00 -2.5736e-03 -7.7409e-04
   62   0.6525   0.0000   0.0000  0.0000e+00 -2.4357e-03 -2.7311e-02  0.0000e+00 -5.3076e-03 -7.8286e-04
   63   0.6550   0.0000   0.0000  0.0000e+00 -2.5062e-03 -2.7626e-02  0.0000e+00 -2.7346e-03  1.0511e-05
   64   0.6575   0.0000   0.0000  0.0000e+00 -2.5776e-03 -2.7937e-02  0.0000e+00 -5.6018e-03  1.1038e-03
   65   0.6600   0.0000   0.0000  0.0000e+00 -2.6497e-03 -2.8245e-02  0.0000e+00 -2.8675e-03  1.1010e-03
   66   0.6625   0.0000   0.0000  0.0000e+00 -2.7225e-03 -2.8550e-02  0.0000e+00 -5.8217e-03  3.3814e-03
   67   0.6650   0.0000   0.0000  0.0000e+00 -2.7962e-03 -2.8851e-02  0.0000e+00 -2.9542e-03  2.2863e-03
   68   0.6675   0.0000   0.0000  0.0000e+00 -2.8705e-03 -2.9150e-02  0.0000e+00 -5.9341e-03  5.6143e-03
   69   0.6700   0.0000   0.0000  0.0000e+00 -2.9456e-03 -2.9445e-02  0.0000e+00 -2.9796e-03  3.3354e-03
   70   0.6725   0.0000   0.0000  0.0000e+00 -3.0214e-03 -2.9737e-02  0.0000e+00 -5.9128e-03  7.2622e-03
   71   0.6750   0.0000   0.0000  0.0000e+00 -3.0980e-03 -3.0027e-02  0.0000e+00 -2.9327e-03  3.9189e-03
   72   0.6775   0.0000   0.0000  0.0000e+00 -3.1752e-03 -3.0313e-02  0.0000e+00 -5.7411e-03  7.6801e-03
   73   0.6800   0.0000   0.0000  0.0000e+00 -3.2532e-03 -3.0597e-02  0.0000e+00 -2.8077e-03  3.7396e-03
   74   0.6825   0.0000   0.0000  0.0000e+00 -3.3318e-03 -3.0878e-02  0.0000e+00 -5.4128e-03  6.6844e-03
   75   0.6850   0.0000   0.0000  0.0000e+00 -3.4112e-03 -3.1156e-02  0.0000e+00 -2.6042e-03  2.9369e-03
   76   0.6875   0.0000   0.0000  0.0000e+00 -3.4912e-03 -3.1431e-02  0.0000e+00 -4.9302e-03  4.9707e-03
   77   0.6900   0.0000   0.0000  0.0000e+00 -3.5719e-03 -3.1704e-02  0.0000e+00 -2.3248e-03  2.0501e-03
   78   0.6925   0.0000   0.0000  0.0000e+00 -3.6533e-03 -3.1973e-02  0.0000e+00 -4.3013e-03  3.4444e-03
   79   0.6950   0.0000   0.0000  0.0000e+00 -3.7353e-03 -3.2240e-02  0.0000e+00 -1.9749e-03  1.4101e-03
   80   0.6975   0.0000   0.0000  0.0000e+00 -3.8180e-03 -3.2503e-02  0.0000e+00 -3.5417e-03  2.2011e-03
   81   0.7000   0.0000   0.0000  0.0000e+00 -3.9014e-03 -3.2764e-02  0.0000e+00 -1.5650e-03  7.8230e-04
   82   0.7025   0.0000   0.0000  0.0000e+00 -3.9854e-03 -3.3022e-02  0.0000e+00 -2.6788e-03  5.6465e-04
   83   0.7050   0.0000   0.0000  0.0000e+00 -4.0700e-03 -3.3276e-02  0.0000e+00 -1.1121e-03 -2.4251e-04
   84   0.7075   0.0000   0.0000  0.0000e+00 -4.1552e-03 -3.3528e-02  0.0000e+00 -1.7521e-03 -1.8897e-03
   85   0.7100   0.0000   0.0000  0.0000e+00 -4.2411e-03 -3.3777e-02  0.0000e+00 -6.3833e-04 -1.6629e-03
   86   0.7125   0.0000   0.0000  0.0000e+00 -4.3276e-03 -3.4022e-02  0.0000e+00 -8.0752e-04 -4.6813e-03
   87   0.7150   0.0000   0.0000  0.0000e+00 -4.4146e-03 -3.4264e-02  0.0000e+00 -1.6762e-04 -3.0148e-03
   88   0.7175   0.0000   0.0000  0.0000e+00 -4.5023e-03 -3.4504e-02  0.0000e+00  1.0842e-04 -6.8343e-03
   89   0.7200   0.0000   0.0000  0.0000e+00 -4.5906e-03 -3.4739e-02  0.0000e+00  2.7749e-04 -3.8067e-03
   90   0.7225   0.0000   0.0000  0.0000e+00 -4.6794e-03 -3.4972e-02  0.0000e+00  9.5255e-04 -7.6983e-03
   91   0.7250   0.0000   0.0000  0.0000e+00 -4.7688e-03 -3.5202e-02  0.0000e+00  6.7633e-04 -3.8821e-03
   92   0.7275   0.0000   0.0000  0.0000e+00 -4.8588e-03 -3.5428e-02  0.0000e+00  1.6855e-03 -7.3061e-03
   93   0.7300   0.0000   0.0000  0.0000e+00 -4.9494e-03 -3.5651e-02  0.0000e+00  1.0102e-03 -3.4219e-03
   94   0.7325   0.0000   0.0000  0.0000e+00 -5.0405e-03 -3.5871e-02  0.0000e+00  2.2723e-03 -6.1531e-03
   95   0.7350   0.0000   0.0000  0.0000e+00 -5.1321e-03 -3.6088e-02  0.0000e+00  1.2628e-03 -2.7355e-03
   96   0.7375   0.0000   0.0000  0.0000e+00 -5.2242e-03 -3.6302e-02  0.0000e+00  2.6844e-03 -4.7769e-03
   97   0.7400   0.0000   0.0000  0.0000e+00 -5.3169e-03 -3.6513e-02  0.0000e+00  1.4218e-03 -2.0483e-03
   98   0.7425   0.0000   0.0000  0.0000e+00 -5.4101e-03 -3.6721e-02  0.0000e+00  2.9033e-03 -3.4183e-03
   99   0.7450   0.0000   0.0000  0.0000e+00 -5.5038e-03 -3.6926e-02  0.0000e+00  1.4812e-03 -1.3717e-03
  100   0.7475   0.0000   0.0000  0.0000e+00 -5.5981e-03 -3.7128e-02  0.0000e+00  2.9249e-03 -1.9084e-03
  101   0.7500   0.0000   0.0000  0.0000e+00 -5.6928e-03 -3.7328e-02  0.0000e+00  1.4431e-03 -5.2622e-04
  102   0.7525   0.0000   0.0000  0.0000e+00 -5.7880e-03 -3.7525e-02  0.0000e+00  2.7624e-03  8.6802e-05
  103   0.7550   0.0000   0.0000  0.0000e+00 -5.8837e-03 -3.7719e-02  0.0000e+00  1.3186e-03  6.3125e-04
  104   0.7575   0.0000   0.0000  0.0000e+00 -5.9798e-03 -3.7911e-02  0.0000e+00  2.4460e-03  2.5573e-03
  105   0.7600   0.0000   0.0000  0.0000e+00 -6.0765e-03 -3.8100e-02  0.0000e+00  1.1266e-03  1.9364e-03
  106   0.7625   0.0000   0.0000  0.0000e+00 -6.1736e-03 -3.8287e-02  0.0000e+00  2.0189e-03  4.8624e-03
  107   0.7650   0.0000   0.0000  0.0000e+00 -6.2711e-03 -3.8472e-02  0.0000e+00  8.9147e-04  2.9173e-03
  108   0.7675   0.0000   0.0000  0.0000e+00 -6.3692e-03 -3.8655e-02  0.0000e+00  1.5326e-03  6.0975e-03
  109   0.7700   0.0000   0.0000  0.0000e+00 -6.4676e-03 -3.8835e-02  0.0000e+00  6.4025e-04  3.1605e-03
  110   0.7725   0.0000   0.0000  0.0000e+00 -6.5665e-03 -3.9013e-02  0.0000e+00  1.0429e-03  5.8741e-03
  111   0.7750   0.0000   0.0000  0.0000e+00 -6.6659e-03 -3.9188e-02  0.0000e+00  4.0184e-04  2.7034e-03
  112   0.7775   0.0000   0.0000  0.0000e+00 -6.7657e-03 -3.9362e-02  0.0000e+00  6.0891e-04  4.6976e-03
  113   0.7800   0.0000   0.0000  0.0000e+00 -6.8659e-03 -3.9533e-02  0.0000e+00  2.0658e-04  2.0045e-03
  114   0.7825   0.0000   0.0000  0.0000e+00 -6.9665e-03 -3.9702e-02  0.0000e+00  2.9065e-04  3.4588e-03
  115   0.7850   0.0000   0.0000  0.0000e+00 -7.0675e-03 -3.9869e-02  0.0000e+00  8.4033e-05  1.4727e-03
  116   0.7875   0.0000   0.0000  0.0000e+00 -7.1690e-03 -4.0033e-02  0.0000e+00  1.4193e-04  2.5150e-03
  117   0.7900   0.0000   0.0000  0.0000e+00 -7.2708e-03 -4.0196e-02  0.0000e+00  5.8357e-05  1.0459e-03
  118   0.7925   0.0000   0.0000  0.0000e+00 -7.3731e-03 -4.0355e-02  0.0000e+00  2.0037e-04  1.3550e-03
  119   0.7950   0.0000   0.0000  0.0000e+00 -7.4757e-03 -4.0513e-02  0.0000e+00  1.4286e-04  2.8955e-04
  120   0.7975   0.0000   0.0000  0.0000e+00 -7.5787e-03 -4.0668e-02  0.0000e+00  4.7868e-04 -7.5172e-04
  121   0.8000   0.0000   0.0000  0.0000e+00 -7.6821e-03 -4.0821e-02  0.0000e+00  3.3693e-04 -1.0679e-03
  122   0.8025   0.0000   0.0000  0.0000e+00 -7.7859e-03 -4.0972e-02  0.0000e+00  9.6215e-04 -3.7916e-03
  123   0.8050   0.0000   0.0000  0.0000e+00 -7.8901e-03 -4.1120e-02  0.0000e+00  6.2651e-04 -2.7335e-03
  124   0.8075   0.0000   0.0000  0.0000e+00 -7.9946e-03 -4.1265e-02  0.0000e+00  1.6115e-03 -6.7649e-03
  125   0.8100   0.0000   0.0000  0.0000e+00 -8.0994e-03 -4.1408e-02  0.0000e+00  9.8646e-04 -4.0175e-03
  126   0.8125   0.0000   0.0000  0.0000e+00 -8.2047e-03 -4.1548e-02  0.0000e+00  2.3673e-03 -8.4451e-03
  127   0.8150   0.0000   0.0000  0.0000e+00 -8.3102e-03 -4.1686e-02  0.0000e+00  1.3824e-03 -4.4057e-03
  128   0.8175   0.0000   0.0000  0.0000e+00 -8.4161e-03 -4.1821e-02  0.0000e+00  3.1523e-03 -8.3693e-03
  129   0.8200   0.0000   0.0000  0.0000e+00 -8.5223e-03 -4.1953e-02  0.0000e+00  1.7713e-03 -3.9548e-03
  130   0.8225   0.0000   0.0000  0.0000e+00 -8.6289e-03 -4.2083e-02  0.0000e+00  3.8737e-03 -7.0896e-03
  131   0.8250   0.0000   0.0000  0.0000e+00 -8.7358e-03 -4.2211e-02  0.0000e+00  2.1033e-03 -3.1441e-03
  132   0.8275   0.0000   0.0000  0.0000e+00 -8.8429e-03 -4.2335e-02  0.0000e+00  4.4295e-03 -5.5130e-03
  133   0.8300   0.0000   0.0000  0.0000e+00 -8.9504e-03 -4.2458e-02  0.0000e+00  2.3264e-03 -2.3828e-03
  134   0.8325   0.0000   0.0000  0.0000e+00 -9.0582e-03 -4.2578e-02  0.0000e+00  4.7214e-03 -4.0580e-03
  135   0.8350   0.0000   0.0000  0.0000e+00 -9.1663e-03 -4.2696e-02  0.0000e+00  2.3943e-03 -1.6771e-03
  136   0.8375   0.0000   0.0000  0.0000e+00 -9.2746e-03 -4.2812e-02  0.0000e+00  4.6711e-03 -2.4335e-03
  137   0.8400   0.0000   0.0000  0.0000e+00 -9.3833e-03 -4.2925e-02  0.0000e+00  2.2753e-03 -7.4187e-04
  138   0.8425   0.0000   0.0000  0.0000e+00 -9.4922e-03 -4.3036e-02  0.0000e+00  4.2363e-03 -1.6023e-04
  139   0.8450   0.0000   0.0000  0.0000e+00 -9.6014e-03 -4.3145e-02  0.0000e+00  1.9589e-03  6.0137e-04
  140   0.8475   0.0000   0.0000  0.0000e+00 -9.7109e-03 -4.3252e-02  0.0000e+00  3.4207e-03  2.7337e-03
  141   0.8500   0.0000   0.0000  0.0000e+00 -9.8206e-03 -4.3357e-02  0.0000e+00  1.4593e-03  2.1407e-03
  142   0.8525   0.0000   0.0000  0.0000e+00 -9.9306e-03 -4.3461e-02  0.0000e+00  2.2780e-03  5.5268e-03
  143   0.8550   0.0000   0.0000  0.0000e+00 -1.0041e-02 -4.3562e-02  0.0000e+00  8.1588e-04  3.3773e-03
  144   0.8575   0.0000   0.0000  0.0000e+00 -1.0151e-02 -4.3662e-02  0.0000e+00  9.1005e-04  7.3149e-03
  145   0.8600   0.0000   0.0000  0.0000e+00 -1.0262e-02 -4.3760e-02  0.0000e+00  9.1412e-05  3.9228e-03
  146   0.8625   0.0000   0.0000  0.0000e+00 -1.0373e-02 -4.3856e-02  0.0000e+00 -5.3766e-04  7.7201e-03
  147   0.8650   0.0000   0.0000  0.0000e+00 -1.0484e-02 -4.3951e-02  0.0000e+00 -6.3139e-04  3.7916e-03
  148   0.8675   0.0000   0.0000  0.0000e+00 -1.0596e-02 -4.4044e-02  0.0000e+00 -1.8872e-03  7.0814e-03
  149   0.8700   0.0000   0.0000  0.0000e+00 -1.0707e-02 -4.4135e-02  0.0000e+00 -1.2572e-03  3.2950e-03
  150   0.8725   0.0000   0.0000  0.0000e+00 -1.0819e-02 -4.4224e-02  0.0000e+00 -2.9473e-03  5.9963e-03
  151   0.8750   0.0000   0.0000  0.0000e+00 -1.0931e-02 -4.4312e-02  0.0000e+00 -1.6903e-03  2.7082e-03
  152   0.8775   0.0000   0.0000  0.0000e+00 -1.1043e-02 -4.4398e-02  0.0000e+00 -3.5421e-03  4.7926e-03
  153   0.8800   0.0000   0.0000  0.0000e+00 -1.1156e-02 -4.4483e-02  0.0000e+00 -1.8505e-03  2.0860e-03
  154   0.8825   0.0000   0.0000  0.0000e+00 -1.1269e-02 -4.4565e-02  0.0000e+00 -3.5436e-03  3.4129e-03
  155   0.8850   0.0000   0.0000  0.0000e+00 -1.1382e-02 -4.4646e-02  0.0000e+00 -1.6905e-03  1.3207e-03
  156   0.8875   0.0000   0.0000  0.0000e+00 -1.1495e-02 -4.4725e-02  0.0000e+00 -2.9041e-03  1.6402e-03
  157   0.8900   0.0000   0.0000  0.0000e+00 -1.1608e-02 -4.4802e-02  0.0000e+00 -1.2099e-03  3.0722e-04
  158   0.8925   0.0000   0.0000  0.0000e+00 -1.1722e-02 -4.4878e-02  0.0000e+00 -1.6776e-03 -5.5971e-04
  159   0.8950   0.0000   0.0000  0.0000e+00 -1.1835e-02 -4.4951e-02  0.0000e+00 -4.6363e-04 -8.7481e-04
  160   0.8975   0.0000   0.0000  0.0000e+00 -1.1949e-02 -4.5023e-02  0.0000e+00 -2.8351e-05 -2.8122e-03
  161   0.9000   0.0000   0.0000  0.0000e+00 -1.2063e-02 -4.5092e-02  0.0000e+00  4.3906e-04 -1.9331e-03
  162   0.9025   0.0000   0.0000  0.0000e+00 -1.2177e-02 -4.5160e-02  0.0000e+00  1.7822e-03 -4.5484e-03
  163   0.9050   0.0000   0.0000  0.0000e+00 -1.2292e-02 -4.5225e-02  0.0000e+00  1.3458e-03 -2.6068e-03
  164   0.9075   0.0000   0.0000  0.0000e+00 -1.2406e-02 -4.5289e-02  0.0000e+00  3.4287e-03 -5.4985e-03
  165   0.9100   0.0000   0.0000  0.0000e+00 -1.2521e-02 -4.5351e-02  0.0000e+00  2.0834e-03 -2.8884e-03
  166   0.9125   0.0000   0.0000  0.0000e+00 -1.2636e-02 -4.5410e-02  0.0000e+00  4.5772e-03 -5.8503e-03
  167   0.9150   0.0000   0.0000  0.0000e+00 -1.2751e-02 -4.5468e-02  0.0000e+00  2.4916e-03 -2.9661e-03
  168   0.9175   0.0000   0.0000  0.0000e+00 -1.2866e-02 -4.5523e-02  0.0000e+00  4.9601e-03 -5.9866e-03
  169   0.9200   0.0000   0.0000  0.0000e+00 -1.2981e-02 -4.5576e-02  0.0000e+00  2.4638e-03 -3.0284e-03
  170   0.9225   0.0000   0.0000  0.0000e+00 -1.3096e-02 -4.5628e-02  0.0000e+00  4.4593e-03 -6.1178e-03
  171   0.9250   0.0000   0.0000  0.0000e+00 -1.3212e-02 -4.5677e-02  0.0000e+00  1.9888e-03 -3.0918e-03
  172   0.9275   0.0000   0.0000  0.0000e+00 -1.3327e-02 -4.5725e-02  0.0000e+00  3.1770e-03 -6.1264e-03
  173   0.9300   0.0000   0.0000  0.0000e+00 -1.3443e-02 -4.5771e-02  0.0000e+00  1.1814e-03 -3.0344e-03
  174   0.9325   0.0000   0.0000  0.0000e+00 -1.3559e-02 -4.5814e-02  0.0000e+00  1.4706e-03 -5.7546e-03
  175   0.9350   0.0000   0.0000  0.0000e+00 -1.3675e-02 -4.5856e-02  0.0000e+00  2.8478e-04 -2.7124e-03
  176   0.9375   0.0000   0.0000  0.0000e+00 -1.3791e-02 -4.5896e-02  0.0000e+00 -8.0331e-05 -4.7615e-03
  177   0.9400   0.0000   0.0000  0.0000e+00 -1.3907e-02 -4.5933e-02  0.0000e+00 -3.6449e-04 -2.0368e-03
  178   0.9425   0.0000   0.0000  0.0000e+00 -1.4023e-02 -4.5970e-02  0.0000e+00 -7.9353e-04 -3.2326e-03
  179   0.9450   0.0000   0.0000  0.0000e+00 -1.4139e-02 -4.6004e-02  0.0000e+00 -4.2117e-04 -1.1974e-03
  180   0.9475   0.0000   0.0000  0.0000e+00 -1.4256e-02 -4.6036e-02  0.0000e+00 -9.4678e-05 -1.6622e-03
  181   0.9500   0.0000   0.0000  0.0000e+00 -1.4372e-02 -4.6067e-02  0.0000e+00  3.4181e-04 -4.6912e-04
  182   0.9525   0.0000   0.0000  0.0000e+00 -1.4489e-02 -4.6096e-02  0.0000e+00  2.2124e-03 -4.5706e-04
  183   0.9550   0.0000   0.0000  0.0000e+00 -1.4605e-02 -4.6124e-02  0.0000e+00  1.8901e-03  5.5472e-06
  184   0.9575   0.0000   0.0000  0.0000e+00 -1.4722e-02 -4.6149e-02  0.0000e+00  5.6955e-03  3.0467e-04
  185   0.9600   0.0000   0.0000  0.0000e+00 -1.4838e-02 -4.6174e-02  0.0000e+00  3.8210e-03  2.9726e-04
  186   0.9625   0.0000   0.0000  0.0000e+00 -1.4955e-02 -4.6196e-02  0.0000e+00  9.1979e-03  8.4491e-04
  187   0.9650   0.0000   0.0000  0.0000e+00 -1.5072e-02 -4.6217e-02  0.0000e+00  5.3761e-03  5.5591e-04
  188   0.9675   0.0000   0.0000  0.0000e+00 -1.5189e-02 -4.6237e-02  0.0000e+00  1.1077e-02  1.4705e-03
  189   0.9700   0.0000   0.0000  0.0000e+00 -1.5306e-02 -4.6255e-02  0.0000e+00  5.6706e-03  9.2100e-04
  190   0.9725   0.0000   0.0000  0.0000e+00 -1.5423e-02 -4.6271e-02  0.0000e+00  9.9448e-03  2.2705e-03
  191   0.9750   0.0000   0.0000  0.0000e+00 -1.5540e-02 -4.6286e-02  0.0000e+00  4.2112e-03  1.3523e-03
  192   0.9775   0.0000   0.0000  0.0000e+00 -1.5657e-02 -4.6300e-02  0.0000e+00  5.9100e-03  3.0606e-03
  193   0.9800   0.0000   0.0000  0.0000e+00 -1.5774e-02 -4.6312e-02  0.0000e+00  1.6341e-03  1.7096e-03
  194   0.9825   0.0000   0.0000  0.0000e+00 -1.5891e-02 -4.6322e-02  0.0000e+00  1.8413e-03  3.5202e-03
  195   0.9850   0.0000   0.0000  0.0000e+00 -1.6008e-02 -4.6332e-02  0.0000e+00  2.4948e-04  1.7979e-03
  196   0.9875   0.0000   0.0000  0.0000e+00 -1.6125e-02 -4.6339e-02  0.0000e+00  3.0743e-03  3.3831e-03
  197   0.9900   0.0000   0.0000  0.0000e+00 -1.6242e-02 -4.6346e-02  0.0000e+00  3.2378e-03  1.5796e-03
  198   0.9925   0.0000   0.0000  0.0000e+00 -1.6359e-02 -4.6351e-02  0.0000e+00  1.1833e-02  2.8994e-03
  199   0.9950   0.0000   0.0000  0.0000e+00 -1.6476e-02 -4.6354e-02  0.0000e+00  9.9240e-03  1.3284e-03
  200   0.9975   0.0000   0.0000  0.0000e+00 -1.6594e-02 -4.6356e-02  0.0000e+00  8.6562e-03  2.5456e-03
  201   1.0000   0.0000   0.0000  0.0000e+00 -1.6711e-02 -4.6357e-02  0.0000e+00 -1.4692e-03  6.0788e-04
