  0.0010   -0.008591  0       1
  0.0020   -0.024535  0       2
  0.0030   -0.023428  0       3
  0.0040   -0.007788  0       4
  0.0050   -0.009912  0       5
  0.0060   -0.025372  0       6
  0.0070   -0.022016  0       7
  0.0080   -0.007088  0       8
  0.0090   -0.011351  0       9
  0.0100   -0.025951  0      10
  0.0110   -0.020576  0      11
  0.0120   -0.006575  0      12
  0.0130   -0.012870  0      13
  0.0140   -0.026285  0      14
  0.0150   -0.019117  0      15
  0.0160   -0.006281  0      16
  0.0170   -0.014401  0      17
  0.0180   -0.026412  0      18
  0.0190   -0.017633  0      19
  0.0200   -0.006237  0      20
  0.0210   -0.015880  0      21
  0.0220   -0.026360  0      22
  0.0230   -0.016141  0      23
  0.0240   -0.006441  0      24
  0.0250   -0.017285  0      25
  0.0260   -0.026123  0      26
  0.0270   -0.014698  0      27
  0.0280   -0.006849  0      28
  0.0290   -0.018623  0      29
  0.0300   -0.025675  0      30
  0.0310   -0.013367  0      31
  0.0320   -0.007411  0      32
  0.0330   -0.019897  0      33
  0.0340   -0.025012  0      34
  0.0350   -0.012185  0      35
  0.0360   -0.008105  0      36
  0.0370   -0.021077  0      37
  0.0380   -0.024172  0      38
  0.0390   -0.011147  0      39
  0.0400   -0.008942  0      40
  0.0410   -0.022107  0      41
  0.0420   -0.023216  0      42
  0.0430   -0.010235  0      43
  0.0440   -0.009933  0      44
  0.0450   -0.022944  0      45
  0.0460   -0.022188  0      46
  0.0470   -0.009449  0      47
  0.0480   -0.011054  0      48
  0.0490   -0.023583  0      49
  0.0500   -0.021099  0      50
  0.0510   -0.008825  0      51
  0.0520   -0.012246  0      52
  0.0530   -0.024053  0      53
  0.0540   -0.019934  0      54
  0.0550   -0.008406  0      55
  0.0560   -0.013449  0      56
  0.0570   -0.024379  0      57
  0.0580   -0.018703  0      58
  0.0590   -0.008206  0      59
  0.0600   -0.014634  0      60
  0.0610   -0.024552  0      61
  0.0620   -0.017449  0      62
  0.0630   -0.008194  0      63
  0.0640   -0.015810  0      64
  0.0650   -0.024539  0      65
  0.0660   -0.016237  0      66
  0.0670   -0.008329  0      67
  0.0680   -0.016984  0      68
  0.0690   -0.024319  0      69
  0.0700   -0.015110  0      70
  0.0710   -0.008591  0      71
  0.0720   -0.018132  0      72
  0.0730   -0.023915  0      73
  0.0740   -0.014071  0      74
  0.0750   -0.008996  0      75
  0.0760   -0.019200  0      76
  0.0770   -0.023377  0      77
  0.0780   -0.013101  0      78
  0.0790   -0.009565  0      79
  0.0800   -0.020137  0      80
  0.0810   -0.022747  0      81
  0.0820   -0.012199  0      82
  0.0830   -0.010290  0      83
  0.0840   -0.020927  0      84
  0.0850   -0.022034  0      85
  0.0860   -0.011400  0      86
  0.0870   -0.011124  0      87
  0.0880   -0.021592  0      88
  0.0890   -0.021218  0      89
  0.0900   -0.010753  0      90
  0.0910   -0.012010  0      91
  0.0920   -0.022154  0      92
  0.0930   -0.020297  0      93
  0.0940   -0.010285  0      94
  0.0950   -0.012918  0      95
  0.0960   -0.022604  0      96
  0.0970   -0.019303  0      97
  0.0980   -0.009978  0      98
  0.0990   -0.013856  0      99
  0.1000   -0.022905  0     100
  0.1010   -0.018295  0     101
  0.1020   -0.009797  0     102
  0.1030   -0.014838  0     103
  0.1040   -0.023025  0     104
  0.1050   -0.017321  0     105
  0.1060   -0.009724  0     106
  0.1070   -0.015849  0     107
  0.1080   -0.022971  0     108
  0.1090   -0.016388  0     109
  0.1100   -0.009776  0     110
  0.1110   -0.016839  0     111
  0.1120   -0.022782  0     112
  0.1130   -0.015477  0     113
  0.1140   -0.009984  0     114
  0.1150   -0.017755  0     115
  0.1160   -0.022498  0     116
  0.1170   -0.014584  0     117
  0.1180   -0.010353  0     118
  0.1190   -0.018573  0     119
  0.1200   -0.022127  0     120
  0.1210   -0.013738  0     121
  0.1220   -0.010850  0     122
  0.1230   -0.019306  0     123
  0.1240   -0.021646  0     124
  0.1250   -0.012991  0     125
  0.1260   -0.011423  0     126
  0.1270   -0.019978  0     127
  0.1280   -0.021040  0     128
  0.1290   -0.012378  0     129
  0.1300   -0.012042  0     130
  0.1310   -0.020582  0     131
  0.1320   -0.020329  0     132
  0.1330   -0.011894  0     133
  0.1340   -0.012713  0     134
  0.1350   -0.021080  0     135
  0.1360   -0.019566  0     136
  0.1370   -0.011509  0     137
  0.1380   -0.013456  0     138
  0.1390   -0.021432  0     139
  0.1400   -0.018798  0     140
  0.1410   -0.011204  0     141
  0.1420   -0.014268  0     142
  0.1430   -0.021631  0     143
  0.1440   -0.018037  0     144
  0.1450   -0.010996  0     145
  0.1460   -0.015107  0     146
  0.1470   -0.021708  0     147
  0.1480   -0.017264  0     148
  0.1490   -0.010923  0     149
  0.1500   -0.015918  0     150
  0.1510   -0.021698  0     151
  0.1520   -0.016468  0     152
  0.1530   -0.011001  0     153
  0.1540   -0.016671  0     154
  0.1550   -0.021610  0     155
  0.1560   -0.015672  0     156
  0.1570   -0.011211  0     157
  0.1580   -0.017377  0     158
  0.1590   -0.021419  0     159
  0.1600   -0.014925  0     160
  0.1610   -0.011505  0     161
  0.1620   -0.018056  0     162
  0.1630   -0.021101  0     163
  0.1640   -0.014270  0     164
  0.1650   -0.011854  0     165
  0.1660   -0.018710  0     166
  0.1670   -0.020662  0     167
  0.1680   -0.013711  0     168
  0.1690   -0.012264  0     169
  0.1700   -0.019302  0     170
  0.1710   -0.020147  0     171
  0.1720   -0.013222  0     172
  0.1730   -0.012760  0     173
  0.1740   -0.019787  0     174
  0.1750   -0.019603  0     175
  0.1760   -0.012783  0     176
  0.1770   -0.013348  0     177
  0.1780   -0.020145  0     178
  0.1790   -0.019042  0     179
  0.1800   -0.012408  0     180
  0.1810   -0.013996  0     181
  0.1820   -0.020400  0     182
  0.1830   -0.018449  0     183
  0.1840   -0.012138  0     184
  0.1850   -0.014653  0     185
  0.1860   -0.020585  0     186
  0.1870   -0.017804  0     187
  0.1880   -0.012001  0     188
  0.1890   -0.015285  0     189
  0.1900   -0.020709  0     190
  0.1910   -0.017122  0     191
  0.1920   -0.011986  0     192
  0.1930   -0.015896  0     193
  0.1940   -0.020748  0     194
  0.1950   -0.016448  0     195
  0.1960   -0.012055  0     196
  0.1970   -0.016511  0     197
  0.1980   -0.020669  0     198
  0.1990   -0.015827  0     199
  0.2000   -0.012177  0     200
  0.2010   -0.017134  0     201
  0.2020   -0.020468  0     202
  0.2030   -0.015273  0     203
  0.2040   -0.012357  0     204
  0.2050   -0.017736  0     205
  0.2060   -0.020179  0     206
  0.2070   -0.014762  0     207
  0.2080   -0.012623  0     208
  0.2090   -0.018269  0     209
  0.2100   -0.019846  0     210
  0.2110   -0.014273  0     211
  0.2120   -0.012991  0     212
  0.2130   -0.018705  0     213
  0.2140   -0.019488  0     214
  0.2150   -0.013815  0     215
  0.2160   -0.013441  0     216
  0.2170   -0.019059  0     217
  0.2180   -0.019085  0     218
  0.2190   -0.013429  0     219
  0.2200   -0.013925  0     220
  0.2210   -0.019361  0     221
  0.2220   -0.018615  0     222
  0.2230   -0.013149  0     223
  0.2240   -0.014407  0     224
  0.2250   -0.019624  0     225
  0.2260   -0.018082  0     226
  0.2270   -0.012978  0     227
  0.2280   -0.014887  0     228
  0.2290   -0.019826  0     229
  0.2300   -0.017524  0     230
  0.2310   -0.012883  0     231
  0.2320   -0.015390  0     232
  0.2330   -0.019928  0     233
  0.2340   -0.016989  0     234
  0.2350   -0.012832  0     235
  0.2360   -0.015928  0     236
  0.2370   -0.019917  0     237
  0.2380   -0.016495  0     238
  0.2390   -0.012828  0     239
  0.2400   -0.016479  0     240
  0.2410   -0.019816  0     241
  0.2420   -0.016023  0     242
  0.2430   -0.012900  0     243
  0.2440   -0.016995  0     244
  0.2450   -0.019666  0     245
  0.2460   -0.015549  0     246
  0.2470   -0.013074  0     247
  0.2480   -0.017443  0     248
  0.2490   -0.019487  0     249
  0.2500   -0.015077  0     250
  0.2510   -0.013338  0     251
  0.2520   -0.017829  0     252
  0.2530   -0.019265  0     253
  0.2540   -0.014643  0     254
  0.2550   -0.013653  0     255
  0.2560   -0.018181  0     256
  0.2570   -0.018970  0     257
  0.2580   -0.014289  0     258
  0.2590   -0.013980  0     259
  0.2600   -0.018517  0     260
  0.2610   -0.018595  0     261
  0.2620   -0.014025  0     262
  0.2630   -0.014316  0     263
  0.2640   -0.018818  0     264
  0.2650   -0.018174  0     265
  0.2660   -0.013825  0     266
  0.2670   -0.014685  0     267
  0.2680   -0.019042  0     268
  0.2690   -0.017752  0     269
  0.2700   -0.013658  0     270
  0.2710   -0.015108  0     271
  0.2720   -0.019167  0     272
  0.2730   -0.017351  0     273
  0.2740   -0.013521  0     274
  0.2750   -0.015569  0     275
  0.2760   -0.019207  0     276
  0.2770   -0.016957  0     277
  0.2780   -0.013444  0     278
  0.2790   -0.016024  0     279
  0.2800   -0.019200  0     280
  0.2810   -0.016545  0     281
  0.2820   -0.013460  0     282
  0.2830   -0.016436  0     283
  0.2840   -0.019168  0     284
  0.2850   -0.016109  0     285
  0.2860   -0.013568  0     286
  0.2870   -0.016803  0     287
  0.2880   -0.019100  0     288
  0.2890   -0.015682  0     289
  0.2900   -0.013733  0     290
  0.2910   -0.017153  0     291
  0.2920   -0.018962  0     292
  0.2930   -0.015308  0     293
  0.2940   -0.013918  0     294
  0.2950   -0.017506  0     295
  0.2960   -0.018739  0     296
  0.2970   -0.015005  0     297
  0.2980   -0.014115  0     298
  0.2990   -0.017849  0     299
  0.3000   -0.018454  0     300
  0.3010   -0.014753  0     301
  0.3020   -0.014349  0     302
  0.3030   -0.018141  0     303
  0.3040   -0.018152  0     304
  0.3050   -0.014522  0     305
  0.3060   -0.014645  0     306
  0.3070   -0.018351  0     307
  0.3080   -0.017859  0     308
  0.3090   -0.014303  0     309
  0.3100   -0.014997  0     310
  0.3110   -0.018486  0     311
  0.3120   -0.017564  0     312
  0.3130   -0.014125  0     313
  0.3140   -0.015366  0     314
  0.3150   -0.018578  0     315
  0.3160   -0.017239  0     316
  0.3170   -0.014024  0     317
  0.3180   -0.015712  0     318
  0.3190   -0.018654  0     319
  0.3200   -0.016872  0     320
  0.3210   -0.014010  0     321
  0.3220   -0.016027  0     322
  0.3230   -0.018704  0     323
  0.3240   -0.016491  0     324
  0.3250   -0.014055  0     325
  0.3260   -0.016337  0     326
  0.3270   -0.018695  0     327
  0.3280   -0.016138  0     328
  0.3290   -0.014123  0     329
  0.3300   -0.016666  0     330
  0.3310   -0.018604  0     331
  0.3320   -0.015838  0     332
  0.3330   -0.014200  0     333
  0.3340   -0.017006  0     334
  0.3350   -0.018443  0     335
  0.3360   -0.015578  0     336
  0.3370   -0.014310  0     337
  0.3380   -0.017319  0     338
  0.3390   -0.018254  0     339
  0.3400   -0.015326  0     340
  0.3410   -0.014484  0     341
  0.3420   -0.017571  0     342
  0.3430   -0.018067  0     343
  0.3440   -0.015071  0     344
  0.3450   -0.014724  0     345
  0.3460   -0.017758  0     346
  0.3470   -0.017874  0     347
  0.3480   -0.014836  0     348
  0.3490   -0.014997  0     349
  0.3500   -0.017909  0     350
  0.3510   -0.017647  0     351
  0.3520   -0.014660  0     352
  0.3530   -0.015263  0     353
  0.3540   -0.018052  0     354
  0.3550   -0.017368  0     355
  0.3560   -0.014560  0     356
  0.3570   -0.015508  0     357
  0.3580   -0.018184  0     358
  0.3590   -0.017055  0     359
  0.3600   -0.014518  0     360
  0.3610   -0.015755  0     361
  0.3620   -0.018271  0     362
  0.3630   -0.016749  0     363
  0.3640   -0.014497  0     364
  0.3650   -0.016031  0     365
  0.3660   -0.018284  0     366
  0.3670   -0.016482  0     367
  0.3680   -0.014480  0     368
  0.3690   -0.016336  0     369
  0.3700   -0.018226  0     370
  0.3710   -0.016244  0     371
  0.3720   -0.014489  0     372
  0.3730   -0.016637  0     373
  0.3740   -0.018134  0     374
  0.3750   -0.016007  0     375
  0.3760   -0.014555  0     376
  0.3770   -0.016895  0     377
  0.3780   -0.018039  0     378
  0.3790   -0.015752  0     379
  0.3800   -0.014691  0     380
  0.3810   -0.017098  0     381
  0.3820   -0.017941  0     382
  0.3830   -0.015497  0     383
  0.3840   -0.014871  0     384
  0.3850   -0.017273  0     385
  0.3860   -0.017810  0     386
  0.3870   -0.015282  0     387
  0.3880   -0.015055  0     388
  0.3890   -0.017449  0     389
  0.3900   -0.017622  0     390
  0.3910   -0.015132  0     391
  0.3920   -0.015225  0     392
  0.3930   -0.017628  0     393
  0.3940   -0.017387  0     394
  0.3950   -0.015034  0     395
  0.3960   -0.015399  0     396
  0.3970   -0.017778  0     397
  0.3980   -0.017144  0     398
  0.3990   -0.014954  0     399
  0.4000   -0.015607  0     400
  0.4010   -0.017864  0     401
  0.4020   -0.016925  0     402
  0.4030   -0.014873  0     403
  0.4040   -0.015858  0     404
  0.4050   -0.017884  0     405
  0.4060   -0.016730  0     406
  0.4070   -0.014805  0     407
  0.4080   -0.016122  0     408
  0.4090   -0.017868  0     409
  0.4100   -0.016529  0     410
  0.4110   -0.014785  0     411
  0.4120   -0.016360  0     412
  0.4130   -0.017847  0     413
  0.4140   -0.016301  0     414
  0.4150   -0.014833  0     415
  0.4160   -0.016555  0     416
  0.4170   -0.017828  0     417
  0.4180   -0.016056  0     418
  0.4190   -0.014931  0     419
  0.4200   -0.016726  0     420
  0.4210   -0.017782  0     421
  0.4220   -0.015832  0     422
  0.4230   -0.015041  0     423
  0.4240   -0.016905  0     424
  0.4250   -0.017679  0     425
  0.4260   -0.015660  0     426
  0.4270   -0.015140  0     427
  0.4280   -0.017100  0     428
  0.4290   -0.017522  0     429
  0.4300   -0.015535  0     430
  0.4310   -0.015241  0     431
  0.4320   -0.017283  0     432
  0.4330   -0.017344  0     433
  0.4340   -0.015425  0     434
  0.4350   -0.015378  0     435
  0.4360   -0.017416  0     436
  0.4370   -0.017181  0     437
  0.4380   -0.015305  0     438
  0.4390   -0.015564  0     439
  0.4400   -0.017488  0     440
  0.4410   -0.017037  0     441
  0.4420   -0.015187  0     442
  0.4430   -0.015778  0     443
  0.4440   -0.017524  0     444
  0.4450   -0.016886  0     445
  0.4460   -0.015105  0     446
  0.4470   -0.015981  0     447
  0.4480   -0.017557  0     448
  0.4490   -0.016701  0     449
  0.4500   -0.015085  0     450
  0.4510   -0.016149  0     451
  0.4520   -0.017597  0     452
  0.4530   -0.016486  0     453
  0.4540   -0.015117  0     454
  0.4550   -0.016298  0     455
  0.4560   -0.017619  0     456
  0.4570   -0.016275  0     457
  0.4580   -0.015166  0     458
  0.4590   -0.016459  0     459
  0.4600   -0.017589  0     460
  0.4610   -0.016104  0     461
  0.4620   -0.015205  0     462
  0.4630   -0.016646  0     463
  0.4640   -0.017502  0     464
  0.4650   -0.015973  0     465
  0.4660   -0.015242  0     466
  0.4670   -0.016836  0     467
  0.4680   -0.017386  0     468
  0.4690   -0.015856  0     469
  0.4700   -0.015310  0     470
  0.4710   -0.016992  0     471
  0.4720   -0.017277  0     472
  0.4730   -0.015723  0     473
  0.4740   -0.015432  0     474
  0.4750   -0.017094  0     475
  0.4760   -0.017186  0     476
  0.4770   -0.015579  0     477
  0.4780   -0.015591  0     478
  0.4790   -0.017160  0     479
  0.4800   -0.017089  0     480
  0.4810   -0.015458  0     481
  0.4820   -0.015751  0     482
  0.4830   -0.017225  0     483
  0.4840   -0.016955  0     484
  0.4850   -0.015390  0     485
  0.4860   -0.015884  0     486
  0.4870   -0.017304  0     487
  0.4880   -0.016782  0     488
  0.4890   -0.015374  0     489
  0.4900   -0.015999  0     490
  0.4910   -0.017375  0     491
  0.4920   -0.016599  0     492
  0.4930   -0.015376  0     493
  0.4940   -0.016128  0     494
  0.4950   -0.017403  0     495
  0.4960   -0.016443  0     496
  0.4970   -0.015369  0     497
  0.4980   -0.016290  0     498
  0.4990   -0.017375  0     499
  0.5000   -0.016324  0     500
  0.5010   -0.015355  0     501
  0.5020   -0.016469  0     502
  0.5030   -0.017311  0     503
  0.5040   -0.016215  0     504
  0.5050   -0.015365  0     505
  0.5060   -0.016627  0     506
  0.5070   -0.017250  0     507
  0.5080   -0.016088  0     508
  0.5090   -0.015427  0     509
  0.5100   -0.016741  0     510
  0.5110   -0.017206  0     511
  0.5120   -0.015939  0     512
  0.5130   -0.015533  0     513
  0.5140   -0.016820  0     514
  0.5150   -0.017160  0     515
  0.5160   -0.015798  0     516
  0.5170   -0.015649  0     517
  0.5180   -0.016899  0     518
  0.5190   -0.017079  0     519
  0.5200   -0.015702  0     520
  0.5210   -0.015745  0     521
  0.5220   -0.016996  0     522
  0.5230   -0.016952  0     523
  0.5240   -0.015654  0     524
  0.5250   -0.015822  0     525
  0.5260   -0.017098  0     526
  0.5270   -0.016805  0     527
  0.5280   -0.015627  0     528
  0.5290   -0.015912  0     529
  0.5300   -0.017167  0     530
  0.5310   -0.016674  0     531
  0.5320   -0.015589  0     532
  0.5330   -0.016040  0     533
  0.5340   -0.017183  0     534
  0.5350   -0.016575  0     535
  0.5360   -0.015538  0     536
  0.5370   -0.016195  0     537
  0.5380   -0.017161  0     538
  0.5390   -0.016487  0     539
  0.5400   -0.015503  0     540
  0.5410   -0.016342  0     541
  0.5420   -0.017137  0     542
  0.5430   -0.016378  0     543
  0.5440   -0.015514  0     544
  0.5450   -0.016453  0     545
  0.5460   -0.017132  0     546
  0.5470   -0.016240  0     547
  0.5480   -0.015573  0     548
  0.5490   -0.016531  0     549
  0.5500   -0.017130  0     550
  0.5510   -0.016097  0     551
  0.5520   -0.015649  0     552
  0.5530   -0.016609  0     553
  0.5540   -0.017097  0     554
  0.5550   -0.015987  0     555
  0.5560   -0.015710  0     556
  0.5570   -0.016710  0     557
  0.5580   -0.017016  0     558
  0.5590   -0.015922  0     559
  0.5600   -0.015751  0     560
  0.5610   -0.016825  0     561
  0.5620   -0.016906  0     562
  0.5630   -0.015880  0     563
  0.5640   -0.015802  0     564
  0.5650   -0.016919  0     565
  0.5660   -0.016804  0     566
  0.5670   -0.015826  0     567
  0.5680   -0.015890  0     568
  0.5690   -0.016966  0     569
  0.5700   -0.016730  0     570
  0.5710   -0.015753  0     571
  0.5720   -0.016015  0     572
  0.5730   -0.016973  0     573
  0.5740   -0.016668  0     574
  0.5750   -0.015685  0     575
  0.5760   -0.016142  0     576
  0.5770   -0.016976  0     577
  0.5780   -0.016586  0     578
  0.5790   -0.015658  0     579
  0.5800   -0.016241  0     580
  0.5810   -0.016998  0     581
  0.5820   -0.016469  0     582
  0.5830   -0.015679  0     583
  0.5840   -0.016309  0     584
  0.5850   -0.017029  0     585
  0.5860   -0.016336  0     586
  0.5870   -0.015722  0     587
  0.5880   -0.016375  0     588
  0.5890   -0.017037  0     589
  0.5900   -0.016226  0     590
  0.5910   -0.015753  0     591
  0.5920   -0.016466  0     592
  0.5930   -0.016998  0     593
  0.5940   -0.016156  0     594
  0.5950   -0.015763  0     595
  0.5960   -0.016581  0     596
  0.5970   -0.016924  0     597
  0.5980   -0.016109  0     598
  0.5990   -0.015778  0     599
  0.6000   -0.016687  0     600
  0.6010   -0.016849  0     601
  0.6020   -0.016051  0     602
  0.6030   -0.015827  0     603
  0.6040   -0.016752  0     604
  0.6050   -0.016800  0     605
  0.6060   -0.015969  0     606
  0.6070   -0.015918  0     607
  0.6080   -0.016778  0     608
  0.6090   -0.016765  0     609
  0.6100   -0.015883  0     610
  0.6110   -0.016022  0     611
  0.6120   -0.016796  0     612
  0.6130   -0.016714  0     613
  0.6140   -0.015828  0     614
  0.6150   -0.016104  0     615
  0.6160   -0.016834  0     616
  0.6170   -0.016623  0     617
  0.6180   -0.015820  0     618
  0.6190   -0.016156  0     619
  0.6200   -0.016888  0     620
  0.6210   -0.016509  0     621
  0.6220   -0.015838  0     622
  0.6230   -0.016204  0     623
  0.6240   -0.016927  0     624
  0.6250   -0.016406  0     625
  0.6260   -0.015847  0     626
  0.6270   -0.016279  0     627
  0.6280   -0.016923  0     628
  0.6290   -0.016339  0     629
  0.6300   -0.015834  0     630
  0.6310   -0.016383  0     631
  0.6320   -0.016880  0     632
  0.6330   -0.016296  0     633
  0.6340   -0.015818  0     634
  0.6350   -0.016489  0     635
  0.6360   -0.016830  0     636
  0.6370   -0.016245  0     637
  0.6380   -0.015833  0     638
  0.6390   -0.016562  0     639
  0.6400   -0.016802  0     640
  0.6410   -0.016165  0     641
  0.6420   -0.015891  0     642
  0.6430   -0.016598  0     643
  0.6440   -0.016793  0     644
  0.6450   -0.016072  0     645
  0.6460   -0.015970  0     646
  0.6470   -0.016622  0     647
  0.6480   -0.016770  0     648
  0.6490   -0.016001  0     649
  0.6500   -0.016034  0     650
  0.6510   -0.016666  0     651
  0.6520   -0.016710  0     652
  0.6530   -0.015972  0     653
  0.6540   -0.016069  0     654
  0.6550   -0.016733  0     655
  0.6560   -0.016617  0     656
  0.6570   -0.015973  0     657
  0.6580   -0.016097  0     658
  0.6590   -0.016793  0     659
  0.6600   -0.016528  0     660
  0.6610   -0.015969  0     661
  0.6620   -0.016149  0     662
  0.6630   -0.016816  0     663
  0.6640   -0.016469  0     664
  0.6650   -0.015940  0     665
  0.6660   -0.016236  0     666
  0.6670   -0.016797  0     667
  0.6680   -0.016435  0     668
  0.6690   -0.015902  0     669
  0.6700   -0.016334  0     670
  0.6710   -0.016767  0     671
  0.6720   -0.016396  0     672
  0.6730   -0.015888  0     673
  0.6740   -0.016408  0     674
  0.6750   -0.016756  0     675
  0.6760   -0.016327  0     676
  0.6770   -0.015917  0     677
  0.6780   -0.016446  0     678
  0.6790   -0.016767  0     679
  0.6800   -0.016235  0     680
  0.6810   -0.015973  0     681
  0.6820   -0.016470  0     682
  0.6830   -0.016771  0     683
  0.6840   -0.016157  0     684
  0.6850   -0.016020  0     685
  0.6860   -0.016512  0     686
  0.6870   -0.016739  0     687
  0.6880   -0.016116  0     688
  0.6890   -0.016039  0     689
  0.6900   -0.016582  0     690
  0.6910   -0.016670  0     691
  0.6920   -0.016107  0     692
  0.6930   -0.016046  0     693
  0.6940   -0.016654  0     694
  0.6950   -0.016596  0     695
  0.6960   -0.016096  0     696
  0.6970   -0.016075  0     697
  0.6980   -0.016695  0     698
  0.6990   -0.016547  0     699
  0.7000   -0.016060  0     700
  0.7010   -0.016141  0     701
  0.7020   -0.016696  0     702
  0.7030   -0.016525  0     703
  0.7040   -0.016008  0     704
  0.7050   -0.016226  0     705
  0.7060   -0.016680  0     706
  0.7070   -0.016501  0     707
  0.7080   -0.015972  0     708
  0.7090   -0.016296  0     709
  0.7100   -0.016680  0     710
  0.7110   -0.016447  0     711
  0.7120   -0.015977  0     712
  0.7130   -0.016331  0     713
  0.7140   -0.016706  0     714
  0.7150   -0.016365  0     715
  0.7160   -0.016013  0     716
  0.7170   -0.016349  0     717
  0.7180   -0.016731  0     718
  0.7190   -0.016286  0     719
  0.7200   -0.016046  0     720
  0.7210   -0.016383  0     721
  0.7220   -0.016724  0     722
  0.7230   -0.016240  0     723
  0.7240   -0.016052  0     724
  0.7250   -0.016448  0     725
  0.7260   -0.016678  0     726
  0.7270   -0.016227  0     727
  0.7280   -0.016042  0     728
  0.7290   -0.016525  0     729
  0.7300   -0.016619  0     730
  0.7310   -0.016215  0     731
  0.7320   -0.016048  0     732
  0.7330   -0.016578  0     733
  0.7340   -0.016581  0     734
  0.7350   -0.016178  0     735
  0.7360   -0.016092  0     736
  0.7370   -0.016591  0     737
  0.7380   -0.016571  0     738
  0.7390   -0.016119  0     739
  0.7400   -0.016162  0     740
  0.7410   -0.016584  0     741
  0.7420   -0.016563  0     742
  0.7430   -0.016069  0     743
  0.7440   -0.016224  0     744
  0.7450   -0.016591  0     745
  0.7460   -0.016527  0     746
  0.7470   -0.016055  0     747
  0.7480   -0.016254  0     748
  0.7490   -0.016624  0     749
  0.7500   -0.016459  0     750
  0.7510   -0.016075  0     751
  0.7520   -0.016264  0     752
  0.7530   -0.016664  0     753
  0.7540   -0.016385  0     754
  0.7550   -0.016097  0     755
  0.7560   -0.016286  0     756
  0.7570   -0.016678  0     757
  0.7580   -0.016338  0     758
  0.7590   -0.016095  0     759
  0.7600   -0.016342  0     760
  0.7610   -0.016653  0     761
  0.7620   -0.016324  0     762
  0.7630   -0.016071  0     763
  0.7640   -0.016416  0     764
  0.7650   -0.016608  0     765
  0.7660   -0.016316  0     766
  0.7670   -0.016058  0     767
  0.7680   -0.016474  0     768
  0.7690   -0.016579  0     769
  0.7700   -0.016284  0     770
  0.7710   -0.016081  0     771
  0.7720   -0.016496  0     772
  0.7730   -0.016579  0     773
  0.7740   -0.016225  0     774
  0.7750   -0.016135  0     775
  0.7760   -0.016494  0     776
  0.7770   -0.016586  0     777
  0.7780   -0.016166  0     778
  0.7790   -0.016187  0     779
  0.7800   -0.016501  0     780
  0.7810   -0.016570  0     781
  0.7820   -0.016138  0     782
  0.7830   -0.016212  0     783
  0.7840   -0.016536  0     784
  0.7850   -0.016517  0     785
  0.7860   -0.016146  0     786
  0.7870   -0.016213  0     787
  0.7880   -0.016586  0     788
  0.7890   -0.016451  0     789
  0.7900   -0.016161  0     790
  0.7910   -0.016222  0     791
  0.7920   -0.016616  0     792
  0.7930   -0.016406  0     793
  0.7940   -0.016154  0     794
  0.7950   -0.016264  0     795
  0.7960   -0.016607  0     796
  0.7970   -0.016394  0     797
  0.7980   -0.016122  0     798
  0.7990   -0.016331  0     799
  0.8000   -0.016575  0     800
