    0.00000688    0.00628320    0.00000688    0.00628320  0       1
    0.00001380    0.01256640    0.00001379    0.01256640  0       2
    0.00002079    0.01884960    0.00002077    0.01884960  0       3
    0.00002789    0.02513280    0.00002786    0.02513280  0       4
    0.00003514    0.03141600    0.00003510    0.03141600  0       5
    0.00004259    0.03769920    0.00004255    0.03769920  0       6
    0.00005031    0.04398240    0.00005026    0.04398240  0       7
    0.00005838    0.05026560    0.00005832    0.05026560  0       8
    0.00006690    0.05654880    0.00006684    0.05654880  0       9
    0.00007604    0.06283200    0.00007597    0.06283200  0      10
