ConFem  ../_DataAxisym/CAX1
symmetric system False, used LinAlg2 True, used ConFemMatC True, used CaeFemElemC True
ndofs 8, elems 1, active nodes 4, abs.size 0.04 MItems, rel.size 0.5625 (abs.size/(ndofs**2)
used material MATDAM, spec. inertial mass 0.00e+00, type ISODAMAGE, fct 3.00, DStrength 0.3935, reg.type 2, spec.cr.en 4.95e-04, cr.bw 0.20
0 step starts, solution type NR
0   1 0.010 0.00000 iter 0 0.000000e+00 1.000000e+00    0.000000e+00
0   1 0.010 0.00100 iter 1 7.169621e-06 1.000000e+00    1.385311e-05
0   1 0.010 0.00100 iter 2 1.437039e-11 1.000000e+00    1.386450e-05
0   2 0.010 0.00100 iter 0 1.437039e-11 1.000000e+00    0.000000e+00
0   2 0.010 0.00200 iter 1 2.879043e-05 1.000000e+00    1.388733e-05
0   2 0.010 0.00200 iter 2 4.693507e-10 1.000000e+00    1.393341e-05
0   3 0.010 0.00200 iter 0 4.693507e-10 1.000000e+00    0.000000e+00
0   3 0.010 0.00300 iter 1 5.103425e-05 1.000000e+00    1.399142e-05
0   3 0.010 0.00300 iter 2 2.261880e-09 1.000000e+00    1.407415e-05
0   4 0.010 0.00300 iter 0 2.261880e-09 1.000000e+00    0.000000e+00
0   4 0.010 0.00400 iter 1 7.453133e-05 1.000000e+00    1.416982e-05
0   4 0.010 0.00400 iter 2 6.642473e-09 1.000000e+00    1.429285e-05
0   5 0.010 0.00400 iter 0 6.642473e-09 1.000000e+00    0.000000e+00
0   5 0.010 0.00500 iter 1 1.000299e-04 1.000000e+00    1.443052e-05
0   5 0.010 0.00500 iter 2 1.561358e-08 1.849700e-06    1.459970e-05
0   6 0.010 0.00500 iter 0 1.561358e-08 1.000000e+00    0.000000e+00
0   6 0.010 0.00600 iter 1 1.284845e-04 1.000000e+00    1.478611e-05
0   6 0.010 0.00600 iter 2 3.266853e-08 3.896252e-06    1.501029e-05
0   7 0.010 0.00600 iter 0 3.266853e-08 1.000000e+00    0.000000e+00
0   7 0.010 0.00700 iter 1 1.611937e-04 1.000000e+00    1.525562e-05
0   7 0.010 0.00700 iter 2 6.431059e-08 7.730045e-06    1.554809e-05
0   8 0.010 0.00700 iter 0 6.431059e-08 1.000000e+00    0.000000e+00
0   8 0.010 0.00800 iter 1 2.000324e-04 1.000000e+00    1.586768e-05
0   8 0.010 0.00800 iter 2 1.234489e-07 1.497744e-05    1.624877e-05
0   9 0.010 0.00800 iter 0 1.234489e-07 1.000000e+00    0.000000e+00
0   9 0.010 0.00900 iter 1 2.478766e-04 1.000000e+00    1.666633e-05
0   9 0.010 0.00900 iter 2 2.377054e-07 2.917633e-05    1.716819e-05
0  10 0.010 0.00900 iter 0 2.377054e-07 1.000000e+00    0.000000e+00
0  10 0.010 0.01000 iter 1 3.094458e-04 1.000000e+00    1.772198e-05
0  10 0.010 0.01000 iter 2 4.721082e-07 5.883036e-05    1.839846e-05
Element data written 0.010000
Nodal data written 0.010000
Restart data written 0.010000
total comp time 0 seconds
