Time,   1.0000
     1,  EL1,      MATEL,   CAX4,   0,     0.5039,    0.0789, -2.644635e-06, -1.501414e-18, -5.291792e-04,  1.237837e-18, -2.644635e-01, -1.501414e-13, -5.291792e+01,  6.189187e-14,
     1,  EL1,      MATEL,   CAX4,   1,     0.5039,    0.0211, -2.644635e-06, -1.501414e-18, -5.291792e-04, -5.382898e-18, -2.644635e-01, -1.501414e-13, -5.291792e+01, -2.691449e-13,
     1,  EL1,      MATEL,   CAX4,   2,     0.5011,    0.0789, -2.644635e-06, -1.832451e-18, -5.322127e-04,  1.888359e-18, -2.644635e-01, -1.832451e-13, -5.322127e+01,  9.441793e-14,
     1,  EL1,      MATEL,   CAX4,   3,     0.5011,    0.0211, -2.644635e-06, -1.832451e-18, -5.322127e-04, -4.949217e-18, -2.644635e-01, -1.832451e-13, -5.322127e+01, -2.474609e-13,
     2,  EL1,      MATEL,   CAX4,   0,     0.5089,    0.0789, -7.821482e-06, -9.243192e-19, -5.240464e-04,  8.786053e-19, -7.821482e-01, -9.243192e-14, -5.240464e+01,  4.393027e-14,
     2,  EL1,      MATEL,   CAX4,   1,     0.5089,    0.0211, -7.821482e-06, -9.243192e-19, -5.240464e-04, -5.579790e-18, -7.821482e-01, -9.243192e-14, -5.240464e+01, -2.789895e-13,
     2,  EL1,      MATEL,   CAX4,   2,     0.5061,    0.0789, -7.821482e-06, -1.258081e-18, -5.269912e-04,  1.312286e-18, -7.821482e-01, -1.258081e-13, -5.269912e+01,  6.561431e-14,
     2,  EL1,      MATEL,   CAX4,   3,     0.5061,    0.0211, -7.821482e-06, -1.258081e-18, -5.269912e-04, -5.796631e-18, -7.821482e-01, -1.258081e-13, -5.269912e+01, -2.898315e-13,
     3,  EL1,      MATEL,   CAX4,   0,     0.5139,    0.0789, -1.284755e-05, -4.164867e-19, -5.190628e-04,  1.239281e-19, -1.284755e+00, -4.164867e-14, -5.190628e+01,  6.196406e-15,
     3,  EL1,      MATEL,   CAX4,   1,     0.5139,    0.0211, -1.284755e-05, -4.164867e-19, -5.190628e-04, -5.305791e-18, -1.284755e+00, -4.164867e-14, -5.190628e+01, -2.652895e-13,
     3,  EL1,      MATEL,   CAX4,   2,     0.5111,    0.0789, -1.284755e-05, -6.988147e-19, -5.219222e-04, -9.291231e-20, -1.284755e+00, -6.988147e-14, -5.219222e+01, -4.645616e-15,
     3,  EL1,      MATEL,   CAX4,   3,     0.5111,    0.0211, -1.284755e-05, -6.988147e-19, -5.219222e-04, -5.739472e-18, -1.284755e+00, -6.988147e-14, -5.219222e+01, -2.869736e-13,
     4,  EL1,      MATEL,   CAX4,   0,     0.5189,    0.0789, -1.772864e-05, -5.724432e-21, -5.142225e-04,  5.106101e-19, -1.772864e+00, -5.724432e-16, -5.142225e+01,  2.553050e-14,
     4,  EL1,      MATEL,   CAX4,   1,     0.5189,    0.0211, -1.772864e-05, -5.724432e-21, -5.142225e-04, -4.207216e-18, -1.772864e+00, -5.724432e-16, -5.142225e+01, -2.103608e-13,
     4,  EL1,      MATEL,   CAX4,   2,     0.5161,    0.0789, -1.772864e-05, -2.307737e-19, -5.169999e-04, -1.007273e-18, -1.772864e+00, -2.307737e-14, -5.169999e+01, -5.036365e-14,
     4,  EL1,      MATEL,   CAX4,   3,     0.5161,    0.0211, -1.772864e-05, -2.307737e-19, -5.169999e-04, -5.725100e-18, -1.772864e+00, -2.307737e-14, -5.169999e+01, -2.862550e-13,
     5,  EL1,      MATEL,   CAX4,   0,     0.5239,    0.0789, -2.247026e-05,  2.177491e-19, -5.095202e-04, -2.137705e-19, -2.247026e+00,  2.177491e-14, -5.095202e+01, -1.068852e-14,
     5,  EL1,      MATEL,   CAX4,   1,     0.5239,    0.0211, -2.247026e-05,  2.177491e-19, -5.095202e-04, -1.845934e-18, -2.247026e+00,  2.177491e-14, -5.095202e+01, -9.229669e-14,
     5,  EL1,      MATEL,   CAX4,   2,     0.5211,    0.0789, -2.247026e-05,  1.144569e-19, -5.122185e-04, -1.948494e-18, -2.247026e+00,  1.144569e-14, -5.122185e+01, -9.742470e-14,
     5,  EL1,      MATEL,   CAX4,   3,     0.5211,    0.0211, -2.247026e-05,  1.144569e-19, -5.122185e-04, -4.014338e-18, -2.247026e+00,  1.144569e-14, -5.122185e+01, -2.007169e-13,
     6,  EL1,      MATEL,   CAX4,   0,     0.5289,    0.0789, -2.707770e-05,  2.636154e-19, -5.049505e-04, -2.007230e-18, -2.707770e+00,  2.636154e-14, -5.049505e+01, -1.003615e-13,
     6,  EL1,      MATEL,   CAX4,   1,     0.5289,    0.0211, -2.707770e-05,  2.636154e-19, -5.049505e-04, -2.125218e-18, -2.707770e+00,  2.636154e-14, -5.049505e+01, -1.062609e-13,
     6,  EL1,      MATEL,   CAX4,   2,     0.5261,    0.0789, -2.707770e-05,  2.577160e-19, -5.075729e-04, -1.790389e-18, -2.707770e+00,  2.577160e-14, -5.075729e+01, -8.951947e-14,
     6,  EL1,      MATEL,   CAX4,   3,     0.5261,    0.0211, -2.707770e-05,  2.577160e-19, -5.075729e-04, -2.342058e-18, -2.707770e+00,  2.577160e-14, -5.075729e+01, -1.171029e-13,
     7,  EL1,      MATEL,   CAX4,   0,     0.5339,    0.0789, -3.155595e-05,  2.050913e-19, -5.005087e-04, -1.647349e-18, -3.155595e+00,  2.050913e-14, -5.005087e+01, -8.236746e-14,
     7,  EL1,      MATEL,   CAX4,   1,     0.5339,    0.0211, -3.155595e-05,  2.050913e-19, -5.005087e-04, -9.757228e-19, -3.155595e+00,  2.050913e-14, -5.005087e+01, -4.878614e-14,
     7,  EL1,      MATEL,   CAX4,   2,     0.5311,    0.0789, -3.155595e-05,  2.495147e-19, -5.030578e-04, -2.731551e-18, -3.155595e+00,  2.495147e-14, -5.030578e+01, -1.365776e-13,
     7,  EL1,      MATEL,   CAX4,   3,     0.5311,    0.0211, -3.155595e-05,  2.495147e-19, -5.030578e-04, -1.843085e-18, -3.155595e+00,  2.495147e-14, -5.030578e+01, -9.215423e-14,
     8,  EL1,      MATEL,   CAX4,   0,     0.5389,    0.0789, -3.590982e-05,  3.990474e-20, -4.961899e-04, -2.544849e-18, -3.590982e+00,  3.990474e-15, -4.961899e+01, -1.272425e-13,
     8,  EL1,      MATEL,   CAX4,   1,     0.5389,    0.0211, -3.590982e-05,  3.990474e-20, -4.961899e-04, -3.644139e-19, -3.590982e+00,  3.990474e-15, -4.961899e+01, -1.822070e-14,
     8,  EL1,      MATEL,   CAX4,   2,     0.5361,    0.0789, -3.590982e-05,  1.489265e-19, -4.986685e-04, -2.978530e-18, -3.590982e+00,  1.489265e-14, -4.986685e+01, -1.489265e-13,
     8,  EL1,      MATEL,   CAX4,   3,     0.5361,    0.0211, -3.590982e-05,  1.489265e-19, -4.986685e-04, -7.980948e-19, -3.590982e+00,  1.489265e-14, -4.986685e+01, -3.990474e-14,
     9,  EL1,      MATEL,   CAX4,   0,     0.5439,    0.0789, -4.014385e-05, -3.006738e-19, -4.919896e-04, -3.845072e-18, -4.014385e+00, -3.006738e-14, -4.919896e+01, -1.922536e-13,
     9,  EL1,      MATEL,   CAX4,   1,     0.5439,    0.0211, -4.014385e-05, -3.006738e-19, -4.919896e-04,  3.402579e-19, -4.014385e+00, -3.006738e-14, -4.919896e+01,  1.701289e-14,
     9,  EL1,      MATEL,   CAX4,   2,     0.5411,    0.0789, -4.014385e-05, -8.056530e-20, -4.944004e-04, -5.362955e-18, -4.014385e+00, -8.056530e-15, -4.944004e+01, -2.681477e-13,
     9,  EL1,      MATEL,   CAX4,   3,     0.5411,    0.0211, -4.014385e-05, -8.056530e-20, -4.944004e-04, -7.439443e-19, -4.014385e+00, -8.056530e-15, -4.944004e+01, -3.719722e-14,
    10,  EL1,      MATEL,   CAX4,   0,     0.5489,    0.0789, -4.426241e-05, -7.184123e-19, -4.879036e-04, -4.141379e-18, -4.426241e+00, -7.184123e-14, -4.879036e+01, -2.070689e-13,
    10,  EL1,      MATEL,   CAX4,   1,     0.5489,    0.0211, -4.426241e-05, -7.184123e-19, -4.879036e-04,  7.951795e-19, -4.426241e+00, -7.184123e-14, -4.879036e+01,  3.975897e-14,
    10,  EL1,      MATEL,   CAX4,   2,     0.5461,    0.0789, -4.426241e-05, -4.715844e-19, -4.902489e-04, -4.358219e-18, -4.426241e+00, -4.715844e-14, -4.902489e+01, -2.179110e-13,
    10,  EL1,      MATEL,   CAX4,   3,     0.5461,    0.0211, -4.426241e-05, -4.715844e-19, -4.902489e-04,  5.783390e-19, -4.426241e+00, -4.715844e-14, -4.902489e+01,  2.891695e-14,
    11,  EL1,      MATEL,   CAX4,   0,     0.5539,    0.0789, -4.826966e-05, -1.192718e-18, -4.839277e-04, -4.643446e-18, -4.826966e+00, -1.192718e-13, -4.839277e+01, -2.321723e-13,
    11,  EL1,      MATEL,   CAX4,   1,     0.5539,    0.0211, -4.826966e-05, -1.192718e-18, -4.839277e-04,  1.194968e-18, -4.826966e+00, -1.192718e-13, -4.839277e+01,  5.974839e-14,
    11,  EL1,      MATEL,   CAX4,   2,     0.5511,    0.0789, -4.826966e-05, -9.116395e-19, -4.862100e-04, -4.643446e-18, -4.826966e+00, -9.116395e-14, -4.862100e+01, -2.321723e-13,
    11,  EL1,      MATEL,   CAX4,   3,     0.5511,    0.0211, -4.826966e-05, -9.116395e-19, -4.862100e-04,  9.781273e-19, -4.826966e+00, -9.116395e-14, -4.862100e+01,  4.890636e-14,
    12,  EL1,      MATEL,   CAX4,   0,     0.5589,    0.0789, -5.216957e-05, -1.787411e-18, -4.800581e-04, -5.499417e-18, -5.216957e+00, -1.787411e-13, -4.800581e+01, -2.749709e-13,
    12,  EL1,      MATEL,   CAX4,   1,     0.5589,    0.0211, -5.216957e-05, -1.787411e-18, -4.800581e-04,  2.134881e-18, -5.216957e+00, -1.787411e-13, -4.800581e+01,  1.067440e-13,
    12,  EL1,      MATEL,   CAX4,   2,     0.5561,    0.0789, -5.216957e-05, -1.427381e-18, -4.822795e-04, -5.933098e-18, -5.216957e+00, -1.427381e-13, -4.822795e+01, -2.966549e-13,
    12,  EL1,      MATEL,   CAX4,   3,     0.5561,    0.0211, -5.216957e-05, -1.427381e-18, -4.822795e-04,  1.267519e-18, -5.216957e+00, -1.427381e-13, -4.822795e+01,  6.337595e-14,
    13,  EL1,      MATEL,   CAX4,   0,     0.5639,    0.0789, -5.596595e-05, -2.480064e-18, -4.762909e-04, -6.013280e-18, -5.596595e+00, -2.480064e-13, -4.762909e+01, -3.006640e-13,
    13,  EL1,      MATEL,   CAX4,   1,     0.5639,    0.0211, -5.596595e-05, -2.480064e-18, -4.762909e-04,  1.764783e-18, -5.596595e+00, -2.480064e-13, -4.762909e+01,  8.823914e-14,
    13,  EL1,      MATEL,   CAX4,   2,     0.5611,    0.0789, -5.596595e-05, -2.069477e-18, -4.784536e-04, -6.230120e-18, -5.596595e+00, -2.069477e-13, -4.784536e+01, -3.115060e-13,
    13,  EL1,      MATEL,   CAX4,   3,     0.5611,    0.0211, -5.596595e-05, -2.069477e-18, -4.784536e-04,  1.981623e-18, -5.596595e+00, -2.069477e-13, -4.784536e+01,  9.908116e-14,
    14,  EL1,      MATEL,   CAX4,   0,     0.5689,    0.0789, -5.966242e-05, -3.105832e-18, -4.726226e-04, -6.690722e-18, -5.966242e+00, -3.105832e-13, -4.726226e+01, -3.345361e-13,
    14,  EL1,      MATEL,   CAX4,   1,     0.5689,    0.0211, -5.966242e-05, -3.105832e-18, -4.726226e-04,  5.398271e-20, -5.966242e+00, -3.105832e-13, -4.726226e+01,  2.699136e-15,
    14,  EL1,      MATEL,   CAX4,   2,     0.5661,    0.0789, -5.966242e-05, -2.757755e-18, -4.747286e-04, -5.172839e-18, -5.966242e+00, -2.757755e-13, -4.747286e+01, -2.586420e-13,
    14,  EL1,      MATEL,   CAX4,   3,     0.5661,    0.0211, -5.966242e-05, -2.757755e-18, -4.747286e-04,  2.005547e-18, -5.966242e+00, -2.757755e-13, -4.747286e+01,  1.002773e-13,
    15,  EL1,      MATEL,   CAX4,   0,     0.5739,    0.0789, -6.326247e-05, -3.674312e-18, -4.690498e-04, -6.653089e-18, -6.326247e+00, -3.674312e-13, -4.690498e+01, -3.326544e-13,
    15,  EL1,      MATEL,   CAX4,   1,     0.5739,    0.0211, -6.326247e-05, -3.674312e-18, -4.690498e-04, -1.953076e-19, -6.326247e+00, -3.674312e-13, -4.690498e+01, -9.765378e-15,
    15,  EL1,      MATEL,   CAX4,   2,     0.5711,    0.0789, -6.326247e-05, -3.351423e-18, -4.711011e-04, -6.869929e-18, -6.326247e+00, -3.351423e-13, -4.711011e+01, -3.434965e-13,
    15,  EL1,      MATEL,   CAX4,   3,     0.5711,    0.0211, -6.326247e-05, -3.351423e-18, -4.711011e-04, -4.121480e-19, -6.326247e+00, -3.351423e-13, -4.711011e+01, -2.060740e-14,
    16,  EL1,      MATEL,   CAX4,   0,     0.5789,    0.0789, -6.676941e-05, -4.175623e-18, -4.655691e-04, -7.662510e-18, -6.676941e+00, -4.175623e-13, -4.655691e+01, -3.831255e-13,
    16,  EL1,      MATEL,   CAX4,   1,     0.5789,    0.0211, -6.676941e-05, -4.175623e-18, -4.655691e-04, -2.053163e-18, -6.676941e+00, -4.175623e-13, -4.655691e+01, -1.026582e-13,
    16,  EL1,      MATEL,   CAX4,   2,     0.5761,    0.0789, -6.676941e-05, -3.895156e-18, -4.675676e-04, -5.927787e-18, -6.676941e+00, -3.895156e-13, -4.675676e+01, -2.963893e-13,
    16,  EL1,      MATEL,   CAX4,   3,     0.5761,    0.0211, -6.676941e-05, -3.895156e-18, -4.675676e-04, -5.352804e-19, -6.676941e+00, -3.895156e-13, -4.675676e+01, -2.676402e-14,
    17,  EL1,      MATEL,   CAX4,   0,     0.5839,    0.0789, -7.018643e-05, -4.587047e-18, -4.621775e-04, -7.693203e-18, -7.018643e+00, -4.587047e-13, -4.621775e+01, -3.846602e-13,
    17,  EL1,      MATEL,   CAX4,   1,     0.5839,    0.0211, -7.018643e-05, -4.587047e-18, -4.621775e-04, -3.606236e-18, -7.018643e+00, -4.587047e-13, -4.621775e+01, -1.803118e-13,
    17,  EL1,      MATEL,   CAX4,   2,     0.5811,    0.0789, -7.018643e-05, -4.361015e-18, -4.641249e-04, -6.825841e-18, -7.018643e+00, -4.361015e-13, -4.641249e+01, -3.412921e-13,
    17,  EL1,      MATEL,   CAX4,   3,     0.5811,    0.0211, -7.018643e-05, -4.361015e-18, -4.641249e-04, -2.305193e-18, -7.018643e+00, -4.361015e-13, -4.641249e+01, -1.152597e-13,
    18,  EL1,      MATEL,   CAX4,   0,     0.5889,    0.0789, -7.351658e-05, -4.983642e-18, -4.588719e-04, -9.529829e-18, -7.351658e+00, -4.983642e-13, -4.588719e+01, -4.764915e-13,
    18,  EL1,      MATEL,   CAX4,   1,     0.5889,    0.0211, -7.351658e-05, -4.983642e-18, -4.588719e-04, -4.500902e-18, -7.351658e+00, -4.983642e-13, -4.588719e+01, -2.250451e-13,
    18,  EL1,      MATEL,   CAX4,   2,     0.5861,    0.0789, -7.351658e-05, -4.753880e-18, -4.607700e-04, -8.011946e-18, -7.351658e+00, -4.753880e-13, -4.607700e+01, -4.005973e-13,
    18,  EL1,      MATEL,   CAX4,   3,     0.5861,    0.0211, -7.351658e-05, -4.753880e-18, -4.607700e-04, -3.416700e-18, -7.351658e+00, -4.753880e-13, -4.607700e+01, -1.708350e-13,
    19,  EL1,      MATEL,   CAX4,   0,     0.5939,    0.0789, -7.676278e-05, -5.425428e-18, -4.556494e-04, -9.322141e-18, -7.676278e+00, -5.425428e-13, -4.556494e+01, -4.661070e-13,
    19,  EL1,      MATEL,   CAX4,   1,     0.5939,    0.0211, -7.676278e-05, -5.425428e-18, -4.556494e-04, -4.085242e-18, -7.676278e+00, -5.425428e-13, -4.556494e+01, -2.042621e-13,
    19,  EL1,      MATEL,   CAX4,   2,     0.5911,    0.0789, -7.676278e-05, -5.163583e-18, -4.574999e-04, -9.972662e-18, -7.676278e+00, -5.163583e-13, -4.574999e+01, -4.986331e-13,
    19,  EL1,      MATEL,   CAX4,   3,     0.5911,    0.0211, -7.676278e-05, -5.163583e-18, -4.574999e-04, -4.735764e-18, -7.676278e+00, -5.163583e-13, -4.574999e+01, -2.367882e-13,
    20,  EL1,      MATEL,   CAX4,   0,     0.5989,    0.0789, -7.992782e-05, -6.072224e-18, -4.525073e-04, -1.101909e-17, -7.992782e+00, -6.072224e-13, -4.525073e+01, -5.509546e-13,
    20,  EL1,      MATEL,   CAX4,   1,     0.5989,    0.0211, -7.992782e-05, -6.072224e-18, -4.525073e-04, -2.518876e-18, -7.992782e+00, -6.072224e-13, -4.525073e+01, -1.259438e-13,
    20,  EL1,      MATEL,   CAX4,   2,     0.5961,    0.0789, -7.992782e-05, -5.668897e-18, -4.543117e-04, -1.232014e-17, -7.992782e+00, -5.668897e-13, -4.543117e+01, -6.160068e-13,
    20,  EL1,      MATEL,   CAX4,   3,     0.5961,    0.0211, -7.992782e-05, -5.668897e-18, -4.543117e-04, -4.253600e-18, -7.992782e+00, -5.668897e-13, -4.543117e+01, -2.126800e-13,
    21,  EL1,      MATEL,   CAX4,   0,     0.6039,    0.0789, -8.301439e-05, -6.972212e-18, -4.494429e-04, -1.331248e-17, -8.301439e+00, -6.972212e-13, -4.494429e+01, -6.656238e-13,
    21,  EL1,      MATEL,   CAX4,   1,     0.6039,    0.0211, -8.301439e-05, -6.972212e-18, -4.494429e-04, -2.297161e-18, -8.301439e+00, -6.972212e-13, -4.494429e+01, -1.148581e-13,
    21,  EL1,      MATEL,   CAX4,   2,     0.6011,    0.0789, -8.301439e-05, -6.421446e-18, -4.512027e-04, -1.396300e-17, -8.301439e+00, -6.421446e-13, -4.512027e+01, -6.981498e-13,
    21,  EL1,      MATEL,   CAX4,   3,     0.6011,    0.0211, -8.301439e-05, -6.421446e-18, -4.512027e-04, -3.164523e-18, -8.301439e+00, -6.421446e-13, -4.512027e+01, -1.582262e-13,
    22,  EL1,      MATEL,   CAX4,   0,     0.6089,    0.0789, -8.602506e-05, -8.036366e-18, -4.464536e-04, -1.486595e-17, -8.602506e+00, -8.036366e-13, -4.464536e+01, -7.432975e-13,
    22,  EL1,      MATEL,   CAX4,   1,     0.6089,    0.0211, -8.602506e-05, -8.036366e-18, -4.464536e-04, -2.237199e-18, -8.602506e+00, -8.036366e-13, -4.464536e+01, -1.118599e-13,
    22,  EL1,      MATEL,   CAX4,   2,     0.6061,    0.0789, -8.602506e-05, -7.404928e-18, -4.481704e-04, -1.508279e-17, -8.602506e+00, -7.404928e-13, -4.481704e+01, -7.541395e-13,
    22,  EL1,      MATEL,   CAX4,   3,     0.6061,    0.0211, -8.602506e-05, -7.404928e-18, -4.481704e-04, -2.454039e-18, -8.602506e+00, -7.404928e-13, -4.481704e+01, -1.227020e-13,
    23,  EL1,      MATEL,   CAX4,   0,     0.6139,    0.0789, -8.896231e-05, -9.108617e-18, -4.435371e-04, -1.768994e-17, -8.896231e+00, -9.108617e-13, -4.435371e+01, -8.844968e-13,
    23,  EL1,      MATEL,   CAX4,   1,     0.6139,    0.0211, -8.896231e-05, -9.108617e-18, -4.435371e-04, -5.374957e-18, -8.896231e+00, -9.108617e-13, -4.435371e+01, -2.687479e-13,
    23,  EL1,      MATEL,   CAX4,   2,     0.6111,    0.0789, -8.896231e-05, -8.492868e-18, -4.452122e-04, -1.530469e-17, -8.896231e+00, -8.492868e-13, -4.452122e+01, -7.652346e-13,
    23,  EL1,      MATEL,   CAX4,   3,     0.6111,    0.0211, -8.896231e-05, -8.492868e-18, -4.452122e-04, -2.989712e-18, -8.896231e+00, -8.492868e-13, -4.452122e+01, -1.494856e-13,
    24,  EL1,      MATEL,   CAX4,   0,     0.6189,    0.0789, -9.182849e-05, -9.971793e-18, -4.406910e-04, -1.969482e-17, -9.182849e+00, -9.971793e-13, -4.406910e+01, -9.847411e-13,
    24,  EL1,      MATEL,   CAX4,   1,     0.6189,    0.0211, -9.182849e-05, -9.971793e-18, -4.406910e-04, -1.035683e-17, -9.182849e+00, -9.971793e-13, -4.406910e+01, -5.178417e-13,
    24,  EL1,      MATEL,   CAX4,   2,     0.6161,    0.0789, -9.182849e-05, -9.504894e-18, -4.423258e-04, -1.579169e-17, -9.182849e+00, -9.504894e-13, -4.423258e+01, -7.895847e-13,
    24,  EL1,      MATEL,   CAX4,   3,     0.6161,    0.0211, -9.182849e-05, -9.504894e-18, -4.423258e-04, -6.453707e-18, -9.182849e+00, -9.504894e-13, -4.423258e+01, -3.226853e-13,
    25,  EL1,      MATEL,   CAX4,   0,     0.6239,    0.0789, -9.462588e-05, -1.046198e-17, -4.379131e-04, -2.199834e-17, -9.462588e+00, -1.046198e-12, -4.379131e+01, -1.099917e-12,
    25,  EL1,      MATEL,   CAX4,   1,     0.6239,    0.0211, -9.462588e-05, -1.046198e-17, -4.379131e-04, -1.732359e-17, -9.462588e+00, -1.046198e-12, -4.379131e+01, -8.661795e-13,
    25,  EL1,      MATEL,   CAX4,   2,     0.6211,    0.0789, -9.462588e-05, -1.022824e-17, -4.395087e-04, -1.636049e-17, -9.462588e+00, -1.022824e-12, -4.395087e+01, -8.180246e-13,
    25,  EL1,      MATEL,   CAX4,   3,     0.6211,    0.0211, -9.462588e-05, -1.022824e-17, -4.395087e-04, -1.168574e-17, -9.462588e+00, -1.022824e-12, -4.395087e+01, -5.842869e-13,
    26,  EL1,      MATEL,   CAX4,   0,     0.6289,    0.0789, -9.735667e-05, -1.042391e-17, -4.352011e-04, -2.311458e-17, -9.735667e+00, -1.042391e-12, -4.352011e+01, -1.155729e-12,
    26,  EL1,      MATEL,   CAX4,   1,     0.6289,    0.0211, -9.735667e-05, -1.042391e-17, -4.352011e-04, -2.492464e-17, -9.735667e+00, -1.042391e-12, -4.352011e+01, -1.246232e-12,
    26,  EL1,      MATEL,   CAX4,   2,     0.6261,    0.0789, -9.735667e-05, -1.051441e-17, -4.367589e-04, -1.704305e-17, -9.735667e+00, -1.051441e-12, -4.367589e+01, -8.521525e-13,
    26,  EL1,      MATEL,   CAX4,   3,     0.6261,    0.0211, -9.735667e-05, -1.051441e-17, -4.367589e-04, -1.885311e-17, -9.735667e+00, -1.051441e-12, -4.367589e+01, -9.426556e-13,
    27,  EL1,      MATEL,   CAX4,   0,     0.6339,    0.0789, -1.000230e-04, -9.725589e-18, -4.325531e-04, -2.269169e-17, -1.000230e+01, -9.725589e-13, -4.325531e+01, -1.134585e-12,
    27,  EL1,      MATEL,   CAX4,   1,     0.6339,    0.0211, -1.000230e-04, -9.725589e-18, -4.325531e-04, -3.243076e-17, -1.000230e+01, -9.725589e-13, -4.325531e+01, -1.621538e-12,
    27,  EL1,      MATEL,   CAX4,   2,     0.6311,    0.0789, -1.000230e-04, -1.021254e-17, -4.340742e-04, -1.683700e-17, -1.000230e+01, -1.021254e-12, -4.340742e+01, -8.418499e-13,
    27,  EL1,      MATEL,   CAX4,   3,     0.6311,    0.0211, -1.000230e-04, -1.021254e-17, -4.340742e-04, -2.657607e-17, -1.000230e+01, -1.021254e-12, -4.340742e+01, -1.328804e-12,
    28,  EL1,      MATEL,   CAX4,   0,     0.6389,    0.0789, -1.026267e-04, -8.560666e-18, -4.299670e-04, -2.081545e-17, -1.026267e+01, -8.560666e-13, -4.299670e+01, -1.040773e-12,
    28,  EL1,      MATEL,   CAX4,   1,     0.6389,    0.0211, -1.026267e-04, -8.560666e-18, -4.299670e-04, -3.526153e-17, -1.026267e+01, -8.560666e-13, -4.299670e+01, -1.763077e-12,
    28,  EL1,      MATEL,   CAX4,   2,     0.6361,    0.0789, -1.026267e-04, -9.282970e-18, -4.314526e-04, -1.929757e-17, -1.026267e+01, -9.282970e-13, -4.314526e+01, -9.648785e-13,
    28,  EL1,      MATEL,   CAX4,   3,     0.6361,    0.0211, -1.026267e-04, -9.282970e-18, -4.314526e-04, -3.374365e-17, -1.026267e+01, -9.282970e-13, -4.314526e+01, -1.687182e-12,
    29,  EL1,      MATEL,   CAX4,   0,     0.6439,    0.0789, -1.051700e-04, -7.326180e-18, -4.274409e-04, -2.158075e-17, -1.051700e+01, -7.326180e-13, -4.274409e+01, -1.079037e-12,
    29,  EL1,      MATEL,   CAX4,   1,     0.6439,    0.0211, -1.051700e-04, -7.326180e-18, -4.274409e-04, -3.621775e-17, -1.051700e+01, -7.326180e-13, -4.274409e+01, -1.810887e-12,
    29,  EL1,      MATEL,   CAX4,   2,     0.6411,    0.0789, -1.051700e-04, -8.036346e-18, -4.288921e-04, -2.158075e-17, -1.051700e+01, -8.036346e-13, -4.288921e+01, -1.079037e-12,
    29,  EL1,      MATEL,   CAX4,   3,     0.6411,    0.0211, -1.051700e-04, -8.036346e-18, -4.288921e-04, -3.600091e-17, -1.051700e+01, -8.036346e-13, -4.288921e+01, -1.800045e-12,
    30,  EL1,      MATEL,   CAX4,   0,     0.6489,    0.0789, -1.076545e-04, -6.100797e-18, -4.249729e-04, -2.232449e-17, -1.076545e+01, -6.100797e-13, -4.249729e+01, -1.116225e-12,
    30,  EL1,      MATEL,   CAX4,   1,     0.6489,    0.0211, -1.076545e-04, -6.100797e-18, -4.249729e-04, -3.667641e-17, -1.076545e+01, -6.100797e-13, -4.249729e+01, -1.833820e-12,
    30,  EL1,      MATEL,   CAX4,   2,     0.6461,    0.0789, -1.076545e-04, -6.807551e-18, -4.263908e-04, -2.167397e-17, -1.076545e+01, -6.807551e-13, -4.263908e+01, -1.083698e-12,
    30,  EL1,      MATEL,   CAX4,   3,     0.6461,    0.0211, -1.076545e-04, -6.807551e-18, -4.263908e-04, -3.602589e-17, -1.076545e+01, -6.807551e-13, -4.263908e+01, -1.801294e-12,
    31,  EL1,      MATEL,   CAX4,   0,     0.6539,    0.0789, -1.100822e-04, -4.872629e-18, -4.225614e-04, -2.311116e-17, -1.100822e+01, -4.872629e-13, -4.225614e+01, -1.155558e-12,
    31,  EL1,      MATEL,   CAX4,   1,     0.6539,    0.0211, -1.100822e-04, -4.872629e-18, -4.225614e-04, -3.730531e-17, -1.100822e+01, -4.872629e-13, -4.225614e+01, -1.865265e-12,
    31,  EL1,      MATEL,   CAX4,   2,     0.6511,    0.0789, -1.100822e-04, -5.582336e-18, -4.239469e-04, -2.246064e-17, -1.100822e+01, -5.582336e-13, -4.239469e+01, -1.123032e-12,
    31,  EL1,      MATEL,   CAX4,   3,     0.6511,    0.0211, -1.100822e-04, -5.582336e-18, -4.239469e-04, -3.665479e-17, -1.100822e+01, -5.582336e-13, -4.239469e+01, -1.832739e-12,
    32,  EL1,      MATEL,   CAX4,   0,     0.6589,    0.0789, -1.124547e-04, -3.581530e-18, -4.202045e-04, -2.339204e-17, -1.124547e+01, -3.581530e-13, -4.202045e+01, -1.169602e-12,
    32,  EL1,      MATEL,   CAX4,   1,     0.6589,    0.0211, -1.124547e-04, -3.581530e-18, -4.202045e-04, -3.849174e-17, -1.124547e+01, -3.581530e-13, -4.202045e+01, -1.924587e-12,
    32,  EL1,      MATEL,   CAX4,   2,     0.6561,    0.0789, -1.124547e-04, -4.336515e-18, -4.215587e-04, -2.252468e-17, -1.124547e+01, -4.336515e-13, -4.215587e+01, -1.126234e-12,
    32,  EL1,      MATEL,   CAX4,   3,     0.6561,    0.0211, -1.124547e-04, -4.336515e-18, -4.215587e-04, -3.762437e-17, -1.124547e+01, -4.336515e-13, -4.215587e+01, -1.881219e-12,
    33,  EL1,      MATEL,   CAX4,   0,     0.6639,    0.0789, -1.147736e-04, -2.239869e-18, -4.179007e-04, -2.336279e-17, -1.147736e+01, -2.239869e-13, -4.179007e+01, -1.168139e-12,
    33,  EL1,      MATEL,   CAX4,   1,     0.6639,    0.0211, -1.147736e-04, -2.239869e-18, -4.179007e-04, -3.896011e-17, -1.147736e+01, -2.239869e-13, -4.179007e+01, -1.948006e-12,
    33,  EL1,      MATEL,   CAX4,   2,     0.6611,    0.0789, -1.147736e-04, -3.019735e-18, -4.192244e-04, -2.314594e-17, -1.147736e+01, -3.019735e-13, -4.192244e+01, -1.157297e-12,
    33,  EL1,      MATEL,   CAX4,   3,     0.6611,    0.0211, -1.147736e-04, -3.019735e-18, -4.192244e-04, -3.874327e-17, -1.147736e+01, -3.019735e-13, -4.192244e+01, -1.937164e-12,
    34,  EL1,      MATEL,   CAX4,   0,     0.6689,    0.0789, -1.170407e-04, -7.977166e-19, -4.156483e-04, -2.240247e-17, -1.170407e+01, -7.977166e-14, -4.156483e+01, -1.120123e-12,
    34,  EL1,      MATEL,   CAX4,   1,     0.6689,    0.0211, -1.170407e-04, -7.977166e-19, -4.156483e-04, -3.933775e-17, -1.170407e+01, -7.977166e-14, -4.156483e+01, -1.966887e-12,
    34,  EL1,      MATEL,   CAX4,   2,     0.6661,    0.0789, -1.170407e-04, -1.644481e-18, -4.169425e-04, -2.175194e-17, -1.170407e+01, -1.644481e-13, -4.169425e+01, -1.087597e-12,
    34,  EL1,      MATEL,   CAX4,   3,     0.6661,    0.0211, -1.170407e-04, -1.644481e-18, -4.169425e-04, -3.868723e-17, -1.170407e+01, -1.644481e-13, -4.169425e+01, -1.934361e-12,
    35,  EL1,      MATEL,   CAX4,   0,     0.6739,    0.0789, -1.192574e-04,  6.644837e-19, -4.134459e-04, -2.119019e-17, -1.192574e+01,  6.644837e-14, -4.134459e+01, -1.059509e-12,
    35,  EL1,      MATEL,   CAX4,   1,     0.6739,    0.0211, -1.192574e-04,  6.644837e-19, -4.134459e-04, -3.784365e-17, -1.192574e+01,  6.644837e-14, -4.134459e+01, -1.892182e-12,
    35,  EL1,      MATEL,   CAX4,   2,     0.6711,    0.0789, -1.192574e-04, -1.790314e-19, -4.147115e-04, -2.205755e-17, -1.192574e+01, -1.790314e-14, -4.147115e+01, -1.102877e-12,
    35,  EL1,      MATEL,   CAX4,   3,     0.6711,    0.0211, -1.192574e-04, -1.790314e-19, -4.147115e-04, -3.892785e-17, -1.192574e+01, -1.790314e-14, -4.147115e+01, -1.946393e-12,
    36,  EL1,      MATEL,   CAX4,   0,     0.6789,    0.0789, -1.214251e-04,  1.970770e-18, -4.112920e-04, -2.081524e-17, -1.214251e+01,  1.970770e-13, -4.112920e+01, -1.040762e-12,
    36,  EL1,      MATEL,   CAX4,   1,     0.6789,    0.0211, -1.214251e-04,  1.970770e-18, -4.112920e-04, -3.542021e-17, -1.214251e+01,  1.970770e-13, -4.112920e+01, -1.771010e-12,
    36,  EL1,      MATEL,   CAX4,   2,     0.6761,    0.0789, -1.214251e-04,  1.240521e-18, -4.125297e-04, -2.341732e-17, -1.214251e+01,  1.240521e-13, -4.125297e+01, -1.170866e-12,
    36,  EL1,      MATEL,   CAX4,   3,     0.6761,    0.0211, -1.214251e-04,  1.240521e-18, -4.125297e-04, -3.802230e-17, -1.214251e+01,  1.240521e-13, -4.125297e+01, -1.901115e-12,
    37,  EL1,      MATEL,   CAX4,   0,     0.6839,    0.0789, -1.235454e-04,  3.069516e-18, -4.091851e-04, -2.153479e-17, -1.235454e+01,  3.069516e-13, -4.091851e+01, -1.076739e-12,
    37,  EL1,      MATEL,   CAX4,   1,     0.6839,    0.0211, -1.235454e-04,  3.069516e-18, -4.091851e-04, -3.370815e-17, -1.235454e+01,  3.069516e-13, -4.091851e+01, -1.685408e-12,
    37,  EL1,      MATEL,   CAX4,   2,     0.6811,    0.0789, -1.235454e-04,  2.460848e-18, -4.103959e-04, -2.283583e-17, -1.235454e+01,  2.460848e-13, -4.103959e+01, -1.141792e-12,
    37,  EL1,      MATEL,   CAX4,   3,     0.6811,    0.0211, -1.235454e-04,  2.460848e-18, -4.103959e-04, -3.500920e-17, -1.235454e+01,  2.460848e-13, -4.103959e+01, -1.750460e-12,
    38,  EL1,      MATEL,   CAX4,   0,     0.6889,    0.0789, -1.256197e-04,  4.012881e-18, -4.071240e-04, -1.984925e-17, -1.256197e+01,  4.012881e-13, -4.071240e+01, -9.924623e-13,
    38,  EL1,      MATEL,   CAX4,   1,     0.6889,    0.0211, -1.256197e-04,  4.012881e-18, -4.071240e-04, -2.996555e-17, -1.256197e+01,  4.012881e-13, -4.071240e+01, -1.498277e-12,
    38,  EL1,      MATEL,   CAX4,   2,     0.6861,    0.0789, -1.256197e-04,  3.485382e-18, -4.083085e-04, -2.223449e-17, -1.256197e+01,  3.485382e-13, -4.083085e+01, -1.111725e-12,
    38,  EL1,      MATEL,   CAX4,   3,     0.6861,    0.0211, -1.256197e-04,  3.485382e-18, -4.083085e-04, -3.278447e-17, -1.256197e+01,  3.485382e-13, -4.083085e+01, -1.639224e-12,
    39,  EL1,      MATEL,   CAX4,   0,     0.6939,    0.0789, -1.276491e-04,  4.697866e-18, -4.051072e-04, -2.030269e-17, -1.276491e+01,  4.697866e-13, -4.051072e+01, -1.015135e-12,
    39,  EL1,      MATEL,   CAX4,   1,     0.6939,    0.0211, -1.276491e-04,  4.697866e-18, -4.051072e-04, -2.793838e-17, -1.276491e+01,  4.697866e-13, -4.051072e+01, -1.396919e-12,
    39,  EL1,      MATEL,   CAX4,   2,     0.6911,    0.0789, -1.276491e-04,  4.337765e-18, -4.062663e-04, -2.247110e-17, -1.276491e+01,  4.337765e-13, -4.062663e+01, -1.123555e-12,
    39,  EL1,      MATEL,   CAX4,   3,     0.6911,    0.0211, -1.276491e-04,  4.337765e-18, -4.062663e-04, -2.967311e-17, -1.276491e+01,  4.337765e-13, -4.062663e+01, -1.483655e-12,
    40,  EL1,      MATEL,   CAX4,   0,     0.6989,    0.0789, -1.296351e-04,  5.233214e-18, -4.031336e-04, -2.033525e-17, -1.296351e+01,  5.233214e-13, -4.031336e+01, -1.016762e-12,
    40,  EL1,      MATEL,   CAX4,   1,     0.6989,    0.0211, -1.296351e-04,  5.233214e-18, -4.031336e-04, -2.646036e-17, -1.296351e+01,  5.233214e-13, -4.031336e+01, -1.323018e-12,
    40,  EL1,      MATEL,   CAX4,   2,     0.6961,    0.0789, -1.296351e-04,  4.937800e-18, -4.042679e-04, -2.163629e-17, -1.296351e+01,  4.937800e-13, -4.042679e+01, -1.081814e-12,
    40,  EL1,      MATEL,   CAX4,   3,     0.6961,    0.0211, -1.296351e-04,  4.937800e-18, -4.042679e-04, -2.754456e-17, -1.296351e+01,  4.937800e-13, -4.042679e+01, -1.377228e-12,
    41,  EL1,      MATEL,   CAX4,   0,     0.7039,    0.0789, -1.315788e-04,  5.719498e-18, -4.012019e-04, -1.932512e-17, -1.315788e+01,  5.719498e-13, -4.012019e+01, -9.662558e-13,
    41,  EL1,      MATEL,   CAX4,   1,     0.7039,    0.0211, -1.315788e-04,  5.719498e-18, -4.012019e-04, -2.464485e-17, -1.315788e+01,  5.719498e-13, -4.012019e+01, -1.232242e-12,
    41,  EL1,      MATEL,   CAX4,   2,     0.7011,    0.0789, -1.315788e-04,  5.442669e-18, -4.023121e-04, -2.040932e-17, -1.315788e+01,  5.442669e-13, -4.023121e+01, -1.020466e-12,
    41,  EL1,      MATEL,   CAX4,   3,     0.7011,    0.0211, -1.315788e-04,  5.442669e-18, -4.023121e-04, -2.594589e-17, -1.315788e+01,  5.442669e-13, -4.023121e+01, -1.297295e-12,
    42,  EL1,      MATEL,   CAX4,   0,     0.7089,    0.0789, -1.334814e-04,  6.109241e-18, -3.993109e-04, -1.765042e-17, -1.334814e+01,  6.109241e-13, -3.993109e+01, -8.825211e-13,
    42,  EL1,      MATEL,   CAX4,   1,     0.7089,    0.0211, -1.334814e-04,  6.109241e-18, -3.993109e-04, -2.187314e-17, -1.334814e+01,  6.109241e-13, -3.993109e+01, -1.093657e-12,
    42,  EL1,      MATEL,   CAX4,   2,     0.7061,    0.0789, -1.334814e-04,  5.898105e-18, -4.003977e-04, -2.025251e-17, -1.334814e+01,  5.898105e-13, -4.003977e+01, -1.012625e-12,
    42,  EL1,      MATEL,   CAX4,   3,     0.7061,    0.0211, -1.334814e-04,  5.898105e-18, -4.003977e-04, -2.447523e-17, -1.334814e+01,  5.898105e-13, -4.003977e+01, -1.223761e-12,
    43,  EL1,      MATEL,   CAX4,   0,     0.7139,    0.0789, -1.353441e-04,  6.380269e-18, -3.974595e-04, -1.715860e-17, -1.353441e+01,  6.380269e-13, -3.974595e+01, -8.579299e-13,
    43,  EL1,      MATEL,   CAX4,   1,     0.7139,    0.0211, -1.353441e-04,  6.380269e-18, -3.974595e-04, -1.999524e-17, -1.353441e+01,  6.380269e-13, -3.974595e+01, -9.997620e-13,
    43,  EL1,      MATEL,   CAX4,   2,     0.7111,    0.0789, -1.353441e-04,  6.238437e-18, -3.985236e-04, -1.845964e-17, -1.353441e+01,  6.238437e-13, -3.985236e+01, -9.229820e-13,
    43,  EL1,      MATEL,   CAX4,   3,     0.7111,    0.0211, -1.353441e-04,  6.238437e-18, -3.985236e-04, -2.129628e-17, -1.353441e+01,  6.238437e-13, -3.985236e+01, -1.064814e-12,
    44,  EL1,      MATEL,   CAX4,   0,     0.7189,    0.0789, -1.371680e-04,  6.568624e-18, -3.956465e-04, -1.591947e-17, -1.371680e+01,  6.568624e-13, -3.956465e+01, -7.959733e-13,
    44,  EL1,      MATEL,   CAX4,   1,     0.7189,    0.0211, -1.371680e-04,  6.568624e-18, -3.956465e-04, -1.835078e-17, -1.371680e+01,  6.568624e-13, -3.956465e+01, -9.175388e-13,
    44,  EL1,      MATEL,   CAX4,   2,     0.7161,    0.0789, -1.371680e-04,  6.468742e-18, -3.966886e-04, -1.743735e-17, -1.371680e+01,  6.468742e-13, -3.966886e+01, -8.718674e-13,
    44,  EL1,      MATEL,   CAX4,   3,     0.7161,    0.0211, -1.371680e-04,  6.468742e-18, -3.966886e-04, -1.921814e-17, -1.371680e+01,  6.468742e-13, -3.966886e+01, -9.609069e-13,
    45,  EL1,      MATEL,   CAX4,   0,     0.7239,    0.0789, -1.389542e-04,  6.700997e-18, -3.938711e-04, -1.543096e-17, -1.389542e+01,  6.700997e-13, -3.938711e+01, -7.715479e-13,
    45,  EL1,      MATEL,   CAX4,   1,     0.7239,    0.0211, -1.389542e-04,  6.700997e-18, -3.938711e-04, -1.661693e-17, -1.389542e+01,  6.700997e-13, -3.938711e+01, -8.308465e-13,
    45,  EL1,      MATEL,   CAX4,   2,     0.7211,    0.0789, -1.389542e-04,  6.630856e-18, -3.948916e-04, -1.629832e-17, -1.389542e+01,  6.630856e-13, -3.948916e+01, -8.149160e-13,
    45,  EL1,      MATEL,   CAX4,   3,     0.7211,    0.0211, -1.389542e-04,  6.630856e-18, -3.948916e-04, -1.770113e-17, -1.389542e+01,  6.630856e-13, -3.948916e+01, -8.850566e-13,
    46,  EL1,      MATEL,   CAX4,   0,     0.7289,    0.0789, -1.407037e-04,  6.805269e-18, -3.921320e-04, -1.339001e-17, -1.407037e+01,  6.805269e-13, -3.921320e+01, -6.695003e-13,
    46,  EL1,      MATEL,   CAX4,   1,     0.7289,    0.0211, -1.407037e-04,  6.805269e-18, -3.921320e-04, -1.454078e-17, -1.407037e+01,  6.805269e-13, -3.921320e+01, -7.270389e-13,
    46,  EL1,      MATEL,   CAX4,   2,     0.7261,    0.0789, -1.407037e-04,  6.747730e-18, -3.931316e-04, -1.469105e-17, -1.407037e+01,  6.747730e-13, -3.931316e+01, -7.345524e-13,
    46,  EL1,      MATEL,   CAX4,   3,     0.7261,    0.0211, -1.407037e-04,  6.747730e-18, -3.931316e-04, -1.584182e-17, -1.407037e+01,  6.747730e-13, -3.931316e+01, -7.920910e-13,
    47,  EL1,      MATEL,   CAX4,   0,     0.7339,    0.0789, -1.424175e-04,  6.976742e-18, -3.904283e-04, -1.195374e-17, -1.424175e+01,  6.976742e-13, -3.904283e+01, -5.976870e-13,
    47,  EL1,      MATEL,   CAX4,   1,     0.7339,    0.0211, -1.424175e-04,  6.976742e-18, -3.904283e-04, -1.415593e-17, -1.424175e+01,  6.976742e-13, -3.904283e+01, -7.077966e-13,
    47,  EL1,      MATEL,   CAX4,   2,     0.7311,    0.0789, -1.424175e-04,  6.866632e-18, -3.914077e-04, -1.195374e-17, -1.424175e+01,  6.866632e-13, -3.914077e+01, -5.976870e-13,
    47,  EL1,      MATEL,   CAX4,   3,     0.7311,    0.0211, -1.424175e-04,  6.866632e-18, -3.914077e-04, -1.415593e-17, -1.424175e+01,  6.866632e-13, -3.914077e+01, -7.077966e-13,
    48,  EL1,      MATEL,   CAX4,   0,     0.7389,    0.0789, -1.440965e-04,  7.265663e-18, -3.887591e-04, -9.989624e-18, -1.440965e+01,  7.265663e-13, -3.887591e+01, -4.994812e-13,
    48,  EL1,      MATEL,   CAX4,   1,     0.7389,    0.0211, -1.440965e-04,  7.265663e-18, -3.887591e-04, -1.362965e-17, -1.440965e+01,  7.265663e-13, -3.887591e+01, -6.814824e-13,
    48,  EL1,      MATEL,   CAX4,   2,     0.7361,    0.0789, -1.440965e-04,  7.083662e-18, -3.897187e-04, -1.020646e-17, -1.440965e+01,  7.083662e-13, -3.897187e+01, -5.103232e-13,
    48,  EL1,      MATEL,   CAX4,   3,     0.7361,    0.0211, -1.440965e-04,  7.083662e-18, -3.897187e-04, -1.384649e-17, -1.440965e+01,  7.083662e-13, -3.897187e+01, -6.923244e-13,
    49,  EL1,      MATEL,   CAX4,   0,     0.7439,    0.0789, -1.457417e-04,  7.631357e-18, -3.871235e-04, -9.197290e-18, -1.457417e+01,  7.631357e-13, -3.871235e+01, -4.598645e-13,
    49,  EL1,      MATEL,   CAX4,   1,     0.7439,    0.0211, -1.457417e-04,  7.631357e-18, -3.871235e-04, -1.335924e-17, -1.457417e+01,  7.631357e-13, -3.871235e+01, -6.679621e-13,
    49,  EL1,      MATEL,   CAX4,   2,     0.7411,    0.0789, -1.457417e-04,  7.412418e-18, -3.880638e-04, -8.980450e-18, -1.457417e+01,  7.412418e-13, -3.880638e+01, -4.490225e-13,
    49,  EL1,      MATEL,   CAX4,   3,     0.7411,    0.0211, -1.457417e-04,  7.412418e-18, -3.880638e-04, -1.335924e-17, -1.457417e+01,  7.412418e-13, -3.880638e+01, -6.679621e-13,
    50,  EL1,      MATEL,   CAX4,   0,     0.7489,    0.0789, -1.473541e-04,  7.958641e-18, -3.855205e-04, -6.549624e-18, -1.473541e+01,  7.958641e-13, -3.855205e+01, -3.274812e-13,
    50,  EL1,      MATEL,   CAX4,   1,     0.7489,    0.0211, -1.473541e-04,  7.958641e-18, -3.855205e-04, -1.016809e-17, -1.473541e+01,  7.958641e-13, -3.855205e+01, -5.084046e-13,
    50,  EL1,      MATEL,   CAX4,   2,     0.7461,    0.0789, -1.473541e-04,  7.777717e-18, -3.864421e-04, -9.368550e-18, -1.473541e+01,  7.777717e-13, -3.864421e+01, -4.684275e-13,
    50,  EL1,      MATEL,   CAX4,   3,     0.7461,    0.0211, -1.473541e-04,  7.777717e-18, -3.864421e-04, -1.298702e-17, -1.473541e+01,  7.777717e-13, -3.864421e+01, -6.493509e-13,
    51,  EL1,      MATEL,   CAX4,   0,     0.7539,    0.0789, -1.489344e-04,  8.276669e-18, -3.839493e-04, -6.456431e-18, -1.489344e+01,  8.276669e-13, -3.839493e+01, -3.228216e-13,
    51,  EL1,      MATEL,   CAX4,   1,     0.7539,    0.0211, -1.489344e-04,  8.276669e-18, -3.839493e-04, -9.926280e-18, -1.489344e+01,  8.276669e-13, -3.839493e+01, -4.963140e-13,
    51,  EL1,      MATEL,   CAX4,   2,     0.7511,    0.0789, -1.489344e-04,  8.092334e-18, -3.848526e-04, -6.022750e-18, -1.489344e+01,  8.092334e-13, -3.848526e+01, -3.011375e-13,
    51,  EL1,      MATEL,   CAX4,   3,     0.7511,    0.0211, -1.489344e-04,  8.092334e-18, -3.848526e-04, -9.709440e-18, -1.489344e+01,  8.092334e-13, -3.848526e+01, -4.854720e-13,
    52,  EL1,      MATEL,   CAX4,   0,     0.7589,    0.0789, -1.504835e-04,  8.527091e-18, -3.824090e-04, -4.364079e-18, -1.504835e+01,  8.527091e-13, -3.824090e+01, -2.182039e-13,
    52,  EL1,      MATEL,   CAX4,   1,     0.7589,    0.0211, -1.504835e-04,  8.527091e-18, -3.824090e-04, -7.042665e-18, -1.504835e+01,  8.527091e-13, -3.824090e+01, -3.521333e-13,
    52,  EL1,      MATEL,   CAX4,   2,     0.7561,    0.0789, -1.504835e-04,  8.393162e-18, -3.832946e-04, -6.749324e-18, -1.504835e+01,  8.393162e-13, -3.832946e+01, -3.374662e-13,
    52,  EL1,      MATEL,   CAX4,   3,     0.7561,    0.0211, -1.504835e-04,  8.393162e-18, -3.832946e-04, -9.427910e-18, -1.504835e+01,  8.393162e-13, -3.832946e+01, -4.713955e-13,
    53,  EL1,      MATEL,   CAX4,   0,     0.7639,    0.0789, -1.520022e-04,  8.675881e-18, -3.808989e-04, -1.907760e-18, -1.520022e+01,  8.675881e-13, -3.808989e+01, -9.538801e-14,
    53,  EL1,      MATEL,   CAX4,   1,     0.7639,    0.0211, -1.520022e-04,  8.675881e-18, -3.808989e-04, -3.585311e-18, -1.520022e+01,  8.675881e-13, -3.808989e+01, -1.792656e-13,
    53,  EL1,      MATEL,   CAX4,   2,     0.7611,    0.0789, -1.520022e-04,  8.602845e-18, -3.817672e-04, -4.509845e-18, -1.520022e+01,  8.602845e-13, -3.817672e+01, -2.254923e-13,
    53,  EL1,      MATEL,   CAX4,   3,     0.7611,    0.0211, -1.520022e-04,  8.602845e-18, -3.817672e-04, -5.753715e-18, -1.520022e+01,  8.602845e-13, -3.817672e+01, -2.876858e-13,
    54,  EL1,      MATEL,   CAX4,   0,     0.7689,    0.0789, -1.534914e-04,  8.564659e-18, -3.794182e-04, -3.738445e-19, -1.534914e+01,  8.564659e-13, -3.794182e+01, -1.869222e-14,
    54,  EL1,      MATEL,   CAX4,   1,     0.7689,    0.0211, -1.534914e-04,  8.564659e-18, -3.794182e-04,  1.645949e-18, -1.534914e+01,  8.564659e-13, -3.794182e+01,  8.229745e-14,
    54,  EL1,      MATEL,   CAX4,   2,     0.7661,    0.0789, -1.534914e-04,  8.665649e-18, -3.802696e-04, -4.493813e-18, -1.534914e+01,  8.665649e-13, -3.802696e+01, -2.246906e-13,
    54,  EL1,      MATEL,   CAX4,   3,     0.7661,    0.0211, -1.534914e-04,  8.665649e-18, -3.802696e-04, -2.257179e-18, -1.534914e+01,  8.665649e-13, -3.802696e+01, -1.128589e-13,
    55,  EL1,      MATEL,   CAX4,   0,     0.7739,    0.0789, -1.549517e-04,  8.240234e-18, -3.779660e-04, -5.450331e-19, -1.549517e+01,  8.240234e-13, -3.779660e+01, -2.725166e-14,
    55,  EL1,      MATEL,   CAX4,   1,     0.7739,    0.0211, -1.549517e-04,  8.240234e-18, -3.779660e-04,  3.880516e-18, -1.549517e+01,  8.240234e-13, -3.779660e+01,  1.940258e-13,
    55,  EL1,      MATEL,   CAX4,   2,     0.7711,    0.0789, -1.549517e-04,  8.450670e-18, -3.788010e-04, -1.412395e-18, -1.549517e+01,  8.450670e-13, -3.788010e+01, -7.061974e-14,
    55,  EL1,      MATEL,   CAX4,   3,     0.7711,    0.0211, -1.549517e-04,  8.450670e-18, -3.788010e-04,  2.796314e-18, -1.549517e+01,  8.450670e-13, -3.788010e+01,  1.398157e-13,
    56,  EL1,      MATEL,   CAX4,   0,     0.7789,    0.0789, -1.563839e-04,  7.810766e-18, -3.765418e-04,  7.573893e-19, -1.563839e+01,  7.810766e-13, -3.765418e+01,  3.786946e-14,
    56,  EL1,      MATEL,   CAX4,   1,     0.7789,    0.0211, -1.563839e-04,  7.810766e-18, -3.765418e-04,  6.134358e-18, -1.563839e+01,  7.810766e-13, -3.765418e+01,  3.067179e-13,
    56,  EL1,      MATEL,   CAX4,   2,     0.7761,    0.0789, -1.563839e-04,  8.068773e-18, -3.773607e-04, -7.604938e-19, -1.563839e+01,  8.068773e-13, -3.773607e+01, -3.802469e-14,
    56,  EL1,      MATEL,   CAX4,   3,     0.7761,    0.0211, -1.563839e-04,  8.068773e-18, -3.773607e-04,  4.399635e-18, -1.563839e+01,  8.068773e-13, -3.773607e+01,  2.199817e-13,
    57,  EL1,      MATEL,   CAX4,   0,     0.7839,    0.0789, -1.577888e-04,  7.295834e-18, -3.751447e-04,  1.998434e-18, -1.577888e+01,  7.295834e-13, -3.751447e+01,  9.992169e-14,
    57,  EL1,      MATEL,   CAX4,   1,     0.7839,    0.0211, -1.577888e-04,  7.295834e-18, -3.751447e-04,  8.154913e-18, -1.577888e+01,  7.295834e-13, -3.751447e+01,  4.077457e-13,
    57,  EL1,      MATEL,   CAX4,   2,     0.7811,    0.0789, -1.577888e-04,  7.603658e-18, -3.759480e-04,  2.637104e-19, -1.577888e+01,  7.603658e-13, -3.759480e+01,  1.318552e-14,
    57,  EL1,      MATEL,   CAX4,   3,     0.7811,    0.0211, -1.577888e-04,  7.603658e-18, -3.759480e-04,  6.420190e-18, -1.577888e+01,  7.603658e-13, -3.759480e+01,  3.210095e-13,
    58,  EL1,      MATEL,   CAX4,   0,     0.7889,    0.0789, -1.591670e-04,  6.646601e-18, -3.737741e-04,  3.580228e-18, -1.591670e+01,  6.646601e-13, -3.737741e+01,  1.790114e-13,
    58,  EL1,      MATEL,   CAX4,   1,     0.7889,    0.0211, -1.591670e-04,  6.646601e-18, -3.737741e-04,  1.121920e-17, -1.591670e+01,  6.646601e-13, -3.737741e+01,  5.609600e-13,
    58,  EL1,      MATEL,   CAX4,   2,     0.7861,    0.0789, -1.591670e-04,  7.039391e-18, -3.745622e-04,  1.194983e-18, -1.591670e+01,  7.039391e-13, -3.745622e+01,  5.974915e-14,
    58,  EL1,      MATEL,   CAX4,   3,     0.7861,    0.0211, -1.591670e-04,  7.039391e-18, -3.745622e-04,  9.050797e-18, -1.591670e+01,  7.039391e-13, -3.745622e+01,  4.525398e-13,
    59,  EL1,      MATEL,   CAX4,   0,     0.7939,    0.0789, -1.605192e-04,  5.825526e-18, -3.724292e-04,  4.885378e-18, -1.605192e+01,  5.825526e-13, -3.724292e+01,  2.442689e-13,
    59,  EL1,      MATEL,   CAX4,   1,     0.7939,    0.0211, -1.605192e-04,  5.825526e-18, -3.724292e-04,  1.436810e-17, -1.605192e+01,  5.825526e-13, -3.724292e+01,  7.184050e-13,
    59,  EL1,      MATEL,   CAX4,   2,     0.7911,    0.0789, -1.605192e-04,  6.321346e-18, -3.732026e-04,  2.283293e-18, -1.605192e+01,  6.321346e-13, -3.732026e+01,  1.141646e-13,
    59,  EL1,      MATEL,   CAX4,   3,     0.7911,    0.0211, -1.605192e-04,  6.321346e-18, -3.732026e-04,  1.241654e-17, -1.605192e+01,  6.321346e-13, -3.732026e+01,  6.208268e-13,
    60,  EL1,      MATEL,   CAX4,   0,     0.7989,    0.0789, -1.618460e-04,  4.841759e-18, -3.711096e-04,  5.421516e-18, -1.618460e+01,  4.841759e-13, -3.711096e+01,  2.710758e-13,
    60,  EL1,      MATEL,   CAX4,   1,     0.7989,    0.0211, -1.618460e-04,  4.841759e-18, -3.711096e-04,  1.716777e-17, -1.618460e+01,  4.841759e-13, -3.711096e+01,  8.583887e-13,
    60,  EL1,      MATEL,   CAX4,   2,     0.7961,    0.0789, -1.618460e-04,  5.429072e-18, -3.718685e-04,  3.686793e-18, -1.618460e+01,  5.429072e-13, -3.718685e+01,  1.843396e-13,
    60,  EL1,      MATEL,   CAX4,   3,     0.7961,    0.0211, -1.618460e-04,  5.429072e-18, -3.718685e-04,  1.543305e-17, -1.618460e+01,  5.429072e-13, -3.718685e+01,  7.716525e-13,
    61,  EL1,      MATEL,   CAX4,   0,     0.8039,    0.0789, -1.631481e-04,  3.736279e-18, -3.698145e-04,  5.825426e-18, -1.631481e+01,  3.736279e-13, -3.698145e+01,  2.912713e-13,
    61,  EL1,      MATEL,   CAX4,   1,     0.8039,    0.0211, -1.631481e-04,  3.736279e-18, -3.698145e-04,  1.886338e-17, -1.631481e+01,  3.736279e-13, -3.698145e+01,  9.431692e-13,
    61,  EL1,      MATEL,   CAX4,   2,     0.8011,    0.0789, -1.631481e-04,  4.388176e-18, -3.705593e-04,  4.741224e-18, -1.631481e+01,  4.388176e-13, -3.705593e+01,  2.370612e-13,
    61,  EL1,      MATEL,   CAX4,   3,     0.8011,    0.0211, -1.631481e-04,  4.388176e-18, -3.705593e-04,  1.777918e-17, -1.631481e+01,  4.388176e-13, -3.705593e+01,  8.889591e-13,
    62,  EL1,      MATEL,   CAX4,   0,     0.8089,    0.0789, -1.644261e-04,  2.565426e-18, -3.685434e-04,  6.508659e-18, -1.644261e+01,  2.565426e-13, -3.685434e+01,  3.254329e-13,
    62,  EL1,      MATEL,   CAX4,   1,     0.8089,    0.0211, -1.644261e-04,  2.565426e-18, -3.685434e-04,  2.015762e-17, -1.644261e+01,  2.565426e-13, -3.685434e+01,  1.007881e-12,
    62,  EL1,      MATEL,   CAX4,   2,     0.8061,    0.0789, -1.644261e-04,  3.247874e-18, -3.692744e-04,  5.858137e-18, -1.644261e+01,  3.247874e-13, -3.692744e+01,  2.929069e-13,
    62,  EL1,      MATEL,   CAX4,   3,     0.8061,    0.0211, -1.644261e-04,  3.247874e-18, -3.692744e-04,  1.950710e-17, -1.644261e+01,  3.247874e-13, -3.692744e+01,  9.753551e-13,
    63,  EL1,      MATEL,   CAX4,   0,     0.8139,    0.0789, -1.656806e-04,  1.313010e-18, -3.672956e-04,  6.618916e-18, -1.656806e+01,  1.313010e-13, -3.672956e+01,  3.309458e-13,
    63,  EL1,      MATEL,   CAX4,   1,     0.8139,    0.0211, -1.656806e-04,  1.313010e-18, -3.672956e-04,  2.151517e-17, -1.656806e+01,  1.313010e-13, -3.672956e+01,  1.075759e-12,
    63,  EL1,      MATEL,   CAX4,   2,     0.8111,    0.0789, -1.656806e-04,  2.046980e-18, -3.680131e-04,  5.751554e-18, -1.656806e+01,  2.046980e-13, -3.680131e+01,  2.875777e-13,
    63,  EL1,      MATEL,   CAX4,   3,     0.8111,    0.0211, -1.656806e-04,  2.046980e-18, -3.680131e-04,  2.043097e-17, -1.656806e+01,  2.046980e-13, -3.680131e+01,  1.021549e-12,
    64,  EL1,      MATEL,   CAX4,   0,     0.8189,    0.0789, -1.669122e-04,  1.603875e-20, -3.660705e-04,  5.888157e-18, -1.669122e+01,  1.603875e-15, -3.660705e+01,  2.944078e-13,
    64,  EL1,      MATEL,   CAX4,   1,     0.8189,    0.0211, -1.669122e-04,  1.603875e-20, -3.660705e-04,  2.116063e-17, -1.669122e+01,  1.603875e-15, -3.660705e+01,  1.058031e-12,
    64,  EL1,      MATEL,   CAX4,   2,     0.8161,    0.0789, -1.669122e-04,  7.688204e-19, -3.667750e-04,  6.538678e-18, -1.669122e+01,  7.688204e-14, -3.667750e+01,  3.269339e-13,
    64,  EL1,      MATEL,   CAX4,   3,     0.8161,    0.0211, -1.669122e-04,  7.688204e-19, -3.667750e-04,  2.181115e-17, -1.669122e+01,  7.688204e-14, -3.667750e+01,  1.090558e-12,
    65,  EL1,      MATEL,   CAX4,   0,     0.8239,    0.0789, -1.681213e-04, -1.144590e-18, -3.648678e-04,  5.716944e-18, -1.681213e+01, -1.144590e-13, -3.648678e+01,  2.858472e-13,
    65,  EL1,      MATEL,   CAX4,   1,     0.8239,    0.0211, -1.681213e-04, -1.144590e-18, -3.648678e-04,  1.910926e-17, -1.681213e+01, -1.144590e-13, -3.648678e+01,  9.554629e-13,
    65,  EL1,      MATEL,   CAX4,   2,     0.8211,    0.0789, -1.681213e-04, -4.966579e-19, -3.655595e-04,  7.885348e-18, -1.681213e+01, -4.966579e-14, -3.655595e+01,  3.942674e-13,
    65,  EL1,      MATEL,   CAX4,   3,     0.8211,    0.0211, -1.681213e-04, -4.966579e-19, -3.655595e-04,  2.084398e-17, -1.681213e+01, -4.966579e-14, -3.655595e+01,  1.042199e-12,
    66,  EL1,      MATEL,   CAX4,   0,     0.8289,    0.0789, -1.693086e-04, -2.155084e-18, -3.636867e-04,  6.217346e-18, -1.693086e+01, -2.155084e-13, -3.636867e+01,  3.108673e-13,
    66,  EL1,      MATEL,   CAX4,   1,     0.8289,    0.0211, -1.693086e-04, -2.155084e-18, -3.636867e-04,  1.775659e-17, -1.693086e+01, -2.155084e-13, -3.636867e+01,  8.878297e-13,
    66,  EL1,      MATEL,   CAX4,   2,     0.8261,    0.0789, -1.693086e-04, -1.588964e-18, -3.643659e-04,  6.867867e-18, -1.693086e+01, -1.588964e-13, -3.643659e+01,  3.433934e-13,
    66,  EL1,      MATEL,   CAX4,   3,     0.8261,    0.0211, -1.693086e-04, -1.588964e-18, -3.643659e-04,  1.819028e-17, -1.693086e+01, -1.588964e-13, -3.643659e+01,  9.095138e-13,
    67,  EL1,      MATEL,   CAX4,   0,     0.8339,    0.0789, -1.704746e-04, -2.972494e-18, -3.625268e-04,  6.010677e-18, -1.704746e+01, -2.972494e-13, -3.625268e+01,  3.005338e-13,
    67,  EL1,      MATEL,   CAX4,   1,     0.8339,    0.0211, -1.704746e-04, -2.972494e-18, -3.625268e-04,  1.494457e-17, -1.704746e+01, -2.972494e-13, -3.625268e+01,  7.472283e-13,
    67,  EL1,      MATEL,   CAX4,   2,     0.8311,    0.0789, -1.704746e-04, -2.525800e-18, -3.631939e-04,  8.395921e-18, -1.704746e+01, -2.525800e-13, -3.631939e+01,  4.197961e-13,
    67,  EL1,      MATEL,   CAX4,   3,     0.8311,    0.0211, -1.704746e-04, -2.525800e-18, -3.631939e-04,  1.732981e-17, -1.704746e+01, -2.525800e-13, -3.631939e+01,  8.664905e-13,
    68,  EL1,      MATEL,   CAX4,   0,     0.8389,    0.0789, -1.716197e-04, -3.552969e-18, -3.613875e-04,  5.755175e-18, -1.716197e+01, -3.552969e-13, -3.613875e+01,  2.877587e-13,
    68,  EL1,      MATEL,   CAX4,   1,     0.8389,    0.0211, -1.716197e-04, -3.552969e-18, -3.613875e-04,  1.164324e-17, -1.716197e+01, -3.552969e-13, -3.613875e+01,  5.821619e-13,
    68,  EL1,      MATEL,   CAX4,   2,     0.8361,    0.0789, -1.716197e-04, -3.247723e-18, -3.620428e-04,  7.706739e-18, -1.716197e+01, -3.247723e-13, -3.620428e+01,  3.853369e-13,
    68,  EL1,      MATEL,   CAX4,   3,     0.8361,    0.0211, -1.716197e-04, -3.247723e-18, -3.620428e-04,  1.424532e-17, -1.716197e+01, -3.247723e-13, -3.620428e+01,  7.122662e-13,
    69,  EL1,      MATEL,   CAX4,   0,     0.8439,    0.0789, -1.727445e-04, -3.909161e-18, -3.602685e-04,  5.952716e-18, -1.727445e+01, -3.909161e-13, -3.602685e+01,  2.976358e-13,
    69,  EL1,      MATEL,   CAX4,   1,     0.8439,    0.0211, -1.727445e-04, -3.909161e-18, -3.602685e-04,  9.748777e-18, -1.727445e+01, -3.909161e-13, -3.602685e+01,  4.874388e-13,
    69,  EL1,      MATEL,   CAX4,   2,     0.8411,    0.0789, -1.727445e-04, -3.730200e-18, -3.609121e-04,  7.687439e-18, -1.727445e+01, -3.730200e-13, -3.609121e+01,  3.843720e-13,
    69,  EL1,      MATEL,   CAX4,   3,     0.8411,    0.0211, -1.727445e-04, -3.730200e-18, -3.609121e-04,  1.148350e-17, -1.727445e+01, -3.730200e-13, -3.609121e+01,  5.741750e-13,
    70,  EL1,      MATEL,   CAX4,   0,     0.8489,    0.0789, -1.738495e-04, -4.121503e-18, -3.591692e-04,  5.736876e-18, -1.738495e+01, -4.121503e-13, -3.591692e+01,  2.868438e-13,
    70,  EL1,      MATEL,   CAX4,   1,     0.8489,    0.0211, -1.738495e-04, -4.121503e-18, -3.591692e-04,  8.320401e-18, -1.738495e+01, -4.121503e-13, -3.591692e+01,  4.160200e-13,
    70,  EL1,      MATEL,   CAX4,   2,     0.8461,    0.0789, -1.738495e-04, -4.014011e-18, -3.598015e-04,  6.821078e-18, -1.738495e+01, -4.014011e-13, -3.598015e+01,  3.410539e-13,
    70,  EL1,      MATEL,   CAX4,   3,     0.8461,    0.0211, -1.738495e-04, -4.014011e-18, -3.598015e-04,  8.970922e-18, -1.738495e+01, -4.014011e-13, -3.598015e+01,  4.485461e-13,
    71,  EL1,      MATEL,   CAX4,   0,     0.8539,    0.0789, -1.749351e-04, -4.263469e-18, -3.580891e-04,  4.886471e-18, -1.749351e+01, -4.263469e-13, -3.580891e+01,  2.443236e-13,
    71,  EL1,      MATEL,   CAX4,   1,     0.8539,    0.0211, -1.749351e-04, -4.263469e-18, -3.580891e-04,  6.388949e-18, -1.749351e+01, -4.263469e-13, -3.580891e+01,  3.194474e-13,
    71,  EL1,      MATEL,   CAX4,   2,     0.8511,    0.0789, -1.749351e-04, -4.188345e-18, -3.587104e-04,  6.187514e-18, -1.749351e+01, -4.188345e-13, -3.587104e+01,  3.093757e-13,
    71,  EL1,      MATEL,   CAX4,   3,     0.8511,    0.0211, -1.749351e-04, -4.188345e-18, -3.587104e-04,  7.689992e-18, -1.749351e+01, -4.188345e-13, -3.587104e+01,  3.844996e-13,
    72,  EL1,      MATEL,   CAX4,   0,     0.8589,    0.0789, -1.760017e-04, -4.321832e-18, -3.570279e-04,  4.370012e-18, -1.760017e+01, -4.321832e-13, -3.570279e+01,  2.185006e-13,
    72,  EL1,      MATEL,   CAX4,   1,     0.8589,    0.0211, -1.760017e-04, -4.321832e-18, -3.570279e-04,  4.821920e-18, -1.760017e+01, -4.321832e-13, -3.570279e+01,  2.410960e-13,
    72,  EL1,      MATEL,   CAX4,   2,     0.8561,    0.0789, -1.760017e-04, -4.299236e-18, -3.576383e-04,  5.454215e-18, -1.760017e+01, -4.299236e-13, -3.576383e+01,  2.727107e-13,
    72,  EL1,      MATEL,   CAX4,   3,     0.8561,    0.0211, -1.760017e-04, -4.299236e-18, -3.576383e-04,  5.906122e-18, -1.760017e+01, -4.299236e-13, -3.576383e+01,  2.953061e-13,
    73,  EL1,      MATEL,   CAX4,   0,     0.8639,    0.0789, -1.770499e-04, -4.241079e-18, -3.559850e-04,  3.515183e-18, -1.770499e+01, -4.241079e-13, -3.559850e+01,  1.757591e-13,
    73,  EL1,      MATEL,   CAX4,   1,     0.8639,    0.0211, -1.770499e-04, -4.241079e-18, -3.559850e-04,  1.778115e-18, -1.770499e+01, -4.241079e-13, -3.559850e+01,  8.890576e-14,
    73,  EL1,      MATEL,   CAX4,   2,     0.8611,    0.0789, -1.770499e-04, -4.306249e-18, -3.565849e-04,  5.249906e-18, -1.770499e+01, -4.306249e-13, -3.565849e+01,  2.624953e-13,
    73,  EL1,      MATEL,   CAX4,   3,     0.8611,    0.0211, -1.770499e-04, -4.306249e-18, -3.565849e-04,  3.946520e-18, -1.770499e+01, -4.306249e-13, -3.565849e+01,  1.973260e-13,
    74,  EL1,      MATEL,   CAX4,   0,     0.8689,    0.0789, -1.780799e-04, -3.963880e-18, -3.549600e-04,  3.765876e-18, -1.780799e+01, -3.963880e-13, -3.549600e+01,  1.882938e-13,
    74,  EL1,      MATEL,   CAX4,   1,     0.8689,    0.0211, -1.780799e-04, -3.963880e-18, -3.549600e-04,  2.734746e-19, -1.780799e+01, -3.963880e-13, -3.549600e+01,  1.367373e-14,
    74,  EL1,      MATEL,   CAX4,   2,     0.8661,    0.0789, -1.780799e-04, -4.149342e-18, -3.555496e-04,  5.283759e-18, -1.780799e+01, -4.149342e-13, -3.555496e+01,  2.641880e-13,
    74,  EL1,      MATEL,   CAX4,   3,     0.8661,    0.0211, -1.780799e-04, -4.149342e-18, -3.555496e-04,  1.574517e-18, -1.780799e+01, -4.149342e-13, -3.555496e+01,  7.872586e-14,
    75,  EL1,      MATEL,   CAX4,   0,     0.8739,    0.0789, -1.790924e-04, -3.577041e-18, -3.539526e-04,  3.777016e-18, -1.790924e+01, -3.577041e-13, -3.539526e+01,  1.888508e-13,
    75,  EL1,      MATEL,   CAX4,   1,     0.8739,    0.0211, -1.790924e-04, -3.577041e-18, -3.539526e-04, -4.591293e-19, -1.790924e+01, -3.577041e-13, -3.539526e+01, -2.295647e-14,
    75,  EL1,      MATEL,   CAX4,   2,     0.8711,    0.0789, -1.790924e-04, -3.810532e-18, -3.545321e-04,  4.644378e-18, -1.790924e+01, -3.810532e-13, -3.545321e+01,  2.322189e-13,
    75,  EL1,      MATEL,   CAX4,   3,     0.8711,    0.0211, -1.790924e-04, -3.810532e-18, -3.545321e-04, -2.544843e-20, -1.790924e+01, -3.810532e-13, -3.545321e+01, -1.272422e-15,
    76,  EL1,      MATEL,   CAX4,   0,     0.8789,    0.0789, -1.800875e-04, -3.212432e-18, -3.529624e-04,  3.197658e-18, -1.800875e+01, -3.212432e-13, -3.529624e+01,  1.598829e-13,
    76,  EL1,      MATEL,   CAX4,   1,     0.8789,    0.0211, -1.800875e-04, -3.212432e-18, -3.529624e-04, -8.893105e-19, -1.800875e+01, -3.212432e-13, -3.529624e+01, -4.446553e-14,
    76,  EL1,      MATEL,   CAX4,   2,     0.8761,    0.0789, -1.800875e-04, -3.416780e-18, -3.535320e-04,  3.197658e-18, -1.800875e+01, -3.416780e-13, -3.535320e+01,  1.598829e-13,
    76,  EL1,      MATEL,   CAX4,   3,     0.8761,    0.0211, -1.800875e-04, -3.416780e-18, -3.535320e-04, -8.893105e-19, -1.800875e+01, -3.416780e-13, -3.535320e+01, -4.446553e-14,
    77,  EL1,      MATEL,   CAX4,   0,     0.8839,    0.0789, -1.810658e-04, -2.849367e-18, -3.519889e-04,  2.295911e-18, -1.810658e+01, -2.849367e-13, -3.519889e+01,  1.147956e-13,
    77,  EL1,      MATEL,   CAX4,   1,     0.8839,    0.0211, -1.810658e-04, -2.849367e-18, -3.519889e-04, -1.924624e-18, -1.810658e+01, -2.849367e-13, -3.519889e+01, -9.623120e-14,
    77,  EL1,      MATEL,   CAX4,   2,     0.8811,    0.0789, -1.810658e-04, -3.060394e-18, -3.525489e-04,  3.163273e-18, -1.810658e+01, -3.060394e-13, -3.525489e+01,  1.581636e-13,
    77,  EL1,      MATEL,   CAX4,   3,     0.8811,    0.0211, -1.810658e-04, -3.060394e-18, -3.525489e-04, -1.057262e-18, -1.810658e+01, -3.060394e-13, -3.525489e+01, -5.286311e-14,
    78,  EL1,      MATEL,   CAX4,   0,     0.8889,    0.0789, -1.820276e-04, -2.360400e-18, -3.510318e-04,  2.162989e-18, -1.820276e+01, -2.360400e-13, -3.510318e+01,  1.081495e-13,
    78,  EL1,      MATEL,   CAX4,   1,     0.8889,    0.0211, -1.820276e-04, -2.360400e-18, -3.510318e-04, -3.865099e-18, -1.820276e+01, -2.360400e-13, -3.510318e+01, -1.932549e-13,
    78,  EL1,      MATEL,   CAX4,   2,     0.8861,    0.0789, -1.820276e-04, -2.661805e-18, -3.515824e-04,  3.897713e-18, -1.820276e+01, -2.661805e-13, -3.515824e+01,  1.948856e-13,
    78,  EL1,      MATEL,   CAX4,   3,     0.8861,    0.0211, -1.820276e-04, -2.661805e-18, -3.515824e-04, -2.347216e-18, -1.820276e+01, -2.661805e-13, -3.515824e+01, -1.173608e-13,
    79,  EL1,      MATEL,   CAX4,   0,     0.8939,    0.0789, -1.829733e-04, -1.730357e-18, -3.500907e-04,  3.021865e-18, -1.829733e+01, -1.730357e-13, -3.500907e+01,  1.510932e-13,
    79,  EL1,      MATEL,   CAX4,   1,     0.8939,    0.0211, -1.829733e-04, -1.730357e-18, -3.500907e-04, -4.370553e-18, -1.829733e+01, -1.730357e-13, -3.500907e+01, -2.185276e-13,
    79,  EL1,      MATEL,   CAX4,   2,     0.8911,    0.0789, -1.829733e-04, -2.110819e-18, -3.506321e-04,  3.672386e-18, -1.829733e+01, -2.110819e-13, -3.506321e+01,  1.836193e-13,
    79,  EL1,      MATEL,   CAX4,   3,     0.8911,    0.0211, -1.829733e-04, -2.110819e-18, -3.506321e-04, -3.936872e-18, -1.829733e+01, -2.110819e-13, -3.506321e+01, -1.968436e-13,
    80,  EL1,      MATEL,   CAX4,   0,     0.8989,    0.0789, -1.839032e-04, -1.015544e-18, -3.491652e-04,  3.054283e-18, -1.839032e+01, -1.015544e-13, -3.491652e+01,  1.527141e-13,
    80,  EL1,      MATEL,   CAX4,   1,     0.8989,    0.0211, -1.839032e-04, -1.015544e-18, -3.491652e-04, -5.372398e-18, -1.839032e+01, -1.015544e-13, -3.491652e+01, -2.686199e-13,
    80,  EL1,      MATEL,   CAX4,   2,     0.8961,    0.0789, -1.839032e-04, -1.436879e-18, -3.496976e-04,  3.704804e-18, -1.839032e+01, -1.436879e-13, -3.496976e+01,  1.852402e-13,
    80,  EL1,      MATEL,   CAX4,   3,     0.8961,    0.0211, -1.839032e-04, -1.436879e-18, -3.496976e-04, -4.721877e-18, -1.839032e+01, -1.436879e-13, -3.496976e+01, -2.360938e-13,
    81,  EL1,      MATEL,   CAX4,   0,     0.9039,    0.0789, -1.848178e-04, -2.217580e-19, -3.482551e-04,  3.684052e-18, -1.848178e+01, -2.217580e-14, -3.482551e+01,  1.842026e-13,
    81,  EL1,      MATEL,   CAX4,   1,     0.9039,    0.0211, -1.848178e-04, -2.217580e-19, -3.482551e-04, -5.679866e-18, -1.848178e+01, -2.217580e-14, -3.482551e+01, -2.839933e-13,
    81,  EL1,      MATEL,   CAX4,   2,     0.9011,    0.0789, -1.848178e-04, -6.899539e-19, -3.487787e-04,  4.117733e-18, -1.848178e+01, -6.899539e-14, -3.487787e+01,  2.058867e-13,
    81,  EL1,      MATEL,   CAX4,   3,     0.9011,    0.0211, -1.848178e-04, -6.899539e-19, -3.487787e-04, -5.246185e-18, -1.848178e+01, -6.899539e-14, -3.487787e+01, -2.623093e-13,
    82,  EL1,      MATEL,   CAX4,   0,     0.9089,    0.0789, -1.857172e-04,  6.216763e-19, -3.473599e-04,  4.550797e-18, -1.857172e+01,  6.216763e-14, -3.473599e+01,  2.275398e-13,
    82,  EL1,      MATEL,   CAX4,   1,     0.9089,    0.0211, -1.857172e-04,  6.216763e-19, -3.473599e-04, -5.939406e-18, -1.857172e+01,  6.216763e-14, -3.473599e+01, -2.969703e-13,
    82,  EL1,      MATEL,   CAX4,   2,     0.9061,    0.0789, -1.857172e-04,  1.296923e-19, -3.478749e-04,  4.117116e-18, -1.857172e+01,  1.296923e-14, -3.478749e+01,  2.058558e-13,
    82,  EL1,      MATEL,   CAX4,   3,     0.9061,    0.0211, -1.857172e-04,  1.296923e-19, -3.478749e-04, -5.722565e-18, -1.857172e+01,  1.296923e-14, -3.478749e+01, -2.861283e-13,
    83,  EL1,      MATEL,   CAX4,   0,     0.9139,    0.0789, -1.866019e-04,  1.416116e-18, -3.464794e-04,  4.914649e-18, -1.866019e+01,  1.416116e-13, -3.464794e+01,  2.457325e-13,
    83,  EL1,      MATEL,   CAX4,   1,     0.9139,    0.0211, -1.866019e-04,  1.416116e-18, -3.464794e-04, -3.429702e-18, -1.866019e+01,  1.416116e-13, -3.464794e+01, -1.714851e-13,
    83,  EL1,      MATEL,   CAX4,   2,     0.9111,    0.0789, -1.866019e-04,  9.663726e-19, -3.469860e-04,  3.830447e-18, -1.866019e+01,  9.663726e-14, -3.469860e+01,  1.915224e-13,
    83,  EL1,      MATEL,   CAX4,   3,     0.9111,    0.0211, -1.866019e-04,  9.663726e-19, -3.469860e-04, -5.381266e-18, -1.866019e+01,  9.663726e-14, -3.469860e+01, -2.690633e-13,
    84,  EL1,      MATEL,   CAX4,   0,     0.9189,    0.0789, -1.874722e-04,  1.974643e-18, -3.456133e-04,  4.842410e-18, -1.874722e+01,  1.974643e-13, -3.456133e+01,  2.421205e-13,
    84,  EL1,      MATEL,   CAX4,   1,     0.9189,    0.0211, -1.874722e-04,  1.974643e-18, -3.456133e-04, -9.248153e-19, -1.874722e+01,  1.974643e-13, -3.456133e+01, -4.624076e-14,
    84,  EL1,      MATEL,   CAX4,   2,     0.9161,    0.0789, -1.874722e-04,  1.686281e-18, -3.461116e-04,  2.240324e-18, -1.874722e+01,  1.686281e-13, -3.461116e+01,  1.120162e-13,
    84,  EL1,      MATEL,   CAX4,   3,     0.9161,    0.0211, -1.874722e-04,  1.686281e-18, -3.461116e-04, -3.526900e-18, -1.874722e+01,  1.686281e-13, -3.461116e+01, -1.763450e-13,
    85,  EL1,      MATEL,   CAX4,   0,     0.9239,    0.0789, -1.883283e-04,  2.259244e-18, -3.447611e-04,  5.532646e-18, -1.883283e+01,  2.259244e-13, -3.447611e+01,  2.766323e-13,
    85,  EL1,      MATEL,   CAX4,   1,     0.9239,    0.0211, -1.883283e-04,  2.259244e-18, -3.447611e-04,  2.694272e-18, -1.883283e+01,  2.259244e-13, -3.447611e+01,  1.347136e-13,
    85,  EL1,      MATEL,   CAX4,   2,     0.9211,    0.0789, -1.883283e-04,  2.128168e-18, -3.452514e-04,  2.496880e-18, -1.883283e+01,  2.128168e-13, -3.452514e+01,  1.248440e-13,
    85,  EL1,      MATEL,   CAX4,   3,     0.9211,    0.0211, -1.883283e-04,  2.128168e-18, -3.452514e-04, -1.246540e-19, -1.883283e+01,  2.128168e-13, -3.452514e+01, -6.232701e-15,
    86,  EL1,      MATEL,   CAX4,   0,     0.9289,    0.0789, -1.891707e-04,  2.311542e-18, -3.439227e-04,  5.073729e-18, -1.891707e+01,  2.311542e-13, -3.439227e+01,  2.536864e-13,
    86,  EL1,      MATEL,   CAX4,   1,     0.9289,    0.0211, -1.891707e-04,  2.311542e-18, -3.439227e-04,  5.010480e-18, -1.891707e+01,  2.311542e-13, -3.439227e+01,  2.505240e-13,
    86,  EL1,      MATEL,   CAX4,   2,     0.9261,    0.0789, -1.891707e-04,  2.308379e-18, -3.444051e-04,  3.339005e-18, -1.891707e+01,  2.308379e-13, -3.444051e+01,  1.669503e-13,
    86,  EL1,      MATEL,   CAX4,   3,     0.9261,    0.0211, -1.891707e-04,  2.308379e-18, -3.444051e-04,  3.275757e-18, -1.891707e+01,  2.308379e-13, -3.444051e+01,  1.637879e-13,
    87,  EL1,      MATEL,   CAX4,   0,     0.9339,    0.0789, -1.899995e-04,  2.232432e-18, -3.430977e-04,  5.333556e-18, -1.899995e+01,  2.232432e-13, -3.430977e+01,  2.666778e-13,
    87,  EL1,      MATEL,   CAX4,   1,     0.9339,    0.0211, -1.899995e-04,  2.232432e-18, -3.430977e-04,  6.075064e-18, -1.899995e+01,  2.232432e-13, -3.430977e+01,  3.037532e-13,
    87,  EL1,      MATEL,   CAX4,   2,     0.9311,    0.0789, -1.899995e-04,  2.291192e-18, -3.435724e-04,  4.466194e-18, -1.899995e+01,  2.291192e-13, -3.435724e+01,  2.233097e-13,
    87,  EL1,      MATEL,   CAX4,   3,     0.9311,    0.0211, -1.899995e-04,  2.291192e-18, -3.435724e-04,  5.424543e-18, -1.899995e+01,  2.291192e-13, -3.435724e+01,  2.712271e-13,
    88,  EL1,      MATEL,   CAX4,   0,     0.9389,    0.0789, -1.908151e-04,  2.074123e-18, -3.422859e-04,  4.419708e-18, -1.908151e+01,  2.074123e-13, -3.422859e+01,  2.209854e-13,
    88,  EL1,      MATEL,   CAX4,   1,     0.9389,    0.0211, -1.908151e-04,  2.074123e-18, -3.422859e-04,  6.422618e-18, -1.908151e+01,  2.074123e-13, -3.422859e+01,  3.211309e-13,
    88,  EL1,      MATEL,   CAX4,   2,     0.9361,    0.0789, -1.908151e-04,  2.174269e-18, -3.427530e-04,  4.202868e-18, -1.908151e+01,  2.174269e-13, -3.427530e+01,  2.101434e-13,
    88,  EL1,      MATEL,   CAX4,   3,     0.9361,    0.0211, -1.908151e-04,  2.174269e-18, -3.427530e-04,  5.988937e-18, -1.908151e+01,  2.174269e-13, -3.427530e+01,  2.994469e-13,
    89,  EL1,      MATEL,   CAX4,   0,     0.9439,    0.0789, -1.916178e-04,  1.927483e-18, -3.414869e-04,  3.438166e-18, -1.916178e+01,  1.927483e-13, -3.414869e+01,  1.719083e-13,
    89,  EL1,      MATEL,   CAX4,   1,     0.9439,    0.0211, -1.916178e-04,  1.927483e-18, -3.414869e-04,  5.048447e-18, -1.916178e+01,  1.927483e-13, -3.414869e+01,  2.524224e-13,
    89,  EL1,      MATEL,   CAX4,   2,     0.9411,    0.0789, -1.916178e-04,  2.007997e-18, -3.419466e-04,  4.522368e-18, -1.916178e+01,  2.007997e-13, -3.419466e+01,  2.261184e-13,
    89,  EL1,      MATEL,   CAX4,   3,     0.9411,    0.0211, -1.916178e-04,  2.007997e-18, -3.419466e-04,  5.915809e-18, -1.916178e+01,  2.007997e-13, -3.419466e+01,  2.957905e-13,
    90,  EL1,      MATEL,   CAX4,   0,     0.9489,    0.0789, -1.924078e-04,  1.776567e-18, -3.407005e-04,  4.509973e-18, -1.924078e+01,  1.776567e-13, -3.407005e+01,  2.254987e-13,
    90,  EL1,      MATEL,   CAX4,   1,     0.9489,    0.0211, -1.924078e-04,  1.776567e-18, -3.407005e-04,  6.071226e-18, -1.924078e+01,  1.776567e-13, -3.407005e+01,  3.035613e-13,
    90,  EL1,      MATEL,   CAX4,   2,     0.9461,    0.0789, -1.924078e-04,  1.865472e-18, -3.411530e-04,  3.642612e-18, -1.924078e+01,  1.865472e-13, -3.411530e+01,  1.821306e-13,
    90,  EL1,      MATEL,   CAX4,   3,     0.9461,    0.0211, -1.924078e-04,  1.865472e-18, -3.411530e-04,  5.420705e-18, -1.924078e+01,  1.865472e-13, -3.411530e+01,  2.710352e-13,
    91,  EL1,      MATEL,   CAX4,   0,     0.9539,    0.0789, -1.931853e-04,  1.571284e-18, -3.399265e-04,  3.917749e-18, -1.931853e+01,  1.571284e-13, -3.399265e+01,  1.958874e-13,
    91,  EL1,      MATEL,   CAX4,   1,     0.9539,    0.0211, -1.931853e-04,  1.571284e-18, -3.399265e-04,  6.446857e-18, -1.931853e+01,  1.571284e-13, -3.399265e+01,  3.223428e-13,
    91,  EL1,      MATEL,   CAX4,   2,     0.9511,    0.0789, -1.931853e-04,  1.697740e-18, -3.403719e-04,  3.917749e-18, -1.931853e+01,  1.697740e-13, -3.403719e+01,  1.958874e-13,
    91,  EL1,      MATEL,   CAX4,   3,     0.9511,    0.0211, -1.931853e-04,  1.697740e-18, -3.403719e-04,  6.446857e-18, -1.931853e+01,  1.697740e-13, -3.403719e+01,  3.223428e-13,
    92,  EL1,      MATEL,   CAX4,   0,     0.9589,    0.0789, -1.939508e-04,  1.287326e-18, -3.391645e-04,  4.570696e-18, -1.939508e+01,  1.287326e-13, -3.391645e+01,  2.285348e-13,
    92,  EL1,      MATEL,   CAX4,   1,     0.9589,    0.0211, -1.939508e-04,  1.287326e-18, -3.391645e-04,  8.050458e-18, -1.939508e+01,  1.287326e-13, -3.391645e+01,  4.025229e-13,
    92,  EL1,      MATEL,   CAX4,   2,     0.9561,    0.0789, -1.939508e-04,  1.461315e-18, -3.396030e-04,  2.619132e-18, -1.939508e+01,  1.461315e-13, -3.396030e+01,  1.309566e-13,
    92,  EL1,      MATEL,   CAX4,   3,     0.9561,    0.0211, -1.939508e-04,  1.461315e-18, -3.396030e-04,  6.098894e-18, -1.939508e+01,  1.461315e-13, -3.396030e+01,  3.049447e-13,
    93,  EL1,      MATEL,   CAX4,   0,     0.9639,    0.0789, -1.947043e-04,  8.498390e-19, -3.384144e-04,  4.883837e-18, -1.947043e+01,  8.498390e-14, -3.384144e+01,  2.441919e-13,
    93,  EL1,      MATEL,   CAX4,   1,     0.9639,    0.0211, -1.947043e-04,  8.498390e-19, -3.384144e-04,  1.057354e-17, -1.947043e+01,  8.498390e-14, -3.384144e+01,  5.286769e-13,
    93,  EL1,      MATEL,   CAX4,   2,     0.9611,    0.0789, -1.947043e-04,  1.123482e-18, -3.388460e-04,  3.365954e-18, -1.947043e+01,  1.123482e-13, -3.388460e+01,  1.682977e-13,
    93,  EL1,      MATEL,   CAX4,   3,     0.9611,    0.0211, -1.947043e-04,  1.123482e-18, -3.388460e-04,  8.838816e-18, -1.947043e+01,  1.123482e-13, -3.388460e+01,  4.419408e-13,
    94,  EL1,      MATEL,   CAX4,   0,     0.9689,    0.0789, -1.954462e-04,  1.985922e-19, -3.376758e-04,  5.241302e-18, -1.954462e+01,  1.985922e-14, -3.376758e+01,  2.620651e-13,
    94,  EL1,      MATEL,   CAX4,   1,     0.9689,    0.0211, -1.954462e-04,  1.985922e-19, -3.376758e-04,  1.330977e-17, -1.954462e+01,  1.985922e-14, -3.376758e+01,  6.654884e-13,
    94,  EL1,      MATEL,   CAX4,   2,     0.9661,    0.0789, -1.954462e-04,  6.020155e-19, -3.381008e-04,  2.639217e-18, -1.954462e+01,  6.020155e-14, -3.381008e+01,  1.319608e-13,
    94,  EL1,      MATEL,   CAX4,   3,     0.9661,    0.0211, -1.954462e-04,  6.020155e-19, -3.381008e-04,  1.070768e-17, -1.954462e+01,  6.020155e-14, -3.381008e+01,  5.353842e-13,
    95,  EL1,      MATEL,   CAX4,   0,     0.9739,    0.0789, -1.961767e-04, -7.150592e-19, -3.369486e-04,  5.713759e-18, -1.961767e+01, -7.150592e-14, -3.369486e+01,  2.856879e-13,
    95,  EL1,      MATEL,   CAX4,   1,     0.9739,    0.0211, -1.961767e-04, -7.150592e-19, -3.369486e-04,  1.692860e-17, -1.961767e+01, -7.150592e-14, -3.369486e+01,  8.464302e-13,
    95,  EL1,      MATEL,   CAX4,   2,     0.9711,    0.0789, -1.961767e-04, -1.543169e-19, -3.373671e-04,  2.894833e-18, -1.961767e+01, -1.543169e-14, -3.373671e+01,  1.447416e-13,
    95,  EL1,      MATEL,   CAX4,   3,     0.9711,    0.0211, -1.961767e-04, -1.543169e-19, -3.373671e-04,  1.410968e-17, -1.961767e+01, -1.543169e-14, -3.373671e+01,  7.054839e-13,
    96,  EL1,      MATEL,   CAX4,   0,     0.9789,    0.0789, -1.968959e-04, -2.078343e-18, -3.362325e-04,  3.293778e-18, -1.968959e+01, -2.078343e-13, -3.362325e+01,  1.646889e-13,
    96,  EL1,      MATEL,   CAX4,   1,     0.9789,    0.0211, -1.968959e-04, -2.078343e-18, -3.362325e-04,  2.024863e-17, -1.968959e+01, -2.078343e-13, -3.362325e+01,  1.012431e-12,
    96,  EL1,      MATEL,   CAX4,   2,     0.9761,    0.0789, -1.968959e-04, -1.230600e-18, -3.366446e-04,  4.117143e-20, -1.968959e+01, -1.230600e-13, -3.366446e+01,  2.058572e-15,
    96,  EL1,      MATEL,   CAX4,   3,     0.9761,    0.0211, -1.968959e-04, -1.230600e-18, -3.366446e-04,  1.699602e-17, -1.968959e+01, -1.230600e-13, -3.366446e+01,  8.498010e-13,
    97,  EL1,      MATEL,   CAX4,   0,     0.9839,    0.0789, -1.976043e-04, -3.961281e-18, -3.355273e-04,  4.226813e-19, -1.976043e+01, -3.961281e-13, -3.355273e+01,  2.113407e-14,
    97,  EL1,      MATEL,   CAX4,   1,     0.9839,    0.0211, -1.976043e-04, -3.961281e-18, -3.355273e-04,  2.279725e-17, -1.976043e+01, -3.961281e-13, -3.355273e+01,  1.139863e-12,
    97,  EL1,      MATEL,   CAX4,   2,     0.9811,    0.0789, -1.976043e-04, -2.810027e-18, -3.359331e-04, -2.829925e-18, -1.976043e+01, -2.810027e-13, -3.359331e+01, -1.414963e-13,
    97,  EL1,      MATEL,   CAX4,   3,     0.9811,    0.0211, -1.976043e-04, -2.810027e-18, -3.359331e-04,  2.019517e-17, -1.976043e+01, -2.810027e-13, -3.359331e+01,  1.009758e-12,
    98,  EL1,      MATEL,   CAX4,   0,     0.9889,    0.0789, -1.983019e-04, -6.181621e-18, -3.348327e-04, -4.171928e-19, -1.983019e+01, -6.181621e-13, -3.348327e+01, -2.085964e-14,
    98,  EL1,      MATEL,   CAX4,   1,     0.9889,    0.0211, -1.983019e-04, -6.181621e-18, -3.348327e-04,  2.657180e-17, -1.983019e+01, -6.181621e-13, -3.348327e+01,  1.328590e-12,
    98,  EL1,      MATEL,   CAX4,   2,     0.9861,    0.0789, -1.983019e-04, -4.864697e-18, -3.352324e-04, -2.585597e-18, -1.983019e+01, -4.864697e-13, -3.352324e+01, -1.292799e-13,
    98,  EL1,      MATEL,   CAX4,   3,     0.9861,    0.0211, -1.983019e-04, -4.864697e-18, -3.352324e-04,  2.375288e-17, -1.983019e+01, -4.864697e-13, -3.352324e+01,  1.187644e-12,
    99,  EL1,      MATEL,   CAX4,   0,     0.9939,    0.0789, -1.989890e-04, -8.679468e-18, -3.341486e-04, -2.586154e-18, -1.989890e+01, -8.679468e-13, -3.341486e+01, -1.293077e-13,
    99,  EL1,      MATEL,   CAX4,   1,     0.9939,    0.0211, -1.989890e-04, -8.679468e-18, -3.341486e-04,  2.736117e-17, -1.989890e+01, -8.679468e-13, -3.341486e+01,  1.368059e-12,
    99,  EL1,      MATEL,   CAX4,   2,     0.9911,    0.0789, -1.989890e-04, -7.203786e-18, -3.345423e-04, -3.236676e-18, -1.989890e+01, -7.203786e-13, -3.345423e+01, -1.618338e-13,
    99,  EL1,      MATEL,   CAX4,   3,     0.9911,    0.0211, -1.989890e-04, -7.203786e-18, -3.345423e-04,  2.627697e-17, -1.989890e+01, -7.203786e-13, -3.345423e+01,  1.313849e-12,
   100,  EL1,      MATEL,   CAX4,   0,     0.9989,    0.0789, -1.996657e-04, -1.144604e-17, -3.334748e-04, -5.931106e-18, -1.996657e+01, -1.144604e-12, -3.334748e+01, -2.965553e-13,
   100,  EL1,      MATEL,   CAX4,   1,     0.9989,    0.0211, -1.996657e-04, -1.144604e-17, -3.334748e-04,  2.666617e-17, -1.996657e+01, -1.144604e-12, -3.334748e+01,  1.333308e-12,
   100,  EL1,      MATEL,   CAX4,   2,     0.9961,    0.0789, -1.996657e-04, -9.816177e-18, -3.338626e-04, -5.931106e-18, -1.996657e+01, -9.816177e-13, -3.338626e+01, -2.965553e-13,
   100,  EL1,      MATEL,   CAX4,   3,     0.9961,    0.0211, -1.996657e-04, -9.816177e-18, -3.338626e-04,  2.666617e-17, -1.996657e+01, -9.816177e-13, -3.338626e+01,  1.333308e-12,
