  1.0000
    1   0.5000   0.0000   0.0000 -2.6667e-04  0.0000e+00 -2.9660e-13  3.0947e-14
    2   0.5050   0.0000   0.0000 -2.6668e-04  0.0000e+00 -3.9067e-13  6.5454e-15
    3   0.5100   0.0000   0.0000 -2.6672e-04  0.0000e+00  1.9892e-13  2.4242e-15
    4   0.5150   0.0000   0.0000 -2.6678e-04  0.0000e+00  1.6459e-14 -2.2531e-15
    5   0.5200   0.0000   0.0000 -2.6687e-04  0.0000e+00  1.0064e-13 -1.1498e-14
    6   0.5250   0.0000   0.0000 -2.6698e-04  0.0000e+00 -2.1927e-14 -3.2736e-15
    7   0.5300   0.0000   0.0000 -2.6712e-04  0.0000e+00  2.6329e-13 -5.1809e-15
    8   0.5350   0.0000   0.0000 -2.6728e-04  0.0000e+00 -1.0836e-13 -4.6501e-15
    9   0.5400   0.0000   0.0000 -2.6746e-04  0.0000e+00  1.1002e-13  8.9634e-16
   10   0.5450   0.0000   0.0000 -2.6766e-04  0.0000e+00 -3.0898e-13 -5.9041e-15
   11   0.5500   0.0000   0.0000 -2.6788e-04  0.0000e+00  1.0203e-13 -5.7022e-16
   12   0.5550   0.0000   0.0000 -2.6812e-04  0.0000e+00  3.8192e-14  4.3304e-17
   13   0.5600   0.0000   0.0000 -2.6838e-04  0.0000e+00 -3.8192e-14  2.9620e-15
   14   0.5650   0.0000   0.0000 -2.6866e-04  0.0000e+00 -3.8503e-13  1.0216e-14
   15   0.5700   0.0000   0.0000 -2.6896e-04  0.0000e+00  2.2360e-13  1.6824e-14
   16   0.5750   0.0000   0.0000 -2.6927e-04  0.0000e+00  2.9021e-13  1.4132e-14
   17   0.5800   0.0000   0.0000 -2.6961e-04  0.0000e+00  2.1805e-13  2.0845e-14
   18   0.5850   0.0000   0.0000 -2.6996e-04  0.0000e+00 -3.4683e-13  1.9137e-14
   19   0.5900   0.0000   0.0000 -2.7033e-04  0.0000e+00  1.0036e-13  1.4821e-14
   20   0.5950   0.0000   0.0000 -2.7071e-04  0.0000e+00 -9.8366e-14  7.2496e-15
   21   0.6000   0.0000   0.0000 -2.7111e-04  0.0000e+00 -1.6609e-13  1.1264e-14
   22   0.6050   0.0000   0.0000 -2.7153e-04  0.0000e+00 -1.6409e-13  1.3881e-14
   23   0.6100   0.0000   0.0000 -2.7196e-04  0.0000e+00 -1.0081e-13  3.3294e-14
   24   0.6150   0.0000   0.0000 -2.7240e-04  0.0000e+00  5.6399e-14  5.3362e-14
   25   0.6200   0.0000   0.0000 -2.7286e-04  0.0000e+00  3.8680e-13  7.0466e-14
   26   0.6250   0.0000   0.0000 -2.7333e-04  0.0000e+00 -1.8008e-13  8.1025e-14
   27   0.6300   0.0000   0.0000 -2.7382e-04  0.0000e+00  3.9968e-14  8.1029e-14
   28   0.6350   0.0000   0.0000 -2.7432e-04  0.0000e+00  2.2560e-13  6.1114e-14
   29   0.6400   0.0000   0.0000 -2.7483e-04  0.0000e+00  2.6867e-13  3.5179e-14
   30   0.6450   0.0000   0.0000 -2.7536e-04  0.0000e+00  3.6193e-13  1.9757e-14
   31   0.6500   0.0000   0.0000 -2.7590e-04  0.0000e+00  7.4163e-14  2.1329e-14
   32   0.6550   0.0000   0.0000 -2.7645e-04  0.0000e+00 -3.4195e-14  2.1290e-14
   33   0.6600   0.0000   0.0000 -2.7701e-04  0.0000e+00 -1.6742e-13  1.6730e-14
   34   0.6650   0.0000   0.0000 -2.7758e-04  0.0000e+00  6.0840e-14  5.5579e-15
   35   0.6700   0.0000   0.0000 -2.7817e-04  0.0000e+00 -2.0695e-13 -2.4449e-15
   36   0.6750   0.0000   0.0000 -2.7877e-04  0.0000e+00  2.8155e-13 -1.2142e-14
   37   0.6800   0.0000   0.0000 -2.7937e-04  0.0000e+00 -2.7089e-14 -2.1872e-14
   38   0.6850   0.0000   0.0000 -2.7999e-04  0.0000e+00  2.9532e-13 -3.2578e-14
   39   0.6900   0.0000   0.0000 -2.8062e-04  0.0000e+00 -4.7518e-14 -2.7960e-14
   40   0.6950   0.0000   0.0000 -2.8126e-04  0.0000e+00  4.6008e-13 -2.4870e-14
   41   0.7000   0.0000   0.0000 -2.8190e-04  0.0000e+00  3.5971e-13 -2.7181e-14
   42   0.7050   0.0000   0.0000 -2.8256e-04  0.0000e+00  1.4255e-13 -3.1712e-14
   43   0.7100   0.0000   0.0000 -2.8323e-04  0.0000e+00 -7.1188e-13 -3.7010e-14
   44   0.7150   0.0000   0.0000 -2.8391e-04  0.0000e+00  3.2196e-13 -3.2081e-14
   45   0.7200   0.0000   0.0000 -2.8459e-04  0.0000e+00  4.0989e-13 -2.9982e-14
   46   0.7250   0.0000   0.0000 -2.8529e-04  0.0000e+00 -8.5265e-14 -3.6129e-14
   47   0.7300   0.0000   0.0000 -2.8599e-04  0.0000e+00  2.6246e-13 -2.8971e-14
   48   0.7350   0.0000   0.0000 -2.8670e-04  0.0000e+00 -1.1458e-13 -2.3539e-14
   49   0.7400   0.0000   0.0000 -2.8742e-04  0.0000e+00  8.4377e-14 -2.2022e-14
   50   0.7450   0.0000   0.0000 -2.8815e-04  0.0000e+00  4.0679e-13 -3.6380e-14
   51   0.7500   0.0000   0.0000 -2.8889e-04  0.0000e+00 -7.1321e-13 -3.8727e-14
   52   0.7550   0.0000   0.0000 -2.8963e-04  0.0000e+00  5.8620e-14 -3.5644e-14
   53   0.7600   0.0000   0.0000 -2.9039e-04  0.0000e+00 -1.0791e-13 -5.9457e-14
   54   0.7650   0.0000   0.0000 -2.9115e-04  0.0000e+00  4.1833e-13 -6.3938e-14
   55   0.7700   0.0000   0.0000 -2.9191e-04  0.0000e+00 -1.4211e-14 -5.9064e-14
   56   0.7750   0.0000   0.0000 -2.9269e-04  0.0000e+00 -5.5778e-13 -4.1137e-14
   57   0.7800   0.0000   0.0000 -2.9347e-04  0.0000e+00  2.3270e-13 -4.1728e-14
   58   0.7850   0.0000   0.0000 -2.9426e-04  0.0000e+00  1.1102e-13 -4.9192e-14
   59   0.7900   0.0000   0.0000 -2.9505e-04  0.0000e+00 -3.0198e-14 -5.1857e-14
   60   0.7950   0.0000   0.0000 -2.9586e-04  0.0000e+00 -5.6666e-13 -4.6212e-14
   61   0.8000   0.0000   0.0000 -2.9667e-04  0.0000e+00 -2.1316e-13 -3.4690e-14
   62   0.8050   0.0000   0.0000 -2.9748e-04  0.0000e+00  3.8725e-13 -2.7567e-14
   63   0.8100   0.0000   0.0000 -2.9830e-04  0.0000e+00 -7.4607e-14 -1.8674e-14
   64   0.8150   0.0000   0.0000 -2.9913e-04  0.0000e+00  1.5099e-13 -9.3094e-15
   65   0.8200   0.0000   0.0000 -2.9997e-04  0.0000e+00 -6.7857e-13  1.2947e-14
   66   0.8250   0.0000   0.0000 -3.0081e-04  0.0000e+00  3.9080e-14  2.3403e-14
   67   0.8300   0.0000   0.0000 -3.0165e-04  0.0000e+00 -2.4691e-13  2.1984e-14
   68   0.8350   0.0000   0.0000 -3.0251e-04  0.0000e+00 -1.1546e-13  4.1443e-14
   69   0.8400   0.0000   0.0000 -3.0337e-04  0.0000e+00  1.8030e-13  3.2704e-14
   70   0.8450   0.0000   0.0000 -3.0423e-04  0.0000e+00  8.0203e-13  3.1926e-14
   71   0.8500   0.0000   0.0000 -3.0510e-04  0.0000e+00  1.8474e-13  2.9516e-14
   72   0.8550   0.0000   0.0000 -3.0597e-04  0.0000e+00  5.7199e-13  3.0532e-14
   73   0.8600   0.0000   0.0000 -3.0685e-04  0.0000e+00 -6.3061e-14  3.9475e-14
   74   0.8650   0.0000   0.0000 -3.0774e-04  0.0000e+00 -2.7267e-13  3.1528e-14
   75   0.8700   0.0000   0.0000 -3.0863e-04  0.0000e+00 -1.7852e-13  2.3984e-14
   76   0.8750   0.0000   0.0000 -3.0952e-04  0.0000e+00 -1.4388e-13  1.9544e-14
   77   0.8800   0.0000   0.0000 -3.1042e-04  0.0000e+00 -5.5422e-13  1.6629e-14
   78   0.8850   0.0000   0.0000 -3.1133e-04  0.0000e+00 -2.0517e-13  2.4561e-14
   79   0.8900   0.0000   0.0000 -3.1224e-04  0.0000e+00  7.1143e-13  1.7000e-14
   80   0.8950   0.0000   0.0000 -3.1315e-04  0.0000e+00 -3.1086e-14  1.4480e-14
   81   0.9000   0.0000   0.0000 -3.1407e-04  0.0000e+00  8.0025e-13  5.7372e-15
   82   0.9050   0.0000   0.0000 -3.1500e-04  0.0000e+00  2.0783e-13  3.2234e-15
   83   0.9100   0.0000   0.0000 -3.1593e-04  0.0000e+00 -5.3824e-13 -1.8223e-14
   84   0.9150   0.0000   0.0000 -3.1686e-04  0.0000e+00 -4.3165e-13 -2.6464e-14
   85   0.9200   0.0000   0.0000 -3.1780e-04  0.0000e+00  2.6201e-13 -4.7377e-14
   86   0.9250   0.0000   0.0000 -3.1874e-04  0.0000e+00 -3.7481e-13 -4.0164e-14
   87   0.9300   0.0000   0.0000 -3.1968e-04  0.0000e+00 -1.3323e-13 -2.7727e-14
   88   0.9350   0.0000   0.0000 -3.2063e-04  0.0000e+00 -8.7841e-13 -1.0357e-14
   89   0.9400   0.0000   0.0000 -3.2159e-04  0.0000e+00  2.8599e-13  3.0107e-15
   90   0.9450   0.0000   0.0000 -3.2255e-04  0.0000e+00 -2.9132e-13 -9.4501e-15
   91   0.9500   0.0000   0.0000 -3.2351e-04  0.0000e+00 -5.7021e-13 -1.3357e-14
   92   0.9550   0.0000   0.0000 -3.2447e-04  0.0000e+00  1.4744e-13 -1.1441e-14
   93   0.9600   0.0000   0.0000 -3.2544e-04  0.0000e+00 -5.0626e-14 -3.7169e-14
   94   0.9650   0.0000   0.0000 -3.2642e-04  0.0000e+00 -4.2011e-13 -2.9843e-14
   95   0.9700   0.0000   0.0000 -3.2740e-04  0.0000e+00  2.0250e-13 -4.4294e-14
   96   0.9750   0.0000   0.0000 -3.2838e-04  0.0000e+00  7.1854e-13 -2.6985e-14
   97   0.9800   0.0000   0.0000 -3.2936e-04  0.0000e+00 -5.3735e-13 -1.9163e-14
   98   0.9850   0.0000   0.0000 -3.3035e-04  0.0000e+00 -2.6645e-14 -3.1469e-14
   99   0.9900   0.0000   0.0000 -3.3134e-04  0.0000e+00  6.2172e-14  3.6344e-15
  100   0.9950   0.0000   0.0000 -3.3234e-04  0.0000e+00 -1.1573e-12  3.9252e-14
  101   1.0000   0.0000   0.0000 -3.3333e-04  0.0000e+00 -8.3489e-14  3.2730e-13
  102   0.5000   0.1000   0.0000 -2.6667e-04 -1.9536e-19 -1.3997e-13 -2.4952e-15
  103   0.5050   0.1000   0.0000 -2.6668e-04 -1.3802e-19 -5.5228e-13  1.6183e-15
  104   0.5100   0.1000   0.0000 -2.6672e-04 -8.0215e-20  9.8144e-14  5.2875e-15
  105   0.5150   0.1000   0.0000 -2.6678e-04 -3.1315e-20 -1.1952e-13  2.7978e-16
  106   0.5200   0.1000   0.0000 -2.6687e-04  7.6649e-21 -4.2744e-15  2.0222e-15
  107   0.5250   0.1000   0.0000 -2.6698e-04  2.5556e-20  3.3695e-13  4.6370e-15
  108   0.5300   0.1000   0.0000 -2.6712e-04  2.6577e-20  2.5868e-14  1.0201e-15
  109   0.5350   0.1000   0.0000 -2.6728e-04  1.8883e-20  5.6621e-14  2.7844e-15
  110   0.5400   0.1000   0.0000 -2.6746e-04  0.0000e+00 -3.0309e-14  1.1813e-14
  111   0.5450   0.1000   0.0000 -2.6766e-04 -3.8124e-20 -2.1028e-13 -4.3823e-15
  112   0.5500   0.1000   0.0000 -2.6788e-04 -8.0876e-20  6.3394e-14  7.9922e-16
  113   0.5550   0.1000   0.0000 -2.6812e-04 -1.2956e-19 -7.0832e-14  4.2359e-15
  114   0.5600   0.1000   0.0000 -2.6838e-04 -1.9192e-19  1.3345e-13 -5.6929e-16
  115   0.5650   0.1000   0.0000 -2.6866e-04 -2.6303e-19  4.2188e-15 -4.0171e-15
  116   0.5700   0.1000   0.0000 -2.6896e-04 -3.2332e-19 -2.1139e-13  2.9703e-15
  117   0.5750   0.1000   0.0000 -2.6927e-04 -3.7925e-19  6.8301e-13 -4.2452e-15
  118   0.5800   0.1000   0.0000 -2.6961e-04 -4.2783e-19  6.5503e-14 -7.7024e-16
  119   0.5850   0.1000   0.0000 -2.6996e-04 -4.6698e-19 -3.9280e-13  4.8750e-15
  120   0.5900   0.1000   0.0000 -2.7033e-04 -5.0677e-19 -2.4714e-13 -1.5039e-15
  121   0.5950   0.1000   0.0000 -2.7071e-04 -5.5213e-19 -1.1324e-13  3.2010e-15
  122   0.6000   0.1000   0.0000 -2.7111e-04 -6.2199e-19 -1.4477e-13  2.3598e-15
  123   0.6050   0.1000   0.0000 -2.7153e-04 -7.1738e-19 -1.0503e-13 -3.5037e-15
  124   0.6100   0.1000   0.0000 -2.7196e-04 -8.2675e-19  4.9782e-13  4.4864e-16
  125   0.6150   0.1000   0.0000 -2.7240e-04 -9.3340e-19  3.4928e-13  1.3425e-15
  126   0.6200   0.1000   0.0000 -2.7286e-04 -1.0143e-18  6.7857e-13  5.3110e-15
  127   0.6250   0.1000   0.0000 -2.7333e-04 -1.0548e-18  2.9310e-14  3.2799e-15
  128   0.6300   0.1000   0.0000 -2.7382e-04 -1.0391e-18  6.6613e-15 -5.2099e-15
  129   0.6350   0.1000   0.0000 -2.7432e-04 -9.5474e-19 -1.0205e-12 -4.3565e-15
  130   0.6400   0.1000   0.0000 -2.7483e-04 -8.2963e-19  5.2403e-14  6.7297e-16
  131   0.6450   0.1000   0.0000 -2.7536e-04 -7.0662e-19  2.2293e-13 -8.4977e-15
  132   0.6500   0.1000   0.0000 -2.7590e-04 -5.8421e-19  1.7719e-13 -2.2376e-15
  133   0.6550   0.1000   0.0000 -2.7645e-04 -4.6129e-19 -9.5479e-14 -3.6767e-15
  134   0.6600   0.1000   0.0000 -2.7701e-04 -3.3052e-19 -3.1442e-13 -6.1360e-16
  135   0.6650   0.1000   0.0000 -2.7758e-04 -1.9544e-19 -8.7486e-14 -1.1327e-14
  136   0.6700   0.1000   0.0000 -2.7817e-04 -4.8778e-20 -5.2447e-13 -4.2035e-15
  137   0.6750   0.1000   0.0000 -2.7877e-04  9.7323e-20 -4.0412e-14  4.3450e-15
  138   0.6800   0.1000   0.0000 -2.7937e-04  2.2381e-19  7.9048e-14  1.9345e-15
  139   0.6850   0.1000   0.0000 -2.7999e-04  3.2923e-19 -2.7534e-14 -7.5796e-15
  140   0.6900   0.1000   0.0000 -2.8062e-04  4.2060e-19  1.5410e-13  7.8971e-15
  141   0.6950   0.1000   0.0000 -2.8126e-04  4.8297e-19  5.7998e-13  4.6767e-15
  142   0.7000   0.1000   0.0000 -2.8190e-04  5.3413e-19  3.0642e-13 -2.3024e-16
  143   0.7050   0.1000   0.0000 -2.8256e-04  5.8208e-19 -2.6379e-13  1.4769e-15
  144   0.7100   0.1000   0.0000 -2.8323e-04  6.1865e-19 -5.7998e-13 -7.3464e-16
  145   0.7150   0.1000   0.0000 -2.8391e-04  6.4322e-19  3.6637e-13  1.3828e-15
  146   0.7200   0.1000   0.0000 -2.8459e-04  6.6052e-19  3.7037e-13  5.0896e-15
  147   0.7250   0.1000   0.0000 -2.8529e-04  6.7267e-19 -1.2212e-13 -4.6158e-15
  148   0.7300   0.1000   0.0000 -2.8599e-04  6.8263e-19  5.9863e-13 -4.6272e-15
  149   0.7350   0.1000   0.0000 -2.8670e-04  7.0170e-19 -2.3626e-13 -7.5318e-16
  150   0.7400   0.1000   0.0000 -2.8742e-04  7.3323e-19  5.5955e-14  7.7130e-15
  151   0.7450   0.1000   0.0000 -2.8815e-04  7.7115e-19 -2.7756e-13  3.8915e-15
  152   0.7500   0.1000   0.0000 -2.8889e-04  8.0249e-19  2.0428e-14 -7.9247e-16
  153   0.7550   0.1000   0.0000 -2.8963e-04  8.3441e-19 -7.2253e-13  9.8879e-15
  154   0.7600   0.1000   0.0000 -2.9039e-04  8.5761e-19 -2.8422e-14 -1.0290e-14
  155   0.7650   0.1000   0.0000 -2.9115e-04  8.7026e-19 -1.7186e-13  2.5664e-15
  156   0.7700   0.1000   0.0000 -2.9191e-04  8.5277e-19  7.5717e-13 -2.5267e-15
  157   0.7750   0.1000   0.0000 -2.9269e-04  8.1632e-19 -4.5786e-13  5.4491e-15
  158   0.7800   0.1000   0.0000 -2.9347e-04  7.7163e-19  1.4166e-13  2.5546e-15
  159   0.7850   0.1000   0.0000 -2.9426e-04  7.1832e-19 -1.7630e-13 -2.2473e-15
  160   0.7900   0.1000   0.0000 -2.9505e-04  6.5028e-19  8.3489e-14 -4.5726e-15
  161   0.7950   0.1000   0.0000 -2.9586e-04  5.6440e-19 -5.4889e-13 -3.6883e-15
  162   0.8000   0.1000   0.0000 -2.9667e-04  4.6268e-19  1.1635e-13 -1.5992e-15
  163   0.8050   0.1000   0.0000 -2.9748e-04  3.4977e-19  4.1389e-13 -4.8607e-15
  164   0.8100   0.1000   0.0000 -2.9830e-04  2.3156e-19 -4.3521e-14  2.0413e-15
  165   0.8150   0.1000   0.0000 -2.9913e-04  1.0444e-19  4.9472e-13  2.6616e-16
  166   0.8200   0.1000   0.0000 -2.9997e-04 -2.5950e-20  8.4377e-14 -3.1870e-15
  167   0.8250   0.1000   0.0000 -3.0081e-04 -1.3817e-19 -3.4106e-13  3.8606e-15
  168   0.8300   0.1000   0.0000 -3.0165e-04 -2.3623e-19  1.0125e-13 -8.4951e-15
  169   0.8350   0.1000   0.0000 -3.0251e-04 -3.1360e-19  2.2204e-14  4.9388e-15
  170   0.8400   0.1000   0.0000 -3.0337e-04 -3.6647e-19 -1.0925e-13 -4.6307e-15
  171   0.8450   0.1000   0.0000 -3.0423e-04 -3.9747e-19  6.1195e-13  1.2034e-16
  172   0.8500   0.1000   0.0000 -3.0510e-04 -4.1608e-19  5.2847e-13  7.6619e-16
  173   0.8550   0.1000   0.0000 -3.0597e-04 -4.2910e-19  4.8495e-13 -5.4030e-16
  174   0.8600   0.1000   0.0000 -3.0685e-04 -4.3301e-19  1.6787e-13  8.0571e-16
  175   0.8650   0.1000   0.0000 -3.0774e-04 -4.2172e-19 -3.7215e-13 -7.6356e-15
  176   0.8700   0.1000   0.0000 -3.0863e-04 -3.8960e-19 -7.1942e-13 -4.1400e-15
  177   0.8750   0.1000   0.0000 -3.0952e-04 -3.4916e-19 -2.4869e-13  3.0116e-15
  178   0.8800   0.1000   0.0000 -3.1042e-04 -3.1376e-19 -1.0747e-13 -1.9618e-15
  179   0.8850   0.1000   0.0000 -3.1133e-04 -2.7721e-19 -9.1482e-14 -6.3170e-15
  180   0.8900   0.1000   0.0000 -3.1224e-04 -2.2501e-19  3.7748e-13 -6.7733e-15
  181   0.8950   0.1000   0.0000 -3.1315e-04 -1.5911e-19  8.1712e-14 -2.2753e-15
  182   0.9000   0.1000   0.0000 -3.1407e-04 -8.6133e-20  5.7199e-13 -7.1062e-15
  183   0.9050   0.1000   0.0000 -3.1500e-04 -5.0386e-21  9.0594e-14 -4.0411e-15
  184   0.9100   0.1000   0.0000 -3.1593e-04  8.0175e-20 -1.0001e-12 -2.6775e-15
  185   0.9150   0.1000   0.0000 -3.1686e-04  1.5807e-19 -6.6525e-13  7.0081e-15
  186   0.9200   0.1000   0.0000 -3.1780e-04  2.0802e-19  1.4566e-13 -1.0465e-14
  187   0.9250   0.1000   0.0000 -3.1874e-04  2.3072e-19  9.8588e-14 -4.6599e-15
  188   0.9300   0.1000   0.0000 -3.1968e-04  2.3127e-19 -6.2172e-15 -6.5993e-15
  189   0.9350   0.1000   0.0000 -3.2063e-04  2.2109e-19 -5.1159e-13  1.1483e-14
  190   0.9400   0.1000   0.0000 -3.2159e-04  2.0375e-19  5.3912e-13  1.1807e-14
  191   0.9450   0.1000   0.0000 -3.2255e-04  1.8980e-19 -8.7219e-13  3.3117e-15
  192   0.9500   0.1000   0.0000 -3.2351e-04  1.7440e-19 -7.7272e-14  4.4884e-15
  193   0.9550   0.1000   0.0000 -3.2447e-04  1.5250e-19 -5.5866e-13  5.9957e-15
  194   0.9600   0.1000   0.0000 -3.2544e-04  1.2236e-19 -3.4639e-14 -1.1460e-14
  195   0.9650   0.1000   0.0000 -3.2642e-04  7.4968e-20 -5.2314e-13 -3.4526e-15
  196   0.9700   0.1000   0.0000 -3.2740e-04  5.0929e-21 -2.0428e-14 -1.6149e-14
  197   0.9750   0.1000   0.0000 -3.2838e-04 -9.2031e-20  6.2172e-13  1.8257e-14
  198   0.9800   0.1000   0.0000 -3.2936e-04 -2.3886e-19 -5.1070e-13  1.7534e-14
  199   0.9850   0.1000   0.0000 -3.3035e-04 -4.3827e-19  3.7570e-13 -2.2363e-14
  200   0.9900   0.1000   0.0000 -3.3134e-04 -6.6636e-19  4.7073e-13 -9.3022e-15
  201   0.9950   0.1000   0.0000 -3.3234e-04 -9.2196e-19 -7.4785e-13  8.6002e-15
  202   1.0000   0.1000   0.0000 -3.3333e-04 -1.2043e-18 -6.7502e-14 -2.4076e-15
