Time   1.0000
El      1    CAX4                                     EL1                                   MATEL             ELASTIC      1      2    103    102
   0.5039   0.0789  -2.6446e-06  -1.5014e-18  -5.2918e-04   1.2378e-18  -2.6446e-01  -1.5014e-13  -5.2918e+01   6.1892e-14
   0.5039   0.0211  -2.6446e-06  -1.5014e-18  -5.2918e-04  -5.3829e-18  -2.6446e-01  -1.5014e-13  -5.2918e+01  -2.6914e-13
   0.5011   0.0789  -2.6446e-06  -1.8325e-18  -5.3221e-04   1.8884e-18  -2.6446e-01  -1.8325e-13  -5.3221e+01   9.4418e-14
   0.5011   0.0211  -2.6446e-06  -1.8325e-18  -5.3221e-04  -4.9492e-18  -2.6446e-01  -1.8325e-13  -5.3221e+01  -2.4746e-13
El      2    CAX4                                     EL1                                   MATEL             ELASTIC      2      3    104    103
   0.5089   0.0789  -7.8215e-06  -9.2432e-19  -5.2405e-04   8.7861e-19  -7.8215e-01  -9.2432e-14  -5.2405e+01   4.3930e-14
   0.5089   0.0211  -7.8215e-06  -9.2432e-19  -5.2405e-04  -5.5798e-18  -7.8215e-01  -9.2432e-14  -5.2405e+01  -2.7899e-13
   0.5061   0.0789  -7.8215e-06  -1.2581e-18  -5.2699e-04   1.3123e-18  -7.8215e-01  -1.2581e-13  -5.2699e+01   6.5614e-14
   0.5061   0.0211  -7.8215e-06  -1.2581e-18  -5.2699e-04  -5.7966e-18  -7.8215e-01  -1.2581e-13  -5.2699e+01  -2.8983e-13
El      3    CAX4                                     EL1                                   MATEL             ELASTIC      3      4    105    104
   0.5139   0.0789  -1.2848e-05  -4.1649e-19  -5.1906e-04   1.2393e-19  -1.2848e+00  -4.1649e-14  -5.1906e+01   6.1964e-15
   0.5139   0.0211  -1.2848e-05  -4.1649e-19  -5.1906e-04  -5.3058e-18  -1.2848e+00  -4.1649e-14  -5.1906e+01  -2.6529e-13
   0.5111   0.0789  -1.2848e-05  -6.9881e-19  -5.2192e-04  -9.2912e-20  -1.2848e+00  -6.9881e-14  -5.2192e+01  -4.6456e-15
   0.5111   0.0211  -1.2848e-05  -6.9881e-19  -5.2192e-04  -5.7395e-18  -1.2848e+00  -6.9881e-14  -5.2192e+01  -2.8697e-13
El      4    CAX4                                     EL1                                   MATEL             ELASTIC      4      5    106    105
   0.5189   0.0789  -1.7729e-05  -5.7244e-21  -5.1422e-04   5.1061e-19  -1.7729e+00  -5.7244e-16  -5.1422e+01   2.5531e-14
   0.5189   0.0211  -1.7729e-05  -5.7244e-21  -5.1422e-04  -4.2072e-18  -1.7729e+00  -5.7244e-16  -5.1422e+01  -2.1036e-13
   0.5161   0.0789  -1.7729e-05  -2.3077e-19  -5.1700e-04  -1.0073e-18  -1.7729e+00  -2.3077e-14  -5.1700e+01  -5.0364e-14
   0.5161   0.0211  -1.7729e-05  -2.3077e-19  -5.1700e-04  -5.7251e-18  -1.7729e+00  -2.3077e-14  -5.1700e+01  -2.8625e-13
El      5    CAX4                                     EL1                                   MATEL             ELASTIC      5      6    107    106
   0.5239   0.0789  -2.2470e-05   2.1775e-19  -5.0952e-04  -2.1377e-19  -2.2470e+00   2.1775e-14  -5.0952e+01  -1.0689e-14
   0.5239   0.0211  -2.2470e-05   2.1775e-19  -5.0952e-04  -1.8459e-18  -2.2470e+00   2.1775e-14  -5.0952e+01  -9.2297e-14
   0.5211   0.0789  -2.2470e-05   1.1446e-19  -5.1222e-04  -1.9485e-18  -2.2470e+00   1.1446e-14  -5.1222e+01  -9.7425e-14
   0.5211   0.0211  -2.2470e-05   1.1446e-19  -5.1222e-04  -4.0143e-18  -2.2470e+00   1.1446e-14  -5.1222e+01  -2.0072e-13
El      6    CAX4                                     EL1                                   MATEL             ELASTIC      6      7    108    107
   0.5289   0.0789  -2.7078e-05   2.6362e-19  -5.0495e-04  -2.0072e-18  -2.7078e+00   2.6362e-14  -5.0495e+01  -1.0036e-13
   0.5289   0.0211  -2.7078e-05   2.6362e-19  -5.0495e-04  -2.1252e-18  -2.7078e+00   2.6362e-14  -5.0495e+01  -1.0626e-13
   0.5261   0.0789  -2.7078e-05   2.5772e-19  -5.0757e-04  -1.7904e-18  -2.7078e+00   2.5772e-14  -5.0757e+01  -8.9519e-14
   0.5261   0.0211  -2.7078e-05   2.5772e-19  -5.0757e-04  -2.3421e-18  -2.7078e+00   2.5772e-14  -5.0757e+01  -1.1710e-13
El      7    CAX4                                     EL1                                   MATEL             ELASTIC      7      8    109    108
   0.5339   0.0789  -3.1556e-05   2.0509e-19  -5.0051e-04  -1.6473e-18  -3.1556e+00   2.0509e-14  -5.0051e+01  -8.2367e-14
   0.5339   0.0211  -3.1556e-05   2.0509e-19  -5.0051e-04  -9.7572e-19  -3.1556e+00   2.0509e-14  -5.0051e+01  -4.8786e-14
   0.5311   0.0789  -3.1556e-05   2.4951e-19  -5.0306e-04  -2.7316e-18  -3.1556e+00   2.4951e-14  -5.0306e+01  -1.3658e-13
   0.5311   0.0211  -3.1556e-05   2.4951e-19  -5.0306e-04  -1.8431e-18  -3.1556e+00   2.4951e-14  -5.0306e+01  -9.2154e-14
El      8    CAX4                                     EL1                                   MATEL             ELASTIC      8      9    110    109
   0.5389   0.0789  -3.5910e-05   3.9905e-20  -4.9619e-04  -2.5448e-18  -3.5910e+00   3.9905e-15  -4.9619e+01  -1.2724e-13
   0.5389   0.0211  -3.5910e-05   3.9905e-20  -4.9619e-04  -3.6441e-19  -3.5910e+00   3.9905e-15  -4.9619e+01  -1.8221e-14
   0.5361   0.0789  -3.5910e-05   1.4893e-19  -4.9867e-04  -2.9785e-18  -3.5910e+00   1.4893e-14  -4.9867e+01  -1.4893e-13
   0.5361   0.0211  -3.5910e-05   1.4893e-19  -4.9867e-04  -7.9809e-19  -3.5910e+00   1.4893e-14  -4.9867e+01  -3.9905e-14
El      9    CAX4                                     EL1                                   MATEL             ELASTIC      9     10    111    110
   0.5439   0.0789  -4.0144e-05  -3.0067e-19  -4.9199e-04  -3.8451e-18  -4.0144e+00  -3.0067e-14  -4.9199e+01  -1.9225e-13
   0.5439   0.0211  -4.0144e-05  -3.0067e-19  -4.9199e-04   3.4026e-19  -4.0144e+00  -3.0067e-14  -4.9199e+01   1.7013e-14
   0.5411   0.0789  -4.0144e-05  -8.0565e-20  -4.9440e-04  -5.3630e-18  -4.0144e+00  -8.0565e-15  -4.9440e+01  -2.6815e-13
   0.5411   0.0211  -4.0144e-05  -8.0565e-20  -4.9440e-04  -7.4394e-19  -4.0144e+00  -8.0565e-15  -4.9440e+01  -3.7197e-14
El     10    CAX4                                     EL1                                   MATEL             ELASTIC     10     11    112    111
   0.5489   0.0789  -4.4262e-05  -7.1841e-19  -4.8790e-04  -4.1414e-18  -4.4262e+00  -7.1841e-14  -4.8790e+01  -2.0707e-13
   0.5489   0.0211  -4.4262e-05  -7.1841e-19  -4.8790e-04   7.9518e-19  -4.4262e+00  -7.1841e-14  -4.8790e+01   3.9759e-14
   0.5461   0.0789  -4.4262e-05  -4.7158e-19  -4.9025e-04  -4.3582e-18  -4.4262e+00  -4.7158e-14  -4.9025e+01  -2.1791e-13
   0.5461   0.0211  -4.4262e-05  -4.7158e-19  -4.9025e-04   5.7834e-19  -4.4262e+00  -4.7158e-14  -4.9025e+01   2.8917e-14
El     11    CAX4                                     EL1                                   MATEL             ELASTIC     11     12    113    112
   0.5539   0.0789  -4.8270e-05  -1.1927e-18  -4.8393e-04  -4.6434e-18  -4.8270e+00  -1.1927e-13  -4.8393e+01  -2.3217e-13
   0.5539   0.0211  -4.8270e-05  -1.1927e-18  -4.8393e-04   1.1950e-18  -4.8270e+00  -1.1927e-13  -4.8393e+01   5.9748e-14
   0.5511   0.0789  -4.8270e-05  -9.1164e-19  -4.8621e-04  -4.6434e-18  -4.8270e+00  -9.1164e-14  -4.8621e+01  -2.3217e-13
   0.5511   0.0211  -4.8270e-05  -9.1164e-19  -4.8621e-04   9.7813e-19  -4.8270e+00  -9.1164e-14  -4.8621e+01   4.8906e-14
El     12    CAX4                                     EL1                                   MATEL             ELASTIC     12     13    114    113
   0.5589   0.0789  -5.2170e-05  -1.7874e-18  -4.8006e-04  -5.4994e-18  -5.2170e+00  -1.7874e-13  -4.8006e+01  -2.7497e-13
   0.5589   0.0211  -5.2170e-05  -1.7874e-18  -4.8006e-04   2.1349e-18  -5.2170e+00  -1.7874e-13  -4.8006e+01   1.0674e-13
   0.5561   0.0789  -5.2170e-05  -1.4274e-18  -4.8228e-04  -5.9331e-18  -5.2170e+00  -1.4274e-13  -4.8228e+01  -2.9665e-13
   0.5561   0.0211  -5.2170e-05  -1.4274e-18  -4.8228e-04   1.2675e-18  -5.2170e+00  -1.4274e-13  -4.8228e+01   6.3376e-14
El     13    CAX4                                     EL1                                   MATEL             ELASTIC     13     14    115    114
   0.5639   0.0789  -5.5966e-05  -2.4801e-18  -4.7629e-04  -6.0133e-18  -5.5966e+00  -2.4801e-13  -4.7629e+01  -3.0066e-13
   0.5639   0.0211  -5.5966e-05  -2.4801e-18  -4.7629e-04   1.7648e-18  -5.5966e+00  -2.4801e-13  -4.7629e+01   8.8239e-14
   0.5611   0.0789  -5.5966e-05  -2.0695e-18  -4.7845e-04  -6.2301e-18  -5.5966e+00  -2.0695e-13  -4.7845e+01  -3.1151e-13
   0.5611   0.0211  -5.5966e-05  -2.0695e-18  -4.7845e-04   1.9816e-18  -5.5966e+00  -2.0695e-13  -4.7845e+01   9.9081e-14
El     14    CAX4                                     EL1                                   MATEL             ELASTIC     14     15    116    115
   0.5689   0.0789  -5.9662e-05  -3.1058e-18  -4.7262e-04  -6.6907e-18  -5.9662e+00  -3.1058e-13  -4.7262e+01  -3.3454e-13
   0.5689   0.0211  -5.9662e-05  -3.1058e-18  -4.7262e-04   5.3983e-20  -5.9662e+00  -3.1058e-13  -4.7262e+01   2.6991e-15
   0.5661   0.0789  -5.9662e-05  -2.7578e-18  -4.7473e-04  -5.1728e-18  -5.9662e+00  -2.7578e-13  -4.7473e+01  -2.5864e-13
   0.5661   0.0211  -5.9662e-05  -2.7578e-18  -4.7473e-04   2.0055e-18  -5.9662e+00  -2.7578e-13  -4.7473e+01   1.0028e-13
El     15    CAX4                                     EL1                                   MATEL             ELASTIC     15     16    117    116
   0.5739   0.0789  -6.3262e-05  -3.6743e-18  -4.6905e-04  -6.6531e-18  -6.3262e+00  -3.6743e-13  -4.6905e+01  -3.3265e-13
   0.5739   0.0211  -6.3262e-05  -3.6743e-18  -4.6905e-04  -1.9531e-19  -6.3262e+00  -3.6743e-13  -4.6905e+01  -9.7654e-15
   0.5711   0.0789  -6.3262e-05  -3.3514e-18  -4.7110e-04  -6.8699e-18  -6.3262e+00  -3.3514e-13  -4.7110e+01  -3.4350e-13
   0.5711   0.0211  -6.3262e-05  -3.3514e-18  -4.7110e-04  -4.1215e-19  -6.3262e+00  -3.3514e-13  -4.7110e+01  -2.0607e-14
El     16    CAX4                                     EL1                                   MATEL             ELASTIC     16     17    118    117
   0.5789   0.0789  -6.6769e-05  -4.1756e-18  -4.6557e-04  -7.6625e-18  -6.6769e+00  -4.1756e-13  -4.6557e+01  -3.8313e-13
   0.5789   0.0211  -6.6769e-05  -4.1756e-18  -4.6557e-04  -2.0532e-18  -6.6769e+00  -4.1756e-13  -4.6557e+01  -1.0266e-13
   0.5761   0.0789  -6.6769e-05  -3.8952e-18  -4.6757e-04  -5.9278e-18  -6.6769e+00  -3.8952e-13  -4.6757e+01  -2.9639e-13
   0.5761   0.0211  -6.6769e-05  -3.8952e-18  -4.6757e-04  -5.3528e-19  -6.6769e+00  -3.8952e-13  -4.6757e+01  -2.6764e-14
El     17    CAX4                                     EL1                                   MATEL             ELASTIC     17     18    119    118
   0.5839   0.0789  -7.0186e-05  -4.5870e-18  -4.6218e-04  -7.6932e-18  -7.0186e+00  -4.5870e-13  -4.6218e+01  -3.8466e-13
   0.5839   0.0211  -7.0186e-05  -4.5870e-18  -4.6218e-04  -3.6062e-18  -7.0186e+00  -4.5870e-13  -4.6218e+01  -1.8031e-13
   0.5811   0.0789  -7.0186e-05  -4.3610e-18  -4.6412e-04  -6.8258e-18  -7.0186e+00  -4.3610e-13  -4.6412e+01  -3.4129e-13
   0.5811   0.0211  -7.0186e-05  -4.3610e-18  -4.6412e-04  -2.3052e-18  -7.0186e+00  -4.3610e-13  -4.6412e+01  -1.1526e-13
El     18    CAX4                                     EL1                                   MATEL             ELASTIC     18     19    120    119
   0.5889   0.0789  -7.3517e-05  -4.9836e-18  -4.5887e-04  -9.5298e-18  -7.3517e+00  -4.9836e-13  -4.5887e+01  -4.7649e-13
   0.5889   0.0211  -7.3517e-05  -4.9836e-18  -4.5887e-04  -4.5009e-18  -7.3517e+00  -4.9836e-13  -4.5887e+01  -2.2505e-13
   0.5861   0.0789  -7.3517e-05  -4.7539e-18  -4.6077e-04  -8.0119e-18  -7.3517e+00  -4.7539e-13  -4.6077e+01  -4.0060e-13
   0.5861   0.0211  -7.3517e-05  -4.7539e-18  -4.6077e-04  -3.4167e-18  -7.3517e+00  -4.7539e-13  -4.6077e+01  -1.7084e-13
El     19    CAX4                                     EL1                                   MATEL             ELASTIC     19     20    121    120
   0.5939   0.0789  -7.6763e-05  -5.4254e-18  -4.5565e-04  -9.3221e-18  -7.6763e+00  -5.4254e-13  -4.5565e+01  -4.6611e-13
   0.5939   0.0211  -7.6763e-05  -5.4254e-18  -4.5565e-04  -4.0852e-18  -7.6763e+00  -5.4254e-13  -4.5565e+01  -2.0426e-13
   0.5911   0.0789  -7.6763e-05  -5.1636e-18  -4.5750e-04  -9.9727e-18  -7.6763e+00  -5.1636e-13  -4.5750e+01  -4.9863e-13
   0.5911   0.0211  -7.6763e-05  -5.1636e-18  -4.5750e-04  -4.7358e-18  -7.6763e+00  -5.1636e-13  -4.5750e+01  -2.3679e-13
El     20    CAX4                                     EL1                                   MATEL             ELASTIC     20     21    122    121
   0.5989   0.0789  -7.9928e-05  -6.0722e-18  -4.5251e-04  -1.1019e-17  -7.9928e+00  -6.0722e-13  -4.5251e+01  -5.5095e-13
   0.5989   0.0211  -7.9928e-05  -6.0722e-18  -4.5251e-04  -2.5189e-18  -7.9928e+00  -6.0722e-13  -4.5251e+01  -1.2594e-13
   0.5961   0.0789  -7.9928e-05  -5.6689e-18  -4.5431e-04  -1.2320e-17  -7.9928e+00  -5.6689e-13  -4.5431e+01  -6.1601e-13
   0.5961   0.0211  -7.9928e-05  -5.6689e-18  -4.5431e-04  -4.2536e-18  -7.9928e+00  -5.6689e-13  -4.5431e+01  -2.1268e-13
El     21    CAX4                                     EL1                                   MATEL             ELASTIC     21     22    123    122
   0.6039   0.0789  -8.3014e-05  -6.9722e-18  -4.4944e-04  -1.3312e-17  -8.3014e+00  -6.9722e-13  -4.4944e+01  -6.6562e-13
   0.6039   0.0211  -8.3014e-05  -6.9722e-18  -4.4944e-04  -2.2972e-18  -8.3014e+00  -6.9722e-13  -4.4944e+01  -1.1486e-13
   0.6011   0.0789  -8.3014e-05  -6.4214e-18  -4.5120e-04  -1.3963e-17  -8.3014e+00  -6.4214e-13  -4.5120e+01  -6.9815e-13
   0.6011   0.0211  -8.3014e-05  -6.4214e-18  -4.5120e-04  -3.1645e-18  -8.3014e+00  -6.4214e-13  -4.5120e+01  -1.5823e-13
El     22    CAX4                                     EL1                                   MATEL             ELASTIC     22     23    124    123
   0.6089   0.0789  -8.6025e-05  -8.0364e-18  -4.4645e-04  -1.4866e-17  -8.6025e+00  -8.0364e-13  -4.4645e+01  -7.4330e-13
   0.6089   0.0211  -8.6025e-05  -8.0364e-18  -4.4645e-04  -2.2372e-18  -8.6025e+00  -8.0364e-13  -4.4645e+01  -1.1186e-13
   0.6061   0.0789  -8.6025e-05  -7.4049e-18  -4.4817e-04  -1.5083e-17  -8.6025e+00  -7.4049e-13  -4.4817e+01  -7.5414e-13
   0.6061   0.0211  -8.6025e-05  -7.4049e-18  -4.4817e-04  -2.4540e-18  -8.6025e+00  -7.4049e-13  -4.4817e+01  -1.2270e-13
El     23    CAX4                                     EL1                                   MATEL             ELASTIC     23     24    125    124
   0.6139   0.0789  -8.8962e-05  -9.1086e-18  -4.4354e-04  -1.7690e-17  -8.8962e+00  -9.1086e-13  -4.4354e+01  -8.8450e-13
   0.6139   0.0211  -8.8962e-05  -9.1086e-18  -4.4354e-04  -5.3750e-18  -8.8962e+00  -9.1086e-13  -4.4354e+01  -2.6875e-13
   0.6111   0.0789  -8.8962e-05  -8.4929e-18  -4.4521e-04  -1.5305e-17  -8.8962e+00  -8.4929e-13  -4.4521e+01  -7.6523e-13
   0.6111   0.0211  -8.8962e-05  -8.4929e-18  -4.4521e-04  -2.9897e-18  -8.8962e+00  -8.4929e-13  -4.4521e+01  -1.4949e-13
El     24    CAX4                                     EL1                                   MATEL             ELASTIC     24     25    126    125
   0.6189   0.0789  -9.1828e-05  -9.9718e-18  -4.4069e-04  -1.9695e-17  -9.1828e+00  -9.9718e-13  -4.4069e+01  -9.8474e-13
   0.6189   0.0211  -9.1828e-05  -9.9718e-18  -4.4069e-04  -1.0357e-17  -9.1828e+00  -9.9718e-13  -4.4069e+01  -5.1784e-13
   0.6161   0.0789  -9.1828e-05  -9.5049e-18  -4.4233e-04  -1.5792e-17  -9.1828e+00  -9.5049e-13  -4.4233e+01  -7.8958e-13
   0.6161   0.0211  -9.1828e-05  -9.5049e-18  -4.4233e-04  -6.4537e-18  -9.1828e+00  -9.5049e-13  -4.4233e+01  -3.2269e-13
El     25    CAX4                                     EL1                                   MATEL             ELASTIC     25     26    127    126
   0.6239   0.0789  -9.4626e-05  -1.0462e-17  -4.3791e-04  -2.1998e-17  -9.4626e+00  -1.0462e-12  -4.3791e+01  -1.0999e-12
   0.6239   0.0211  -9.4626e-05  -1.0462e-17  -4.3791e-04  -1.7324e-17  -9.4626e+00  -1.0462e-12  -4.3791e+01  -8.6618e-13
   0.6211   0.0789  -9.4626e-05  -1.0228e-17  -4.3951e-04  -1.6360e-17  -9.4626e+00  -1.0228e-12  -4.3951e+01  -8.1802e-13
   0.6211   0.0211  -9.4626e-05  -1.0228e-17  -4.3951e-04  -1.1686e-17  -9.4626e+00  -1.0228e-12  -4.3951e+01  -5.8429e-13
El     26    CAX4                                     EL1                                   MATEL             ELASTIC     26     27    128    127
   0.6289   0.0789  -9.7357e-05  -1.0424e-17  -4.3520e-04  -2.3115e-17  -9.7357e+00  -1.0424e-12  -4.3520e+01  -1.1557e-12
   0.6289   0.0211  -9.7357e-05  -1.0424e-17  -4.3520e-04  -2.4925e-17  -9.7357e+00  -1.0424e-12  -4.3520e+01  -1.2462e-12
   0.6261   0.0789  -9.7357e-05  -1.0514e-17  -4.3676e-04  -1.7043e-17  -9.7357e+00  -1.0514e-12  -4.3676e+01  -8.5215e-13
   0.6261   0.0211  -9.7357e-05  -1.0514e-17  -4.3676e-04  -1.8853e-17  -9.7357e+00  -1.0514e-12  -4.3676e+01  -9.4266e-13
El     27    CAX4                                     EL1                                   MATEL             ELASTIC     27     28    129    128
   0.6339   0.0789  -1.0002e-04  -9.7256e-18  -4.3255e-04  -2.2692e-17  -1.0002e+01  -9.7256e-13  -4.3255e+01  -1.1346e-12
   0.6339   0.0211  -1.0002e-04  -9.7256e-18  -4.3255e-04  -3.2431e-17  -1.0002e+01  -9.7256e-13  -4.3255e+01  -1.6215e-12
   0.6311   0.0789  -1.0002e-04  -1.0213e-17  -4.3407e-04  -1.6837e-17  -1.0002e+01  -1.0213e-12  -4.3407e+01  -8.4185e-13
   0.6311   0.0211  -1.0002e-04  -1.0213e-17  -4.3407e-04  -2.6576e-17  -1.0002e+01  -1.0213e-12  -4.3407e+01  -1.3288e-12
El     28    CAX4                                     EL1                                   MATEL             ELASTIC     28     29    130    129
   0.6389   0.0789  -1.0263e-04  -8.5607e-18  -4.2997e-04  -2.0815e-17  -1.0263e+01  -8.5607e-13  -4.2997e+01  -1.0408e-12
   0.6389   0.0211  -1.0263e-04  -8.5607e-18  -4.2997e-04  -3.5262e-17  -1.0263e+01  -8.5607e-13  -4.2997e+01  -1.7631e-12
   0.6361   0.0789  -1.0263e-04  -9.2830e-18  -4.3145e-04  -1.9298e-17  -1.0263e+01  -9.2830e-13  -4.3145e+01  -9.6488e-13
   0.6361   0.0211  -1.0263e-04  -9.2830e-18  -4.3145e-04  -3.3744e-17  -1.0263e+01  -9.2830e-13  -4.3145e+01  -1.6872e-12
El     29    CAX4                                     EL1                                   MATEL             ELASTIC     29     30    131    130
   0.6439   0.0789  -1.0517e-04  -7.3262e-18  -4.2744e-04  -2.1581e-17  -1.0517e+01  -7.3262e-13  -4.2744e+01  -1.0790e-12
   0.6439   0.0211  -1.0517e-04  -7.3262e-18  -4.2744e-04  -3.6218e-17  -1.0517e+01  -7.3262e-13  -4.2744e+01  -1.8109e-12
   0.6411   0.0789  -1.0517e-04  -8.0363e-18  -4.2889e-04  -2.1581e-17  -1.0517e+01  -8.0363e-13  -4.2889e+01  -1.0790e-12
   0.6411   0.0211  -1.0517e-04  -8.0363e-18  -4.2889e-04  -3.6001e-17  -1.0517e+01  -8.0363e-13  -4.2889e+01  -1.8000e-12
El     30    CAX4                                     EL1                                   MATEL             ELASTIC     30     31    132    131
   0.6489   0.0789  -1.0765e-04  -6.1008e-18  -4.2497e-04  -2.2324e-17  -1.0765e+01  -6.1008e-13  -4.2497e+01  -1.1162e-12
   0.6489   0.0211  -1.0765e-04  -6.1008e-18  -4.2497e-04  -3.6676e-17  -1.0765e+01  -6.1008e-13  -4.2497e+01  -1.8338e-12
   0.6461   0.0789  -1.0765e-04  -6.8076e-18  -4.2639e-04  -2.1674e-17  -1.0765e+01  -6.8076e-13  -4.2639e+01  -1.0837e-12
   0.6461   0.0211  -1.0765e-04  -6.8076e-18  -4.2639e-04  -3.6026e-17  -1.0765e+01  -6.8076e-13  -4.2639e+01  -1.8013e-12
El     31    CAX4                                     EL1                                   MATEL             ELASTIC     31     32    133    132
   0.6539   0.0789  -1.1008e-04  -4.8726e-18  -4.2256e-04  -2.3111e-17  -1.1008e+01  -4.8726e-13  -4.2256e+01  -1.1556e-12
   0.6539   0.0211  -1.1008e-04  -4.8726e-18  -4.2256e-04  -3.7305e-17  -1.1008e+01  -4.8726e-13  -4.2256e+01  -1.8653e-12
   0.6511   0.0789  -1.1008e-04  -5.5823e-18  -4.2395e-04  -2.2461e-17  -1.1008e+01  -5.5823e-13  -4.2395e+01  -1.1230e-12
   0.6511   0.0211  -1.1008e-04  -5.5823e-18  -4.2395e-04  -3.6655e-17  -1.1008e+01  -5.5823e-13  -4.2395e+01  -1.8327e-12
El     32    CAX4                                     EL1                                   MATEL             ELASTIC     32     33    134    133
   0.6589   0.0789  -1.1245e-04  -3.5815e-18  -4.2020e-04  -2.3392e-17  -1.1245e+01  -3.5815e-13  -4.2020e+01  -1.1696e-12
   0.6589   0.0211  -1.1245e-04  -3.5815e-18  -4.2020e-04  -3.8492e-17  -1.1245e+01  -3.5815e-13  -4.2020e+01  -1.9246e-12
   0.6561   0.0789  -1.1245e-04  -4.3365e-18  -4.2156e-04  -2.2525e-17  -1.1245e+01  -4.3365e-13  -4.2156e+01  -1.1262e-12
   0.6561   0.0211  -1.1245e-04  -4.3365e-18  -4.2156e-04  -3.7624e-17  -1.1245e+01  -4.3365e-13  -4.2156e+01  -1.8812e-12
El     33    CAX4                                     EL1                                   MATEL             ELASTIC     33     34    135    134
   0.6639   0.0789  -1.1477e-04  -2.2399e-18  -4.1790e-04  -2.3363e-17  -1.1477e+01  -2.2399e-13  -4.1790e+01  -1.1681e-12
   0.6639   0.0211  -1.1477e-04  -2.2399e-18  -4.1790e-04  -3.8960e-17  -1.1477e+01  -2.2399e-13  -4.1790e+01  -1.9480e-12
   0.6611   0.0789  -1.1477e-04  -3.0197e-18  -4.1922e-04  -2.3146e-17  -1.1477e+01  -3.0197e-13  -4.1922e+01  -1.1573e-12
   0.6611   0.0211  -1.1477e-04  -3.0197e-18  -4.1922e-04  -3.8743e-17  -1.1477e+01  -3.0197e-13  -4.1922e+01  -1.9372e-12
El     34    CAX4                                     EL1                                   MATEL             ELASTIC     34     35    136    135
   0.6689   0.0789  -1.1704e-04  -7.9772e-19  -4.1565e-04  -2.2402e-17  -1.1704e+01  -7.9772e-14  -4.1565e+01  -1.1201e-12
   0.6689   0.0211  -1.1704e-04  -7.9772e-19  -4.1565e-04  -3.9338e-17  -1.1704e+01  -7.9772e-14  -4.1565e+01  -1.9669e-12
   0.6661   0.0789  -1.1704e-04  -1.6445e-18  -4.1694e-04  -2.1752e-17  -1.1704e+01  -1.6445e-13  -4.1694e+01  -1.0876e-12
   0.6661   0.0211  -1.1704e-04  -1.6445e-18  -4.1694e-04  -3.8687e-17  -1.1704e+01  -1.6445e-13  -4.1694e+01  -1.9344e-12
El     35    CAX4                                     EL1                                   MATEL             ELASTIC     35     36    137    136
   0.6739   0.0789  -1.1926e-04   6.6448e-19  -4.1345e-04  -2.1190e-17  -1.1926e+01   6.6448e-14  -4.1345e+01  -1.0595e-12
   0.6739   0.0211  -1.1926e-04   6.6448e-19  -4.1345e-04  -3.7844e-17  -1.1926e+01   6.6448e-14  -4.1345e+01  -1.8922e-12
   0.6711   0.0789  -1.1926e-04  -1.7903e-19  -4.1471e-04  -2.2058e-17  -1.1926e+01  -1.7903e-14  -4.1471e+01  -1.1029e-12
   0.6711   0.0211  -1.1926e-04  -1.7903e-19  -4.1471e-04  -3.8928e-17  -1.1926e+01  -1.7903e-14  -4.1471e+01  -1.9464e-12
El     36    CAX4                                     EL1                                   MATEL             ELASTIC     36     37    138    137
   0.6789   0.0789  -1.2143e-04   1.9708e-18  -4.1129e-04  -2.0815e-17  -1.2143e+01   1.9708e-13  -4.1129e+01  -1.0408e-12
   0.6789   0.0211  -1.2143e-04   1.9708e-18  -4.1129e-04  -3.5420e-17  -1.2143e+01   1.9708e-13  -4.1129e+01  -1.7710e-12
   0.6761   0.0789  -1.2143e-04   1.2405e-18  -4.1253e-04  -2.3417e-17  -1.2143e+01   1.2405e-13  -4.1253e+01  -1.1709e-12
   0.6761   0.0211  -1.2143e-04   1.2405e-18  -4.1253e-04  -3.8022e-17  -1.2143e+01   1.2405e-13  -4.1253e+01  -1.9011e-12
El     37    CAX4                                     EL1                                   MATEL             ELASTIC     37     38    139    138
   0.6839   0.0789  -1.2355e-04   3.0695e-18  -4.0919e-04  -2.1535e-17  -1.2355e+01   3.0695e-13  -4.0919e+01  -1.0767e-12
   0.6839   0.0211  -1.2355e-04   3.0695e-18  -4.0919e-04  -3.3708e-17  -1.2355e+01   3.0695e-13  -4.0919e+01  -1.6854e-12
   0.6811   0.0789  -1.2355e-04   2.4608e-18  -4.1040e-04  -2.2836e-17  -1.2355e+01   2.4608e-13  -4.1040e+01  -1.1418e-12
   0.6811   0.0211  -1.2355e-04   2.4608e-18  -4.1040e-04  -3.5009e-17  -1.2355e+01   2.4608e-13  -4.1040e+01  -1.7505e-12
El     38    CAX4                                     EL1                                   MATEL             ELASTIC     38     39    140    139
   0.6889   0.0789  -1.2562e-04   4.0129e-18  -4.0712e-04  -1.9849e-17  -1.2562e+01   4.0129e-13  -4.0712e+01  -9.9246e-13
   0.6889   0.0211  -1.2562e-04   4.0129e-18  -4.0712e-04  -2.9966e-17  -1.2562e+01   4.0129e-13  -4.0712e+01  -1.4983e-12
   0.6861   0.0789  -1.2562e-04   3.4854e-18  -4.0831e-04  -2.2234e-17  -1.2562e+01   3.4854e-13  -4.0831e+01  -1.1117e-12
   0.6861   0.0211  -1.2562e-04   3.4854e-18  -4.0831e-04  -3.2784e-17  -1.2562e+01   3.4854e-13  -4.0831e+01  -1.6392e-12
El     39    CAX4                                     EL1                                   MATEL             ELASTIC     39     40    141    140
   0.6939   0.0789  -1.2765e-04   4.6979e-18  -4.0511e-04  -2.0303e-17  -1.2765e+01   4.6979e-13  -4.0511e+01  -1.0151e-12
   0.6939   0.0211  -1.2765e-04   4.6979e-18  -4.0511e-04  -2.7938e-17  -1.2765e+01   4.6979e-13  -4.0511e+01  -1.3969e-12
   0.6911   0.0789  -1.2765e-04   4.3378e-18  -4.0627e-04  -2.2471e-17  -1.2765e+01   4.3378e-13  -4.0627e+01  -1.1236e-12
   0.6911   0.0211  -1.2765e-04   4.3378e-18  -4.0627e-04  -2.9673e-17  -1.2765e+01   4.3378e-13  -4.0627e+01  -1.4837e-12
El     40    CAX4                                     EL1                                   MATEL             ELASTIC     40     41    142    141
   0.6989   0.0789  -1.2964e-04   5.2332e-18  -4.0313e-04  -2.0335e-17  -1.2964e+01   5.2332e-13  -4.0313e+01  -1.0168e-12
   0.6989   0.0211  -1.2964e-04   5.2332e-18  -4.0313e-04  -2.6460e-17  -1.2964e+01   5.2332e-13  -4.0313e+01  -1.3230e-12
   0.6961   0.0789  -1.2964e-04   4.9378e-18  -4.0427e-04  -2.1636e-17  -1.2964e+01   4.9378e-13  -4.0427e+01  -1.0818e-12
   0.6961   0.0211  -1.2964e-04   4.9378e-18  -4.0427e-04  -2.7545e-17  -1.2964e+01   4.9378e-13  -4.0427e+01  -1.3772e-12
El     41    CAX4                                     EL1                                   MATEL             ELASTIC     41     42    143    142
   0.7039   0.0789  -1.3158e-04   5.7195e-18  -4.0120e-04  -1.9325e-17  -1.3158e+01   5.7195e-13  -4.0120e+01  -9.6626e-13
   0.7039   0.0211  -1.3158e-04   5.7195e-18  -4.0120e-04  -2.4645e-17  -1.3158e+01   5.7195e-13  -4.0120e+01  -1.2322e-12
   0.7011   0.0789  -1.3158e-04   5.4427e-18  -4.0231e-04  -2.0409e-17  -1.3158e+01   5.4427e-13  -4.0231e+01  -1.0205e-12
   0.7011   0.0211  -1.3158e-04   5.4427e-18  -4.0231e-04  -2.5946e-17  -1.3158e+01   5.4427e-13  -4.0231e+01  -1.2973e-12
El     42    CAX4                                     EL1                                   MATEL             ELASTIC     42     43    144    143
   0.7089   0.0789  -1.3348e-04   6.1092e-18  -3.9931e-04  -1.7650e-17  -1.3348e+01   6.1092e-13  -3.9931e+01  -8.8252e-13
   0.7089   0.0211  -1.3348e-04   6.1092e-18  -3.9931e-04  -2.1873e-17  -1.3348e+01   6.1092e-13  -3.9931e+01  -1.0937e-12
   0.7061   0.0789  -1.3348e-04   5.8981e-18  -4.0040e-04  -2.0253e-17  -1.3348e+01   5.8981e-13  -4.0040e+01  -1.0126e-12
   0.7061   0.0211  -1.3348e-04   5.8981e-18  -4.0040e-04  -2.4475e-17  -1.3348e+01   5.8981e-13  -4.0040e+01  -1.2238e-12
El     43    CAX4                                     EL1                                   MATEL             ELASTIC     43     44    145    144
   0.7139   0.0789  -1.3534e-04   6.3803e-18  -3.9746e-04  -1.7159e-17  -1.3534e+01   6.3803e-13  -3.9746e+01  -8.5793e-13
   0.7139   0.0211  -1.3534e-04   6.3803e-18  -3.9746e-04  -1.9995e-17  -1.3534e+01   6.3803e-13  -3.9746e+01  -9.9976e-13
   0.7111   0.0789  -1.3534e-04   6.2384e-18  -3.9852e-04  -1.8460e-17  -1.3534e+01   6.2384e-13  -3.9852e+01  -9.2298e-13
   0.7111   0.0211  -1.3534e-04   6.2384e-18  -3.9852e-04  -2.1296e-17  -1.3534e+01   6.2384e-13  -3.9852e+01  -1.0648e-12
El     44    CAX4                                     EL1                                   MATEL             ELASTIC     44     45    146    145
   0.7189   0.0789  -1.3717e-04   6.5686e-18  -3.9565e-04  -1.5919e-17  -1.3717e+01   6.5686e-13  -3.9565e+01  -7.9597e-13
   0.7189   0.0211  -1.3717e-04   6.5686e-18  -3.9565e-04  -1.8351e-17  -1.3717e+01   6.5686e-13  -3.9565e+01  -9.1754e-13
   0.7161   0.0789  -1.3717e-04   6.4687e-18  -3.9669e-04  -1.7437e-17  -1.3717e+01   6.4687e-13  -3.9669e+01  -8.7187e-13
   0.7161   0.0211  -1.3717e-04   6.4687e-18  -3.9669e-04  -1.9218e-17  -1.3717e+01   6.4687e-13  -3.9669e+01  -9.6091e-13
El     45    CAX4                                     EL1                                   MATEL             ELASTIC     45     46    147    146
   0.7239   0.0789  -1.3895e-04   6.7010e-18  -3.9387e-04  -1.5431e-17  -1.3895e+01   6.7010e-13  -3.9387e+01  -7.7155e-13
   0.7239   0.0211  -1.3895e-04   6.7010e-18  -3.9387e-04  -1.6617e-17  -1.3895e+01   6.7010e-13  -3.9387e+01  -8.3085e-13
   0.7211   0.0789  -1.3895e-04   6.6309e-18  -3.9489e-04  -1.6298e-17  -1.3895e+01   6.6309e-13  -3.9489e+01  -8.1492e-13
   0.7211   0.0211  -1.3895e-04   6.6309e-18  -3.9489e-04  -1.7701e-17  -1.3895e+01   6.6309e-13  -3.9489e+01  -8.8506e-13
El     46    CAX4                                     EL1                                   MATEL             ELASTIC     46     47    148    147
   0.7289   0.0789  -1.4070e-04   6.8053e-18  -3.9213e-04  -1.3390e-17  -1.4070e+01   6.8053e-13  -3.9213e+01  -6.6950e-13
   0.7289   0.0211  -1.4070e-04   6.8053e-18  -3.9213e-04  -1.4541e-17  -1.4070e+01   6.8053e-13  -3.9213e+01  -7.2704e-13
   0.7261   0.0789  -1.4070e-04   6.7477e-18  -3.9313e-04  -1.4691e-17  -1.4070e+01   6.7477e-13  -3.9313e+01  -7.3455e-13
   0.7261   0.0211  -1.4070e-04   6.7477e-18  -3.9313e-04  -1.5842e-17  -1.4070e+01   6.7477e-13  -3.9313e+01  -7.9209e-13
El     47    CAX4                                     EL1                                   MATEL             ELASTIC     47     48    149    148
   0.7339   0.0789  -1.4242e-04   6.9767e-18  -3.9043e-04  -1.1954e-17  -1.4242e+01   6.9767e-13  -3.9043e+01  -5.9769e-13
   0.7339   0.0211  -1.4242e-04   6.9767e-18  -3.9043e-04  -1.4156e-17  -1.4242e+01   6.9767e-13  -3.9043e+01  -7.0780e-13
   0.7311   0.0789  -1.4242e-04   6.8666e-18  -3.9141e-04  -1.1954e-17  -1.4242e+01   6.8666e-13  -3.9141e+01  -5.9769e-13
   0.7311   0.0211  -1.4242e-04   6.8666e-18  -3.9141e-04  -1.4156e-17  -1.4242e+01   6.8666e-13  -3.9141e+01  -7.0780e-13
El     48    CAX4                                     EL1                                   MATEL             ELASTIC     48     49    150    149
   0.7389   0.0789  -1.4410e-04   7.2657e-18  -3.8876e-04  -9.9896e-18  -1.4410e+01   7.2657e-13  -3.8876e+01  -4.9948e-13
   0.7389   0.0211  -1.4410e-04   7.2657e-18  -3.8876e-04  -1.3630e-17  -1.4410e+01   7.2657e-13  -3.8876e+01  -6.8148e-13
   0.7361   0.0789  -1.4410e-04   7.0837e-18  -3.8972e-04  -1.0206e-17  -1.4410e+01   7.0837e-13  -3.8972e+01  -5.1032e-13
   0.7361   0.0211  -1.4410e-04   7.0837e-18  -3.8972e-04  -1.3846e-17  -1.4410e+01   7.0837e-13  -3.8972e+01  -6.9232e-13
El     49    CAX4                                     EL1                                   MATEL             ELASTIC     49     50    151    150
   0.7439   0.0789  -1.4574e-04   7.6314e-18  -3.8712e-04  -9.1973e-18  -1.4574e+01   7.6314e-13  -3.8712e+01  -4.5986e-13
   0.7439   0.0211  -1.4574e-04   7.6314e-18  -3.8712e-04  -1.3359e-17  -1.4574e+01   7.6314e-13  -3.8712e+01  -6.6796e-13
   0.7411   0.0789  -1.4574e-04   7.4124e-18  -3.8806e-04  -8.9804e-18  -1.4574e+01   7.4124e-13  -3.8806e+01  -4.4902e-13
   0.7411   0.0211  -1.4574e-04   7.4124e-18  -3.8806e-04  -1.3359e-17  -1.4574e+01   7.4124e-13  -3.8806e+01  -6.6796e-13
El     50    CAX4                                     EL1                                   MATEL             ELASTIC     50     51    152    151
   0.7489   0.0789  -1.4735e-04   7.9586e-18  -3.8552e-04  -6.5496e-18  -1.4735e+01   7.9586e-13  -3.8552e+01  -3.2748e-13
   0.7489   0.0211  -1.4735e-04   7.9586e-18  -3.8552e-04  -1.0168e-17  -1.4735e+01   7.9586e-13  -3.8552e+01  -5.0840e-13
   0.7461   0.0789  -1.4735e-04   7.7777e-18  -3.8644e-04  -9.3685e-18  -1.4735e+01   7.7777e-13  -3.8644e+01  -4.6843e-13
   0.7461   0.0211  -1.4735e-04   7.7777e-18  -3.8644e-04  -1.2987e-17  -1.4735e+01   7.7777e-13  -3.8644e+01  -6.4935e-13
El     51    CAX4                                     EL1                                   MATEL             ELASTIC     51     52    153    152
   0.7539   0.0789  -1.4893e-04   8.2767e-18  -3.8395e-04  -6.4564e-18  -1.4893e+01   8.2767e-13  -3.8395e+01  -3.2282e-13
   0.7539   0.0211  -1.4893e-04   8.2767e-18  -3.8395e-04  -9.9263e-18  -1.4893e+01   8.2767e-13  -3.8395e+01  -4.9631e-13
   0.7511   0.0789  -1.4893e-04   8.0923e-18  -3.8485e-04  -6.0228e-18  -1.4893e+01   8.0923e-13  -3.8485e+01  -3.0114e-13
   0.7511   0.0211  -1.4893e-04   8.0923e-18  -3.8485e-04  -9.7094e-18  -1.4893e+01   8.0923e-13  -3.8485e+01  -4.8547e-13
El     52    CAX4                                     EL1                                   MATEL             ELASTIC     52     53    154    153
   0.7589   0.0789  -1.5048e-04   8.5271e-18  -3.8241e-04  -4.3641e-18  -1.5048e+01   8.5271e-13  -3.8241e+01  -2.1820e-13
   0.7589   0.0211  -1.5048e-04   8.5271e-18  -3.8241e-04  -7.0427e-18  -1.5048e+01   8.5271e-13  -3.8241e+01  -3.5213e-13
   0.7561   0.0789  -1.5048e-04   8.3932e-18  -3.8329e-04  -6.7493e-18  -1.5048e+01   8.3932e-13  -3.8329e+01  -3.3747e-13
   0.7561   0.0211  -1.5048e-04   8.3932e-18  -3.8329e-04  -9.4279e-18  -1.5048e+01   8.3932e-13  -3.8329e+01  -4.7140e-13
El     53    CAX4                                     EL1                                   MATEL             ELASTIC     53     54    155    154
   0.7639   0.0789  -1.5200e-04   8.6759e-18  -3.8090e-04  -1.9078e-18  -1.5200e+01   8.6759e-13  -3.8090e+01  -9.5388e-14
   0.7639   0.0211  -1.5200e-04   8.6759e-18  -3.8090e-04  -3.5853e-18  -1.5200e+01   8.6759e-13  -3.8090e+01  -1.7927e-13
   0.7611   0.0789  -1.5200e-04   8.6028e-18  -3.8177e-04  -4.5098e-18  -1.5200e+01   8.6028e-13  -3.8177e+01  -2.2549e-13
   0.7611   0.0211  -1.5200e-04   8.6028e-18  -3.8177e-04  -5.7537e-18  -1.5200e+01   8.6028e-13  -3.8177e+01  -2.8769e-13
El     54    CAX4                                     EL1                                   MATEL             ELASTIC     54     55    156    155
   0.7689   0.0789  -1.5349e-04   8.5647e-18  -3.7942e-04  -3.7384e-19  -1.5349e+01   8.5647e-13  -3.7942e+01  -1.8692e-14
   0.7689   0.0211  -1.5349e-04   8.5647e-18  -3.7942e-04   1.6459e-18  -1.5349e+01   8.5647e-13  -3.7942e+01   8.2297e-14
   0.7661   0.0789  -1.5349e-04   8.6656e-18  -3.8027e-04  -4.4938e-18  -1.5349e+01   8.6656e-13  -3.8027e+01  -2.2469e-13
   0.7661   0.0211  -1.5349e-04   8.6656e-18  -3.8027e-04  -2.2572e-18  -1.5349e+01   8.6656e-13  -3.8027e+01  -1.1286e-13
El     55    CAX4                                     EL1                                   MATEL             ELASTIC     55     56    157    156
   0.7739   0.0789  -1.5495e-04   8.2402e-18  -3.7797e-04  -5.4503e-19  -1.5495e+01   8.2402e-13  -3.7797e+01  -2.7252e-14
   0.7739   0.0211  -1.5495e-04   8.2402e-18  -3.7797e-04   3.8805e-18  -1.5495e+01   8.2402e-13  -3.7797e+01   1.9403e-13
   0.7711   0.0789  -1.5495e-04   8.4507e-18  -3.7880e-04  -1.4124e-18  -1.5495e+01   8.4507e-13  -3.7880e+01  -7.0620e-14
   0.7711   0.0211  -1.5495e-04   8.4507e-18  -3.7880e-04   2.7963e-18  -1.5495e+01   8.4507e-13  -3.7880e+01   1.3982e-13
El     56    CAX4                                     EL1                                   MATEL             ELASTIC     56     57    158    157
   0.7789   0.0789  -1.5638e-04   7.8108e-18  -3.7654e-04   7.5739e-19  -1.5638e+01   7.8108e-13  -3.7654e+01   3.7869e-14
   0.7789   0.0211  -1.5638e-04   7.8108e-18  -3.7654e-04   6.1344e-18  -1.5638e+01   7.8108e-13  -3.7654e+01   3.0672e-13
   0.7761   0.0789  -1.5638e-04   8.0688e-18  -3.7736e-04  -7.6049e-19  -1.5638e+01   8.0688e-13  -3.7736e+01  -3.8025e-14
   0.7761   0.0211  -1.5638e-04   8.0688e-18  -3.7736e-04   4.3996e-18  -1.5638e+01   8.0688e-13  -3.7736e+01   2.1998e-13
El     57    CAX4                                     EL1                                   MATEL             ELASTIC     57     58    159    158
   0.7839   0.0789  -1.5779e-04   7.2958e-18  -3.7514e-04   1.9984e-18  -1.5779e+01   7.2958e-13  -3.7514e+01   9.9922e-14
   0.7839   0.0211  -1.5779e-04   7.2958e-18  -3.7514e-04   8.1549e-18  -1.5779e+01   7.2958e-13  -3.7514e+01   4.0775e-13
   0.7811   0.0789  -1.5779e-04   7.6037e-18  -3.7595e-04   2.6371e-19  -1.5779e+01   7.6037e-13  -3.7595e+01   1.3186e-14
   0.7811   0.0211  -1.5779e-04   7.6037e-18  -3.7595e-04   6.4202e-18  -1.5779e+01   7.6037e-13  -3.7595e+01   3.2101e-13
El     58    CAX4                                     EL1                                   MATEL             ELASTIC     58     59    160    159
   0.7889   0.0789  -1.5917e-04   6.6466e-18  -3.7377e-04   3.5802e-18  -1.5917e+01   6.6466e-13  -3.7377e+01   1.7901e-13
   0.7889   0.0211  -1.5917e-04   6.6466e-18  -3.7377e-04   1.1219e-17  -1.5917e+01   6.6466e-13  -3.7377e+01   5.6096e-13
   0.7861   0.0789  -1.5917e-04   7.0394e-18  -3.7456e-04   1.1950e-18  -1.5917e+01   7.0394e-13  -3.7456e+01   5.9749e-14
   0.7861   0.0211  -1.5917e-04   7.0394e-18  -3.7456e-04   9.0508e-18  -1.5917e+01   7.0394e-13  -3.7456e+01   4.5254e-13
El     59    CAX4                                     EL1                                   MATEL             ELASTIC     59     60    161    160
   0.7939   0.0789  -1.6052e-04   5.8255e-18  -3.7243e-04   4.8854e-18  -1.6052e+01   5.8255e-13  -3.7243e+01   2.4427e-13
   0.7939   0.0211  -1.6052e-04   5.8255e-18  -3.7243e-04   1.4368e-17  -1.6052e+01   5.8255e-13  -3.7243e+01   7.1841e-13
   0.7911   0.0789  -1.6052e-04   6.3213e-18  -3.7320e-04   2.2833e-18  -1.6052e+01   6.3213e-13  -3.7320e+01   1.1416e-13
   0.7911   0.0211  -1.6052e-04   6.3213e-18  -3.7320e-04   1.2417e-17  -1.6052e+01   6.3213e-13  -3.7320e+01   6.2083e-13
El     60    CAX4                                     EL1                                   MATEL             ELASTIC     60     61    162    161
   0.7989   0.0789  -1.6185e-04   4.8418e-18  -3.7111e-04   5.4215e-18  -1.6185e+01   4.8418e-13  -3.7111e+01   2.7108e-13
   0.7989   0.0211  -1.6185e-04   4.8418e-18  -3.7111e-04   1.7168e-17  -1.6185e+01   4.8418e-13  -3.7111e+01   8.5839e-13
   0.7961   0.0789  -1.6185e-04   5.4291e-18  -3.7187e-04   3.6868e-18  -1.6185e+01   5.4291e-13  -3.7187e+01   1.8434e-13
   0.7961   0.0211  -1.6185e-04   5.4291e-18  -3.7187e-04   1.5433e-17  -1.6185e+01   5.4291e-13  -3.7187e+01   7.7165e-13
El     61    CAX4                                     EL1                                   MATEL             ELASTIC     61     62    163    162
   0.8039   0.0789  -1.6315e-04   3.7363e-18  -3.6981e-04   5.8254e-18  -1.6315e+01   3.7363e-13  -3.6981e+01   2.9127e-13
   0.8039   0.0211  -1.6315e-04   3.7363e-18  -3.6981e-04   1.8863e-17  -1.6315e+01   3.7363e-13  -3.6981e+01   9.4317e-13
   0.8011   0.0789  -1.6315e-04   4.3882e-18  -3.7056e-04   4.7412e-18  -1.6315e+01   4.3882e-13  -3.7056e+01   2.3706e-13
   0.8011   0.0211  -1.6315e-04   4.3882e-18  -3.7056e-04   1.7779e-17  -1.6315e+01   4.3882e-13  -3.7056e+01   8.8896e-13
El     62    CAX4                                     EL1                                   MATEL             ELASTIC     62     63    164    163
   0.8089   0.0789  -1.6443e-04   2.5654e-18  -3.6854e-04   6.5087e-18  -1.6443e+01   2.5654e-13  -3.6854e+01   3.2543e-13
   0.8089   0.0211  -1.6443e-04   2.5654e-18  -3.6854e-04   2.0158e-17  -1.6443e+01   2.5654e-13  -3.6854e+01   1.0079e-12
   0.8061   0.0789  -1.6443e-04   3.2479e-18  -3.6927e-04   5.8581e-18  -1.6443e+01   3.2479e-13  -3.6927e+01   2.9291e-13
   0.8061   0.0211  -1.6443e-04   3.2479e-18  -3.6927e-04   1.9507e-17  -1.6443e+01   3.2479e-13  -3.6927e+01   9.7536e-13
El     63    CAX4                                     EL1                                   MATEL             ELASTIC     63     64    165    164
   0.8139   0.0789  -1.6568e-04   1.3130e-18  -3.6730e-04   6.6189e-18  -1.6568e+01   1.3130e-13  -3.6730e+01   3.3095e-13
   0.8139   0.0211  -1.6568e-04   1.3130e-18  -3.6730e-04   2.1515e-17  -1.6568e+01   1.3130e-13  -3.6730e+01   1.0758e-12
   0.8111   0.0789  -1.6568e-04   2.0470e-18  -3.6801e-04   5.7516e-18  -1.6568e+01   2.0470e-13  -3.6801e+01   2.8758e-13
   0.8111   0.0211  -1.6568e-04   2.0470e-18  -3.6801e-04   2.0431e-17  -1.6568e+01   2.0470e-13  -3.6801e+01   1.0215e-12
El     64    CAX4                                     EL1                                   MATEL             ELASTIC     64     65    166    165
   0.8189   0.0789  -1.6691e-04   1.6039e-20  -3.6607e-04   5.8882e-18  -1.6691e+01   1.6039e-15  -3.6607e+01   2.9441e-13
   0.8189   0.0211  -1.6691e-04   1.6039e-20  -3.6607e-04   2.1161e-17  -1.6691e+01   1.6039e-15  -3.6607e+01   1.0580e-12
   0.8161   0.0789  -1.6691e-04   7.6882e-19  -3.6678e-04   6.5387e-18  -1.6691e+01   7.6882e-14  -3.6678e+01   3.2693e-13
   0.8161   0.0211  -1.6691e-04   7.6882e-19  -3.6678e-04   2.1811e-17  -1.6691e+01   7.6882e-14  -3.6678e+01   1.0906e-12
El     65    CAX4                                     EL1                                   MATEL             ELASTIC     65     66    167    166
   0.8239   0.0789  -1.6812e-04  -1.1446e-18  -3.6487e-04   5.7169e-18  -1.6812e+01  -1.1446e-13  -3.6487e+01   2.8585e-13
   0.8239   0.0211  -1.6812e-04  -1.1446e-18  -3.6487e-04   1.9109e-17  -1.6812e+01  -1.1446e-13  -3.6487e+01   9.5546e-13
   0.8211   0.0789  -1.6812e-04  -4.9666e-19  -3.6556e-04   7.8853e-18  -1.6812e+01  -4.9666e-14  -3.6556e+01   3.9427e-13
   0.8211   0.0211  -1.6812e-04  -4.9666e-19  -3.6556e-04   2.0844e-17  -1.6812e+01  -4.9666e-14  -3.6556e+01   1.0422e-12
El     66    CAX4                                     EL1                                   MATEL             ELASTIC     66     67    168    167
   0.8289   0.0789  -1.6931e-04  -2.1551e-18  -3.6369e-04   6.2173e-18  -1.6931e+01  -2.1551e-13  -3.6369e+01   3.1087e-13
   0.8289   0.0211  -1.6931e-04  -2.1551e-18  -3.6369e-04   1.7757e-17  -1.6931e+01  -2.1551e-13  -3.6369e+01   8.8783e-13
   0.8261   0.0789  -1.6931e-04  -1.5890e-18  -3.6437e-04   6.8679e-18  -1.6931e+01  -1.5890e-13  -3.6437e+01   3.4339e-13
   0.8261   0.0211  -1.6931e-04  -1.5890e-18  -3.6437e-04   1.8190e-17  -1.6931e+01  -1.5890e-13  -3.6437e+01   9.0951e-13
El     67    CAX4                                     EL1                                   MATEL             ELASTIC     67     68    169    168
   0.8339   0.0789  -1.7047e-04  -2.9725e-18  -3.6253e-04   6.0107e-18  -1.7047e+01  -2.9725e-13  -3.6253e+01   3.0053e-13
   0.8339   0.0211  -1.7047e-04  -2.9725e-18  -3.6253e-04   1.4945e-17  -1.7047e+01  -2.9725e-13  -3.6253e+01   7.4723e-13
   0.8311   0.0789  -1.7047e-04  -2.5258e-18  -3.6319e-04   8.3959e-18  -1.7047e+01  -2.5258e-13  -3.6319e+01   4.1980e-13
   0.8311   0.0211  -1.7047e-04  -2.5258e-18  -3.6319e-04   1.7330e-17  -1.7047e+01  -2.5258e-13  -3.6319e+01   8.6649e-13
El     68    CAX4                                     EL1                                   MATEL             ELASTIC     68     69    170    169
   0.8389   0.0789  -1.7162e-04  -3.5530e-18  -3.6139e-04   5.7552e-18  -1.7162e+01  -3.5530e-13  -3.6139e+01   2.8776e-13
   0.8389   0.0211  -1.7162e-04  -3.5530e-18  -3.6139e-04   1.1643e-17  -1.7162e+01  -3.5530e-13  -3.6139e+01   5.8216e-13
   0.8361   0.0789  -1.7162e-04  -3.2477e-18  -3.6204e-04   7.7067e-18  -1.7162e+01  -3.2477e-13  -3.6204e+01   3.8534e-13
   0.8361   0.0211  -1.7162e-04  -3.2477e-18  -3.6204e-04   1.4245e-17  -1.7162e+01  -3.2477e-13  -3.6204e+01   7.1227e-13
El     69    CAX4                                     EL1                                   MATEL             ELASTIC     69     70    171    170
   0.8439   0.0789  -1.7274e-04  -3.9092e-18  -3.6027e-04   5.9527e-18  -1.7274e+01  -3.9092e-13  -3.6027e+01   2.9764e-13
   0.8439   0.0211  -1.7274e-04  -3.9092e-18  -3.6027e-04   9.7488e-18  -1.7274e+01  -3.9092e-13  -3.6027e+01   4.8744e-13
   0.8411   0.0789  -1.7274e-04  -3.7302e-18  -3.6091e-04   7.6874e-18  -1.7274e+01  -3.7302e-13  -3.6091e+01   3.8437e-13
   0.8411   0.0211  -1.7274e-04  -3.7302e-18  -3.6091e-04   1.1484e-17  -1.7274e+01  -3.7302e-13  -3.6091e+01   5.7418e-13
El     70    CAX4                                     EL1                                   MATEL             ELASTIC     70     71    172    171
   0.8489   0.0789  -1.7385e-04  -4.1215e-18  -3.5917e-04   5.7369e-18  -1.7385e+01  -4.1215e-13  -3.5917e+01   2.8684e-13
   0.8489   0.0211  -1.7385e-04  -4.1215e-18  -3.5917e-04   8.3204e-18  -1.7385e+01  -4.1215e-13  -3.5917e+01   4.1602e-13
   0.8461   0.0789  -1.7385e-04  -4.0140e-18  -3.5980e-04   6.8211e-18  -1.7385e+01  -4.0140e-13  -3.5980e+01   3.4105e-13
   0.8461   0.0211  -1.7385e-04  -4.0140e-18  -3.5980e-04   8.9709e-18  -1.7385e+01  -4.0140e-13  -3.5980e+01   4.4855e-13
El     71    CAX4                                     EL1                                   MATEL             ELASTIC     71     72    173    172
   0.8539   0.0789  -1.7494e-04  -4.2635e-18  -3.5809e-04   4.8865e-18  -1.7494e+01  -4.2635e-13  -3.5809e+01   2.4432e-13
   0.8539   0.0211  -1.7494e-04  -4.2635e-18  -3.5809e-04   6.3889e-18  -1.7494e+01  -4.2635e-13  -3.5809e+01   3.1945e-13
   0.8511   0.0789  -1.7494e-04  -4.1883e-18  -3.5871e-04   6.1875e-18  -1.7494e+01  -4.1883e-13  -3.5871e+01   3.0938e-13
   0.8511   0.0211  -1.7494e-04  -4.1883e-18  -3.5871e-04   7.6900e-18  -1.7494e+01  -4.1883e-13  -3.5871e+01   3.8450e-13
El     72    CAX4                                     EL1                                   MATEL             ELASTIC     72     73    174    173
   0.8589   0.0789  -1.7600e-04  -4.3218e-18  -3.5703e-04   4.3700e-18  -1.7600e+01  -4.3218e-13  -3.5703e+01   2.1850e-13
   0.8589   0.0211  -1.7600e-04  -4.3218e-18  -3.5703e-04   4.8219e-18  -1.7600e+01  -4.3218e-13  -3.5703e+01   2.4110e-13
   0.8561   0.0789  -1.7600e-04  -4.2992e-18  -3.5764e-04   5.4542e-18  -1.7600e+01  -4.2992e-13  -3.5764e+01   2.7271e-13
   0.8561   0.0211  -1.7600e-04  -4.2992e-18  -3.5764e-04   5.9061e-18  -1.7600e+01  -4.2992e-13  -3.5764e+01   2.9531e-13
El     73    CAX4                                     EL1                                   MATEL             ELASTIC     73     74    175    174
   0.8639   0.0789  -1.7705e-04  -4.2411e-18  -3.5598e-04   3.5152e-18  -1.7705e+01  -4.2411e-13  -3.5598e+01   1.7576e-13
   0.8639   0.0211  -1.7705e-04  -4.2411e-18  -3.5598e-04   1.7781e-18  -1.7705e+01  -4.2411e-13  -3.5598e+01   8.8906e-14
   0.8611   0.0789  -1.7705e-04  -4.3062e-18  -3.5658e-04   5.2499e-18  -1.7705e+01  -4.3062e-13  -3.5658e+01   2.6250e-13
   0.8611   0.0211  -1.7705e-04  -4.3062e-18  -3.5658e-04   3.9465e-18  -1.7705e+01  -4.3062e-13  -3.5658e+01   1.9733e-13
El     74    CAX4                                     EL1                                   MATEL             ELASTIC     74     75    176    175
   0.8689   0.0789  -1.7808e-04  -3.9639e-18  -3.5496e-04   3.7659e-18  -1.7808e+01  -3.9639e-13  -3.5496e+01   1.8829e-13
   0.8689   0.0211  -1.7808e-04  -3.9639e-18  -3.5496e-04   2.7347e-19  -1.7808e+01  -3.9639e-13  -3.5496e+01   1.3674e-14
   0.8661   0.0789  -1.7808e-04  -4.1493e-18  -3.5555e-04   5.2838e-18  -1.7808e+01  -4.1493e-13  -3.5555e+01   2.6419e-13
   0.8661   0.0211  -1.7808e-04  -4.1493e-18  -3.5555e-04   1.5745e-18  -1.7808e+01  -4.1493e-13  -3.5555e+01   7.8726e-14
El     75    CAX4                                     EL1                                   MATEL             ELASTIC     75     76    177    176
   0.8739   0.0789  -1.7909e-04  -3.5770e-18  -3.5395e-04   3.7770e-18  -1.7909e+01  -3.5770e-13  -3.5395e+01   1.8885e-13
   0.8739   0.0211  -1.7909e-04  -3.5770e-18  -3.5395e-04  -4.5913e-19  -1.7909e+01  -3.5770e-13  -3.5395e+01  -2.2956e-14
   0.8711   0.0789  -1.7909e-04  -3.8105e-18  -3.5453e-04   4.6444e-18  -1.7909e+01  -3.8105e-13  -3.5453e+01   2.3222e-13
   0.8711   0.0211  -1.7909e-04  -3.8105e-18  -3.5453e-04  -2.5448e-20  -1.7909e+01  -3.8105e-13  -3.5453e+01  -1.2724e-15
El     76    CAX4                                     EL1                                   MATEL             ELASTIC     76     77    178    177
   0.8789   0.0789  -1.8009e-04  -3.2124e-18  -3.5296e-04   3.1977e-18  -1.8009e+01  -3.2124e-13  -3.5296e+01   1.5988e-13
   0.8789   0.0211  -1.8009e-04  -3.2124e-18  -3.5296e-04  -8.8931e-19  -1.8009e+01  -3.2124e-13  -3.5296e+01  -4.4466e-14
   0.8761   0.0789  -1.8009e-04  -3.4168e-18  -3.5353e-04   3.1977e-18  -1.8009e+01  -3.4168e-13  -3.5353e+01   1.5988e-13
   0.8761   0.0211  -1.8009e-04  -3.4168e-18  -3.5353e-04  -8.8931e-19  -1.8009e+01  -3.4168e-13  -3.5353e+01  -4.4466e-14
El     77    CAX4                                     EL1                                   MATEL             ELASTIC     77     78    179    178
   0.8839   0.0789  -1.8107e-04  -2.8494e-18  -3.5199e-04   2.2959e-18  -1.8107e+01  -2.8494e-13  -3.5199e+01   1.1480e-13
   0.8839   0.0211  -1.8107e-04  -2.8494e-18  -3.5199e-04  -1.9246e-18  -1.8107e+01  -2.8494e-13  -3.5199e+01  -9.6231e-14
   0.8811   0.0789  -1.8107e-04  -3.0604e-18  -3.5255e-04   3.1633e-18  -1.8107e+01  -3.0604e-13  -3.5255e+01   1.5816e-13
   0.8811   0.0211  -1.8107e-04  -3.0604e-18  -3.5255e-04  -1.0573e-18  -1.8107e+01  -3.0604e-13  -3.5255e+01  -5.2863e-14
El     78    CAX4                                     EL1                                   MATEL             ELASTIC     78     79    180    179
   0.8889   0.0789  -1.8203e-04  -2.3604e-18  -3.5103e-04   2.1630e-18  -1.8203e+01  -2.3604e-13  -3.5103e+01   1.0815e-13
   0.8889   0.0211  -1.8203e-04  -2.3604e-18  -3.5103e-04  -3.8651e-18  -1.8203e+01  -2.3604e-13  -3.5103e+01  -1.9325e-13
   0.8861   0.0789  -1.8203e-04  -2.6618e-18  -3.5158e-04   3.8977e-18  -1.8203e+01  -2.6618e-13  -3.5158e+01   1.9489e-13
   0.8861   0.0211  -1.8203e-04  -2.6618e-18  -3.5158e-04  -2.3472e-18  -1.8203e+01  -2.6618e-13  -3.5158e+01  -1.1736e-13
El     79    CAX4                                     EL1                                   MATEL             ELASTIC     79     80    181    180
   0.8939   0.0789  -1.8297e-04  -1.7304e-18  -3.5009e-04   3.0219e-18  -1.8297e+01  -1.7304e-13  -3.5009e+01   1.5109e-13
   0.8939   0.0211  -1.8297e-04  -1.7304e-18  -3.5009e-04  -4.3706e-18  -1.8297e+01  -1.7304e-13  -3.5009e+01  -2.1853e-13
   0.8911   0.0789  -1.8297e-04  -2.1108e-18  -3.5063e-04   3.6724e-18  -1.8297e+01  -2.1108e-13  -3.5063e+01   1.8362e-13
   0.8911   0.0211  -1.8297e-04  -2.1108e-18  -3.5063e-04  -3.9369e-18  -1.8297e+01  -2.1108e-13  -3.5063e+01  -1.9684e-13
El     80    CAX4                                     EL1                                   MATEL             ELASTIC     80     81    182    181
   0.8989   0.0789  -1.8390e-04  -1.0155e-18  -3.4917e-04   3.0543e-18  -1.8390e+01  -1.0155e-13  -3.4917e+01   1.5271e-13
   0.8989   0.0211  -1.8390e-04  -1.0155e-18  -3.4917e-04  -5.3724e-18  -1.8390e+01  -1.0155e-13  -3.4917e+01  -2.6862e-13
   0.8961   0.0789  -1.8390e-04  -1.4369e-18  -3.4970e-04   3.7048e-18  -1.8390e+01  -1.4369e-13  -3.4970e+01   1.8524e-13
   0.8961   0.0211  -1.8390e-04  -1.4369e-18  -3.4970e-04  -4.7219e-18  -1.8390e+01  -1.4369e-13  -3.4970e+01  -2.3609e-13
El     81    CAX4                                     EL1                                   MATEL             ELASTIC     81     82    183    182
   0.9039   0.0789  -1.8482e-04  -2.2176e-19  -3.4826e-04   3.6841e-18  -1.8482e+01  -2.2176e-14  -3.4826e+01   1.8420e-13
   0.9039   0.0211  -1.8482e-04  -2.2176e-19  -3.4826e-04  -5.6799e-18  -1.8482e+01  -2.2176e-14  -3.4826e+01  -2.8399e-13
   0.9011   0.0789  -1.8482e-04  -6.8995e-19  -3.4878e-04   4.1177e-18  -1.8482e+01  -6.8995e-14  -3.4878e+01   2.0589e-13
   0.9011   0.0211  -1.8482e-04  -6.8995e-19  -3.4878e-04  -5.2462e-18  -1.8482e+01  -6.8995e-14  -3.4878e+01  -2.6231e-13
El     82    CAX4                                     EL1                                   MATEL             ELASTIC     82     83    184    183
   0.9089   0.0789  -1.8572e-04   6.2168e-19  -3.4736e-04   4.5508e-18  -1.8572e+01   6.2168e-14  -3.4736e+01   2.2754e-13
   0.9089   0.0211  -1.8572e-04   6.2168e-19  -3.4736e-04  -5.9394e-18  -1.8572e+01   6.2168e-14  -3.4736e+01  -2.9697e-13
   0.9061   0.0789  -1.8572e-04   1.2969e-19  -3.4787e-04   4.1171e-18  -1.8572e+01   1.2969e-14  -3.4787e+01   2.0586e-13
   0.9061   0.0211  -1.8572e-04   1.2969e-19  -3.4787e-04  -5.7226e-18  -1.8572e+01   1.2969e-14  -3.4787e+01  -2.8613e-13
El     83    CAX4                                     EL1                                   MATEL             ELASTIC     83     84    185    184
   0.9139   0.0789  -1.8660e-04   1.4161e-18  -3.4648e-04   4.9146e-18  -1.8660e+01   1.4161e-13  -3.4648e+01   2.4573e-13
   0.9139   0.0211  -1.8660e-04   1.4161e-18  -3.4648e-04  -3.4297e-18  -1.8660e+01   1.4161e-13  -3.4648e+01  -1.7149e-13
   0.9111   0.0789  -1.8660e-04   9.6637e-19  -3.4699e-04   3.8304e-18  -1.8660e+01   9.6637e-14  -3.4699e+01   1.9152e-13
   0.9111   0.0211  -1.8660e-04   9.6637e-19  -3.4699e-04  -5.3813e-18  -1.8660e+01   9.6637e-14  -3.4699e+01  -2.6906e-13
El     84    CAX4                                     EL1                                   MATEL             ELASTIC     84     85    186    185
   0.9189   0.0789  -1.8747e-04   1.9746e-18  -3.4561e-04   4.8424e-18  -1.8747e+01   1.9746e-13  -3.4561e+01   2.4212e-13
   0.9189   0.0211  -1.8747e-04   1.9746e-18  -3.4561e-04  -9.2482e-19  -1.8747e+01   1.9746e-13  -3.4561e+01  -4.6241e-14
   0.9161   0.0789  -1.8747e-04   1.6863e-18  -3.4611e-04   2.2403e-18  -1.8747e+01   1.6863e-13  -3.4611e+01   1.1202e-13
   0.9161   0.0211  -1.8747e-04   1.6863e-18  -3.4611e-04  -3.5269e-18  -1.8747e+01   1.6863e-13  -3.4611e+01  -1.7635e-13
El     85    CAX4                                     EL1                                   MATEL             ELASTIC     85     86    187    186
   0.9239   0.0789  -1.8833e-04   2.2592e-18  -3.4476e-04   5.5326e-18  -1.8833e+01   2.2592e-13  -3.4476e+01   2.7663e-13
   0.9239   0.0211  -1.8833e-04   2.2592e-18  -3.4476e-04   2.6943e-18  -1.8833e+01   2.2592e-13  -3.4476e+01   1.3471e-13
   0.9211   0.0789  -1.8833e-04   2.1282e-18  -3.4525e-04   2.4969e-18  -1.8833e+01   2.1282e-13  -3.4525e+01   1.2484e-13
   0.9211   0.0211  -1.8833e-04   2.1282e-18  -3.4525e-04  -1.2465e-19  -1.8833e+01   2.1282e-13  -3.4525e+01  -6.2327e-15
El     86    CAX4                                     EL1                                   MATEL             ELASTIC     86     87    188    187
   0.9289   0.0789  -1.8917e-04   2.3115e-18  -3.4392e-04   5.0737e-18  -1.8917e+01   2.3115e-13  -3.4392e+01   2.5369e-13
   0.9289   0.0211  -1.8917e-04   2.3115e-18  -3.4392e-04   5.0105e-18  -1.8917e+01   2.3115e-13  -3.4392e+01   2.5052e-13
   0.9261   0.0789  -1.8917e-04   2.3084e-18  -3.4441e-04   3.3390e-18  -1.8917e+01   2.3084e-13  -3.4441e+01   1.6695e-13
   0.9261   0.0211  -1.8917e-04   2.3084e-18  -3.4441e-04   3.2758e-18  -1.8917e+01   2.3084e-13  -3.4441e+01   1.6379e-13
El     87    CAX4                                     EL1                                   MATEL             ELASTIC     87     88    189    188
   0.9339   0.0789  -1.9000e-04   2.2324e-18  -3.4310e-04   5.3336e-18  -1.9000e+01   2.2324e-13  -3.4310e+01   2.6668e-13
   0.9339   0.0211  -1.9000e-04   2.2324e-18  -3.4310e-04   6.0751e-18  -1.9000e+01   2.2324e-13  -3.4310e+01   3.0375e-13
   0.9311   0.0789  -1.9000e-04   2.2912e-18  -3.4357e-04   4.4662e-18  -1.9000e+01   2.2912e-13  -3.4357e+01   2.2331e-13
   0.9311   0.0211  -1.9000e-04   2.2912e-18  -3.4357e-04   5.4245e-18  -1.9000e+01   2.2912e-13  -3.4357e+01   2.7123e-13
El     88    CAX4                                     EL1                                   MATEL             ELASTIC     88     89    190    189
   0.9389   0.0789  -1.9082e-04   2.0741e-18  -3.4229e-04   4.4197e-18  -1.9082e+01   2.0741e-13  -3.4229e+01   2.2099e-13
   0.9389   0.0211  -1.9082e-04   2.0741e-18  -3.4229e-04   6.4226e-18  -1.9082e+01   2.0741e-13  -3.4229e+01   3.2113e-13
   0.9361   0.0789  -1.9082e-04   2.1743e-18  -3.4275e-04   4.2029e-18  -1.9082e+01   2.1743e-13  -3.4275e+01   2.1014e-13
   0.9361   0.0211  -1.9082e-04   2.1743e-18  -3.4275e-04   5.9889e-18  -1.9082e+01   2.1743e-13  -3.4275e+01   2.9945e-13
El     89    CAX4                                     EL1                                   MATEL             ELASTIC     89     90    191    190
   0.9439   0.0789  -1.9162e-04   1.9275e-18  -3.4149e-04   3.4382e-18  -1.9162e+01   1.9275e-13  -3.4149e+01   1.7191e-13
   0.9439   0.0211  -1.9162e-04   1.9275e-18  -3.4149e-04   5.0484e-18  -1.9162e+01   1.9275e-13  -3.4149e+01   2.5242e-13
   0.9411   0.0789  -1.9162e-04   2.0080e-18  -3.4195e-04   4.5224e-18  -1.9162e+01   2.0080e-13  -3.4195e+01   2.2612e-13
   0.9411   0.0211  -1.9162e-04   2.0080e-18  -3.4195e-04   5.9158e-18  -1.9162e+01   2.0080e-13  -3.4195e+01   2.9579e-13
El     90    CAX4                                     EL1                                   MATEL             ELASTIC     90     91    192    191
   0.9489   0.0789  -1.9241e-04   1.7766e-18  -3.4070e-04   4.5100e-18  -1.9241e+01   1.7766e-13  -3.4070e+01   2.2550e-13
   0.9489   0.0211  -1.9241e-04   1.7766e-18  -3.4070e-04   6.0712e-18  -1.9241e+01   1.7766e-13  -3.4070e+01   3.0356e-13
   0.9461   0.0789  -1.9241e-04   1.8655e-18  -3.4115e-04   3.6426e-18  -1.9241e+01   1.8655e-13  -3.4115e+01   1.8213e-13
   0.9461   0.0211  -1.9241e-04   1.8655e-18  -3.4115e-04   5.4207e-18  -1.9241e+01   1.8655e-13  -3.4115e+01   2.7104e-13
El     91    CAX4                                     EL1                                   MATEL             ELASTIC     91     92    193    192
   0.9539   0.0789  -1.9319e-04   1.5713e-18  -3.3993e-04   3.9177e-18  -1.9319e+01   1.5713e-13  -3.3993e+01   1.9589e-13
   0.9539   0.0211  -1.9319e-04   1.5713e-18  -3.3993e-04   6.4469e-18  -1.9319e+01   1.5713e-13  -3.3993e+01   3.2234e-13
   0.9511   0.0789  -1.9319e-04   1.6977e-18  -3.4037e-04   3.9177e-18  -1.9319e+01   1.6977e-13  -3.4037e+01   1.9589e-13
   0.9511   0.0211  -1.9319e-04   1.6977e-18  -3.4037e-04   6.4469e-18  -1.9319e+01   1.6977e-13  -3.4037e+01   3.2234e-13
El     92    CAX4                                     EL1                                   MATEL             ELASTIC     92     93    194    193
   0.9589   0.0789  -1.9395e-04   1.2873e-18  -3.3916e-04   4.5707e-18  -1.9395e+01   1.2873e-13  -3.3916e+01   2.2853e-13
   0.9589   0.0211  -1.9395e-04   1.2873e-18  -3.3916e-04   8.0505e-18  -1.9395e+01   1.2873e-13  -3.3916e+01   4.0252e-13
   0.9561   0.0789  -1.9395e-04   1.4613e-18  -3.3960e-04   2.6191e-18  -1.9395e+01   1.4613e-13  -3.3960e+01   1.3096e-13
   0.9561   0.0211  -1.9395e-04   1.4613e-18  -3.3960e-04   6.0989e-18  -1.9395e+01   1.4613e-13  -3.3960e+01   3.0494e-13
El     93    CAX4                                     EL1                                   MATEL             ELASTIC     93     94    195    194
   0.9639   0.0789  -1.9470e-04   8.4984e-19  -3.3841e-04   4.8838e-18  -1.9470e+01   8.4984e-14  -3.3841e+01   2.4419e-13
   0.9639   0.0211  -1.9470e-04   8.4984e-19  -3.3841e-04   1.0574e-17  -1.9470e+01   8.4984e-14  -3.3841e+01   5.2868e-13
   0.9611   0.0789  -1.9470e-04   1.1235e-18  -3.3885e-04   3.3660e-18  -1.9470e+01   1.1235e-13  -3.3885e+01   1.6830e-13
   0.9611   0.0211  -1.9470e-04   1.1235e-18  -3.3885e-04   8.8388e-18  -1.9470e+01   1.1235e-13  -3.3885e+01   4.4194e-13
El     94    CAX4                                     EL1                                   MATEL             ELASTIC     94     95    196    195
   0.9689   0.0789  -1.9545e-04   1.9859e-19  -3.3768e-04   5.2413e-18  -1.9545e+01   1.9859e-14  -3.3768e+01   2.6207e-13
   0.9689   0.0211  -1.9545e-04   1.9859e-19  -3.3768e-04   1.3310e-17  -1.9545e+01   1.9859e-14  -3.3768e+01   6.6549e-13
   0.9661   0.0789  -1.9545e-04   6.0202e-19  -3.3810e-04   2.6392e-18  -1.9545e+01   6.0202e-14  -3.3810e+01   1.3196e-13
   0.9661   0.0211  -1.9545e-04   6.0202e-19  -3.3810e-04   1.0708e-17  -1.9545e+01   6.0202e-14  -3.3810e+01   5.3538e-13
El     95    CAX4                                     EL1                                   MATEL             ELASTIC     95     96    197    196
   0.9739   0.0789  -1.9618e-04  -7.1506e-19  -3.3695e-04   5.7138e-18  -1.9618e+01  -7.1506e-14  -3.3695e+01   2.8569e-13
   0.9739   0.0211  -1.9618e-04  -7.1506e-19  -3.3695e-04   1.6929e-17  -1.9618e+01  -7.1506e-14  -3.3695e+01   8.4643e-13
   0.9711   0.0789  -1.9618e-04  -1.5432e-19  -3.3737e-04   2.8948e-18  -1.9618e+01  -1.5432e-14  -3.3737e+01   1.4474e-13
   0.9711   0.0211  -1.9618e-04  -1.5432e-19  -3.3737e-04   1.4110e-17  -1.9618e+01  -1.5432e-14  -3.3737e+01   7.0548e-13
El     96    CAX4                                     EL1                                   MATEL             ELASTIC     96     97    198    197
   0.9789   0.0789  -1.9690e-04  -2.0783e-18  -3.3623e-04   3.2938e-18  -1.9690e+01  -2.0783e-13  -3.3623e+01   1.6469e-13
   0.9789   0.0211  -1.9690e-04  -2.0783e-18  -3.3623e-04   2.0249e-17  -1.9690e+01  -2.0783e-13  -3.3623e+01   1.0124e-12
   0.9761   0.0789  -1.9690e-04  -1.2306e-18  -3.3664e-04   4.1171e-20  -1.9690e+01  -1.2306e-13  -3.3664e+01   2.0586e-15
   0.9761   0.0211  -1.9690e-04  -1.2306e-18  -3.3664e-04   1.6996e-17  -1.9690e+01  -1.2306e-13  -3.3664e+01   8.4980e-13
El     97    CAX4                                     EL1                                   MATEL             ELASTIC     97     98    199    198
   0.9839   0.0789  -1.9760e-04  -3.9613e-18  -3.3553e-04   4.2268e-19  -1.9760e+01  -3.9613e-13  -3.3553e+01   2.1134e-14
   0.9839   0.0211  -1.9760e-04  -3.9613e-18  -3.3553e-04   2.2797e-17  -1.9760e+01  -3.9613e-13  -3.3553e+01   1.1399e-12
   0.9811   0.0789  -1.9760e-04  -2.8100e-18  -3.3593e-04  -2.8299e-18  -1.9760e+01  -2.8100e-13  -3.3593e+01  -1.4150e-13
   0.9811   0.0211  -1.9760e-04  -2.8100e-18  -3.3593e-04   2.0195e-17  -1.9760e+01  -2.8100e-13  -3.3593e+01   1.0098e-12
El     98    CAX4                                     EL1                                   MATEL             ELASTIC     98     99    200    199
   0.9889   0.0789  -1.9830e-04  -6.1816e-18  -3.3483e-04  -4.1719e-19  -1.9830e+01  -6.1816e-13  -3.3483e+01  -2.0860e-14
   0.9889   0.0211  -1.9830e-04  -6.1816e-18  -3.3483e-04   2.6572e-17  -1.9830e+01  -6.1816e-13  -3.3483e+01   1.3286e-12
   0.9861   0.0789  -1.9830e-04  -4.8647e-18  -3.3523e-04  -2.5856e-18  -1.9830e+01  -4.8647e-13  -3.3523e+01  -1.2928e-13
   0.9861   0.0211  -1.9830e-04  -4.8647e-18  -3.3523e-04   2.3753e-17  -1.9830e+01  -4.8647e-13  -3.3523e+01   1.1876e-12
El     99    CAX4                                     EL1                                   MATEL             ELASTIC     99    100    201    200
   0.9939   0.0789  -1.9899e-04  -8.6795e-18  -3.3415e-04  -2.5862e-18  -1.9899e+01  -8.6795e-13  -3.3415e+01  -1.2931e-13
   0.9939   0.0211  -1.9899e-04  -8.6795e-18  -3.3415e-04   2.7361e-17  -1.9899e+01  -8.6795e-13  -3.3415e+01   1.3681e-12
   0.9911   0.0789  -1.9899e-04  -7.2038e-18  -3.3454e-04  -3.2367e-18  -1.9899e+01  -7.2038e-13  -3.3454e+01  -1.6183e-13
   0.9911   0.0211  -1.9899e-04  -7.2038e-18  -3.3454e-04   2.6277e-17  -1.9899e+01  -7.2038e-13  -3.3454e+01   1.3138e-12
El    100    CAX4                                     EL1                                   MATEL             ELASTIC    100    101    202    201
   0.9989   0.0789  -1.9967e-04  -1.1446e-17  -3.3347e-04  -5.9311e-18  -1.9967e+01  -1.1446e-12  -3.3347e+01  -2.9656e-13
   0.9989   0.0211  -1.9967e-04  -1.1446e-17  -3.3347e-04   2.6666e-17  -1.9967e+01  -1.1446e-12  -3.3347e+01   1.3333e-12
   0.9961   0.0789  -1.9967e-04  -9.8162e-18  -3.3386e-04  -5.9311e-18  -1.9967e+01  -9.8162e-13  -3.3386e+01  -2.9656e-13
   0.9961   0.0211  -1.9967e-04  -9.8162e-18  -3.3386e-04   2.6666e-17  -1.9967e+01  -9.8162e-13  -3.3386e+01   1.3333e-12
