*HEADING
axisym
axisym cone TAX2
2023-06-02_19-04-32
*NODE
    1,  5.0000e-01,  0.0000e+00,  0.0
    2,  5.5000e-01,  1.0000e-01,  0.0
    3,  6.0000e-01,  2.0000e-01,  0.0
    4,  6.5000e-01,  3.0000e-01,  0.0
    5,  7.0000e-01,  4.0000e-01,  0.0
    6,  7.5000e-01,  5.0000e-01,  0.0
    7,  8.0000e-01,  6.0000e-01,  0.0
    8,  8.5000e-01,  7.0000e-01,  0.0
    9,  9.0000e-01,  8.0000e-01,  0.0
   10,  9.5000e-01,  9.0000e-01,  0.0
   11,  1.0000e+00,  1.0000e+00,  0.0
*ELEMENT, ELSET=EL1, TYPE=TAX2
    1,       1,       2,   
    2,       2,       3,   
    3,       3,       4,   
    4,       4,       5,   
    5,       5,       6,   
    6,       6,       7,   
    7,       7,       8,   
    8,       8,       9,   
    9,       9,      10,   
   10,      10,      11,   
*MATERIAL, NAME=MATEL
*ELASTIC
100000.,0.0,0.0
*SOLID SECTION, ELSET=EL1, MATERIAL=MATEL
 0.100
*STEP
*STATIC
1.0, 1.0
*CONTROLS, ITOL=1.e-6, NITER=20
*AMPLITUDE, NAME=AMP
   0.0, 0.0,   1.0, 1.0
*BOUNDARY, AMPLITUDE=AMP
       1,   2,   2,   0.0000
*CLOAD, AMPLITUDE=AMP
       1,   1,   1.5708
       2,   1,   3.1416
       3,   1,   3.1416
       4,   1,   3.1416
       5,   1,   3.1416
       6,   1,   3.1416
       7,   1,   3.1416
       8,   1,   3.1416
       9,   1,   3.1416
      10,   1,   3.1416
      11,   1,   1.5708
*EL FILE, FREQUENCY=1.0
*NODE FILE, FREQUENCY=1.0
*END STEP
