  1.0000
    1   0.5000   0.0000   0.0000 -2.6667e-04  0.0000e+00  3.9441e-13  0.0000e+00
    2   0.5050   0.0000   0.0000 -2.6668e-04  0.0000e+00 -7.5165e-13  0.0000e+00
    3   0.5100   0.0000   0.0000 -2.6672e-04  0.0000e+00  3.7909e-13  0.0000e+00
    4   0.5150   0.0000   0.0000 -2.6678e-04  0.0000e+00  3.7537e-13  0.0000e+00
    5   0.5200   0.0000   0.0000 -2.6687e-04  0.0000e+00 -3.8458e-13  0.0000e+00
    6   0.5250   0.0000   0.0000 -2.6698e-04  0.0000e+00  2.8366e-13  0.0000e+00
    7   0.5300   0.0000   0.0000 -2.6712e-04  0.0000e+00  1.3967e-13  0.0000e+00
    8   0.5350   0.0000   0.0000 -2.6728e-04  0.0000e+00 -3.2130e-13  0.0000e+00
    9   0.5400   0.0000   0.0000 -2.6746e-04  0.0000e+00 -3.7348e-13  0.0000e+00
   10   0.5450   0.0000   0.0000 -2.6766e-04  0.0000e+00  3.3529e-14  0.0000e+00
   11   0.5500   0.0000   0.0000 -2.6788e-04  0.0000e+00 -2.3470e-13  0.0000e+00
   12   0.5550   0.0000   0.0000 -2.6812e-04  0.0000e+00  4.3521e-14  0.0000e+00
   13   0.5600   0.0000   0.0000 -2.6838e-04  0.0000e+00 -1.9451e-13  0.0000e+00
   14   0.5650   0.0000   0.0000 -2.6866e-04  0.0000e+00 -5.5289e-13  0.0000e+00
   15   0.5700   0.0000   0.0000 -2.6896e-04  0.0000e+00  2.7534e-13  0.0000e+00
   16   0.5750   0.0000   0.0000 -2.6927e-04  0.0000e+00  4.3965e-14  0.0000e+00
   17   0.5800   0.0000   0.0000 -2.6961e-04  0.0000e+00  2.8955e-13  0.0000e+00
   18   0.5850   0.0000   0.0000 -2.6996e-04  0.0000e+00 -2.9310e-14  0.0000e+00
   19   0.5900   0.0000   0.0000 -2.7033e-04  0.0000e+00  8.3267e-13  0.0000e+00
   20   0.5950   0.0000   0.0000 -2.7071e-04  0.0000e+00  3.2863e-13  0.0000e+00
   21   0.6000   0.0000   0.0000 -2.7111e-04  0.0000e+00  3.0420e-13  0.0000e+00
   22   0.6050   0.0000   0.0000 -2.7153e-04  0.0000e+00 -1.0791e-13  0.0000e+00
   23   0.6100   0.0000   0.0000 -2.7196e-04  0.0000e+00 -1.0658e-13  0.0000e+00
   24   0.6150   0.0000   0.0000 -2.7240e-04  0.0000e+00  1.6165e-13  0.0000e+00
   25   0.6200   0.0000   0.0000 -2.7286e-04  0.0000e+00  1.3323e-15  0.0000e+00
   26   0.6250   0.0000   0.0000 -2.7333e-04  0.0000e+00  8.2112e-13  0.0000e+00
   27   0.6300   0.0000   0.0000 -2.7382e-04  0.0000e+00  3.4328e-13  0.0000e+00
   28   0.6350   0.0000   0.0000 -2.7432e-04  0.0000e+00 -3.5438e-13  0.0000e+00
   29   0.6400   0.0000   0.0000 -2.7483e-04  0.0000e+00  3.4817e-13  0.0000e+00
   30   0.6450   0.0000   0.0000 -2.7536e-04  0.0000e+00 -3.7836e-13  0.0000e+00
   31   0.6500   0.0000   0.0000 -2.7590e-04  0.0000e+00 -3.0020e-13  0.0000e+00
   32   0.6550   0.0000   0.0000 -2.7645e-04  0.0000e+00 -6.8656e-13  0.0000e+00
   33   0.6600   0.0000   0.0000 -2.7701e-04  0.0000e+00  2.5047e-13  0.0000e+00
   34   0.6650   0.0000   0.0000 -2.7758e-04  0.0000e+00  4.2366e-13  0.0000e+00
   35   0.6700   0.0000   0.0000 -2.7817e-04  0.0000e+00  1.7764e-14  0.0000e+00
   36   0.6750   0.0000   0.0000 -2.7877e-04  0.0000e+00 -1.7586e-13  0.0000e+00
   37   0.6800   0.0000   0.0000 -2.7937e-04  0.0000e+00 -5.2403e-13  0.0000e+00
   38   0.6850   0.0000   0.0000 -2.7999e-04  0.0000e+00 -1.6609e-13  0.0000e+00
   39   0.6900   0.0000   0.0000 -2.8062e-04  0.0000e+00  1.7790e-12  0.0000e+00
   40   0.6950   0.0000   0.0000 -2.8126e-04  0.0000e+00 -1.5454e-13  0.0000e+00
   41   0.7000   0.0000   0.0000 -2.8190e-04  0.0000e+00 -1.4619e-12  0.0000e+00
   42   0.7050   0.0000   0.0000 -2.8256e-04  0.0000e+00  8.0469e-13  0.0000e+00
   43   0.7100   0.0000   0.0000 -2.8323e-04  0.0000e+00 -6.6347e-13  0.0000e+00
   44   0.7150   0.0000   0.0000 -2.8391e-04  0.0000e+00 -7.0788e-13  0.0000e+00
   45   0.7200   0.0000   0.0000 -2.8459e-04  0.0000e+00  4.6452e-13  0.0000e+00
   46   0.7250   0.0000   0.0000 -2.8529e-04  0.0000e+00  4.2544e-13  0.0000e+00
   47   0.7300   0.0000   0.0000 -2.8599e-04  0.0000e+00  5.4623e-13  0.0000e+00
   48   0.7350   0.0000   0.0000 -2.8670e-04  0.0000e+00 -8.3134e-13  0.0000e+00
   49   0.7400   0.0000   0.0000 -2.8742e-04  0.0000e+00  7.8337e-13  0.0000e+00
   50   0.7450   0.0000   0.0000 -2.8815e-04  0.0000e+00 -3.3751e-14  0.0000e+00
   51   0.7500   0.0000   0.0000 -2.8889e-04  0.0000e+00 -3.1974e-14  0.0000e+00
   52   0.7550   0.0000   0.0000 -2.8963e-04  0.0000e+00 -1.9797e-12  0.0000e+00
   53   0.7600   0.0000   0.0000 -2.9039e-04  0.0000e+00 -1.3030e-12  0.0000e+00
   54   0.7650   0.0000   0.0000 -2.9115e-04  0.0000e+00 -7.7094e-13  0.0000e+00
   55   0.7700   0.0000   0.0000 -2.9191e-04  0.0000e+00  5.4179e-14  0.0000e+00
   56   0.7750   0.0000   0.0000 -2.9269e-04  0.0000e+00  1.1671e-12  0.0000e+00
   57   0.7800   0.0000   0.0000 -2.9347e-04  0.0000e+00 -4.8672e-13  0.0000e+00
   58   0.7850   0.0000   0.0000 -2.9426e-04  0.0000e+00 -2.4869e-13  0.0000e+00
   59   0.7900   0.0000   0.0000 -2.9505e-04  0.0000e+00  2.1139e-13  0.0000e+00
   60   0.7950   0.0000   0.0000 -2.9586e-04  0.0000e+00  6.1107e-13  0.0000e+00
   61   0.8000   0.0000   0.0000 -2.9667e-04  0.0000e+00 -2.7889e-13  0.0000e+00
   62   0.8050   0.0000   0.0000 -2.9748e-04  0.0000e+00 -2.5580e-13  0.0000e+00
   63   0.8100   0.0000   0.0000 -2.9830e-04  0.0000e+00 -8.3666e-13  0.0000e+00
   64   0.8150   0.0000   0.0000 -2.9913e-04  0.0000e+00  9.5923e-14  0.0000e+00
   65   0.8200   0.0000   0.0000 -2.9997e-04  0.0000e+00  2.8599e-13  0.0000e+00
   66   0.8250   0.0000   0.0000 -3.0081e-04  0.0000e+00 -1.0356e-12  0.0000e+00
   67   0.8300   0.0000   0.0000 -3.0165e-04  0.0000e+00 -3.4106e-13  0.0000e+00
   68   0.8350   0.0000   0.0000 -3.0251e-04  0.0000e+00 -6.6080e-13  0.0000e+00
   69   0.8400   0.0000   0.0000 -3.0337e-04  0.0000e+00  2.3448e-13  0.0000e+00
   70   0.8450   0.0000   0.0000 -3.0423e-04  0.0000e+00  1.7639e-12  0.0000e+00
   71   0.8500   0.0000   0.0000 -3.0510e-04  0.0000e+00 -2.3626e-13  0.0000e+00
   72   0.8550   0.0000   0.0000 -3.0597e-04  0.0000e+00 -2.7178e-13  0.0000e+00
   73   0.8600   0.0000   0.0000 -3.0685e-04  0.0000e+00  4.4942e-13  0.0000e+00
   74   0.8650   0.0000   0.0000 -3.0774e-04  0.0000e+00  1.0321e-12  0.0000e+00
   75   0.8700   0.0000   0.0000 -3.0863e-04  0.0000e+00  4.1567e-13  0.0000e+00
   76   0.8750   0.0000   0.0000 -3.0952e-04  0.0000e+00 -9.7344e-13  0.0000e+00
   77   0.8800   0.0000   0.0000 -3.1042e-04  0.0000e+00 -2.8599e-13  0.0000e+00
   78   0.8850   0.0000   0.0000 -3.1133e-04  0.0000e+00 -1.1546e-13  0.0000e+00
   79   0.8900   0.0000   0.0000 -3.1224e-04  0.0000e+00 -2.8599e-13  0.0000e+00
   80   0.8950   0.0000   0.0000 -3.1315e-04  0.0000e+00 -5.4712e-13  0.0000e+00
   81   0.9000   0.0000   0.0000 -3.1407e-04  0.0000e+00  1.3536e-12  0.0000e+00
   82   0.9050   0.0000   0.0000 -3.1500e-04  0.0000e+00 -3.1086e-13  0.0000e+00
   83   0.9100   0.0000   0.0000 -3.1593e-04  0.0000e+00  4.2455e-13  0.0000e+00
   84   0.9150   0.0000   0.0000 -3.1686e-04  0.0000e+00 -7.0877e-13  0.0000e+00
   85   0.9200   0.0000   0.0000 -3.1780e-04  0.0000e+00  6.0218e-13  0.0000e+00
   86   0.9250   0.0000   0.0000 -3.1874e-04  0.0000e+00 -6.8923e-13  0.0000e+00
   87   0.9300   0.0000   0.0000 -3.1968e-04  0.0000e+00  5.3291e-14  0.0000e+00
   88   0.9350   0.0000   0.0000 -3.2063e-04  0.0000e+00 -7.8337e-13  0.0000e+00
   89   0.9400   0.0000   0.0000 -3.2159e-04  0.0000e+00 -4.1389e-13  0.0000e+00
   90   0.9450   0.0000   0.0000 -3.2255e-04  0.0000e+00 -1.4388e-13  0.0000e+00
   91   0.9500   0.0000   0.0000 -3.2351e-04  0.0000e+00 -2.3803e-13  0.0000e+00
   92   0.9550   0.0000   0.0000 -3.2447e-04  0.0000e+00  1.7764e-15  0.0000e+00
   93   0.9600   0.0000   0.0000 -3.2544e-04  0.0000e+00 -5.1159e-13  0.0000e+00
   94   0.9650   0.0000   0.0000 -3.2642e-04  0.0000e+00  1.0836e-13  0.0000e+00
   95   0.9700   0.0000   0.0000 -3.2740e-04  0.0000e+00 -2.4158e-13  0.0000e+00
   96   0.9750   0.0000   0.0000 -3.2838e-04  0.0000e+00 -1.5277e-13  0.0000e+00
   97   0.9800   0.0000   0.0000 -3.2936e-04  0.0000e+00 -6.2172e-13  0.0000e+00
   98   0.9850   0.0000   0.0000 -3.3035e-04  0.0000e+00  1.8474e-12  0.0000e+00
   99   0.9900   0.0000   0.0000 -3.3134e-04  0.0000e+00  1.6147e-12  0.0000e+00
  100   0.9950   0.0000   0.0000 -3.3234e-04  0.0000e+00  5.5067e-14  0.0000e+00
  101   1.0000   0.0000   0.0000 -3.3333e-04  0.0000e+00 -5.8087e-13  0.0000e+00
