Time   1.0000
El      1    TAX2                                     EL1                                   MATEL             ELASTIC      1      2
   0.5011   0.0000  -2.6446e-06  -5.3221e-04  -2.6446e-01  -5.3221e+01
   0.5039   0.0000  -2.6446e-06  -5.2918e-04  -2.6446e-01  -5.2918e+01
El      2    TAX2                                     EL1                                   MATEL             ELASTIC      2      3
   0.5061   0.0000  -7.8215e-06  -5.2699e-04  -7.8215e-01  -5.2699e+01
   0.5089   0.0000  -7.8215e-06  -5.2405e-04  -7.8215e-01  -5.2405e+01
El      3    TAX2                                     EL1                                   MATEL             ELASTIC      3      4
   0.5111   0.0000  -1.2848e-05  -5.2192e-04  -1.2848e+00  -5.2192e+01
   0.5139   0.0000  -1.2848e-05  -5.1906e-04  -1.2848e+00  -5.1906e+01
El      4    TAX2                                     EL1                                   MATEL             ELASTIC      4      5
   0.5161   0.0000  -1.7729e-05  -5.1700e-04  -1.7729e+00  -5.1700e+01
   0.5189   0.0000  -1.7729e-05  -5.1422e-04  -1.7729e+00  -5.1422e+01
El      5    TAX2                                     EL1                                   MATEL             ELASTIC      5      6
   0.5211   0.0000  -2.2470e-05  -5.1222e-04  -2.2470e+00  -5.1222e+01
   0.5239   0.0000  -2.2470e-05  -5.0952e-04  -2.2470e+00  -5.0952e+01
El      6    TAX2                                     EL1                                   MATEL             ELASTIC      6      7
   0.5261   0.0000  -2.7078e-05  -5.0757e-04  -2.7078e+00  -5.0757e+01
   0.5289   0.0000  -2.7078e-05  -5.0495e-04  -2.7078e+00  -5.0495e+01
El      7    TAX2                                     EL1                                   MATEL             ELASTIC      7      8
   0.5311   0.0000  -3.1556e-05  -5.0306e-04  -3.1556e+00  -5.0306e+01
   0.5339   0.0000  -3.1556e-05  -5.0051e-04  -3.1556e+00  -5.0051e+01
El      8    TAX2                                     EL1                                   MATEL             ELASTIC      8      9
   0.5361   0.0000  -3.5910e-05  -4.9867e-04  -3.5910e+00  -4.9867e+01
   0.5389   0.0000  -3.5910e-05  -4.9619e-04  -3.5910e+00  -4.9619e+01
El      9    TAX2                                     EL1                                   MATEL             ELASTIC      9     10
   0.5411   0.0000  -4.0144e-05  -4.9440e-04  -4.0144e+00  -4.9440e+01
   0.5439   0.0000  -4.0144e-05  -4.9199e-04  -4.0144e+00  -4.9199e+01
El     10    TAX2                                     EL1                                   MATEL             ELASTIC     10     11
   0.5461   0.0000  -4.4262e-05  -4.9025e-04  -4.4262e+00  -4.9025e+01
   0.5489   0.0000  -4.4262e-05  -4.8790e-04  -4.4262e+00  -4.8790e+01
El     11    TAX2                                     EL1                                   MATEL             ELASTIC     11     12
   0.5511   0.0000  -4.8270e-05  -4.8621e-04  -4.8270e+00  -4.8621e+01
   0.5539   0.0000  -4.8270e-05  -4.8393e-04  -4.8270e+00  -4.8393e+01
El     12    TAX2                                     EL1                                   MATEL             ELASTIC     12     13
   0.5561   0.0000  -5.2170e-05  -4.8228e-04  -5.2170e+00  -4.8228e+01
   0.5589   0.0000  -5.2170e-05  -4.8006e-04  -5.2170e+00  -4.8006e+01
El     13    TAX2                                     EL1                                   MATEL             ELASTIC     13     14
   0.5611   0.0000  -5.5966e-05  -4.7845e-04  -5.5966e+00  -4.7845e+01
   0.5639   0.0000  -5.5966e-05  -4.7629e-04  -5.5966e+00  -4.7629e+01
El     14    TAX2                                     EL1                                   MATEL             ELASTIC     14     15
   0.5661   0.0000  -5.9662e-05  -4.7473e-04  -5.9662e+00  -4.7473e+01
   0.5689   0.0000  -5.9662e-05  -4.7262e-04  -5.9662e+00  -4.7262e+01
El     15    TAX2                                     EL1                                   MATEL             ELASTIC     15     16
   0.5711   0.0000  -6.3262e-05  -4.7110e-04  -6.3262e+00  -4.7110e+01
   0.5739   0.0000  -6.3262e-05  -4.6905e-04  -6.3262e+00  -4.6905e+01
El     16    TAX2                                     EL1                                   MATEL             ELASTIC     16     17
   0.5761   0.0000  -6.6769e-05  -4.6757e-04  -6.6769e+00  -4.6757e+01
   0.5789   0.0000  -6.6769e-05  -4.6557e-04  -6.6769e+00  -4.6557e+01
El     17    TAX2                                     EL1                                   MATEL             ELASTIC     17     18
   0.5811   0.0000  -7.0186e-05  -4.6412e-04  -7.0186e+00  -4.6412e+01
   0.5839   0.0000  -7.0186e-05  -4.6218e-04  -7.0186e+00  -4.6218e+01
El     18    TAX2                                     EL1                                   MATEL             ELASTIC     18     19
   0.5861   0.0000  -7.3517e-05  -4.6077e-04  -7.3517e+00  -4.6077e+01
   0.5889   0.0000  -7.3517e-05  -4.5887e-04  -7.3517e+00  -4.5887e+01
El     19    TAX2                                     EL1                                   MATEL             ELASTIC     19     20
   0.5911   0.0000  -7.6763e-05  -4.5750e-04  -7.6763e+00  -4.5750e+01
   0.5939   0.0000  -7.6763e-05  -4.5565e-04  -7.6763e+00  -4.5565e+01
El     20    TAX2                                     EL1                                   MATEL             ELASTIC     20     21
   0.5961   0.0000  -7.9928e-05  -4.5431e-04  -7.9928e+00  -4.5431e+01
   0.5989   0.0000  -7.9928e-05  -4.5251e-04  -7.9928e+00  -4.5251e+01
El     21    TAX2                                     EL1                                   MATEL             ELASTIC     21     22
   0.6011   0.0000  -8.3014e-05  -4.5120e-04  -8.3014e+00  -4.5120e+01
   0.6039   0.0000  -8.3014e-05  -4.4944e-04  -8.3014e+00  -4.4944e+01
El     22    TAX2                                     EL1                                   MATEL             ELASTIC     22     23
   0.6061   0.0000  -8.6025e-05  -4.4817e-04  -8.6025e+00  -4.4817e+01
   0.6089   0.0000  -8.6025e-05  -4.4645e-04  -8.6025e+00  -4.4645e+01
El     23    TAX2                                     EL1                                   MATEL             ELASTIC     23     24
   0.6111   0.0000  -8.8962e-05  -4.4521e-04  -8.8962e+00  -4.4521e+01
   0.6139   0.0000  -8.8962e-05  -4.4354e-04  -8.8962e+00  -4.4354e+01
El     24    TAX2                                     EL1                                   MATEL             ELASTIC     24     25
   0.6161   0.0000  -9.1828e-05  -4.4233e-04  -9.1828e+00  -4.4233e+01
   0.6189   0.0000  -9.1828e-05  -4.4069e-04  -9.1828e+00  -4.4069e+01
El     25    TAX2                                     EL1                                   MATEL             ELASTIC     25     26
   0.6211   0.0000  -9.4626e-05  -4.3951e-04  -9.4626e+00  -4.3951e+01
   0.6239   0.0000  -9.4626e-05  -4.3791e-04  -9.4626e+00  -4.3791e+01
El     26    TAX2                                     EL1                                   MATEL             ELASTIC     26     27
   0.6261   0.0000  -9.7357e-05  -4.3676e-04  -9.7357e+00  -4.3676e+01
   0.6289   0.0000  -9.7357e-05  -4.3520e-04  -9.7357e+00  -4.3520e+01
El     27    TAX2                                     EL1                                   MATEL             ELASTIC     27     28
   0.6311   0.0000  -1.0002e-04  -4.3407e-04  -1.0002e+01  -4.3407e+01
   0.6339   0.0000  -1.0002e-04  -4.3255e-04  -1.0002e+01  -4.3255e+01
El     28    TAX2                                     EL1                                   MATEL             ELASTIC     28     29
   0.6361   0.0000  -1.0263e-04  -4.3145e-04  -1.0263e+01  -4.3145e+01
   0.6389   0.0000  -1.0263e-04  -4.2997e-04  -1.0263e+01  -4.2997e+01
El     29    TAX2                                     EL1                                   MATEL             ELASTIC     29     30
   0.6411   0.0000  -1.0517e-04  -4.2889e-04  -1.0517e+01  -4.2889e+01
   0.6439   0.0000  -1.0517e-04  -4.2744e-04  -1.0517e+01  -4.2744e+01
El     30    TAX2                                     EL1                                   MATEL             ELASTIC     30     31
   0.6461   0.0000  -1.0765e-04  -4.2639e-04  -1.0765e+01  -4.2639e+01
   0.6489   0.0000  -1.0765e-04  -4.2497e-04  -1.0765e+01  -4.2497e+01
El     31    TAX2                                     EL1                                   MATEL             ELASTIC     31     32
   0.6511   0.0000  -1.1008e-04  -4.2395e-04  -1.1008e+01  -4.2395e+01
   0.6539   0.0000  -1.1008e-04  -4.2256e-04  -1.1008e+01  -4.2256e+01
El     32    TAX2                                     EL1                                   MATEL             ELASTIC     32     33
   0.6561   0.0000  -1.1245e-04  -4.2156e-04  -1.1245e+01  -4.2156e+01
   0.6589   0.0000  -1.1245e-04  -4.2020e-04  -1.1245e+01  -4.2020e+01
El     33    TAX2                                     EL1                                   MATEL             ELASTIC     33     34
   0.6611   0.0000  -1.1477e-04  -4.1922e-04  -1.1477e+01  -4.1922e+01
   0.6639   0.0000  -1.1477e-04  -4.1790e-04  -1.1477e+01  -4.1790e+01
El     34    TAX2                                     EL1                                   MATEL             ELASTIC     34     35
   0.6661   0.0000  -1.1704e-04  -4.1694e-04  -1.1704e+01  -4.1694e+01
   0.6689   0.0000  -1.1704e-04  -4.1565e-04  -1.1704e+01  -4.1565e+01
El     35    TAX2                                     EL1                                   MATEL             ELASTIC     35     36
   0.6711   0.0000  -1.1926e-04  -4.1471e-04  -1.1926e+01  -4.1471e+01
   0.6739   0.0000  -1.1926e-04  -4.1345e-04  -1.1926e+01  -4.1345e+01
El     36    TAX2                                     EL1                                   MATEL             ELASTIC     36     37
   0.6761   0.0000  -1.2143e-04  -4.1253e-04  -1.2143e+01  -4.1253e+01
   0.6789   0.0000  -1.2143e-04  -4.1129e-04  -1.2143e+01  -4.1129e+01
El     37    TAX2                                     EL1                                   MATEL             ELASTIC     37     38
   0.6811   0.0000  -1.2355e-04  -4.1040e-04  -1.2355e+01  -4.1040e+01
   0.6839   0.0000  -1.2355e-04  -4.0919e-04  -1.2355e+01  -4.0919e+01
El     38    TAX2                                     EL1                                   MATEL             ELASTIC     38     39
   0.6861   0.0000  -1.2562e-04  -4.0831e-04  -1.2562e+01  -4.0831e+01
   0.6889   0.0000  -1.2562e-04  -4.0712e-04  -1.2562e+01  -4.0712e+01
El     39    TAX2                                     EL1                                   MATEL             ELASTIC     39     40
   0.6911   0.0000  -1.2765e-04  -4.0627e-04  -1.2765e+01  -4.0627e+01
   0.6939   0.0000  -1.2765e-04  -4.0511e-04  -1.2765e+01  -4.0511e+01
El     40    TAX2                                     EL1                                   MATEL             ELASTIC     40     41
   0.6961   0.0000  -1.2964e-04  -4.0427e-04  -1.2964e+01  -4.0427e+01
   0.6989   0.0000  -1.2964e-04  -4.0313e-04  -1.2964e+01  -4.0313e+01
El     41    TAX2                                     EL1                                   MATEL             ELASTIC     41     42
   0.7011   0.0000  -1.3158e-04  -4.0231e-04  -1.3158e+01  -4.0231e+01
   0.7039   0.0000  -1.3158e-04  -4.0120e-04  -1.3158e+01  -4.0120e+01
El     42    TAX2                                     EL1                                   MATEL             ELASTIC     42     43
   0.7061   0.0000  -1.3348e-04  -4.0040e-04  -1.3348e+01  -4.0040e+01
   0.7089   0.0000  -1.3348e-04  -3.9931e-04  -1.3348e+01  -3.9931e+01
El     43    TAX2                                     EL1                                   MATEL             ELASTIC     43     44
   0.7111   0.0000  -1.3534e-04  -3.9852e-04  -1.3534e+01  -3.9852e+01
   0.7139   0.0000  -1.3534e-04  -3.9746e-04  -1.3534e+01  -3.9746e+01
El     44    TAX2                                     EL1                                   MATEL             ELASTIC     44     45
   0.7161   0.0000  -1.3717e-04  -3.9669e-04  -1.3717e+01  -3.9669e+01
   0.7189   0.0000  -1.3717e-04  -3.9565e-04  -1.3717e+01  -3.9565e+01
El     45    TAX2                                     EL1                                   MATEL             ELASTIC     45     46
   0.7211   0.0000  -1.3895e-04  -3.9489e-04  -1.3895e+01  -3.9489e+01
   0.7239   0.0000  -1.3895e-04  -3.9387e-04  -1.3895e+01  -3.9387e+01
El     46    TAX2                                     EL1                                   MATEL             ELASTIC     46     47
   0.7261   0.0000  -1.4070e-04  -3.9313e-04  -1.4070e+01  -3.9313e+01
   0.7289   0.0000  -1.4070e-04  -3.9213e-04  -1.4070e+01  -3.9213e+01
El     47    TAX2                                     EL1                                   MATEL             ELASTIC     47     48
   0.7311   0.0000  -1.4242e-04  -3.9141e-04  -1.4242e+01  -3.9141e+01
   0.7339   0.0000  -1.4242e-04  -3.9043e-04  -1.4242e+01  -3.9043e+01
El     48    TAX2                                     EL1                                   MATEL             ELASTIC     48     49
   0.7361   0.0000  -1.4410e-04  -3.8972e-04  -1.4410e+01  -3.8972e+01
   0.7389   0.0000  -1.4410e-04  -3.8876e-04  -1.4410e+01  -3.8876e+01
El     49    TAX2                                     EL1                                   MATEL             ELASTIC     49     50
   0.7411   0.0000  -1.4574e-04  -3.8806e-04  -1.4574e+01  -3.8806e+01
   0.7439   0.0000  -1.4574e-04  -3.8712e-04  -1.4574e+01  -3.8712e+01
El     50    TAX2                                     EL1                                   MATEL             ELASTIC     50     51
   0.7461   0.0000  -1.4735e-04  -3.8644e-04  -1.4735e+01  -3.8644e+01
   0.7489   0.0000  -1.4735e-04  -3.8552e-04  -1.4735e+01  -3.8552e+01
El     51    TAX2                                     EL1                                   MATEL             ELASTIC     51     52
   0.7511   0.0000  -1.4893e-04  -3.8485e-04  -1.4893e+01  -3.8485e+01
   0.7539   0.0000  -1.4893e-04  -3.8395e-04  -1.4893e+01  -3.8395e+01
El     52    TAX2                                     EL1                                   MATEL             ELASTIC     52     53
   0.7561   0.0000  -1.5048e-04  -3.8329e-04  -1.5048e+01  -3.8329e+01
   0.7589   0.0000  -1.5048e-04  -3.8241e-04  -1.5048e+01  -3.8241e+01
El     53    TAX2                                     EL1                                   MATEL             ELASTIC     53     54
   0.7611   0.0000  -1.5200e-04  -3.8177e-04  -1.5200e+01  -3.8177e+01
   0.7639   0.0000  -1.5200e-04  -3.8090e-04  -1.5200e+01  -3.8090e+01
El     54    TAX2                                     EL1                                   MATEL             ELASTIC     54     55
   0.7661   0.0000  -1.5349e-04  -3.8027e-04  -1.5349e+01  -3.8027e+01
   0.7689   0.0000  -1.5349e-04  -3.7942e-04  -1.5349e+01  -3.7942e+01
El     55    TAX2                                     EL1                                   MATEL             ELASTIC     55     56
   0.7711   0.0000  -1.5495e-04  -3.7880e-04  -1.5495e+01  -3.7880e+01
   0.7739   0.0000  -1.5495e-04  -3.7797e-04  -1.5495e+01  -3.7797e+01
El     56    TAX2                                     EL1                                   MATEL             ELASTIC     56     57
   0.7761   0.0000  -1.5638e-04  -3.7736e-04  -1.5638e+01  -3.7736e+01
   0.7789   0.0000  -1.5638e-04  -3.7654e-04  -1.5638e+01  -3.7654e+01
El     57    TAX2                                     EL1                                   MATEL             ELASTIC     57     58
   0.7811   0.0000  -1.5779e-04  -3.7595e-04  -1.5779e+01  -3.7595e+01
   0.7839   0.0000  -1.5779e-04  -3.7514e-04  -1.5779e+01  -3.7514e+01
El     58    TAX2                                     EL1                                   MATEL             ELASTIC     58     59
   0.7861   0.0000  -1.5917e-04  -3.7456e-04  -1.5917e+01  -3.7456e+01
   0.7889   0.0000  -1.5917e-04  -3.7377e-04  -1.5917e+01  -3.7377e+01
El     59    TAX2                                     EL1                                   MATEL             ELASTIC     59     60
   0.7911   0.0000  -1.6052e-04  -3.7320e-04  -1.6052e+01  -3.7320e+01
   0.7939   0.0000  -1.6052e-04  -3.7243e-04  -1.6052e+01  -3.7243e+01
El     60    TAX2                                     EL1                                   MATEL             ELASTIC     60     61
   0.7961   0.0000  -1.6185e-04  -3.7187e-04  -1.6185e+01  -3.7187e+01
   0.7989   0.0000  -1.6185e-04  -3.7111e-04  -1.6185e+01  -3.7111e+01
El     61    TAX2                                     EL1                                   MATEL             ELASTIC     61     62
   0.8011   0.0000  -1.6315e-04  -3.7056e-04  -1.6315e+01  -3.7056e+01
   0.8039   0.0000  -1.6315e-04  -3.6981e-04  -1.6315e+01  -3.6981e+01
El     62    TAX2                                     EL1                                   MATEL             ELASTIC     62     63
   0.8061   0.0000  -1.6443e-04  -3.6927e-04  -1.6443e+01  -3.6927e+01
   0.8089   0.0000  -1.6443e-04  -3.6854e-04  -1.6443e+01  -3.6854e+01
El     63    TAX2                                     EL1                                   MATEL             ELASTIC     63     64
   0.8111   0.0000  -1.6568e-04  -3.6801e-04  -1.6568e+01  -3.6801e+01
   0.8139   0.0000  -1.6568e-04  -3.6730e-04  -1.6568e+01  -3.6730e+01
El     64    TAX2                                     EL1                                   MATEL             ELASTIC     64     65
   0.8161   0.0000  -1.6691e-04  -3.6678e-04  -1.6691e+01  -3.6678e+01
   0.8189   0.0000  -1.6691e-04  -3.6607e-04  -1.6691e+01  -3.6607e+01
El     65    TAX2                                     EL1                                   MATEL             ELASTIC     65     66
   0.8211   0.0000  -1.6812e-04  -3.6556e-04  -1.6812e+01  -3.6556e+01
   0.8239   0.0000  -1.6812e-04  -3.6487e-04  -1.6812e+01  -3.6487e+01
El     66    TAX2                                     EL1                                   MATEL             ELASTIC     66     67
   0.8261   0.0000  -1.6931e-04  -3.6437e-04  -1.6931e+01  -3.6437e+01
   0.8289   0.0000  -1.6931e-04  -3.6369e-04  -1.6931e+01  -3.6369e+01
El     67    TAX2                                     EL1                                   MATEL             ELASTIC     67     68
   0.8311   0.0000  -1.7047e-04  -3.6319e-04  -1.7047e+01  -3.6319e+01
   0.8339   0.0000  -1.7047e-04  -3.6253e-04  -1.7047e+01  -3.6253e+01
El     68    TAX2                                     EL1                                   MATEL             ELASTIC     68     69
   0.8361   0.0000  -1.7162e-04  -3.6204e-04  -1.7162e+01  -3.6204e+01
   0.8389   0.0000  -1.7162e-04  -3.6139e-04  -1.7162e+01  -3.6139e+01
El     69    TAX2                                     EL1                                   MATEL             ELASTIC     69     70
   0.8411   0.0000  -1.7274e-04  -3.6091e-04  -1.7274e+01  -3.6091e+01
   0.8439   0.0000  -1.7274e-04  -3.6027e-04  -1.7274e+01  -3.6027e+01
El     70    TAX2                                     EL1                                   MATEL             ELASTIC     70     71
   0.8461   0.0000  -1.7385e-04  -3.5980e-04  -1.7385e+01  -3.5980e+01
   0.8489   0.0000  -1.7385e-04  -3.5917e-04  -1.7385e+01  -3.5917e+01
El     71    TAX2                                     EL1                                   MATEL             ELASTIC     71     72
   0.8511   0.0000  -1.7494e-04  -3.5871e-04  -1.7494e+01  -3.5871e+01
   0.8539   0.0000  -1.7494e-04  -3.5809e-04  -1.7494e+01  -3.5809e+01
El     72    TAX2                                     EL1                                   MATEL             ELASTIC     72     73
   0.8561   0.0000  -1.7600e-04  -3.5764e-04  -1.7600e+01  -3.5764e+01
   0.8589   0.0000  -1.7600e-04  -3.5703e-04  -1.7600e+01  -3.5703e+01
El     73    TAX2                                     EL1                                   MATEL             ELASTIC     73     74
   0.8611   0.0000  -1.7705e-04  -3.5658e-04  -1.7705e+01  -3.5658e+01
   0.8639   0.0000  -1.7705e-04  -3.5598e-04  -1.7705e+01  -3.5598e+01
El     74    TAX2                                     EL1                                   MATEL             ELASTIC     74     75
   0.8661   0.0000  -1.7808e-04  -3.5555e-04  -1.7808e+01  -3.5555e+01
   0.8689   0.0000  -1.7808e-04  -3.5496e-04  -1.7808e+01  -3.5496e+01
El     75    TAX2                                     EL1                                   MATEL             ELASTIC     75     76
   0.8711   0.0000  -1.7909e-04  -3.5453e-04  -1.7909e+01  -3.5453e+01
   0.8739   0.0000  -1.7909e-04  -3.5395e-04  -1.7909e+01  -3.5395e+01
El     76    TAX2                                     EL1                                   MATEL             ELASTIC     76     77
   0.8761   0.0000  -1.8009e-04  -3.5353e-04  -1.8009e+01  -3.5353e+01
   0.8789   0.0000  -1.8009e-04  -3.5296e-04  -1.8009e+01  -3.5296e+01
El     77    TAX2                                     EL1                                   MATEL             ELASTIC     77     78
   0.8811   0.0000  -1.8107e-04  -3.5255e-04  -1.8107e+01  -3.5255e+01
   0.8839   0.0000  -1.8107e-04  -3.5199e-04  -1.8107e+01  -3.5199e+01
El     78    TAX2                                     EL1                                   MATEL             ELASTIC     78     79
   0.8861   0.0000  -1.8203e-04  -3.5158e-04  -1.8203e+01  -3.5158e+01
   0.8889   0.0000  -1.8203e-04  -3.5103e-04  -1.8203e+01  -3.5103e+01
El     79    TAX2                                     EL1                                   MATEL             ELASTIC     79     80
   0.8911   0.0000  -1.8297e-04  -3.5063e-04  -1.8297e+01  -3.5063e+01
   0.8939   0.0000  -1.8297e-04  -3.5009e-04  -1.8297e+01  -3.5009e+01
El     80    TAX2                                     EL1                                   MATEL             ELASTIC     80     81
   0.8961   0.0000  -1.8390e-04  -3.4970e-04  -1.8390e+01  -3.4970e+01
   0.8989   0.0000  -1.8390e-04  -3.4917e-04  -1.8390e+01  -3.4917e+01
El     81    TAX2                                     EL1                                   MATEL             ELASTIC     81     82
   0.9011   0.0000  -1.8482e-04  -3.4878e-04  -1.8482e+01  -3.4878e+01
   0.9039   0.0000  -1.8482e-04  -3.4826e-04  -1.8482e+01  -3.4826e+01
El     82    TAX2                                     EL1                                   MATEL             ELASTIC     82     83
   0.9061   0.0000  -1.8572e-04  -3.4787e-04  -1.8572e+01  -3.4787e+01
   0.9089   0.0000  -1.8572e-04  -3.4736e-04  -1.8572e+01  -3.4736e+01
El     83    TAX2                                     EL1                                   MATEL             ELASTIC     83     84
   0.9111   0.0000  -1.8660e-04  -3.4699e-04  -1.8660e+01  -3.4699e+01
   0.9139   0.0000  -1.8660e-04  -3.4648e-04  -1.8660e+01  -3.4648e+01
El     84    TAX2                                     EL1                                   MATEL             ELASTIC     84     85
   0.9161   0.0000  -1.8747e-04  -3.4611e-04  -1.8747e+01  -3.4611e+01
   0.9189   0.0000  -1.8747e-04  -3.4561e-04  -1.8747e+01  -3.4561e+01
El     85    TAX2                                     EL1                                   MATEL             ELASTIC     85     86
   0.9211   0.0000  -1.8833e-04  -3.4525e-04  -1.8833e+01  -3.4525e+01
   0.9239   0.0000  -1.8833e-04  -3.4476e-04  -1.8833e+01  -3.4476e+01
El     86    TAX2                                     EL1                                   MATEL             ELASTIC     86     87
   0.9261   0.0000  -1.8917e-04  -3.4441e-04  -1.8917e+01  -3.4441e+01
   0.9289   0.0000  -1.8917e-04  -3.4392e-04  -1.8917e+01  -3.4392e+01
El     87    TAX2                                     EL1                                   MATEL             ELASTIC     87     88
   0.9311   0.0000  -1.9000e-04  -3.4357e-04  -1.9000e+01  -3.4357e+01
   0.9339   0.0000  -1.9000e-04  -3.4310e-04  -1.9000e+01  -3.4310e+01
El     88    TAX2                                     EL1                                   MATEL             ELASTIC     88     89
   0.9361   0.0000  -1.9082e-04  -3.4275e-04  -1.9082e+01  -3.4275e+01
   0.9389   0.0000  -1.9082e-04  -3.4229e-04  -1.9082e+01  -3.4229e+01
El     89    TAX2                                     EL1                                   MATEL             ELASTIC     89     90
   0.9411   0.0000  -1.9162e-04  -3.4195e-04  -1.9162e+01  -3.4195e+01
   0.9439   0.0000  -1.9162e-04  -3.4149e-04  -1.9162e+01  -3.4149e+01
El     90    TAX2                                     EL1                                   MATEL             ELASTIC     90     91
   0.9461   0.0000  -1.9241e-04  -3.4115e-04  -1.9241e+01  -3.4115e+01
   0.9489   0.0000  -1.9241e-04  -3.4070e-04  -1.9241e+01  -3.4070e+01
El     91    TAX2                                     EL1                                   MATEL             ELASTIC     91     92
   0.9511   0.0000  -1.9319e-04  -3.4037e-04  -1.9319e+01  -3.4037e+01
   0.9539   0.0000  -1.9319e-04  -3.3993e-04  -1.9319e+01  -3.3993e+01
El     92    TAX2                                     EL1                                   MATEL             ELASTIC     92     93
   0.9561   0.0000  -1.9395e-04  -3.3960e-04  -1.9395e+01  -3.3960e+01
   0.9589   0.0000  -1.9395e-04  -3.3916e-04  -1.9395e+01  -3.3916e+01
El     93    TAX2                                     EL1                                   MATEL             ELASTIC     93     94
   0.9611   0.0000  -1.9470e-04  -3.3885e-04  -1.9470e+01  -3.3885e+01
   0.9639   0.0000  -1.9470e-04  -3.3841e-04  -1.9470e+01  -3.3841e+01
El     94    TAX2                                     EL1                                   MATEL             ELASTIC     94     95
   0.9661   0.0000  -1.9545e-04  -3.3810e-04  -1.9545e+01  -3.3810e+01
   0.9689   0.0000  -1.9545e-04  -3.3768e-04  -1.9545e+01  -3.3768e+01
El     95    TAX2                                     EL1                                   MATEL             ELASTIC     95     96
   0.9711   0.0000  -1.9618e-04  -3.3737e-04  -1.9618e+01  -3.3737e+01
   0.9739   0.0000  -1.9618e-04  -3.3695e-04  -1.9618e+01  -3.3695e+01
El     96    TAX2                                     EL1                                   MATEL             ELASTIC     96     97
   0.9761   0.0000  -1.9690e-04  -3.3664e-04  -1.9690e+01  -3.3664e+01
   0.9789   0.0000  -1.9690e-04  -3.3623e-04  -1.9690e+01  -3.3623e+01
El     97    TAX2                                     EL1                                   MATEL             ELASTIC     97     98
   0.9811   0.0000  -1.9760e-04  -3.3593e-04  -1.9760e+01  -3.3593e+01
   0.9839   0.0000  -1.9760e-04  -3.3553e-04  -1.9760e+01  -3.3553e+01
El     98    TAX2                                     EL1                                   MATEL             ELASTIC     98     99
   0.9861   0.0000  -1.9830e-04  -3.3523e-04  -1.9830e+01  -3.3523e+01
   0.9889   0.0000  -1.9830e-04  -3.3483e-04  -1.9830e+01  -3.3483e+01
El     99    TAX2                                     EL1                                   MATEL             ELASTIC     99    100
   0.9911   0.0000  -1.9899e-04  -3.3454e-04  -1.9899e+01  -3.3454e+01
   0.9939   0.0000  -1.9899e-04  -3.3415e-04  -1.9899e+01  -3.3415e+01
El    100    TAX2                                     EL1                                   MATEL             ELASTIC    100    101
   0.9961   0.0000  -1.9967e-04  -3.3386e-04  -1.9967e+01  -3.3386e+01
   0.9989   0.0000  -1.9967e-04  -3.3347e-04  -1.9967e+01  -3.3347e+01
