Time,   1.0000
      1,   0.0000,   0.0000,   0.0000,    3,    0.0000e+00,  0.0000e+00, -1.8797e-02,      4.0162e-10,  1.5000e-01,  3.8724e-10,      0.0000e+00,  0.0000e+00, -3.8724e-10,
      2,   0.2500,   0.0000,   0.0000,    1,    1.9138e-05,      2.6600e-09,     -2.6600e-09,
      3,   0.5000,   0.0000,   0.0000,    3,    7.3506e-05, -9.2253e-03, -1.7775e-02,      7.0542e-09,  2.8809e-09, -8.5867e-10,     -7.0542e-09, -2.8809e-09,  8.5867e-10,
      4,   0.7500,   0.0000,   0.0000,    1,    1.5863e-04,      1.3831e-08,     -1.3831e-08,
      5,   1.0000,   0.0000,   0.0000,    3,    2.7013e-04, -1.7477e-02, -1.4966e-02,      1.4607e-08, -4.6005e-08, -3.1246e-09,     -1.4607e-08,  4.6005e-08,  3.1246e-09,
      6,   1.2500,   0.0000,   0.0000,    1,    4.0377e-04,     -2.0126e-08,      2.0126e-08,
      7,   1.5000,   0.0000,   0.0000,    3,    5.5546e-04, -2.3961e-02, -1.0775e-02,     -4.0154e-08, -1.0965e-07, -3.8541e-10,      4.0154e-08,  1.0965e-07,  3.8541e-10,
      8,   1.7500,   0.0000,   0.0000,    1,    7.2127e-04,     -1.6482e-07,      1.6482e-07,
      9,   2.0000,   0.0000,   0.0000,    3,    8.9746e-04, -2.8093e-02, -5.6316e-03,      9.2937e-06,  4.2290e-07, -5.8056e-07,     -9.2937e-06, -4.2290e-07,  5.8056e-07,
     10,   2.2500,   0.0000,   0.0000,    1,    1.0805e-03,      1.9115e-06,     -1.9115e-06,
     11,   2.5000,   0.0000,   0.0000,    3,    1.2668e-03, -2.9511e-02,  1.6932e-09,     -1.1460e-05, -1.6533e-07,  7.7873e-07,      1.1460e-05,  1.6533e-07, -7.7873e-07,
     12,   2.7500,   0.0000,   0.0000,    1,    1.4532e-03,      1.3914e-07,     -1.3914e-07,
     13,   3.0000,   0.0000,   0.0000,    3,    1.6362e-03, -2.8093e-02,  5.6316e-03,      1.1743e-07,  4.0361e-08, -5.3355e-09,     -1.1743e-07, -4.0361e-08,  5.3355e-09,
     14,   3.2500,   0.0000,   0.0000,    1,    1.8124e-03,      1.5081e-07,     -1.5081e-07,
     15,   3.5000,   0.0000,   0.0000,    3,    1.9782e-03, -2.3961e-02,  1.0775e-02,      5.1941e-08, -1.1187e-07,  1.0414e-09,     -5.1941e-08,  1.1187e-07, -1.0414e-09,
     16,   3.7500,   0.0000,   0.0000,    1,    2.1299e-03,      2.0131e-08,     -2.0131e-08,
     17,   4.0000,   0.0000,   0.0000,    3,    2.2635e-03, -1.7477e-02,  1.4966e-02,     -1.0722e-08, -4.7627e-08,  2.5429e-09,      1.0722e-08,  4.7627e-08, -2.5429e-09,
     18,   4.2500,   0.0000,   0.0000,    1,    2.3750e-03,     -1.8301e-08,      1.8301e-08,
     19,   4.5000,   0.0000,   0.0000,    3,    2.4602e-03, -9.2253e-03,  1.7775e-02,     -6.8202e-09,  4.8262e-09,  7.5223e-10,      6.8202e-09, -4.8262e-09, -7.5223e-10,
     20,   4.7500,   0.0000,   0.0000,    1,    2.5145e-03,     -2.3771e-09,      2.3771e-09,
     21,   5.0000,   0.0000,   0.0000,    3,    2.5337e-03,  0.0000e+00,  1.8797e-02,     -3.3826e-10,  1.5000e-01, -3.4921e-10,      3.3826e-10,  0.0000e+00,  3.4921e-10,
