ConFem  ../DataExamples/E04/E3-02_CircMises
symmetric system True, used LinAlg2 True, used ConFemMatC True, used CaeFemElemC True
ndofs 43, elems 10, active nodes 21, abs.size 0.22 MItems, rel.size 0.1222 (abs.size/(ndofs**2)
used material MAT1, spec. inertial mass 0.00e+00, type MISES
0 step starts, solution type NR
0   1 2.500 0.00000 iter 0 0.000000e+00 1.000000e+00    0.000000e+00
0   1 2.500 0.10000 iter 1 4.342768e+00 1.000000e+00    8.014599e-03
0   1 2.500 0.10000 iter 2 4.793871e-15 1.331555e-03    1.335766e-02
0   2 2.500 0.10000 iter 0 4.793871e-15 1.000000e+00    0.000000e+00
0   2 2.500 0.20000 iter 1 4.342768e+00 1.000000e+00    8.014599e-03
0   2 2.500 0.20000 iter 2 3.644441e-15 1.331555e-03    1.335766e-02
0   3 2.500 0.20000 iter 0 3.644441e-15 1.000000e+00    0.000000e+00
0   3 2.500 0.30000 iter 1 4.342768e+00 1.000000e+00    8.014599e-03
0   3 2.500 0.30000 iter 2 1.159912e-14 1.331555e-03    1.335766e-02
0   4 2.500 0.30000 iter 0 1.159912e-14 1.000000e+00    0.000000e+00
0   4 2.500 0.40000 iter 1 4.342768e+00 1.000000e+00    8.014599e-03
0   4 2.500 0.40000 iter 2 1.133652e-14 1.331555e-03    1.335766e-02
0   5 2.500 0.40000 iter 0 1.133652e-14 1.000000e+00    0.000000e+00
0   5 2.500 0.50000 iter 1 4.226020e+00 1.000000e+00    8.014599e-03
0   5 2.500 0.50000 iter 2 5.183698e-03 1.114220e-04    1.334675e-02
0   5 2.500 0.50000 iter 3 2.832660e-14 3.637088e-18    1.332818e-02
Element data written 0.500000
Nodal data written 0.500000
0   6 2.500 0.50000 iter 0 2.832660e-14 1.000000e+00    0.000000e+00
0   6 2.500 0.60000 iter 1 3.120675e+00 1.000000e+00    7.955813e-03
0   6 2.500 0.60000 iter 2 3.271157e-03 1.827580e-03    1.309910e-02
0   6 2.500 0.60000 iter 3 7.742824e-05 5.707276e-09    1.306649e-02
0   7 2.500 0.60000 iter 0 7.742824e-05 1.000000e+00    0.000000e+00
0   7 2.500 0.70000 iter 1 2.208042e+00 1.000000e+00    7.713807e-03
0   7 2.500 0.70000 iter 2 1.201918e-03 2.147704e-03    1.272453e-02
0   7 2.500 0.70000 iter 3 1.520504e-14 2.216323e-18    1.270078e-02
0   8 2.500 0.70000 iter 0 1.520504e-14 1.000000e+00    0.000000e+00
0   8 2.500 0.80000 iter 1 1.552125e+00 1.000000e+00    7.534406e-03
0   8 2.500 0.80000 iter 2 1.463303e-03 2.667653e-03    1.240735e-02
0   8 2.500 0.80000 iter 3 1.821134e-04 4.709989e-08    1.238870e-02
0   8 2.500 0.80000 iter 4 1.753987e-14 5.036389e-20    1.238884e-02
0   9 2.500 0.80000 iter 0 1.753987e-14 1.000000e+00    0.000000e+00
0   9 2.500 0.90000 iter 1 1.095919e+00 1.000000e+00    7.353627e-03
0   9 2.500 0.90000 iter 2 3.112398e-03 4.650016e-04    1.218707e-02
0   9 2.500 0.90000 iter 3 5.675968e-05 2.902595e-08    1.215997e-02
0  10 2.500 0.90000 iter 0 5.675968e-05 1.000000e+00    0.000000e+00
0  10 2.500 1.00000 iter 1 1.007215e+00 1.000000e+00    7.259121e-03
0  10 2.500 1.00000 iter 2 4.744810e-04 2.148881e-03    1.202238e-02
0  10 2.500 1.00000 iter 3 1.851689e-14 3.960305e-18    1.200895e-02
Element data written 1.000000
Nodal data written 1.000000
Restart data written 1.000000
0  11 2.500 1.00000 iter 0 1.851689e-14 1.000000e+00    0.000000e+00
0  11 2.500 1.10000 iter 1 4.229704e+00 1.000000e+00    7.162640e-03
0  11 2.500 1.10000 iter 2 5.565606e-01 9.079290e-01    1.702687e-02
0  11 2.500 1.10000 iter 3 2.312221e-14 4.482581e-17    1.911248e-02
0  12 2.500 1.10000 iter 0 2.312221e-14 1.000000e+00    0.000000e+00
0  12 2.500 1.20000 iter 1 2.203955e+01 1.000000e+00    8.014599e-03
0  12 2.500 1.20000 iter 2 3.063839e-14 6.781963e-03    1.910146e-02
0  13 2.500 1.20000 iter 0 3.063839e-14 1.000000e+00    0.000000e+00
0  13 2.500 1.30000 iter 1 2.203955e+01 1.000000e+00    8.014599e-03
0  13 2.500 1.30000 iter 2 1.785713e-14 6.781963e-03    1.910146e-02
0  14 2.500 1.30000 iter 0 1.785713e-14 1.000000e+00    0.000000e+00
0  14 2.500 1.40000 iter 1 2.203955e+01 1.000000e+00    8.014599e-03
0  14 2.500 1.40000 iter 2 2.453525e-14 6.781963e-03    1.910146e-02
0  15 2.500 1.40000 iter 0 2.453525e-14 1.000000e+00    0.000000e+00
0  15 2.500 1.50000 iter 1 2.203955e+01 1.000000e+00    8.014599e-03
0  15 2.500 1.50000 iter 2 7.786094e-15 6.781963e-03    1.910146e-02
Element data written 1.500000
Nodal data written 1.500000
0  16 2.500 1.50000 iter 0 7.786094e-15 1.000000e+00    0.000000e+00
0  16 2.500 1.60000 iter 1 6.677006e+00 1.000000e+00    8.014599e-03
0  16 2.500 1.60000 iter 2 1.164043e-14 2.049412e-03    1.622956e-02
0  17 2.500 1.60000 iter 0 1.164043e-14 1.000000e+00    0.000000e+00
0  17 2.500 1.70000 iter 1 6.677006e+00 1.000000e+00    8.014599e-03
0  17 2.500 1.70000 iter 2 1.155597e-14 2.049412e-03    1.622956e-02
0  18 2.500 1.70000 iter 0 1.155597e-14 1.000000e+00    0.000000e+00
0  18 2.500 1.80000 iter 1 6.677006e+00 1.000000e+00    8.014599e-03
0  18 2.500 1.80000 iter 2 3.409859e-14 2.049412e-03    1.622956e-02
0  19 2.500 1.80000 iter 0 3.409859e-14 1.000000e+00    0.000000e+00
0  19 2.500 1.90000 iter 1 6.677006e+00 1.000000e+00    8.014599e-03
0  19 2.500 1.90000 iter 2 1.267730e-14 2.049412e-03    1.622956e-02
0  20 2.500 1.90000 iter 0 1.267730e-14 1.000000e+00    0.000000e+00
0  20 2.500 2.00000 iter 1 6.677006e+00 1.000000e+00    8.014599e-03
0  20 2.500 2.00000 iter 2 2.114679e-14 2.049412e-03    1.622956e-02
Element data written 2.000000
Nodal data written 2.000000
Restart data written 2.000000
0  21 2.500 2.00000 iter 0 2.114679e-14 1.000000e+00    0.000000e+00
0  21 2.500 2.10000 iter 1 6.677006e+00 1.000000e+00    8.014599e-03
0  21 2.500 2.10000 iter 2 6.552831e-03 7.127173e-05    1.622956e-02
0  21 2.500 2.10000 iter 3 2.431591e-14 3.458108e-19    1.602565e-02
0  22 2.500 2.10000 iter 0 2.431591e-14 1.000000e+00    0.000000e+00
0  22 2.500 2.20000 iter 1 1.281575e+00 1.000000e+00    7.162640e-03
0  22 2.500 2.20000 iter 2 2.310569e-03 2.755399e-03    1.448452e-02
0  22 2.500 2.20000 iter 3 2.344306e-14 7.554341e-19    1.446010e-02
0  23 2.500 2.20000 iter 0 2.344306e-14 1.000000e+00    0.000000e+00
0  23 2.500 2.30000 iter 1 1.248347e+00 1.000000e+00    7.122458e-03
0  23 2.500 2.30000 iter 2 1.455387e-03 1.819938e-03    1.440038e-02
0  23 2.500 2.30000 iter 3 2.823669e-14 2.153879e-18    1.438461e-02
0  24 2.500 2.30000 iter 0 2.823669e-14 1.000000e+00    0.000000e+00
0  24 2.500 2.40000 iter 1 1.226049e+00 1.000000e+00    7.090865e-03
0  24 2.500 2.40000 iter 2 1.923487e-14 3.483107e-04    1.434197e-02
0  25 2.500 2.40000 iter 0 1.923487e-14 1.000000e+00    0.000000e+00
0  25 2.500 2.50000 iter 1 1.008059e+00 1.000000e+00    7.082684e-03
0  25 2.500 2.50000 iter 2 2.152677e-14 6.530390e-04    1.431531e-02
Element data written 2.500000
Nodal data written 2.500000
Restart data written 2.500000
last iteration data
   16, 1.6000,    2
   17, 1.7000,    2
   18, 1.8000,    2
   19, 1.9000,    2
   20, 2.0000,    2
   21, 2.1000,    3
   22, 2.2000,    3
   23, 2.3000,    3
   24, 2.4000,    2
   25, 2.5000,    2
last timeout data
   16, -0.020325, -0.04
   17, -0.026400, -0.07
   18, -0.032475, -0.11
   19, -0.038550, -0.15
   20, -0.044625, -0.18
   21, -0.050700, -0.21
   22, -0.056775, -0.22
   23, -0.062850, -0.22
   24, -0.068925, -0.22
   25, -0.075000, -0.22
total comp time 1 seconds
