   -0.00500000 -2.979114e-02  0       1
   -0.01000000 -5.958228e-02  0       2
   -0.01500000 -8.937343e-02  0       3
   -0.02000000 -1.191646e-01  0       4
   -0.02500000 -1.485294e-01  0       5
   -0.03000000 -1.733988e-01  0       6
   -0.03500000 -1.910521e-01  0       7
   -0.04000000 -2.024762e-01  0       8
   -0.04500000 -2.096452e-01  0       9
   -0.05000000 -2.141798e-01  0      10
   -0.04285000 -1.713855e-01  0      11
   -0.03570000 -1.287841e-01  0      12
   -0.02855000 -8.618279e-02  0      13
   -0.02140000 -4.358145e-02  0      14
   -0.01425000 -9.801216e-04  0      15
   -0.02032500 -3.717636e-02  0      16
   -0.02640000 -7.337260e-02  0      17
   -0.03247500 -1.095688e-01  0      18
   -0.03855000 -1.457651e-01  0      19
   -0.04462500 -1.819613e-01  0      20
   -0.05070000 -2.147089e-01  0      21
   -0.05677500 -2.180462e-01  0      22
   -0.06285000 -2.202020e-01  0      23
   -0.06892500 -2.216756e-01  0      24
   -0.07500000 -2.227199e-01  0      25
