Time,   0.5000
     1, PROP1,      MAT12,   B23E,   0,     0.0564,    0.0000, -4.427147e-21,  2.697098e-04,  1.192622e-18,  4.184877e-03,  5.394197e+00, -5.394197e+00,
     1, PROP1,      MAT12,   B23E,   1,     0.2500,    0.0000, -2.221164e-20,  1.196565e-03, -3.122502e-17,  1.856617e-02,  2.393131e+01, -2.393131e+01,
     1, PROP1,      MAT12,   B23E,   2,     0.4436,    0.0000, -3.999613e-20,  2.123421e-03,  8.673617e-18,  3.294747e-02,  4.246842e+01, -4.246842e+01,
     2, PROP1,      MAT12,   B23E,   0,     0.5564,    0.0000, -4.482705e-20,  2.662841e-03, -3.989864e-17,  4.131722e-02,  5.325681e+01, -5.325681e+01,
     2, PROP1,      MAT12,   B23E,   1,     0.7500,    0.0000, -6.285603e-20,  3.589696e-03,  3.469447e-18,  5.569852e-02,  7.179392e+01, -7.179392e+01,
     2, PROP1,      MAT12,   B23E,   2,     0.9436,    0.0000, -8.088502e-20,  4.516552e-03,  2.949030e-17,  7.007981e-02,  9.033104e+01, -9.033104e+01,
     3, PROP1,      MAT12,   B23E,   0,     1.0564,    0.0000, -7.908948e-20,  5.055971e-03,  9.887924e-17,  7.844956e-02,  1.011194e+02, -1.011194e+02,
     3, PROP1,      MAT12,   B23E,   1,     1.2500,    0.0000, -1.029516e-19,  5.982827e-03, -4.857226e-17,  9.283086e-02,  1.196565e+02, -1.196565e+02,
     3, PROP1,      MAT12,   B23E,   2,     1.4436,    0.0000, -1.268137e-19,  6.909683e-03, -3.469447e-18,  1.072122e-01,  1.381937e+02, -1.381937e+02,
     4, PROP1,      MAT12,   B23E,   0,     1.5564,    0.0000, -1.293493e-19,  7.449102e-03,  2.428613e-17,  1.155819e-01,  1.489820e+02, -1.489820e+02,
     4, PROP1,      MAT12,   B23E,   1,     1.7500,    0.0000, -1.361447e-19,  8.375958e-03, -1.734723e-17,  1.299632e-01,  1.675192e+02, -1.675192e+02,
     4, PROP1,      MAT12,   B23E,   2,     1.9436,    0.0000, -1.429402e-19,  9.302813e-03,  3.469447e-17,  1.443445e-01,  1.860563e+02, -1.860563e+02,
     5, PROP1,      MAT12,   B23E,   0,     2.0564,    0.0000, -1.440264e-19,  9.812215e-03,  1.283695e-16,  1.522485e-01,  1.962443e+02, -1.962443e+02,
     5, PROP1,      MAT12,   B23E,   1,     2.2500,    0.0000, -1.677461e-19,  1.082842e-02, -1.561251e-16,  1.676778e-01,  2.000912e+02, -2.000912e+02,
     5, PROP1,      MAT12,   B23E,   2,     2.4436,    0.0000, -1.914657e-19,  1.184462e-02, -1.526557e-16,  1.810111e-01,  2.001025e+02, -2.001025e+02,
     6, PROP1,      MAT12,   B23E,   0,     2.5564,    0.0000, -2.039847e-19,  1.184462e-02, -6.938894e-17,  1.810111e-01,  2.001025e+02, -2.001025e+02,
     6, PROP1,      MAT12,   B23E,   1,     2.7500,    0.0000, -2.014226e-19,  1.082842e-02, -2.636780e-16,  1.676778e-01,  2.000912e+02, -2.000912e+02,
     6, PROP1,      MAT12,   B23E,   2,     2.9436,    0.0000, -1.988604e-19,  9.812215e-03, -2.324529e-16,  1.522485e-01,  1.962443e+02, -1.962443e+02,
     7, PROP1,      MAT12,   B23E,   0,     3.0564,    0.0000, -1.302161e-19,  9.302813e-03,  1.873501e-16,  1.443445e-01,  1.860563e+02, -1.860563e+02,
     7, PROP1,      MAT12,   B23E,   1,     3.2500,    0.0000, -1.380641e-19,  8.375958e-03, -4.857226e-17,  1.299632e-01,  1.675192e+02, -1.675192e+02,
     7, PROP1,      MAT12,   B23E,   2,     3.4436,    0.0000, -1.459120e-19,  7.449102e-03, -1.908196e-16,  1.155819e-01,  1.489820e+02, -1.489820e+02,
     8, PROP1,      MAT12,   B23E,   0,     3.5564,    0.0000, -1.186977e-19,  6.909683e-03,  2.602085e-17,  1.072122e-01,  1.381937e+02, -1.381937e+02,
     8, PROP1,      MAT12,   B23E,   1,     3.7500,    0.0000, -1.035074e-19,  5.982827e-03, -2.255141e-17,  9.283086e-02,  1.196565e+02, -1.196565e+02,
     8, PROP1,      MAT12,   B23E,   2,     3.9436,    0.0000, -8.831709e-20,  5.055971e-03, -9.020562e-17,  7.844956e-02,  1.011194e+02, -1.011194e+02,
     9, PROP1,      MAT12,   B23E,   0,     4.0564,    0.0000, -8.182739e-20,  4.516552e-03, -1.058181e-16,  7.007981e-02,  9.033104e+01, -9.033104e+01,
     9, PROP1,      MAT12,   B23E,   1,     4.2500,    0.0000, -6.317529e-20,  3.589696e-03,  3.122502e-17,  5.569852e-02,  7.179392e+01, -7.179392e+01,
     9, PROP1,      MAT12,   B23E,   2,     4.4436,    0.0000, -4.452318e-20,  2.662841e-03, -6.071532e-18,  4.131722e-02,  5.325681e+01, -5.325681e+01,
    10, PROP1,      MAT12,   B23E,   0,     4.5564,    0.0000, -4.209052e-20,  2.123421e-03, -5.377643e-17,  3.294747e-02,  4.246842e+01, -4.246842e+01,
    10, PROP1,      MAT12,   B23E,   1,     4.7500,    0.0000, -2.347520e-20,  1.196565e-03, -3.469447e-17,  1.856617e-02,  2.393131e+01, -2.393131e+01,
    10, PROP1,      MAT12,   B23E,   2,     4.9436,    0.0000, -4.859872e-21,  2.697098e-04,  8.673617e-19,  4.184877e-03,  5.394197e+00, -5.394197e+00,
Time,   1.0000
     1, PROP1,      MAT12,   B23E,   0,     0.0564,    0.0000, -6.438850e-21,  3.889224e-04, -2.168404e-18,  6.034606e-03,  7.778449e+00, -7.778449e+00,
     1, PROP1,      MAT12,   B23E,   1,     0.2500,    0.0000, -3.099459e-20,  1.725451e-03, -6.071532e-18,  2.677248e-02,  3.450902e+01, -3.450902e+01,
     1, PROP1,      MAT12,   B23E,   2,     0.4436,    0.0000, -5.555033e-20,  3.061980e-03,  1.301043e-17,  4.751035e-02,  6.123960e+01, -6.123960e+01,
     2, PROP1,      MAT12,   B23E,   0,     0.5564,    0.0000, -7.105130e-20,  3.839825e-03, -3.122502e-17,  5.957956e-02,  7.679649e+01, -7.679649e+01,
     2, PROP1,      MAT12,   B23E,   1,     0.7500,    0.0000, -8.911834e-20,  5.176353e-03, -8.153200e-17,  8.031744e-02,  1.035271e+02, -1.035271e+02,
     2, PROP1,      MAT12,   B23E,   2,     0.9436,    0.0000, -1.071854e-19,  6.512882e-03, -6.938894e-18,  1.010553e-01,  1.302576e+02, -1.302576e+02,
     3, PROP1,      MAT12,   B23E,   0,     1.0564,    0.0000, -1.319919e-19,  7.290727e-03, -5.204170e-17,  1.131245e-01,  1.458145e+02, -1.458145e+02,
     3, PROP1,      MAT12,   B23E,   1,     1.2500,    0.0000, -1.541611e-19,  8.627256e-03,  3.122502e-17,  1.338624e-01,  1.725451e+02, -1.725451e+02,
     3, PROP1,      MAT12,   B23E,   2,     1.4436,    0.0000, -1.763304e-19,  9.963784e-03, -4.510281e-17,  1.546003e-01,  1.992757e+02, -1.992757e+02,
     4, PROP1,      MAT12,   B23E,   0,     1.5564,    0.0000, -1.733004e-19,  1.064768e-02, -1.006140e-16,  1.650234e-01,  2.000464e+02, -2.000464e+02,
     4, PROP1,      MAT12,   B23E,   1,     1.7500,    0.0000, -2.070564e-19,  1.259650e-02, -1.318390e-16,  1.894649e-01,  2.001171e+02, -2.001171e+02,
     4, PROP1,      MAT12,   B23E,   2,     1.9436,    0.0000, -2.408124e-19,  1.454532e-02,  1.561251e-16,  2.064992e-01,  2.002184e+02, -2.002184e+02,
     5, PROP1,      MAT12,   B23E,   0,     2.0564,    0.0000, -2.379380e-19,  1.584236e-02,  1.144917e-16,  2.151103e-01,  2.002513e+02, -2.002513e+02,
     5, PROP1,      MAT12,   B23E,   1,     2.2500,    0.0000, -3.020300e-19,  2.711326e-02,  1.942890e-16,  2.473325e-01,  2.007697e+02, -2.007697e+02,
     5, PROP1,      MAT12,   B23E,   2,     2.4436,    0.0000, -3.661220e-19,  3.838417e-02,  2.289835e-16,  2.565861e-01,  2.012084e+02, -2.012084e+02,
     6, PROP1,      MAT12,   B23E,   0,     2.5564,    0.0000, -4.935759e-19,  3.838417e-02,  7.979728e-17,  2.565861e-01,  2.012084e+02, -2.012084e+02,
     6, PROP1,      MAT12,   B23E,   1,     2.7500,    0.0000, -3.805837e-19,  2.711326e-02,  7.285839e-17,  2.473325e-01,  2.007697e+02, -2.007697e+02,
     6, PROP1,      MAT12,   B23E,   2,     2.9436,    0.0000, -2.675914e-19,  1.584236e-02,  1.387779e-17,  2.151103e-01,  2.002513e+02, -2.002513e+02,
     7, PROP1,      MAT12,   B23E,   0,     3.0564,    0.0000, -2.110547e-19,  1.454532e-02,  2.393918e-16,  2.064992e-01,  2.002184e+02, -2.002184e+02,
     7, PROP1,      MAT12,   B23E,   1,     3.2500,    0.0000, -1.838612e-19,  1.259650e-02, -7.632783e-17,  1.894649e-01,  2.001171e+02, -2.001171e+02,
     7, PROP1,      MAT12,   B23E,   2,     3.4436,    0.0000, -1.566677e-19,  1.064768e-02,  2.046974e-16,  1.650234e-01,  2.000464e+02, -2.000464e+02,
     8, PROP1,      MAT12,   B23E,   0,     3.5564,    0.0000, -1.494745e-19,  9.963784e-03,  2.359224e-16,  1.546003e-01,  1.992757e+02, -1.992757e+02,
     8, PROP1,      MAT12,   B23E,   1,     3.7500,    0.0000, -1.393004e-19,  8.627256e-03,  1.249001e-16,  1.338624e-01,  1.725451e+02, -1.725451e+02,
     8, PROP1,      MAT12,   B23E,   2,     3.9436,    0.0000, -1.291263e-19,  7.290727e-03, -2.081668e-17,  1.131245e-01,  1.458145e+02, -1.458145e+02,
     9, PROP1,      MAT12,   B23E,   0,     4.0564,    0.0000, -1.143436e-19,  6.512882e-03, -5.724587e-17,  1.010553e-01,  1.302576e+02, -1.302576e+02,
     9, PROP1,      MAT12,   B23E,   1,     4.2500,    0.0000, -9.080693e-20,  5.176353e-03, -1.908196e-17,  8.031744e-02,  1.035271e+02, -1.035271e+02,
     9, PROP1,      MAT12,   B23E,   2,     4.4436,    0.0000, -6.727025e-20,  3.839825e-03,  3.816392e-17,  5.957956e-02,  7.679649e+01, -7.679649e+01,
    10, PROP1,      MAT12,   B23E,   0,     4.5564,    0.0000, -5.169428e-20,  3.061980e-03,  1.301043e-17,  4.751035e-02,  6.123960e+01, -6.123960e+01,
    10, PROP1,      MAT12,   B23E,   1,     4.7500,    0.0000, -2.958776e-20,  1.725451e-03,  6.938894e-18,  2.677248e-02,  3.450902e+01, -3.450902e+01,
    10, PROP1,      MAT12,   B23E,   2,     4.9436,    0.0000, -7.481235e-21,  3.889224e-04, -3.577867e-18,  6.034606e-03,  7.778449e+00, -7.778449e+00,
Time,   1.5000
     1, PROP1,      MAT12,   B23E,   0,     0.0564,    0.0000, -1.978626e-22,  1.779772e-06, -1.040156e-18,  2.761533e-05,  3.559544e-02, -3.559544e-02,
     1, PROP1,      MAT12,   B23E,   1,     0.2500,    0.0000, -7.381027e-22,  7.895944e-06, -3.916680e-18,  1.225152e-04,  1.579189e-01, -1.579189e-01,
     1, PROP1,      MAT12,   B23E,   2,     0.4436,    0.0000, -1.278343e-21,  1.401212e-05, -6.532318e-18,  2.174151e-04,  2.802423e-01, -2.802423e-01,
     2, PROP1,      MAT12,   B23E,   0,     0.5564,    0.0000, -5.201364e-22,  1.757166e-05, -1.131636e-18,  2.726457e-04,  3.514332e-01, -3.514332e-01,
     2, PROP1,      MAT12,   B23E,   1,     0.7500,    0.0000, -1.568828e-21,  2.368783e-05, -7.331917e-18,  3.675456e-04,  4.737566e-01, -4.737566e-01,
     2, PROP1,      MAT12,   B23E,   2,     0.9436,    0.0000, -2.617519e-21,  2.980400e-05, -1.272582e-17,  4.624455e-04,  5.960801e-01, -5.960801e-01,
     3, PROP1,      MAT12,   B23E,   0,     1.0564,    0.0000,  7.956921e-22,  3.336355e-05,  8.944668e-18,  5.176761e-04,  6.672710e-01, -6.672710e-01,
     3, PROP1,      MAT12,   B23E,   1,     1.2500,    0.0000,  1.945241e-21,  3.947972e-05,  1.654764e-17,  6.125760e-04,  7.895944e-01, -7.895944e-01,
     3, PROP1,      MAT12,   B23E,   2,     1.4436,    0.0000,  3.094789e-21,  4.559589e-05,  2.435389e-17,  7.074759e-04,  9.119178e-01, -9.119178e-01,
     4, PROP1,      MAT12,   B23E,   0,     1.5564,    0.0000,  1.310243e-20, -4.496907e-05,  5.074066e-17, -8.864741e-04, -1.385301e+01,  1.385301e+01,
     4, PROP1,      MAT12,   B23E,   1,     1.7500,    0.0000,  2.948440e-21,  5.749488e-04, -5.767956e-17,  2.919082e-03, -4.043106e+01,  4.043106e+01,
     4, PROP1,      MAT12,   B23E,   2,     1.9436,    0.0000, -7.205553e-21,  1.194867e-03, -5.204170e-17, -6.966744e-04, -6.700911e+01,  6.700911e+01,
     5, PROP1,      MAT12,   B23E,   0,     2.0564,    0.0000,  1.203837e-20,  1.719510e-03,  6.938894e-18, -4.103376e-03, -8.245701e+01,  8.245701e+01,
     5, PROP1,      MAT12,   B23E,   1,     2.2500,    0.0000, -6.889902e-20,  1.168191e-02,  3.469447e-18,  7.491528e-03, -1.086271e+02,  1.086271e+02,
     5, PROP1,      MAT12,   B23E,   2,     2.4436,    0.0000, -1.498364e-19,  2.164431e-02, -1.561251e-17, -3.913576e-03, -1.347971e+02,  1.347971e+02,
     6, PROP1,      MAT12,   B23E,   0,     2.5564,    0.0000, -1.847835e-19,  2.164431e-02, -1.821460e-16, -3.913576e-03, -1.347971e+02,  1.347971e+02,
     6, PROP1,      MAT12,   B23E,   1,     2.7500,    0.0000, -1.010279e-19,  1.168191e-02,  3.677614e-16,  7.491528e-03, -1.086271e+02,  1.086271e+02,
     6, PROP1,      MAT12,   B23E,   2,     2.9436,    0.0000, -1.727239e-20,  1.719510e-03, -2.324529e-16, -4.103376e-03, -8.245701e+01,  8.245701e+01,
     7, PROP1,      MAT12,   B23E,   0,     3.0564,    0.0000, -2.734564e-21,  1.194867e-03, -4.770490e-17, -6.966744e-04, -6.700911e+01,  6.700911e+01,
     7, PROP1,      MAT12,   B23E,   1,     3.2500,    0.0000,  2.154658e-21,  5.749488e-04, -4.727121e-17,  2.919082e-03, -4.043106e+01,  4.043106e+01,
     7, PROP1,      MAT12,   B23E,   2,     3.4436,    0.0000,  7.043880e-21, -4.496907e-05,  1.235990e-17, -8.864741e-04, -1.385301e+01,  1.385301e+01,
     8, PROP1,      MAT12,   B23E,   0,     3.5564,    0.0000,  2.456280e-21,  4.559589e-05,  2.077602e-17,  7.074759e-04,  9.119178e-01, -9.119178e-01,
     8, PROP1,      MAT12,   B23E,   1,     3.7500,    0.0000, -1.618485e-21,  3.947972e-05, -6.220610e-18,  6.125760e-04,  7.895944e-01, -7.895944e-01,
     8, PROP1,      MAT12,   B23E,   2,     3.9436,    0.0000, -5.693250e-21,  3.336355e-05, -3.153673e-17,  5.176761e-04,  6.672710e-01, -6.672710e-01,
     9, PROP1,      MAT12,   B23E,   0,     4.0564,    0.0000, -3.936847e-21,  2.980400e-05, -2.161628e-17,  4.624455e-04,  5.960801e-01, -5.960801e-01,
     9, PROP1,      MAT12,   B23E,   1,     4.2500,    0.0000, -2.420814e-21,  2.368783e-05, -1.254964e-17,  3.675456e-04,  4.737566e-01, -4.737566e-01,
     9, PROP1,      MAT12,   B23E,   2,     4.4436,    0.0000, -9.047802e-22,  1.757166e-05, -3.665959e-18,  2.726457e-04,  3.514332e-01, -3.514332e-01,
    10, PROP1,      MAT12,   B23E,   0,     4.5564,    0.0000, -1.587020e-21,  1.401212e-05, -8.470329e-18,  2.174151e-04,  2.802423e-01, -2.802423e-01,
    10, PROP1,      MAT12,   B23E,   1,     4.7500,    0.0000, -8.325809e-22,  7.895944e-06, -4.370690e-18,  1.225152e-04,  1.579189e-01, -1.579189e-01,
    10, PROP1,      MAT12,   B23E,   2,     4.9436,    0.0000, -7.814218e-23,  1.779772e-06, -3.032378e-19,  2.761533e-05,  3.559544e-02, -3.559544e-02,
Time,   2.0000
     1, PROP1,      MAT12,   B23E,   0,     0.0564,    0.0000, -3.020609e-21,  3.304178e-04,  1.767250e-17,  5.126836e-03,  6.608357e+00, -6.608357e+00,
     1, PROP1,      MAT12,   B23E,   1,     0.2500,    0.0000, -2.567938e-20,  1.465896e-03, -1.084202e-17,  2.274516e-02,  2.931792e+01, -2.931792e+01,
     1, PROP1,      MAT12,   B23E,   2,     0.4436,    0.0000, -4.833816e-20,  2.601374e-03, -4.943962e-17,  4.036349e-02,  5.202748e+01, -5.202748e+01,
     2, PROP1,      MAT12,   B23E,   0,     0.5564,    0.0000, -5.709220e-20,  3.262210e-03,  0.000000e+00,  5.061716e-02,  6.524419e+01, -6.524419e+01,
     2, PROP1,      MAT12,   B23E,   1,     0.7500,    0.0000, -7.227539e-20,  4.397688e-03,  7.979728e-17,  6.823549e-02,  8.795376e+01, -8.795376e+01,
     2, PROP1,      MAT12,   B23E,   2,     0.9436,    0.0000, -8.745858e-20,  5.533166e-03, -2.949030e-17,  8.585382e-02,  1.106633e+02, -1.106633e+02,
     3, PROP1,      MAT12,   B23E,   0,     1.0564,    0.0000, -9.819498e-20,  6.194002e-03,  1.040834e-17,  9.610749e-02,  1.238800e+02, -1.238800e+02,
     3, PROP1,      MAT12,   B23E,   1,     1.2500,    0.0000, -1.234006e-19,  7.329480e-03,  2.081668e-17,  1.137258e-01,  1.465896e+02, -1.465896e+02,
     3, PROP1,      MAT12,   B23E,   2,     1.4436,    0.0000, -1.486062e-19,  8.464958e-03,  8.673617e-17,  1.313441e-01,  1.692992e+02, -1.692992e+02,
     4, PROP1,      MAT12,   B23E,   0,     1.5564,    0.0000, -1.450286e-19,  9.031669e-03,  1.006140e-16,  1.399486e-01,  1.676798e+02, -1.676798e+02,
     4, PROP1,      MAT12,   B23E,   1,     1.7500,    0.0000, -1.563522e-19,  1.078095e-02,  1.804112e-16,  1.612776e-01,  1.636889e+02, -1.636889e+02,
     4, PROP1,      MAT12,   B23E,   2,     1.9436,    0.0000, -1.676757e-19,  1.253023e-02,  3.816392e-17,  1.751853e-01,  1.596981e+02, -1.596981e+02,
     5, PROP1,      MAT12,   B23E,   0,     2.0564,    0.0000, -1.981965e-19,  1.371215e-02, -1.283695e-16,  1.819770e-01,  1.573958e+02, -1.573958e+02,
     5, PROP1,      MAT12,   B23E,   1,     2.2500,    0.0000, -2.676030e-19,  2.480391e-02,  2.116363e-16,  2.110954e-01,  1.538129e+02, -1.538129e+02,
     5, PROP1,      MAT12,   B23E,   2,     2.4436,    0.0000, -3.370095e-19,  3.589567e-02, -3.157197e-16,  2.172137e-01,  1.502301e+02, -1.502301e+02,
     6, PROP1,      MAT12,   B23E,   0,     2.5564,    0.0000, -4.056436e-19,  3.589567e-02, -1.595946e-16,  2.172137e-01,  1.502301e+02, -1.502301e+02,
     6, PROP1,      MAT12,   B23E,   1,     2.7500,    0.0000, -3.173909e-19,  2.480391e-02,  5.481726e-16,  2.110954e-01,  1.538129e+02, -1.538129e+02,
     6, PROP1,      MAT12,   B23E,   2,     2.9436,    0.0000, -2.291382e-19,  1.371215e-02, -2.185752e-16,  1.819770e-01,  1.573958e+02, -1.573958e+02,
     7, PROP1,      MAT12,   B23E,   0,     3.0564,    0.0000, -1.711630e-19,  1.253023e-02,  2.775558e-17,  1.751853e-01,  1.596981e+02, -1.596981e+02,
     7, PROP1,      MAT12,   B23E,   1,     3.2500,    0.0000, -1.690507e-19,  1.078095e-02, -6.245005e-17,  1.612776e-01,  1.636889e+02, -1.636889e+02,
     7, PROP1,      MAT12,   B23E,   2,     3.4436,    0.0000, -1.669384e-19,  9.031669e-03, -3.989864e-16,  1.399486e-01,  1.676798e+02, -1.676798e+02,
     8, PROP1,      MAT12,   B23E,   0,     3.5564,    0.0000, -1.487442e-19,  8.464958e-03,  4.163336e-17,  1.313441e-01,  1.692992e+02, -1.692992e+02,
     8, PROP1,      MAT12,   B23E,   1,     3.7500,    0.0000, -1.281395e-19,  7.329480e-03,  1.387779e-17,  1.137258e-01,  1.465896e+02, -1.465896e+02,
     8, PROP1,      MAT12,   B23E,   2,     3.9436,    0.0000, -1.075349e-19,  6.194002e-03,  1.040834e-17,  9.610749e-02,  1.238800e+02, -1.238800e+02,
     9, PROP1,      MAT12,   B23E,   0,     4.0564,    0.0000, -9.168630e-20,  5.533166e-03,  1.561251e-17,  8.585382e-02,  1.106633e+02, -1.106633e+02,
     9, PROP1,      MAT12,   B23E,   1,     4.2500,    0.0000, -7.197357e-20,  4.397688e-03,  4.163336e-17,  6.823549e-02,  8.795376e+01, -8.795376e+01,
     9, PROP1,      MAT12,   B23E,   2,     4.4436,    0.0000, -5.226083e-20,  3.262210e-03,  6.071532e-18,  5.061716e-02,  6.524419e+01, -6.524419e+01,
    10, PROP1,      MAT12,   B23E,   0,     4.5564,    0.0000, -3.694122e-20,  2.601374e-03,  9.887924e-17,  4.036349e-02,  5.202748e+01, -5.202748e+01,
    10, PROP1,      MAT12,   B23E,   1,     4.7500,    0.0000, -2.230448e-20,  1.465896e-03,  1.691355e-17,  2.274516e-02,  2.931792e+01, -2.931792e+01,
    10, PROP1,      MAT12,   B23E,   2,     4.9436,    0.0000, -7.667738e-21,  3.304178e-04, -1.116728e-17,  5.126836e-03,  6.608357e+00, -6.608357e+00,
Time,   2.5000
     1, PROP1,      MAT12,   B23E,   0,     0.0564,    0.0000, -6.440920e-21,  4.044300e-04,  1.084202e-18,  6.275225e-03,  8.088600e+00, -8.088600e+00,
     1, PROP1,      MAT12,   B23E,   1,     0.2500,    0.0000, -3.313820e-20,  1.794250e-03, -7.806256e-18,  2.783998e-02,  3.588501e+01, -3.588501e+01,
     1, PROP1,      MAT12,   B23E,   2,     0.4436,    0.0000, -5.983547e-20,  3.184071e-03, -1.214306e-17,  4.940474e-02,  6.368141e+01, -6.368141e+01,
     2, PROP1,      MAT12,   B23E,   0,     0.5564,    0.0000, -6.901427e-20,  3.992931e-03,  1.214306e-17,  6.195519e-02,  7.985862e+01, -7.985862e+01,
     2, PROP1,      MAT12,   B23E,   1,     0.7500,    0.0000, -9.195739e-20,  5.382751e-03, -8.153200e-17,  8.351995e-02,  1.076550e+02, -1.076550e+02,
     2, PROP1,      MAT12,   B23E,   2,     0.9436,    0.0000, -1.149005e-19,  6.772571e-03,  1.179612e-16,  1.050847e-01,  1.354514e+02, -1.354514e+02,
     3, PROP1,      MAT12,   B23E,   0,     1.0564,    0.0000, -1.257617e-19,  7.581431e-03,  1.387779e-16,  1.176352e-01,  1.516286e+02, -1.516286e+02,
     3, PROP1,      MAT12,   B23E,   1,     1.2500,    0.0000, -1.482034e-19,  8.971252e-03,  2.775558e-17,  1.391999e-01,  1.794250e+02, -1.794250e+02,
     3, PROP1,      MAT12,   B23E,   2,     1.4436,    0.0000, -1.706451e-19,  1.036107e-02, -1.075529e-16,  1.607647e-01,  2.000155e+02, -2.000155e+02,
     4, PROP1,      MAT12,   B23E,   0,     1.5564,    0.0000, -1.713879e-19,  1.109336e-02, -6.938894e-17,  1.713414e-01,  2.001323e+02, -2.001323e+02,
     4, PROP1,      MAT12,   B23E,   1,     1.7500,    0.0000, -2.153405e-19,  1.341315e-02, -1.144917e-16,  1.973470e-01,  2.002268e+02, -2.002268e+02,
     4, PROP1,      MAT12,   B23E,   2,     1.9436,    0.0000, -2.592931e-19,  1.573294e-02, -5.898060e-17,  2.144710e-01,  2.003519e+02, -2.003519e+02,
     5, PROP1,      MAT12,   B23E,   0,     2.0564,    0.0000, -2.318886e-19,  1.704134e-02,  2.428613e-17,  2.214902e-01,  2.003900e+02, -2.003900e+02,
     5, PROP1,      MAT12,   B23E,   1,     2.2500,    0.0000, -5.792628e-19,  4.749039e-02, -1.908196e-16,  2.599410e-01,  2.017150e+02, -2.017150e+02,
     5, PROP1,      MAT12,   B23E,   2,     2.4436,    0.0000, -9.266370e-19,  7.793943e-02, -7.979728e-17,  2.646197e-01,  2.029602e+02, -2.029602e+02,
     6, PROP1,      MAT12,   B23E,   0,     2.5564,    0.0000, -1.063940e-18,  7.793943e-02, -1.353084e-16,  2.646197e-01,  2.029602e+02, -2.029602e+02,
     6, PROP1,      MAT12,   B23E,   1,     2.7500,    0.0000, -6.416210e-19,  4.749039e-02, -2.706169e-16,  2.599410e-01,  2.017150e+02, -2.017150e+02,
     6, PROP1,      MAT12,   B23E,   2,     2.9436,    0.0000, -2.193024e-19,  1.704134e-02,  5.898060e-17,  2.214902e-01,  2.003900e+02, -2.003900e+02,
     7, PROP1,      MAT12,   B23E,   0,     3.0564,    0.0000, -2.711983e-19,  1.573294e-02, -3.469447e-18,  2.144710e-01,  2.003519e+02, -2.003519e+02,
     7, PROP1,      MAT12,   B23E,   1,     3.2500,    0.0000, -2.110708e-19,  1.341315e-02, -5.898060e-17,  1.973470e-01,  2.002268e+02, -2.002268e+02,
     7, PROP1,      MAT12,   B23E,   2,     3.4436,    0.0000, -1.509432e-19,  1.109336e-02,  2.498002e-16,  1.713414e-01,  2.001323e+02, -2.001323e+02,
     8, PROP1,      MAT12,   B23E,   0,     3.5564,    0.0000, -1.867227e-19,  1.036107e-02, -6.591949e-17,  1.607647e-01,  2.000155e+02, -2.000155e+02,
     8, PROP1,      MAT12,   B23E,   1,     3.7500,    0.0000, -1.575272e-19,  8.971252e-03, -1.006140e-16,  1.391999e-01,  1.794250e+02, -1.794250e+02,
     8, PROP1,      MAT12,   B23E,   2,     3.9436,    0.0000, -1.283318e-19,  7.581431e-03,  1.387779e-16,  1.176352e-01,  1.516286e+02, -1.516286e+02,
     9, PROP1,      MAT12,   B23E,   0,     4.0564,    0.0000, -1.149125e-19,  6.772571e-03,  1.179612e-16,  1.050847e-01,  1.354514e+02, -1.354514e+02,
     9, PROP1,      MAT12,   B23E,   1,     4.2500,    0.0000, -9.194020e-20,  5.382751e-03, -8.153200e-17,  8.351995e-02,  1.076550e+02, -1.076550e+02,
     9, PROP1,      MAT12,   B23E,   2,     4.4436,    0.0000, -6.896787e-20,  3.992931e-03,  1.214306e-17,  6.195519e-02,  7.985862e+01, -7.985862e+01,
    10, PROP1,      MAT12,   B23E,   0,     4.5564,    0.0000, -5.613526e-20,  3.184071e-03,  8.673617e-19,  4.940474e-02,  6.368141e+01, -6.368141e+01,
    10, PROP1,      MAT12,   B23E,   1,     4.7500,    0.0000, -3.163555e-20,  1.794250e-03, -7.806256e-18,  2.783998e-02,  3.588501e+01, -3.588501e+01,
    10, PROP1,      MAT12,   B23E,   2,     4.9436,    0.0000, -7.135833e-21,  4.044300e-04,  8.673617e-19,  6.275225e-03,  8.088600e+00, -8.088600e+00,
