Time   1.0000
El      1    B23E                                   PROP1                                    MAT1              RCBEAM      1      2      3
   0.0564   0.0000   3.7856e-05   5.0970e-04   6.7316e-04   8.7438e-03   1.1431e-01  -6.4084e-02
   0.2500   0.0000   1.4701e-04   2.0440e-03  -8.4145e-04   3.5142e-02   4.5361e-01  -2.6179e-01
   0.4436   0.0000   2.5617e-04   3.5783e-03   6.7316e-04   6.1029e-02   7.9292e-01  -4.5949e-01
El      2    B23E                                   PROP1                                    MAT1              RCBEAM      3      4      5
   0.5564   0.0000   3.1154e-04   4.3850e-03   5.6140e-04   7.4572e-02   9.6928e-01  -5.6546e-01
   0.7500   0.0000   3.9325e-04   5.6161e-03  -7.0178e-04   9.5119e-02   1.2357e+00  -7.2997e-01
   0.9436   0.0000   4.7497e-04   6.8473e-03   5.6139e-04   1.1524e-01   1.5021e+00  -8.9449e-01
El      3    B23E                                   PROP1                                    MAT1              RCBEAM      5      6      7
   1.0564   0.0000   5.1475e-04   7.4732e-03   3.8660e-04   1.2541e-01   1.6357e+00  -9.7989e-01
   1.2500   0.0000   5.7065e-04   8.3826e-03  -4.8333e-04   1.4008e-01   1.8280e+00  -1.1059e+00
   1.4436   0.0000   6.2654e-04   9.2921e-03   3.8663e-04   1.5446e-01   2.0203e+00  -1.2319e+00
El      4    B23E                                   PROP1                                    MAT1              RCBEAM      7      8      9
   1.5564   0.0000   6.5185e-04   9.7243e-03   1.7774e-04   1.6126e-01   2.1105e+00  -1.2930e+00
   1.7500   0.0000   6.8401e-04   1.0287e-02  -2.2206e-04   1.7004e-01   2.2271e+00  -1.3734e+00
   1.9436   0.0000   7.1616e-04   1.0850e-02   1.7793e-04   1.7868e-01   2.3436e+00  -1.4538e+00
El      5    B23E                                   PROP1                                    MAT1              RCBEAM      9     10     11
   2.0564   0.0000   7.2831e-04   1.1072e-02   1.3797e-05   1.8209e-01   2.3891e+00  -1.4861e+00
   2.2500   0.0000   7.3874e-04   1.1263e-02  -3.8500e-05   1.8501e-01   2.4282e+00  -1.5139e+00
   2.4436   0.0000   7.4916e-04   1.1455e-02   1.1576e-05   1.8790e-01   2.4673e+00  -1.5417e+00
El      6    B23E                                   PROP1                                    MAT1              RCBEAM     11     12     13
   2.5564   0.0000   7.4917e-04   1.1455e-02   2.3199e-05   1.8790e-01   2.4674e+00  -1.5417e+00
   2.7500   0.0000   7.3875e-04   1.1263e-02  -2.8062e-05   1.8500e-01   2.4282e+00  -1.5139e+00
   2.9436   0.0000   7.2832e-04   1.1072e-02   2.3037e-05   1.8209e-01   2.3891e+00  -1.4861e+00
El      7    B23E                                   PROP1                                    MAT1              RCBEAM     13     14     15
   3.0564   0.0000   7.1616e-04   1.0850e-02   1.7793e-04   1.7868e-01   2.3436e+00  -1.4538e+00
   3.2500   0.0000   6.8401e-04   1.0287e-02  -2.2205e-04   1.7004e-01   2.2271e+00  -1.3734e+00
   3.4436   0.0000   6.5185e-04   9.7243e-03   1.7775e-04   1.6126e-01   2.1105e+00  -1.2930e+00
El      8    B23E                                   PROP1                                    MAT1              RCBEAM     15     16     17
   3.5564   0.0000   6.2654e-04   9.2921e-03   3.8663e-04   1.5446e-01   2.0203e+00  -1.2319e+00
   3.7500   0.0000   5.7065e-04   8.3826e-03  -4.8333e-04   1.4008e-01   1.8280e+00  -1.1059e+00
   3.9436   0.0000   5.1475e-04   7.4732e-03   3.8660e-04   1.2541e-01   1.6357e+00  -9.7989e-01
El      9    B23E                                   PROP1                                    MAT1              RCBEAM     17     18     19
   4.0564   0.0000   4.7497e-04   6.8473e-03   5.6138e-04   1.1524e-01   1.5021e+00  -8.9449e-01
   4.2500   0.0000   3.9325e-04   5.6161e-03  -7.0178e-04   9.5119e-02   1.2357e+00  -7.2997e-01
   4.4436   0.0000   3.1154e-04   4.3850e-03   5.6140e-04   7.4572e-02   9.6928e-01  -5.6546e-01
El     10    B23E                                   PROP1                                    MAT1              RCBEAM     19     20     21
   4.5564   0.0000   2.5617e-04   3.5783e-03   6.7316e-04   6.1029e-02   7.9292e-01  -4.5949e-01
   4.7500   0.0000   1.4701e-04   2.0440e-03  -8.4145e-04   3.5142e-02   4.5361e-01  -2.6179e-01
   4.9436   0.0000   3.7856e-05   5.0970e-04   6.7316e-04   8.7438e-03   1.1431e-01  -6.4084e-02
