Time,   0.5000
      1,   0.0000,   0.0000,   0.0000,    3,    0.0000e+00,  0.0000e+00, -1.4987e-02,      1.4356e-17,  7.4265e-02,  8.5001e-17,      0.0000e+00,  0.0000e+00, -8.5001e-17,
      2,   0.2500,   0.0000,   0.0000,    1,   -2.6829e-21,     -6.4386e-18,      6.4386e-18,
      3,   0.5000,   0.0000,   0.0000,    3,   -1.1106e-20, -7.3937e-03, -1.4388e-02,      2.3292e-17, -2.8172e-15, -5.0654e-16,     -2.3292e-17,  2.8172e-15,  5.0654e-16,
      4,   0.7500,   0.0000,   0.0000,    1,   -2.3910e-20,     -5.9720e-17,      5.9720e-17,
      5,   1.0000,   0.0000,   0.0000,    3,   -4.2534e-20, -1.4189e-02, -1.2594e-02,     -2.0448e-17,  5.5789e-15,  4.4409e-16,      2.0448e-17, -5.5789e-15, -4.4409e-16,
      6,   1.2500,   0.0000,   0.0000,    1,   -6.4421e-20,      8.8088e-17,     -8.8088e-17,
      7,   1.5000,   0.0000,   0.0000,    3,   -9.4010e-20, -1.9788e-02, -9.6022e-03,     -4.3323e-17, -1.1130e-14, -1.9706e-15,      4.3323e-17,  1.1130e-14,  1.9706e-15,
      8,   1.7500,   0.0000,   0.0000,    1,   -1.2695e-19,     -8.9581e-18,      8.9581e-18,
      9,   2.0000,   0.0000,   0.0000,    3,   -1.6208e-19, -2.3592e-02, -5.4142e-03,     -3.1646e-17,  1.2657e-14, -1.2212e-15,      3.1646e-17, -1.4211e-14,  1.7764e-15,
     10,   2.2500,   0.0000,   0.0000,    1,   -2.0019e-19,      2.4187e-16,     -2.4187e-16,
     11,   2.5000,   0.0000,   0.0000,    3,   -2.4596e-19, -2.5000e-02,  4.6016e-18,     -6.6205e-17, -1.4853e-01,  6.3838e-16,      6.6205e-17,  0.0000e+00, -6.3838e-16,
     12,   2.7500,   0.0000,   0.0000,    1,   -2.9672e-19,      1.4034e-16,     -1.4034e-16,
     13,   3.0000,   0.0000,   0.0000,    3,   -3.4667e-19, -2.3592e-02,  5.4142e-03,     -4.1139e-16,  1.0825e-14,  1.9984e-15,      4.1139e-16, -1.4211e-14, -1.7764e-15,
     14,   3.2500,   0.0000,   0.0000,    1,   -3.7992e-19,      3.2548e-16,     -3.2548e-16,
     15,   3.5000,   0.0000,   0.0000,    3,   -4.1570e-19, -1.9788e-02,  9.6022e-03,     -2.0745e-16, -1.3295e-14,  4.9960e-16,      2.0745e-16,  1.3295e-14, -4.9960e-16,
     16,   3.7500,   0.0000,   0.0000,    1,   -4.4403e-19,      1.0003e-16,     -1.0003e-16,
     17,   4.0000,   0.0000,   0.0000,    3,   -4.6745e-19, -1.4189e-02,  1.2594e-02,     -1.7741e-17,  6.7446e-15, -8.1879e-16,      1.7741e-17, -6.7446e-15,  8.1879e-16,
     18,   4.2500,   0.0000,   0.0000,    1,   -4.8626e-19,     -8.5848e-17,      8.5848e-17,
     19,   4.5000,   0.0000,   0.0000,    3,   -4.9904e-19, -7.3937e-03,  1.4388e-02,      7.9353e-17,  5.1348e-16,  6.3838e-16,     -7.9353e-17, -5.1348e-16, -6.3838e-16,
     20,   4.7500,   0.0000,   0.0000,    1,   -5.0791e-19,     -4.7030e-17,      4.7030e-17,
     21,   5.0000,   0.0000,   0.0000,    3,   -5.1078e-19,  0.0000e+00,  1.4987e-02,     -6.6018e-18,  7.4265e-02,  4.7054e-16,      6.6018e-18,  0.0000e+00, -4.7054e-16,
Time,   1.0000
      1,   0.0000,   0.0000,   0.0000,    3,    0.0000e+00,  0.0000e+00, -2.7619e-02,      6.2187e-18,  1.0709e-01,  1.5613e-16,      0.0000e+00,  0.0000e+00, -1.5613e-16,
      2,   0.2500,   0.0000,   0.0000,    1,   -3.7860e-21,     -1.3064e-17,      1.3064e-17,
      3,   0.5000,   0.0000,   0.0000,    3,   -1.5497e-20, -1.3666e-02, -2.6757e-02,      6.4134e-17, -4.4409e-15, -6.1756e-16,     -6.4134e-17,  4.4409e-15,  6.1756e-16,
      4,   0.7500,   0.0000,   0.0000,    1,   -3.4861e-20,     -2.0902e-17,      2.0902e-17,
      5,   1.0000,   0.0000,   0.0000,    3,   -6.0056e-20, -2.6469e-02, -2.4169e-02,     -2.0294e-17,  2.1927e-15, -1.1380e-15,      2.0294e-17, -2.1927e-15,  1.1380e-15,
      6,   1.2500,   0.0000,   0.0000,    1,   -9.5019e-20,     -5.9720e-18,      5.9720e-18,
      7,   1.5000,   0.0000,   0.0000,    3,   -1.3714e-19, -3.7547e-02, -1.9855e-02,      1.4354e-16,  1.2490e-14,  1.8319e-15,     -1.4354e-16, -1.2490e-14, -1.8319e-15,
      8,   1.7500,   0.0000,   0.0000,    1,   -1.8345e-19,     -2.2097e-16,      2.2097e-16,
      9,   2.0000,   0.0000,   0.0000,    3,   -2.4067e-19, -4.6005e-02, -1.3557e-02,     -6.5183e-17, -1.0603e-14,  2.1094e-15,      6.5183e-17,  1.0658e-14, -1.7764e-15,
     10,   2.2500,   0.0000,   0.0000,    1,   -3.0583e-19,     -9.8539e-17,      9.8539e-17,
     11,   2.5000,   0.0000,   0.0000,    3,   -3.9168e-19, -5.0000e-02, -3.3005e-17,      1.4426e-16, -2.1418e-01,  5.5511e-17,     -1.4426e-16,  0.0000e+00, -5.5511e-17,
     12,   2.7500,   0.0000,   0.0000,    1,   -5.0506e-19,      5.6734e-17,     -5.6734e-17,
     13,   3.0000,   0.0000,   0.0000,    3,   -5.8197e-19, -4.6005e-02,  1.3557e-02,     -7.4330e-17, -3.2752e-15,  4.7184e-16,      7.4330e-17,  3.5527e-15, -8.8818e-16,
     14,   3.2500,   0.0000,   0.0000,    1,   -6.3233e-19,      2.9860e-17,     -2.9860e-17,
     15,   3.5000,   0.0000,   0.0000,    3,   -6.7390e-19, -3.7547e-02,  1.9855e-02,     -1.5124e-16,  3.9413e-15, -7.4940e-16,      1.5124e-16, -3.9413e-15,  7.4940e-16,
     16,   3.7500,   0.0000,   0.0000,    1,   -7.1037e-19,      2.2097e-16,     -2.2097e-16,
     17,   4.0000,   0.0000,   0.0000,    3,   -7.4355e-19, -2.6469e-02,  2.4169e-02,      5.9619e-17, -2.2482e-15,  4.1633e-16,     -5.9619e-17,  2.2482e-15, -4.1633e-16,
     18,   4.2500,   0.0000,   0.0000,    1,   -7.7005e-19,     -8.2116e-17,      8.2116e-17,
     19,   4.5000,   0.0000,   0.0000,    3,   -7.8896e-19, -1.3666e-02,  2.6757e-02,      1.4434e-17,  2.2204e-15,  3.5388e-16,     -1.4434e-17, -2.2204e-15, -3.5388e-16,
     20,   4.7500,   0.0000,   0.0000,    1,   -7.9992e-19,      1.4277e-17,     -1.4277e-17,
     21,   5.0000,   0.0000,   0.0000,    3,   -8.0375e-19,  0.0000e+00,  2.7619e-02,     -1.4344e-18,  1.0709e-01,  7.3726e-16,      1.4344e-18,  0.0000e+00, -7.3726e-16,
Time,   1.5000
      1,   0.0000,   0.0000,   0.0000,    3,    0.0000e+00,  0.0000e+00, -6.1640e-03,      1.4808e-18,  4.9006e-04,  1.9506e-16,      0.0000e+00,  0.0000e+00, -1.9506e-16,
      2,   0.2500,   0.0000,   0.0000,    1,   -9.7345e-23,      4.7269e-18,     -4.7269e-18,
      3,   0.5000,   0.0000,   0.0000,    3,   -3.6905e-22, -3.0813e-03, -6.1600e-03,     -4.0891e-18, -3.6140e-15, -6.3892e-16,      4.0891e-18,  3.6140e-15,  6.3892e-16,
      4,   0.7500,   0.0000,   0.0000,    1,   -5.9203e-22,      9.9787e-18,     -9.9787e-18,
      5,   1.0000,   0.0000,   0.0000,    3,   -1.1535e-21, -6.1587e-03, -6.1482e-03,     -2.2070e-17,  3.3353e-15, -4.3954e-16,      2.2070e-17, -3.3353e-15,  4.3954e-16,
      6,   1.2500,   0.0000,   0.0000,    1,   -8.5266e-22,     -1.3262e-17,      1.3262e-17,
      7,   1.5000,   0.0000,   0.0000,    3,   -1.8084e-22, -9.2282e-03, -6.1284e-03,      5.0014e-18,  3.7043e-15,  1.1244e-15,     -5.0014e-18, -3.7043e-15, -1.1244e-15,
      8,   1.7500,   0.0000,   0.0000,    1,    2.1949e-21,      8.8461e-17,     -8.8461e-17,
      9,   2.0000,   0.0000,   0.0000,    3,    1.2934e-21, -1.2254e-02, -5.8410e-03,     -7.9064e-17, -3.7398e-15,  5.9328e-16,      7.9064e-17,  3.5527e-15, -8.8818e-16,
     10,   2.2500,   0.0000,   0.0000,    1,   -2.8702e-21,      1.9409e-17,     -1.9409e-17,
     11,   2.5000,   0.0000,   0.0000,    3,   -3.3156e-20, -1.4250e-02, -3.2579e-17,     -8.0504e-17, -9.8012e-04,  7.5460e-17,      8.0504e-17,  0.0000e+00, -7.5460e-17,
     12,   2.7500,   0.0000,   0.0000,    1,   -7.1929e-20,      4.3297e-17,     -4.3297e-17,
     13,   3.0000,   0.0000,   0.0000,    3,   -8.3670e-20, -1.2254e-02,  5.8410e-03,      8.3310e-17, -1.0976e-15,  1.0276e-15,     -8.3310e-17,  0.0000e+00, -8.8818e-16,
     14,   3.2500,   0.0000,   0.0000,    1,   -8.3920e-20,     -5.1696e-17,      5.1696e-17,
     15,   3.5000,   0.0000,   0.0000,    3,   -8.2593e-20, -9.2282e-03,  6.1284e-03,     -2.1738e-17,  1.8859e-15, -3.9357e-16,      2.1738e-17, -1.8859e-15,  3.9357e-16,
     16,   3.7500,   0.0000,   0.0000,    1,   -8.2340e-20,      4.5024e-17,     -4.5024e-17,
     17,   4.0000,   0.0000,   0.0000,    3,   -8.3402e-20, -6.1587e-03,  6.1482e-03,     -7.9406e-18, -1.1123e-15,  7.9830e-16,      7.9406e-18,  1.1123e-15, -7.9830e-16,
     18,   4.2500,   0.0000,   0.0000,    1,   -8.4252e-20,     -1.5449e-17,      1.5449e-17,
     19,   4.5000,   0.0000,   0.0000,    3,   -8.4612e-20, -3.0813e-03,  6.1600e-03,      3.0183e-18, -8.3408e-16,  5.2096e-16,     -3.0183e-18,  8.3408e-16, -5.2096e-16,
     20,   4.7500,   0.0000,   0.0000,    1,   -8.4942e-20,     -7.0291e-18,      7.0291e-18,
     21,   5.0000,   0.0000,   0.0000,    3,   -8.5029e-20,  0.0000e+00,  6.1640e-03,     -8.6507e-19,  4.9006e-04,  1.3535e-16,      8.6507e-19,  0.0000e+00, -1.3535e-16,
Time,   2.0000
      1,   0.0000,   0.0000,   0.0000,    3,    0.0000e+00,  0.0000e+00, -2.4389e-02,     -1.5238e-17,  9.0981e-02,  3.0184e-16,      0.0000e+00,  0.0000e+00, -3.0184e-16,
      2,   0.2500,   0.0000,   0.0000,    1,   -2.7633e-21,      5.7761e-17,     -5.7761e-17,
      3,   0.5000,   0.0000,   0.0000,    3,   -1.2840e-20, -1.2072e-02, -2.3656e-02,     -8.2488e-17,  2.8033e-15,  1.0270e-15,      8.2488e-17, -2.8033e-15, -1.0270e-15,
      4,   0.7500,   0.0000,   0.0000,    1,   -2.8458e-20,      2.5381e-17,     -2.5381e-17,
      5,   1.0000,   0.0000,   0.0000,    3,   -4.8977e-20, -2.3412e-02, -2.1457e-02,      1.1193e-17, -6.6891e-15,  4.9960e-16,     -1.1193e-17,  6.6891e-15, -4.9960e-16,
      6,   1.2500,   0.0000,   0.0000,    1,   -7.5760e-20,     -6.5693e-17,      6.5693e-17,
      7,   1.5000,   0.0000,   0.0000,    3,   -1.1068e-19, -3.3285e-02, -1.7792e-02,     -7.6524e-17,  1.2546e-14,  1.7208e-15,      7.6524e-17, -1.2546e-14, -1.7208e-15,
      8,   1.7500,   0.0000,   0.0000,    1,   -1.4794e-19,      5.3748e-17,     -5.3748e-17,
      9,   2.0000,   0.0000,   0.0000,    3,   -1.8885e-19, -4.0928e-02, -1.2402e-02,      4.0533e-17, -1.1380e-14,  1.0547e-15,     -4.0533e-17,  1.4211e-14,  0.0000e+00,
     10,   2.2500,   0.0000,   0.0000,    1,   -2.4455e-19,      1.6125e-16,     -1.6125e-16,
     11,   2.5000,   0.0000,   0.0000,    3,   -3.2266e-19, -4.4625e-02, -2.4730e-17,     -2.7389e-16, -1.8196e-01,  5.2736e-16,      2.7389e-16,  0.0000e+00, -5.2736e-16,
     12,   2.7500,   0.0000,   0.0000,    1,   -4.1624e-19,      5.0762e-17,     -5.0762e-17,
     13,   3.0000,   0.0000,   0.0000,    3,   -4.8135e-19, -4.0928e-02,  1.2402e-02,      6.0439e-17,  1.1102e-16, -1.7486e-15,     -6.0439e-17,  0.0000e+00,  0.0000e+00,
     14,   3.2500,   0.0000,   0.0000,    1,   -5.2395e-19,      3.6728e-16,     -3.6728e-16,
     15,   3.5000,   0.0000,   0.0000,    3,   -5.6588e-19, -3.3285e-02,  1.7792e-02,     -3.4858e-16, -2.6645e-15, -1.3600e-15,      3.4858e-16,  2.6645e-15,  1.3600e-15,
     16,   3.7500,   0.0000,   0.0000,    1,   -6.0124e-19,      2.6874e-17,     -2.6874e-17,
     17,   4.0000,   0.0000,   0.0000,    3,   -6.2995e-19, -2.3412e-02,  2.1457e-02,     -2.1446e-17,  4.4686e-15, -8.3267e-17,      2.1446e-17, -4.4686e-15,  8.3267e-17,
     18,   4.2500,   0.0000,   0.0000,    1,   -6.5112e-19,      8.2116e-18,     -8.2116e-18,
     19,   4.5000,   0.0000,   0.0000,    3,   -6.6593e-19, -1.2072e-02,  2.3656e-02,     -5.8817e-17, -1.1102e-15,  1.3878e-16,      5.8817e-17,  1.1102e-15, -1.3878e-16,
     20,   4.7500,   0.0000,   0.0000,    1,   -6.7387e-19,      9.4713e-17,     -9.4713e-17,
     21,   5.0000,   0.0000,   0.0000,    3,   -6.7708e-19,  0.0000e+00,  2.4389e-02,     -1.5475e-17,  9.0981e-02, -1.7521e-16,      1.5475e-17,  0.0000e+00,  1.7521e-16,
Time,   2.5000
      1,   0.0000,   0.0000,   0.0000,    3,    0.0000e+00,  0.0000e+00, -3.8526e-02,      8.4924e-19,  1.1136e-01, -1.9429e-16,      0.0000e+00,  0.0000e+00,  1.9429e-16,
      2,   0.2500,   0.0000,   0.0000,    1,   -3.9763e-21,      1.1384e-17,     -1.1384e-17,
      3,   0.5000,   0.0000,   0.0000,    3,   -1.6569e-20, -1.9113e-02, -3.7629e-02,      3.3400e-17,  3.3584e-15,  3.1225e-16,     -3.3400e-17, -3.3584e-15, -3.1225e-16,
      4,   0.7500,   0.0000,   0.0000,    1,   -3.5856e-20,     -9.1074e-17,      9.1074e-17,
      5,   1.0000,   0.0000,   0.0000,    3,   -6.2548e-20, -3.7330e-02, -3.4937e-02,     -8.1573e-17, -2.2760e-15,  3.6082e-16,      8.1573e-17,  2.2760e-15, -3.6082e-16,
      6,   1.2500,   0.0000,   0.0000,    1,   -9.5977e-20,      2.1201e-16,     -2.1201e-16,
      7,   1.5000,   0.0000,   0.0000,    3,   -1.3665e-19, -5.3752e-02, -3.0452e-02,      6.0280e-18,  3.3307e-15,  1.3600e-15,     -6.0280e-18, -3.3307e-15, -1.3600e-15,
      8,   1.7500,   0.0000,   0.0000,    1,   -1.8339e-19,     -8.9581e-18,      8.9581e-18,
      9,   2.0000,   0.0000,   0.0000,    3,   -2.4432e-19, -6.7426e-02, -2.3745e-02,     -2.6626e-17, -3.9968e-15,  1.3878e-15,      2.6626e-17,  3.5527e-15, -1.7764e-15,
     10,   2.2500,   0.0000,   0.0000,    1,   -3.3308e-19,      8.9581e-17,     -8.9581e-17,
     11,   2.5000,   0.0000,   0.0000,    3,   -5.3395e-19, -7.5000e-02, -1.3992e-16,      8.0066e-17, -2.2272e-01, -1.1102e-16,     -8.0066e-17,  0.0000e+00,  1.1102e-16,
     12,   2.7500,   0.0000,   0.0000,    1,   -7.6251e-19,     -1.6722e-16,      1.6722e-16,
     13,   3.0000,   0.0000,   0.0000,    3,   -8.5476e-19, -6.7426e-02,  2.3745e-02,      8.9106e-18,  1.1546e-14,  8.6042e-16,     -8.9106e-18, -1.0658e-14, -8.8818e-16,
     14,   3.2500,   0.0000,   0.0000,    1,   -9.1723e-19,     -2.1798e-16,      2.1798e-16,
     15,   3.5000,   0.0000,   0.0000,    3,   -9.6030e-19, -5.3752e-02,  3.0452e-02,      2.6377e-16, -1.6764e-14,  2.6090e-15,     -2.6377e-16,  1.6764e-14, -2.6090e-15,
     16,   3.7500,   0.0000,   0.0000,    1,   -1.0044e-18,     -1.7618e-16,      1.7618e-16,
     17,   4.0000,   0.0000,   0.0000,    3,   -1.0391e-18, -3.7330e-02,  3.4937e-02,      1.8168e-17,  2.2760e-15, -9.7145e-16,     -1.8168e-17, -2.2760e-15,  9.7145e-16,
     18,   4.2500,   0.0000,   0.0000,    1,   -1.0658e-18,      9.1074e-17,     -9.1074e-17,
     19,   4.5000,   0.0000,   0.0000,    3,   -1.0850e-18, -1.9113e-02,  3.7629e-02,     -4.2646e-17, -2.1927e-15, -1.8319e-15,      4.2646e-17,  2.1927e-15,  1.8319e-15,
     20,   4.7500,   0.0000,   0.0000,    1,   -1.0969e-18,      0.0000e+00,      0.0000e+00,
     21,   5.0000,   0.0000,   0.0000,    3,   -1.1008e-18,  0.0000e+00,  3.8526e-02,     -2.9876e-18,  1.1136e-01, -1.0764e-15,      2.9876e-18,  0.0000e+00,  1.0764e-15,
