ConFem  ../DataExamples/E04/E3-02
symmetric system True, used LinAlg2 True, used ConFemMatC True, used CaeFemElemC True
ndofs 43, elems 10, active nodes 21, abs.size 0.22 MItems, rel.size 0.1222 (abs.size/(ndofs**2)
used material MAT1, spec. inertial mass 0.00e+00, type RCBEAM
0 step starts, solution type NR
0   1 1.000 0.00000 iter 0 0.000000e+00 1.000000e+00    0.000000e+00
0   1 1.000 0.10000 iter 1 2.881810e-02 1.000000e+00    3.129891e-03
0   1 1.000 0.10000 iter 2 9.418195e-03 3.457611e-01    7.297825e-03
0   1 1.000 0.10000 iter 3 3.939180e-04 3.685681e-03    7.761812e-03
0   1 1.000 0.10000 iter 4 3.120750e-06 1.464885e-07    7.765731e-03
0   2 1.000 0.10000 iter 0 3.120750e-06 1.000000e+00    0.000000e+00
0   2 1.000 0.20000 iter 1 3.910494e-04 1.000000e+00    7.789069e-03
0   2 1.000 0.20000 iter 2 3.518586e-06 6.622613e-06    7.813912e-03
0   3 1.000 0.20000 iter 0 3.518586e-06 1.000000e+00    0.000000e+00
0   3 1.000 0.30000 iter 1 4.275824e-04 1.000000e+00    7.839581e-03
0   3 1.000 0.30000 iter 2 7.834320e-06 7.315486e-06    7.867034e-03
0   4 1.000 0.30000 iter 0 7.834320e-06 1.000000e+00    0.000000e+00
0   4 1.000 0.40000 iter 1 4.688347e-04 1.000000e+00    7.895482e-03
0   4 1.000 0.40000 iter 2 3.348447e-06 3.342332e-06    7.926023e-03
0   5 1.000 0.40000 iter 0 3.348447e-06 1.000000e+00    0.000000e+00
0   5 1.000 0.50000 iter 1 5.225347e-04 1.000000e+00    7.957761e-03
0   5 1.000 0.50000 iter 2 1.108623e-05 1.350679e-05    7.992002e-03
0   6 1.000 0.50000 iter 0 1.108623e-05 1.000000e+00    0.000000e+00
0   6 1.000 0.60000 iter 1 5.879741e-04 1.000000e+00    8.027700e-03
0   6 1.000 0.60000 iter 2 1.308045e-05 1.787146e-05    8.066435e-03
0   7 1.000 0.60000 iter 0 1.308045e-05 1.000000e+00    0.000000e+00
0   7 1.000 0.70000 iter 1 6.614353e-04 1.000000e+00    8.106979e-03
0   7 1.000 0.70000 iter 2 7.123219e-07 1.029864e-06    8.151261e-03
0   8 1.000 0.70000 iter 0 7.123219e-07 1.000000e+00    0.000000e+00
0   8 1.000 0.80000 iter 1 7.678867e-04 1.000000e+00    8.197826e-03
0   8 1.000 0.80000 iter 2 1.457179e-05 6.792765e-06    8.249127e-03
0   9 1.000 0.80000 iter 0 1.457179e-05 1.000000e+00    0.000000e+00
0   9 1.000 0.90000 iter 1 8.822669e-04 1.000000e+00    8.303330e-03
0   9 1.000 0.90000 iter 2 5.100312e-06 1.092755e-06    8.363717e-03
0  10 1.000 0.90000 iter 0 5.100312e-06 1.000000e+00    0.000000e+00
0  10 1.000 1.00000 iter 1 1.045093e-03 1.000000e+00    8.427962e-03
0  10 1.000 1.00000 iter 2 1.492037e-05 1.607327e-05    8.500444e-03
Element data written 1.000000
Nodal data written 1.000000
Restart data written 1.000000
last iteration data
    7, 0.7000,    2
    8, 0.8000,    2
    9, 0.9000,    2
   10, 1.0000,    2
last timeout data
total comp time 0 seconds
