Time,   0.2827
      1,   0.0000,   0.0000,   0.0000,    3,    0.0000e+00,  0.0000e+00,  0.0000e+00,      1.3270e-11,  5.6534e-01,  2.2409e-02,      0.0000e+00,  0.0000e+00,  0.0000e+00,
      2,   0.0000,   0.2500,   0.0000,    1,   -5.3524e-05,     -3.3419e-10,      3.3419e-10,
      3,   0.0000,   0.5000,   0.0000,    3,    7.9472e-05, -1.0706e-04, -3.1792e-04,     -2.2229e-11,  1.5333e-09,  7.2819e-12,      2.2229e-11, -1.5333e-09, -7.2819e-12,
      4,   0.0000,   0.7500,   0.0000,    1,   -1.6055e-04,     -4.3389e-09,      4.3389e-09,
      5,   0.0000,   1.0000,   0.0000,    3,    3.1757e-04, -2.1422e-04, -6.3456e-04,     -1.1974e-10,  8.6566e-09,  4.5767e-11,      1.1974e-10, -8.6566e-09, -4.5767e-11,
      6,   0.0000,   1.2500,   0.0000,    1,   -2.6750e-04,     -1.5246e-08,      1.5246e-08,
      7,   0.0000,   1.5000,   0.0000,    3,    7.1334e-04, -3.2159e-04, -9.4866e-04,     -2.1621e-10,  2.1964e-08,  1.3673e-10,      2.1621e-10, -2.1964e-08, -1.3673e-10,
      8,   0.0000,   1.7500,   0.0000,    1,   -3.7432e-04,     -3.0482e-08,      3.0482e-08,
      9,   0.0000,   2.0000,   0.0000,    3,    1.2652e-03, -4.2924e-04, -1.2590e-03,     -1.6383e-10,  3.5413e-08,  2.4669e-10,      1.6383e-10, -3.5413e-08, -2.4669e-10,
     10,   0.0000,   2.2500,   0.0000,    1,   -4.8098e-04,     -4.0455e-08,      4.0455e-08,
     11,   0.0000,   2.5000,   0.0000,    3,    1.9709e-03, -5.3729e-04, -1.5642e-03,      2.1712e-10,  3.5862e-08,  2.5469e-10,     -2.1712e-10, -3.5862e-08, -2.5469e-10,
     12,   0.0000,   2.7500,   0.0000,    1,   -5.8743e-04,     -2.8500e-08,      2.8500e-08,
     13,   0.0000,   3.0000,   0.0000,    3,    2.8277e-03, -6.4581e-04, -1.8632e-03,      1.1137e-09,  3.4925e-09, -6.9121e-11,     -1.1137e-09, -3.4925e-09,  6.9121e-11,
     14,   0.0000,   3.2500,   0.0000,    1,   -6.9365e-04,      2.8206e-08,     -2.8206e-08,
     15,   0.0000,   3.5000,   0.0000,    3,    3.8320e-03, -7.5487e-04, -2.1547e-03,      2.6965e-09, -8.6733e-08, -1.0767e-09,     -2.6965e-09,  8.6733e-08,  1.0767e-09,
     16,   0.0000,   3.7500,   0.0000,    1,   -7.9959e-04,      1.5663e-07,     -1.5663e-07,
     17,   0.0000,   4.0000,   0.0000,    3,    4.9800e-03, -8.6456e-04, -2.4375e-03,      5.1006e-09, -2.6250e-07, -3.2458e-09,     -5.1006e-09,  2.6250e-07,  3.2458e-09,
     18,   0.0000,   4.2500,   0.0000,    1,   -9.0526e-04,      3.8477e-07,     -3.8477e-07,
     19,   0.0000,   4.5000,   0.0000,    3,    6.2669e-03, -9.7492e-04, -2.7106e-03,      8.4129e-09, -5.5055e-07, -7.1733e-09,     -8.4129e-09,  5.5055e-07,  7.1733e-09,
     20,   0.0000,   4.7500,   0.0000,    1,   -1.0106e-03,      7.3756e-07,     -7.3756e-07,
     21,   0.0000,   5.0000,   0.0000,    3,    7.6876e-03, -1.0860e-03, -2.9728e-03,     -2.0381e-08, -3.9477e-07, -4.7421e-09,      2.0381e-08,  3.9477e-07,  4.7421e-09,
Time,   0.5342
      1,   0.0000,   0.0000,   0.0000,    3,    0.0000e+00,  0.0000e+00,  0.0000e+00,     -2.0293e-09,  1.0684e+00,  5.2955e-02,      0.0000e+00,  0.0000e+00,  0.0000e+00,
      2,   0.0000,   0.2500,   0.0000,    1,   -1.0113e-04,      2.9815e-10,     -2.9815e-10,
      3,   0.0000,   0.5000,   0.0000,    3,    1.8759e-04, -2.0234e-04, -7.5048e-04,     -3.1269e-09, -7.6818e-10,  1.5313e-09,      3.1269e-09,  7.6818e-10, -1.5313e-09,
      4,   0.0000,   0.7500,   0.0000,    1,   -3.0326e-04,      1.8534e-09,     -1.8534e-09,
      5,   0.0000,   1.0000,   0.0000,    3,    7.4892e-04, -4.0524e-04, -1.4953e-03,     -3.2252e-09, -1.9089e-09,  3.1186e-09,      3.2252e-09,  1.9089e-09, -3.1186e-09,
      6,   0.0000,   1.2500,   0.0000,    1,   -5.0497e-04,      1.6659e-09,     -1.6659e-09,
      7,   0.0000,   1.5000,   0.0000,    3,    1.6798e-03, -6.0924e-04, -2.2287e-03,     -3.1657e-09, -2.2225e-09,  4.7162e-09,      3.1657e-09,  2.2225e-09, -4.7162e-09,
      8,   0.0000,   1.7500,   0.0000,    1,   -7.0602e-04,      3.0035e-09,     -3.0035e-09,
      9,   0.0000,   2.0000,   0.0000,    3,    2.9730e-03, -8.1485e-04, -2.9454e-03,     -2.7660e-09, -1.4709e-08,  6.1901e-09,      2.7660e-09,  1.4709e-08, -6.1901e-09,
     10,   0.0000,   2.2500,   0.0000,    1,   -9.0619e-04,      3.0786e-08,     -3.0786e-08,
     11,   0.0000,   2.5000,   0.0000,    3,    4.6190e-03, -1.0225e-03, -3.6397e-03,     -1.8047e-09, -7.7295e-08,  7.2544e-09,      1.8047e-09,  7.7295e-08, -7.2544e-09,
     12,   0.0000,   2.7500,   0.0000,    1,   -1.1053e-03,      1.3667e-07,     -1.3667e-07,
     13,   0.0000,   3.0000,   0.0000,    3,    6.6051e-03, -1.2327e-03, -4.3064e-03,     -1.4939e-10, -2.5200e-07,  7.4026e-09,      1.4939e-10,  2.5200e-07, -7.4026e-09,
     14,   0.0000,   3.2500,   0.0000,    1,   -1.3033e-03,      3.9224e-07,     -3.9224e-07,
     15,   0.0000,   3.5000,   0.0000,    3,    8.9164e-03, -1.4456e-03, -4.9406e-03,      2.1699e-09, -6.1336e-07,  5.8687e-09,     -2.1699e-09,  6.1336e-07, -5.8687e-09,
     16,   0.0000,   3.7500,   0.0000,    1,   -1.5000e-03,      8.7299e-07,     -8.7299e-07,
     17,   0.0000,   4.0000,   0.0000,    3,    1.1535e-02, -1.6616e-03, -5.5373e-03,      4.9724e-09, -1.2306e-06,  1.6235e-09,     -4.9724e-09,  1.2306e-06, -1.6235e-09,
     18,   0.0000,   4.2500,   0.0000,    1,   -1.6956e-03,      1.6394e-06,     -1.6394e-06,
     19,   0.0000,   4.5000,   0.0000,    3,    1.4442e-02, -1.8808e-03, -6.0922e-03,      7.9979e-09, -2.1514e-06, -6.5910e-09,     -7.9979e-09,  2.1514e-06,  6.5910e-09,
     20,   0.0000,   4.7500,   0.0000,    1,   -1.8902e-03,      2.7241e-06,     -2.7241e-06,
     21,   0.0000,   5.0000,   0.0000,    3,    1.7615e-02, -2.1032e-03, -6.6009e-03,     -3.2746e-08, -1.4609e-06, -5.8282e-09,      3.2746e-08,  1.4609e-06,  5.8282e-09,
Time,   0.7887
      1,   0.0000,   0.0000,   0.0000,    3,    0.0000e+00,  0.0000e+00,  0.0000e+00,     -2.1560e-08,  1.5775e+00,  1.0255e-01,      0.0000e+00,  0.0000e+00,  0.0000e+00,
      2,   0.0000,   0.2500,   0.0000,    1,   -1.4929e-04,      1.7261e-08,     -1.7261e-08,
      3,   0.0000,   0.5000,   0.0000,    3,    3.6283e-04, -2.9885e-04, -1.4517e-03,     -2.8314e-08, -6.9784e-08,  1.3753e-08,      2.8314e-08,  6.9784e-08, -1.3753e-08,
      4,   0.0000,   0.7500,   0.0000,    1,   -4.4736e-04,      1.9716e-07,     -1.9716e-07,
      5,   0.0000,   1.0000,   0.0000,    3,    1.4472e-03, -5.9980e-04, -2.8872e-03,     -2.9220e-08, -3.6242e-07,  2.7806e-08,      2.9220e-08,  3.6242e-07, -2.7806e-08,
      6,   0.0000,   1.2500,   0.0000,    1,   -7.4389e-04,      6.1452e-07,     -6.1452e-07,
      7,   0.0000,   1.5000,   0.0000,    3,    3.2411e-03, -9.0482e-04, -4.2904e-03,     -3.0581e-08, -8.4906e-07,  4.1593e-08,      3.0581e-08,  8.4906e-07, -4.1593e-08,
      8,   0.0000,   1.7500,   0.0000,    1,   -1.0380e-03,      1.1445e-06,     -1.1445e-06,
      9,   0.0000,   2.0000,   0.0000,    3,    5.7245e-03, -1.2158e-03, -5.6457e-03,     -3.3272e-08, -1.3574e-06,  5.4839e-08,      3.3272e-08,  1.3574e-06, -5.4839e-08,
     10,   0.0000,   2.2500,   0.0000,    1,   -1.3290e-03,      1.5898e-06,     -1.5898e-06,
     11,   0.0000,   2.5000,   0.0000,    3,    8.8695e-03, -1.5341e-03, -6.9380e-03,     -3.6311e-08, -1.6803e-06,  6.7649e-08,      3.6311e-08,  1.6803e-06, -6.7649e-08,
     12,   0.0000,   2.7500,   0.0000,    1,   -1.6164e-03,      1.7443e-06,     -1.7443e-06,
     13,   0.0000,   3.0000,   0.0000,    3,    1.2641e-02, -1.8612e-03, -8.1529e-03,     -3.6815e-08, -1.5969e-06,  8.0172e-08,      3.6815e-08,  1.5969e-06, -8.0172e-08,
     14,   0.0000,   3.2500,   0.0000,    1,   -1.9002e-03,      1.3735e-06,     -1.3735e-06,
     15,   0.0000,   3.5000,   0.0000,    3,    1.6997e-02, -2.1977e-03, -9.2767e-03,     -2.9725e-08, -8.3262e-07,  9.2222e-08,      2.9725e-08,  8.3262e-07, -9.2222e-08,
     16,   0.0000,   3.7500,   0.0000,    1,   -2.1805e-03,      1.5745e-07,     -1.5745e-07,
     17,   0.0000,   4.0000,   0.0000,    3,    2.1889e-02, -2.5442e-03, -1.0297e-02,     -7.4952e-09,  9.8188e-07,  1.0294e-07,      7.4952e-09, -9.8188e-07, -1.0294e-07,
     18,   0.0000,   4.2500,   0.0000,    1,   -2.4580e-03,     -2.3249e-06,      2.3249e-06,
     19,   0.0000,   4.5000,   0.0000,    3,    2.7261e-02, -2.9005e-03, -1.1202e-02,      3.9182e-08,  4.2623e-06,  1.1051e-07,     -3.9182e-08, -4.2623e-06, -1.1051e-07,
     20,   0.0000,   4.7500,   0.0000,    1,   -2.7335e-03,     -6.4756e-06,      6.4756e-06,
     21,   0.0000,   5.0000,   0.0000,    3,    3.3055e-02, -3.2663e-03, -1.1983e-02,      2.6918e-07,  3.4504e-06,  5.6069e-08,     -2.6918e-07, -3.4504e-06, -5.6069e-08,
Time,   1.0003
      1,   0.0000,   0.0000,   0.0000,    3,    0.0000e+00,  0.0000e+00,  0.0000e+00,     -1.2136e-09,  2.0005e+00,  1.7188e-01,      0.0000e+00,  0.0000e+00,  0.0000e+00,
      2,   0.0000,   0.2500,   0.0000,    1,   -1.8930e-04,      2.9656e-09,     -2.9656e-09,
      3,   0.0000,   0.5000,   0.0000,    3,    6.0755e-04, -3.7934e-04, -2.4310e-03,     -1.0457e-09, -1.2688e-08,  5.6087e-10,      1.0457e-09,  1.2688e-08, -5.6087e-10,
      4,   0.0000,   0.7500,   0.0000,    1,   -5.6643e-04,      3.6034e-08,     -3.6034e-08,
      5,   0.0000,   1.0000,   0.0000,    3,    2.4216e-03, -7.6452e-04, -4.8276e-03,     -8.5619e-10, -6.7890e-08,  9.3878e-10,      8.5619e-10,  6.7890e-08, -9.3878e-10,
      6,   0.0000,   1.2500,   0.0000,    1,   -9.3929e-04,      1.1664e-07,     -1.1664e-07,
      7,   0.0000,   1.5000,   0.0000,    3,    5.4164e-03, -1.1611e-03, -7.1559e-03,     -1.6843e-09, -1.5879e-07,  1.2121e-09,      1.6843e-09,  1.5879e-07, -1.2121e-09,
      8,   0.0000,   1.7500,   0.0000,    1,   -1.3055e-03,      2.1113e-07,     -2.1113e-07,
      9,   0.0000,   2.0000,   0.0000,    3,    9.5494e-03, -1.5739e-03, -9.3830e-03,     -3.5238e-09, -2.2949e-07,  1.7159e-09,      3.5238e-09,  2.2949e-07, -1.7159e-09,
     10,   0.0000,   2.2500,   0.0000,    1,   -1.6634e-03,      2.4351e-07,     -2.4351e-07,
     11,   0.0000,   2.5000,   0.0000,    3,    1.4762e-02, -2.0068e-03, -1.1477e-02,     -5.2067e-09, -1.9086e-07,  2.8669e-09,      5.2067e-09,  1.9086e-07, -2.8669e-09,
     12,   0.0000,   2.7500,   0.0000,    1,   -2.0122e-03,      1.1467e-07,     -1.1467e-07,
     13,   0.0000,   3.0000,   0.0000,    3,    2.0981e-02, -2.4628e-03, -1.3409e-02,     -4.6799e-09,  5.7760e-08,  5.0747e-09,      4.6799e-09, -5.7760e-08, -5.0747e-09,
     14,   0.0000,   3.2500,   0.0000,    1,   -2.3521e-03,     -2.7394e-07,      2.7394e-07,
     15,   0.0000,   3.5000,   0.0000,    3,    2.8117e-02, -2.9433e-03, -1.5152e-02,      5.1618e-10,  6.0413e-07,  8.7186e-09,     -5.1618e-10, -6.0413e-07, -8.7186e-09,
     16,   0.0000,   3.7500,   0.0000,    1,   -2.6846e-03,     -9.9557e-07,      9.9557e-07,
     17,   0.0000,   4.0000,   0.0000,    3,    3.6071e-02, -3.4485e-03, -1.6680e-02,      1.2706e-08,  1.4992e-06,  1.4086e-08,     -1.2706e-08, -1.4992e-06, -1.4086e-08,
     18,   0.0000,   4.2500,   0.0000,    1,   -3.0121e-03,     -2.0755e-06,      2.0755e-06,
     19,   0.0000,   4.5000,   0.0000,    3,    4.4728e-02, -3.9771e-03, -1.7972e-02,      3.3537e-08,  2.7358e-06,  2.1186e-08,     -3.3537e-08, -2.7358e-06, -2.1186e-08,
     20,   0.0000,   4.7500,   0.0000,    1,   -3.3384e-03,     -3.4717e-06,      3.4717e-06,
     21,   0.0000,   5.0000,   0.0000,    3,    5.3967e-02, -4.5266e-03, -1.9010e-02,      8.4849e-08,  1.8533e-06,  1.2460e-08,     -8.4849e-08, -1.8533e-06, -1.2460e-08,
