   -0.00036662   -0.00090919  0       1
   -0.00073357   -0.00179542  0       2
   -0.00110095   -0.00265814  0       3
   -0.00146918   -0.00347880  0       4
   -0.00183894   -0.00423688  0       5
   -0.00221272   -0.00488556  0       6
   -0.00261657   -0.00514735  0       7
   -0.00301422   -0.00523843  0       8
   -0.00340148   -0.00550025  0       9
   -0.00377463   -0.00561723  0      10
   -0.00414917   -0.00586538  0      11
   -0.00451073   -0.00606547  0      12
   -0.00488323   -0.00636872  0      13
   -0.00523809   -0.00656345  0      14
   -0.00559858   -0.00681398  0      15
   -0.00596466   -0.00711533  0      16
   -0.00632914   -0.00742292  0      17
   -0.00667644   -0.00766531  0      18
   -0.00704086   -0.00798814  0      19
   -0.00740681   -0.00832257  0      20
   -0.00777254   -0.00865883  0      21
   -0.00813183   -0.00896356  0      22
   -0.00848599   -0.00924972  0      23
   -0.00884195   -0.00954795  0      24
   -0.00920329   -0.00987247  0      25
   -0.00956655   -0.01020740  0      26
   -0.00993076   -0.01054793  0      27
   -0.01029551   -0.01089197  0      28
   -0.01066054   -0.01123817  0      29
   -0.01102560   -0.01158538  0      30
   -0.01139029   -0.01193207  0      31
   -0.01175266   -0.01227200  0      32
   -0.01210209   -0.01257465  0      33
   -0.01246463   -0.01291589  0      34
   -0.01282849   -0.01326114  0      35
   -0.01319299   -0.01360819  0      36
   -0.01355791   -0.01395629  0      37
   -0.01392313   -0.01430500  0      38
   -0.01428858   -0.01465400  0      39
   -0.01465420   -0.01500309  0      40
   -0.01501997   -0.01535206  0      41
   -0.01538584   -0.01570076  0      42
   -0.01575178   -0.01604903  0      43
   -0.01611776   -0.01639668  0      44
   -0.01648373   -0.01674350  0      45
   -0.01684961   -0.01708914  0      46
   -0.01721528   -0.01743310  0      47
   -0.01758060   -0.01777484  0      48
   -0.01794584   -0.01811553  0      49
   -0.01831136   -0.01845664  0      50
   -0.01867703   -0.01879758  0      51
   -0.01904274   -0.01913795  0      52
   -0.01940844   -0.01947750  0      53
   -0.01977406   -0.01981600  0      54
   -0.02013954   -0.02015322  0      55
   -0.02050479   -0.02048886  0      56
   -0.02086971   -0.02082265  0      57
   -0.02123427   -0.02115448  0      58
   -0.02159865   -0.02148488  0      59
   -0.02196329   -0.02181514  0      60
   -0.02232848   -0.02214607  0      61
   -0.02269412   -0.02247732  0      62
   -0.02305992   -0.02280855  0      63
   -0.02342612   -0.02313944  0      64
   -0.02379250   -0.02346975  0      65
   -0.02415903   -0.02379944  0      66
   -0.02452572   -0.02412843  0      67
   -0.02489253   -0.02445667  0      68
   -0.02525946   -0.02478411  0      69
   -0.02562651   -0.02511070  0      70
   -0.02599367   -0.02543640  0      71
   -0.02636094   -0.02576119  0      72
   -0.02672831   -0.02608503  0      73
   -0.02709578   -0.02640790  0      74
   -0.02746335   -0.02672975  0      75
   -0.02783102   -0.02705058  0      76
   -0.02819878   -0.02737034  0      77
   -0.02856664   -0.02768902  0      78
   -0.02893460   -0.02800659  0      79
   -0.02930265   -0.02832303  0      80
   -0.02967081   -0.02863831  0      81
   -0.03003906   -0.02895240  0      82
   -0.03040741   -0.02926529  0      83
   -0.03077586   -0.02957695  0      84
   -0.03114441   -0.02988734  0      85
   -0.03151306   -0.03019646  0      86
   -0.03188182   -0.03050426  0      87
   -0.03225068   -0.03081073  0      88
   -0.03261966   -0.03111583  0      89
   -0.03298874   -0.03141954  0      90
   -0.03335794   -0.03172184  0      91
   -0.03372726   -0.03202268  0      92
   -0.03409669   -0.03232205  0      93
   -0.03446625   -0.03261991  0      94
   -0.03484675   -0.03287316  0      95
   -0.03524885   -0.03301000  0      96
   -0.03566297   -0.03306683  0      97
   -0.03607736   -0.03312210  0      98
   -0.03649258   -0.03317227  0      99
   -0.03690835   -0.03321920  0     100
   -0.03732492   -0.03326141  0     101
   -0.03774174   -0.03330215  0     102
   -0.03815908   -0.03333986  0     103
   -0.03857695   -0.03337455  0     104
   -0.03899534   -0.03340622  0     105
   -0.03941427   -0.03343487  0     106
   -0.03983375   -0.03346044  0     107
