  1.0000
    1   0.0000   0.0000   0.0000  0.0000e+00  0.0000e+00 -5.8997e-03  4.0362e-06  5.0005e-02 -4.8212e-08
    2   0.2500   0.0000   0.0000  6.6856e-06  1.4530e-05
    3   0.5000   0.0000   0.0000  2.5820e-05 -2.8938e-03 -5.5693e-03  6.4579e-06 -1.1571e-06 -3.0184e-16
    4   0.7500   0.0000   0.0000  5.6020e-05  1.1301e-05
    5   1.0000   0.0000   0.0000  9.5903e-05 -5.4749e-03 -4.6725e-03  4.8434e-06 -1.1571e-06  6.3144e-16
    6   1.2500   0.0000   0.0000  1.4409e-04  8.0724e-06
    7   1.5000   0.0000   0.0000  1.9918e-04 -7.4955e-03 -3.3510e-03  3.2290e-06 -1.1571e-06  2.2898e-16
    8   1.7500   0.0000   0.0000  2.5981e-04  4.8434e-06
    9   2.0000   0.0000   0.0000  3.2460e-04 -8.7787e-03 -1.7463e-03  1.6145e-06 -1.1571e-06 -2.1511e-16
   10   2.2500   0.0000   0.0000  3.9214e-04  1.6145e-06
   11   2.5000   0.0000   0.0000  4.6107e-04 -9.2183e-03 -7.3856e-19 -3.3307e-16 -1.1571e-06  6.9389e-17
   12   2.7500   0.0000   0.0000  5.3000e-04 -1.6145e-06
   13   3.0000   0.0000   0.0000  5.9755e-04 -8.7787e-03  1.7463e-03 -1.6145e-06 -1.1571e-06  2.9837e-16
   14   3.2500   0.0000   0.0000  6.6233e-04 -4.8434e-06
   15   3.5000   0.0000   0.0000  7.2296e-04 -7.4955e-03  3.3510e-03 -3.2290e-06 -1.1571e-06  5.8287e-16
   16   3.7500   0.0000   0.0000  7.7806e-04 -8.0724e-06
   17   4.0000   0.0000   0.0000  8.2624e-04 -5.4749e-03  4.6725e-03 -4.8434e-06 -1.1571e-06 -1.2490e-16
   18   4.2500   0.0000   0.0000  8.6613e-04 -1.1301e-05
   19   4.5000   0.0000   0.0000  8.9633e-04 -2.8938e-03  5.5693e-03 -6.4579e-06 -1.1571e-06  3.4694e-16
   20   4.7500   0.0000   0.0000  9.1546e-04 -1.4530e-05
   21   5.0000   0.0000   0.0000  9.2215e-04  0.0000e+00  5.8997e-03 -4.0362e-06  5.0005e-02  4.8212e-08
101.0000
    1   0.0000   0.0000   0.0000  0.0000e+00  0.0000e+00 -7.0132e-03 -7.3937e-06  4.9992e-02  7.7851e-08
    2   0.2500   0.0000   0.0000  4.8228e-06 -2.6617e-05
    3   0.5000   0.0000   0.0000  1.8626e-05 -3.4400e-03 -6.6205e-03 -1.1830e-05  1.8684e-06 -2.1164e-16
    4   0.7500   0.0000   0.0000  4.0412e-05 -2.0702e-05
    5   1.0000   0.0000   0.0000  6.9182e-05 -6.5083e-03 -5.5545e-03 -8.8725e-06  1.8684e-06 -3.8858e-16
    6   1.2500   0.0000   0.0000  1.0394e-04 -1.4787e-05
    7   1.5000   0.0000   0.0000  1.4369e-04 -8.9103e-03 -3.9835e-03 -5.9150e-06  1.8684e-06  6.0368e-16
    8   1.7500   0.0000   0.0000  1.8742e-04 -8.8725e-06
    9   2.0000   0.0000   0.0000  2.3416e-04 -1.0436e-02 -2.0759e-03 -2.9575e-06  1.8684e-06  1.0270e-15
   10   2.2500   0.0000   0.0000  2.8288e-04 -2.9575e-06
   11   2.5000   0.0000   0.0000  3.3261e-04 -1.0958e-02  1.5494e-20  7.5558e-16  1.8684e-06 -2.4980e-16
   12   2.7500   0.0000   0.0000  3.8233e-04  2.9575e-06
   13   3.0000   0.0000   0.0000  4.3106e-04 -1.0436e-02  2.0759e-03  2.9575e-06  1.8684e-06 -6.5919e-16
   14   3.2500   0.0000   0.0000  4.7779e-04  8.8725e-06
   15   3.5000   0.0000   0.0000  5.2153e-04 -8.9103e-03  3.9835e-03  5.9150e-06  1.8684e-06  5.6205e-16
   16   3.7500   0.0000   0.0000  5.6127e-04  1.4787e-05
   17   4.0000   0.0000   0.0000  5.9603e-04 -6.5083e-03  5.5545e-03  8.8725e-06  1.8684e-06  7.4940e-16
   18   4.2500   0.0000   0.0000  6.2480e-04  2.0702e-05
   19   4.5000   0.0000   0.0000  6.4659e-04 -3.4400e-03  6.6205e-03  1.1830e-05  1.8684e-06 -8.6736e-17
   20   4.7500   0.0000   0.0000  6.6039e-04  2.6617e-05
   21   5.0000   0.0000   0.0000  6.6521e-04  0.0000e+00  7.0132e-03  7.3937e-06  4.9992e-02 -7.7851e-08
201.0000
    1   0.0000   0.0000   0.0000  0.0000e+00  0.0000e+00 -7.4355e-03 -9.0428e-06  4.9990e-02  8.9640e-08
    2   0.2500   0.0000   0.0000  4.0571e-06 -3.2554e-05
    3   0.5000   0.0000   0.0000  1.5669e-05 -3.6471e-03 -7.0191e-03 -1.4469e-05  2.1514e-06  2.1858e-16
    4   0.7500   0.0000   0.0000  3.3996e-05 -2.5320e-05
    5   1.0000   0.0000   0.0000  5.8198e-05 -6.9002e-03 -5.8889e-03 -1.0851e-05  2.1514e-06 -5.1348e-16
    6   1.2500   0.0000   0.0000  8.7437e-05 -1.8086e-05
    7   1.5000   0.0000   0.0000  1.2087e-04 -9.4468e-03 -4.2234e-03 -7.2343e-06  2.1514e-06 -2.9837e-16
    8   1.7500   0.0000   0.0000  1.5767e-04 -1.0851e-05
    9   2.0000   0.0000   0.0000  1.9698e-04 -1.1064e-02 -2.2009e-03 -3.6171e-06  2.1514e-06  7.0083e-16
   10   2.2500   0.0000   0.0000  2.3797e-04 -3.6171e-06
   11   2.5000   0.0000   0.0000  2.7980e-04 -1.1618e-02  7.5291e-19  2.2196e-16  2.1514e-06  6.9389e-17
   12   2.7500   0.0000   0.0000  3.2163e-04  3.6171e-06
   13   3.0000   0.0000   0.0000  3.6262e-04 -1.1064e-02  2.2009e-03  3.6171e-06  2.1514e-06 -7.7716e-16
   14   3.2500   0.0000   0.0000  4.0193e-04  1.0851e-05
   15   3.5000   0.0000   0.0000  4.3873e-04 -9.4468e-03  4.2234e-03  7.2343e-06  2.1514e-06 -3.4694e-16
   16   3.7500   0.0000   0.0000  4.7216e-04  1.8086e-05
   17   4.0000   0.0000   0.0000  5.0140e-04 -6.9002e-03  5.8889e-03  1.0851e-05  2.1514e-06  3.4694e-16
   18   4.2500   0.0000   0.0000  5.2560e-04  2.5320e-05
   19   4.5000   0.0000   0.0000  5.4393e-04 -3.6471e-03  7.0191e-03  1.4469e-05  2.1514e-06 -2.7756e-17
   20   4.7500   0.0000   0.0000  5.5554e-04  3.2554e-05
   21   5.0000   0.0000   0.0000  5.5960e-04  0.0000e+00  7.4355e-03  9.0428e-06  4.9990e-02 -8.9640e-08
301.0000
    1   0.0000   0.0000   0.0000  0.0000e+00  0.0000e+00 -7.5924e-03 -1.0125e-05  4.9989e-02  9.8501e-08
    2   0.2500   0.0000   0.0000  3.7655e-06 -3.6451e-05
    3   0.5000   0.0000   0.0000  1.4542e-05 -3.7241e-03 -7.1672e-03 -1.6201e-05  2.3640e-06 -2.5674e-16
    4   0.7500   0.0000   0.0000  3.1552e-05 -2.8351e-05
    5   1.0000   0.0000   0.0000  5.4015e-05 -7.0457e-03 -6.0132e-03 -1.2150e-05  2.3640e-06 -5.2736e-16
    6   1.2500   0.0000   0.0000  8.1152e-05 -2.0251e-05
    7   1.5000   0.0000   0.0000  1.1218e-04 -9.6461e-03 -4.3125e-03 -8.1003e-06  2.3640e-06 -5.6205e-16
    8   1.7500   0.0000   0.0000  1.4633e-04 -1.2150e-05
    9   2.0000   0.0000   0.0000  1.8282e-04 -1.1297e-02 -2.2473e-03 -4.0501e-06  2.3640e-06  8.4655e-16
   10   2.2500   0.0000   0.0000  2.2086e-04 -4.0501e-06
   11   2.5000   0.0000   0.0000  2.5969e-04 -1.1863e-02  8.7427e-20 -7.8027e-16  2.3640e-06  5.4123e-16
   12   2.7500   0.0000   0.0000  2.9851e-04  4.0501e-06
   13   3.0000   0.0000   0.0000  3.3655e-04 -1.1297e-02  2.2473e-03  4.0501e-06  2.3640e-06 -4.5103e-16
   14   3.2500   0.0000   0.0000  3.7304e-04  1.2150e-05
   15   3.5000   0.0000   0.0000  4.0719e-04 -9.6461e-03  4.3125e-03  8.1003e-06  2.3640e-06  1.5266e-16
   16   3.7500   0.0000   0.0000  4.3822e-04  2.0251e-05
   17   4.0000   0.0000   0.0000  4.6536e-04 -7.0457e-03  6.0132e-03  1.2150e-05  2.3640e-06  2.6368e-16
   18   4.2500   0.0000   0.0000  4.8782e-04  2.8351e-05
   19   4.5000   0.0000   0.0000  5.0483e-04 -3.7241e-03  7.1672e-03  1.6201e-05  2.3640e-06  3.8164e-17
   20   4.7500   0.0000   0.0000  5.1561e-04  3.6451e-05
   21   5.0000   0.0000   0.0000  5.1937e-04  0.0000e+00  7.5924e-03  1.0125e-05  4.9989e-02 -9.8501e-08
401.0000
    1   0.0000   0.0000   0.0000  0.0000e+00  0.0000e+00 -7.6507e-03 -1.1688e-05  4.9987e-02  1.1703e-07
    2   0.2500   0.0000   0.0000  3.6562e-06 -4.2076e-05
    3   0.5000   0.0000   0.0000  1.4121e-05 -3.7527e-03 -7.2222e-03 -1.8701e-05  2.8087e-06  3.4001e-16
    4   0.7500   0.0000   0.0000  3.0636e-05 -3.2726e-05
    5   1.0000   0.0000   0.0000  5.2448e-05 -7.0998e-03 -6.0593e-03 -1.4025e-05  2.8087e-06 -4.4409e-16
    6   1.2500   0.0000   0.0000  7.8797e-05 -2.3376e-05
    7   1.5000   0.0000   0.0000  1.0893e-04 -9.7202e-03 -4.3456e-03 -9.3503e-06  2.8087e-06 -6.3838e-16
    8   1.7500   0.0000   0.0000  1.4209e-04 -1.4025e-05
    9   2.0000   0.0000   0.0000  1.7751e-04 -1.1384e-02 -2.2646e-03 -4.6751e-06  2.8087e-06  7.9797e-16
   10   2.2500   0.0000   0.0000  2.1446e-04 -4.6751e-06
   11   2.5000   0.0000   0.0000  2.5215e-04 -1.1954e-02  2.1154e-19 -1.6065e-16  2.8087e-06  8.3267e-17
   12   2.7500   0.0000   0.0000  2.8985e-04  4.6751e-06
   13   3.0000   0.0000   0.0000  3.2679e-04 -1.1384e-02  2.2646e-03  4.6751e-06  2.8087e-06 -5.5511e-16
   14   3.2500   0.0000   0.0000  3.6222e-04  1.4025e-05
   15   3.5000   0.0000   0.0000  3.9537e-04 -9.7202e-03  4.3456e-03  9.3503e-06  2.8087e-06  1.2490e-16
   16   3.7500   0.0000   0.0000  4.2551e-04  2.3376e-05
   17   4.0000   0.0000   0.0000  4.5186e-04 -7.0998e-03  6.0593e-03  1.4025e-05  2.8087e-06 -1.8041e-16
   18   4.2500   0.0000   0.0000  4.7367e-04  3.2726e-05
   19   4.5000   0.0000   0.0000  4.9018e-04 -3.7527e-03  7.2222e-03  1.8701e-05  2.8087e-06 -5.3776e-16
   20   4.7500   0.0000   0.0000  5.0065e-04  4.2076e-05
   21   5.0000   0.0000   0.0000  5.0430e-04  0.0000e+00  7.6507e-03  1.1688e-05  4.9987e-02 -1.1703e-07
501.0000
    1   0.0000   0.0000   0.0000  0.0000e+00  0.0000e+00 -7.6728e-03 -4.5185e-06  4.9995e-02  4.5095e-08
    2   0.2500   0.0000   0.0000  3.6132e-06 -1.6267e-05
    3   0.5000   0.0000   0.0000  1.3954e-05 -3.7635e-03 -7.2431e-03 -7.2296e-06  1.0823e-06 -1.1796e-16
    4   0.7500   0.0000   0.0000  3.0276e-05 -1.2652e-05
    5   1.0000   0.0000   0.0000  5.1830e-05 -7.1204e-03 -6.0769e-03 -5.4222e-06  1.0823e-06  1.7347e-16
    6   1.2500   0.0000   0.0000  7.7870e-05 -9.0370e-06
    7   1.5000   0.0000   0.0000  1.0765e-04 -9.7483e-03 -4.3581e-03 -3.6148e-06  1.0823e-06 -1.3878e-16
    8   1.7500   0.0000   0.0000  1.4041e-04 -5.4222e-06
    9   2.0000   0.0000   0.0000  1.7543e-04 -1.1417e-02 -2.2711e-03 -1.8074e-06  1.0823e-06 -8.3267e-16
   10   2.2500   0.0000   0.0000  2.1193e-04 -1.8074e-06
   11   2.5000   0.0000   0.0000  2.4918e-04 -1.1989e-02  5.5968e-19 -1.1771e-15  1.0823e-06  2.0817e-16
   12   2.7500   0.0000   0.0000  2.8644e-04  1.8074e-06
   13   3.0000   0.0000   0.0000  3.2294e-04 -1.1417e-02  2.2711e-03  1.8074e-06  1.0823e-06  4.0246e-16
   14   3.2500   0.0000   0.0000  3.5795e-04  5.4222e-06
   15   3.5000   0.0000   0.0000  3.9072e-04 -9.7483e-03  4.3581e-03  3.6148e-06  1.0823e-06  2.4980e-16
   16   3.7500   0.0000   0.0000  4.2050e-04  9.0370e-06
   17   4.0000   0.0000   0.0000  4.4654e-04 -7.1204e-03  6.0769e-03  5.4222e-06  1.0823e-06  2.2204e-16
   18   4.2500   0.0000   0.0000  4.6809e-04  1.2652e-05
   19   4.5000   0.0000   0.0000  4.8441e-04 -3.7635e-03  7.2431e-03  7.2296e-06  1.0823e-06 -2.1511e-16
   20   4.7500   0.0000   0.0000  4.9475e-04  1.6267e-05
   21   5.0000   0.0000   0.0000  4.9837e-04  0.0000e+00  7.6728e-03  4.5185e-06  4.9995e-02 -4.5095e-08
