Time   1.0003
El      1    B23E                                   PROP1                                    MAT1              RCBEAM      1      2      3
   0.0564   0.0000  -5.8528e-06   2.5819e-04  -7.3415e-03   1.0194e-02   3.2876e-02  -5.7491e-02
   0.2500   0.0000   1.1754e-04   2.1621e-03   9.1768e-03   3.8643e-02   4.4186e-01  -3.1487e-01
   0.4436   0.0000   2.4094e-04   4.0660e-03  -7.3415e-03   6.8511e-02   8.5084e-01  -5.7226e-01
El      2    B23E                                   PROP1                                    MAT1              RCBEAM      3      4      5
   0.5564   0.0000   3.1199e-04   5.0349e-03   1.7033e-03   8.3053e-02   1.0672e+00  -6.9499e-01
   0.7500   0.0000   3.9713e-04   6.5224e-03  -2.1291e-03   1.0624e-01   1.3755e+00  -9.0735e-01
   0.9436   0.0000   4.8227e-04   8.0099e-03   1.7033e-03   1.2841e-01   1.6837e+00  -1.1197e+00
El      3    B23E                                   PROP1                                    MAT1              RCBEAM      5      6      7
   1.0564   0.0000   5.2068e-04   8.7821e-03   1.0760e-03   1.3978e-01   1.8380e+00  -1.2357e+00
   1.2500   0.0000   5.7202e-04   9.9322e-03  -1.3450e-03   1.5636e-01   2.0619e+00  -1.4144e+00
   1.4436   0.0000   6.2337e-04   1.1082e-02   1.0760e-03   1.7218e-01   2.2857e+00  -1.5931e+00
El      4    B23E                                   PROP1                                    MAT1              RCBEAM      7      8      9
   1.5564   0.0000   6.4454e-04   1.1648e-02   5.4005e-04   1.7980e-01   2.3917e+00  -1.6850e+00
   1.7500   0.0000   6.6973e-04   1.2401e-02  -6.7506e-04   1.8972e-01   2.5299e+00  -1.8105e+00
   1.9436   0.0000   6.9493e-04   1.3154e-02   5.4005e-04   1.9924e-01   2.6681e+00  -1.9359e+00
El      5    B23E                                   PROP1                                    MAT1              RCBEAM      9     10     11
   2.0564   0.0000   6.9991e-04   1.3404e-02  -1.2437e-03   2.0239e-01   2.7105e+00  -1.9809e+00
   2.2500   0.0000   1.1174e-03   1.7387e-02   1.5546e-03   2.0723e-01   3.7254e+00  -2.3599e+00
   2.4436   0.0000   1.5349e-03   2.1369e-02  -1.2436e-03   2.0887e-01   4.7403e+00  -2.7390e+00
El      6    B23E                                   PROP1                                    MAT1              RCBEAM     11     12     13
   2.5564   0.0000   1.5349e-03   2.1369e-02  -1.2436e-03   2.0887e-01   4.7403e+00  -2.7390e+00
   2.7500   0.0000   1.1174e-03   1.7387e-02   1.5546e-03   2.0723e-01   3.7254e+00  -2.3599e+00
   2.9436   0.0000   6.9991e-04   1.3404e-02  -1.2437e-03   2.0239e-01   2.7105e+00  -1.9809e+00
El      7    B23E                                   PROP1                                    MAT1              RCBEAM     13     14     15
   3.0564   0.0000   6.9493e-04   1.3154e-02   5.4005e-04   1.9924e-01   2.6681e+00  -1.9359e+00
   3.2500   0.0000   6.6973e-04   1.2401e-02  -6.7506e-04   1.8972e-01   2.5299e+00  -1.8105e+00
   3.4436   0.0000   6.4454e-04   1.1648e-02   5.4005e-04   1.7980e-01   2.3917e+00  -1.6850e+00
El      8    B23E                                   PROP1                                    MAT1              RCBEAM     15     16     17
   3.5564   0.0000   6.2337e-04   1.1082e-02   1.0760e-03   1.7218e-01   2.2857e+00  -1.5931e+00
   3.7500   0.0000   5.7202e-04   9.9322e-03  -1.3450e-03   1.5636e-01   2.0619e+00  -1.4144e+00
   3.9436   0.0000   5.2068e-04   8.7821e-03   1.0760e-03   1.3978e-01   1.8380e+00  -1.2357e+00
El      9    B23E                                   PROP1                                    MAT1              RCBEAM     17     18     19
   4.0564   0.0000   4.8227e-04   8.0099e-03   1.7033e-03   1.2841e-01   1.6837e+00  -1.1197e+00
   4.2500   0.0000   3.9713e-04   6.5224e-03  -2.1291e-03   1.0624e-01   1.3755e+00  -9.0735e-01
   4.4436   0.0000   3.1199e-04   5.0349e-03   1.7033e-03   8.3053e-02   1.0672e+00  -6.9499e-01
El     10    B23E                                   PROP1                                    MAT1              RCBEAM     19     20     21
   4.5564   0.0000   2.4094e-04   4.0660e-03  -7.3415e-03   6.8511e-02   8.5084e-01  -5.7226e-01
   4.7500   0.0000   1.1754e-04   2.1621e-03   9.1768e-03   3.8643e-02   4.4186e-01  -3.1487e-01
   4.9436   0.0000  -5.8528e-06   2.5819e-04  -7.3415e-03   1.0194e-02   3.2876e-02  -5.7491e-02
