Time,   1.0000
      1,   0.0000,   0.0000,   0.0000,    3,    0.0000e+00,  0.0000e+00,  0.0000e+00,      1.8298e-01,  1.0000e-01,  6.9598e-02,      0.0000e+00,  0.0000e+00,  0.0000e+00,
      2,   0.1250,   0.0000,   0.0000,    1,    1.2367e-05,     -5.4172e-08,      5.4172e-08,
      3,   0.2500,   0.0000,   0.0000,    3,    1.8414e-05, -9.4110e-05, -6.9942e-04,      4.2259e-08, -6.2196e-08, -4.4326e-09,     -4.2259e-08,  6.2196e-08,  4.4326e-09,
      4,   0.3750,   0.0000,   0.0000,    1,    1.8840e-05,     -3.6019e-07,      3.6019e-07,
      5,   0.5000,   0.0000,   0.0000,    3,    1.4802e-05, -3.2504e-04, -1.1041e-03,     -3.3488e-06,  1.4483e-05,  9.8937e-07,      3.3488e-06, -1.4483e-05, -9.8937e-07,
      6,   0.6250,   0.0000,   0.0000,    1,    7.7506e-06,      2.0542e-05,     -2.0542e-05,
      7,   0.7500,   0.0000,   0.0000,    3,   -2.9984e-07, -6.2824e-04, -1.2972e-03,     -1.1727e-05, -2.6343e-05,  1.2477e-06,      1.1727e-05,  2.6343e-05, -1.2477e-06,
      8,   0.8750,   0.0000,   0.0000,    1,   -8.3076e-06,     -1.1399e-05,      1.1399e-05,
      9,   1.0000,   0.0000,   0.0000,    3,   -1.5672e-05, -9.6553e-04, -1.3920e-03,      6.4847e-06,  1.1827e-05, -1.6646e-06,     -6.4847e-06, -1.1827e-05,  1.6646e-06,
     10,   1.1250,   0.0000,   0.0000,    1,   -2.2593e-05,      1.5641e-07,     -1.5641e-07,
     11,   1.2500,   0.0000,   0.0000,    3,   -2.9000e-05, -1.3189e-03, -1.4188e-03,      1.9914e-08,  1.5108e-07, -6.2075e-09,     -1.9914e-08, -1.5108e-07,  6.2075e-09,
     12,   1.3750,   0.0000,   0.0000,    1,   -3.3877e-05,      3.4827e-08,     -3.4827e-08,
     13,   1.5000,   0.0000,   0.0000,    3,   -3.6761e-05, -1.6647e-03, -1.3260e-03,     -2.9807e-09,  2.8370e-08, -4.7626e-10,      2.9807e-09, -2.8370e-08,  4.7626e-10,
     14,   1.6250,   0.0000,   0.0000,    1,   -3.7506e-05,      2.4562e-08,     -2.4562e-08,
     15,   1.7500,   0.0000,   0.0000,    3,   -3.6218e-05, -1.9715e-03, -1.1098e-03,      2.1538e-08,  2.0824e-08, -2.3241e-10,     -2.1538e-08, -2.0824e-08,  2.3241e-10,
     16,   1.8750,   0.0000,   0.0000,    1,   -3.3104e-05,      1.5047e-08,     -1.5047e-08,
     17,   2.0000,   0.0000,   0.0000,    3,   -2.8420e-05, -2.2114e-03, -7.9548e-04,      1.7583e-09,  1.4776e-08,  2.5832e-11,     -1.7583e-09, -1.4776e-08, -2.5832e-11,
     18,   2.1250,   0.0000,   0.0000,    1,   -2.2455e-05,      1.0880e-09,     -1.0880e-09,
     19,   2.2500,   0.0000,   0.0000,    3,   -1.5516e-05, -2.3637e-03, -4.1454e-04,     -1.7950e-10,  1.6336e-08,  1.5003e-11,      1.7950e-10, -1.6336e-08, -1.5003e-11,
     20,   2.3750,   0.0000,   0.0000,    1,   -7.9226e-06,     -2.5999e-10,      2.5999e-10,
     21,   2.5000,   0.0000,   0.0000,    3,   -2.7577e-19, -2.4158e-03,  5.8956e-19,      2.5535e-15,  1.6814e-08, -7.6328e-16,     -2.5535e-15, -1.6814e-08,  7.6328e-16,
     22,   2.6250,   0.0000,   0.0000,    1,    7.9226e-06,      2.5998e-10,     -2.5998e-10,
     23,   2.7500,   0.0000,   0.0000,    3,    1.5516e-05, -2.3637e-03,  4.1454e-04,      1.7950e-10,  1.6336e-08, -1.5003e-11,     -1.7950e-10, -1.6336e-08,  1.5003e-11,
     24,   2.8750,   0.0000,   0.0000,    1,    2.2455e-05,     -1.0880e-09,      1.0880e-09,
     25,   3.0000,   0.0000,   0.0000,    3,    2.8420e-05, -2.2114e-03,  7.9548e-04,     -1.7583e-09,  1.4776e-08, -2.5833e-11,      1.7583e-09, -1.4776e-08,  2.5833e-11,
     26,   3.1250,   0.0000,   0.0000,    1,    3.3104e-05,     -1.5047e-08,      1.5047e-08,
     27,   3.2500,   0.0000,   0.0000,    3,    3.6218e-05, -1.9715e-03,  1.1098e-03,     -2.1538e-08,  2.0824e-08,  2.3241e-10,      2.1538e-08, -2.0824e-08, -2.3241e-10,
     28,   3.3750,   0.0000,   0.0000,    1,    3.7506e-05,     -2.4562e-08,      2.4562e-08,
     29,   3.5000,   0.0000,   0.0000,    3,    3.6761e-05, -1.6647e-03,  1.3260e-03,      2.9807e-09,  2.8370e-08,  4.7626e-10,     -2.9807e-09, -2.8370e-08, -4.7626e-10,
     30,   3.6250,   0.0000,   0.0000,    1,    3.3877e-05,     -3.4827e-08,      3.4827e-08,
     31,   3.7500,   0.0000,   0.0000,    3,    2.9000e-05, -1.3189e-03,  1.4188e-03,     -1.9914e-08,  1.5108e-07,  6.2075e-09,      1.9914e-08, -1.5108e-07, -6.2075e-09,
     32,   3.8750,   0.0000,   0.0000,    1,    2.2593e-05,     -1.5641e-07,      1.5641e-07,
     33,   4.0000,   0.0000,   0.0000,    3,    1.5672e-05, -9.6553e-04,  1.3920e-03,     -6.4847e-06,  1.1827e-05,  1.6646e-06,      6.4847e-06, -1.1827e-05, -1.6646e-06,
     34,   4.1250,   0.0000,   0.0000,    1,    8.3076e-06,      1.1399e-05,     -1.1399e-05,
     35,   4.2500,   0.0000,   0.0000,    3,    2.9984e-07, -6.2824e-04,  1.2972e-03,      1.1727e-05, -2.6343e-05, -1.2477e-06,     -1.1727e-05,  2.6343e-05,  1.2477e-06,
     36,   4.3750,   0.0000,   0.0000,    1,   -7.7506e-06,     -2.0542e-05,      2.0542e-05,
     37,   4.5000,   0.0000,   0.0000,    3,   -1.4802e-05, -3.2504e-04,  1.1041e-03,      3.3488e-06,  1.4483e-05, -9.8937e-07,     -3.3488e-06, -1.4483e-05,  9.8937e-07,
     38,   4.6250,   0.0000,   0.0000,    1,   -1.8840e-05,      3.6019e-07,     -3.6019e-07,
     39,   4.7500,   0.0000,   0.0000,    3,   -1.8414e-05, -9.4110e-05,  6.9942e-04,     -4.2259e-08, -6.2196e-08,  4.4326e-09,      4.2259e-08,  6.2196e-08, -4.4326e-09,
     40,   4.8750,   0.0000,   0.0000,    1,   -1.2367e-05,      5.4172e-08,     -5.4172e-08,
     41,   5.0000,   0.0000,   0.0000,    3,    0.0000e+00,  0.0000e+00,  0.0000e+00,     -1.8298e-01,  1.0000e-01, -6.9598e-02,      0.0000e+00,  0.0000e+00,  0.0000e+00,
