*HEADING
BeamPrestressed
Prestressed reinforced concrete beam
*NODE
       1,  0.0000,  0.0
       2,  0.2500,  0.0
       3,  0.5000,  0.0
       4,  0.7500,  0.0
       5,  1.0000,  0.0
       6,  1.2500,  0.0
       7,  1.5000,  0.0
       8,  1.7500,  0.0
       9,  2.0000,  0.0
      10,  2.2500,  0.0
      11,  2.5000,  0.0
      12,  2.7500,  0.0
      13,  3.0000,  0.0
      14,  3.2500,  0.0
      15,  3.5000,  0.0
      16,  3.7500,  0.0
      17,  4.0000,  0.0
      18,  4.2500,  0.0
      19,  4.5000,  0.0
      20,  4.7500,  0.0
      21,  5.0000,  0.0
      22,  5.2500,  0.0
      23,  5.5000,  0.0
      24,  5.7500,  0.0
      25,  6.0000,  0.0
      26,  6.2500,  0.0
      27,  6.5000,  0.0
      28,  6.7500,  0.0
      29,  7.0000,  0.0
      30,  7.2500,  0.0
      31,  7.5000,  0.0
      32,  7.7500,  0.0
      33,  8.0000,  0.0
      34,  8.2500,  0.0
      35,  8.5000,  0.0
      36,  8.7500,  0.0
      37,  9.0000,  0.0
      38,  9.2500,  0.0
      39,  9.5000,  0.0
      40,  9.7500,  0.0
      41, 10.0000,  0.0
************************************************************
*ELEMENT, TYPE=B23E, ELSET=PROP1
       1,           1,             3,    2
       2,           3,             5,    4
       3,           5,             7,    6
       4,           7,             9,    8
       5,           9,            11,   10
       6,          11,            13,   12
       7,          13,            15,   14
       8,          15,            17,   16
       9,          17,            19,   18
      10,          19,            21,   20
      11,          21,            23,   22
      12,          23,            25,   24
      13,          25,            27,   26
      14,          27,            29,   28
      15,          29,            31,   30
      16,          31,            33,   32
      17,          33,            35,   34
      18,          35,            37,   36
      19,          37,            39,   38
      20,          39,            41,   40
************************************************************
*MATERIAL, NAME=MAT1
*RCBEAM
  35000.0, 48., -0.0023, -0.0035, 3.0, 50, 1.e-5, 0.0, 6.931471806e-3, 0
 200000.0, 0.2, 550.0, 600.0, 0.0500, 1.e-5, 0.0 
*MATERIAL, NAME=MAT2
*ELASTIC
    35000.0, 0.2, 1.0e-05
************************************************************
*BEAM SECTION, SECTION=RECT, ELSET=PROP1, MATERIAL=MAT1
 0.2, 0.4
 0.1256637062e-2, -0.15,   0.06285, 0.0, TensionStiffening! rho, betat   
 0.1256637062e-2,  0.15,   0.06285, 0.0,
***************************************************************
*STEP
***SOLUTION TECHNIQUE, TYPE=QUASI-NEWTON
*CONTROLS, ITOL=1.e-4, NITER=100 
*STATIC
   0.2,    1.0
*BOUNDARY
    1,   1,   1,     0.0
    1,   2,   2,     0.0
   41,   2,   2,     0.0
*DLOAD
      PROP1,  2,  -0.005
*AMPLITUDE, NAME=LOAD11
  0.0, 0.0,  1.0, 1.0
***PRESTRESS, TYPE=POST-UNBONDED, NAME=PRE1 
*PRESTRESS, TYPE=POST-BONDED, NAME=PRE1 
  0.8, 6.e-4, 2.e5, 1600.0, 1800.0, 0.05, 1.e-5
  1, 1.0, 0.,            -.06000000000, 0, 1.0, -.02850000000, -.05400000000
  2, 1.0, -.02850000000, -.05400000000, 0, 1.0, -.05400000000, -.04800000000
  3, 1.0, -.05400000000, -.04800000000, 0, 1.0, -.07650000000, -.04200000000
  4, 1.0, -.07650000000, -.04200000000, 0, 1.0, -.09600000000, -.03600000000
  5, 1.0, -.09600000000, -.03600000000, 0, 1.0, -.1125000000,  -.03000000000
  6, 1.0, -.1125000000,  -.03000000000, 0, 1.0, -.1260000000,  -.02400000000
  7, 1.0, -.1260000000,  -.02400000000, 0, 1.0, -.1365000000,  -.01800000000
  8, 1.0, -.1365000000,  -.01800000000, 0, 1.0, -.1440000000,  -.01200000000
  9, 1.0, -.1440000000,  -.01200000000, 0, 1.0, -.1485000000,  -.00600000000
 10, 1.0, -.1485000000,  -.00600000000, 0, 1.0, -.1500000000,  0.
 11, 1.0, -.1500000000,  0.,            0, 1.0, -.1485000000,   .00600000000
 12, 1.0, -.1485000000,   .00600000000, 0, 1.0, -.1440000000,   .01200000000
 13, 1.0, -.1440000000,   .01200000000, 0, 1.0, -.1365000000,   .01800000000
 14, 1.0, -.1365000000,   .01800000000, 0, 1.0, -.1260000000,   .02400000000
 15, 1.0, -.1260000000,   .02400000000, 0, 1.0, -.1125000000,   .03000000000
 16, 1.0, -.1125000000,   .03000000000, 0, 1.0, -.0960000000,   .03600000000
 17, 1.0, -.0960000000,   .03600000000, 0, 1.0, -.0765000000,   .04200000000
 18, 1.0, -.0765000000,   .04200000000, 0, 1.0, -.0540000000,  0.04800000000
 19, 1.0, -.0540000000,   .04800000000, 0, 1.0, -.0285000000,   .05400000000
 20, 1.0, -.0285000000,   .05400000000, 0, 1.0, 0.,             .06000000000
*EL FILE, FREQUENCY=1.0
*NODE FILE, FREQUENCY=1.0
*END STEP
***************************************************************
*STEP
***SOLUTION TECHNIQUE, TYPE=QUASI-NEWTON
*CONTROLS, ITOL=1.e-4, NITER=100 
*STATIC
   0.1,    2.0
***BOUNDARY, "was already defined in previous step and remains unchanged"
**    1,   1,   1,     0.0
**    1,   2,   2,     0.0
**   41,   2,   2,     0.0
*AMPLITUDE, NAME=LOAD1
  0.0, 0.0,  1.0, 1.0,   2.0, 1.0
*DLOAD, AMPLITUDE=LOAD1
      PROP1,  2,  -0.005
***PRESTRESS, FORCE=0.8, AMPLITUDE=LOAD1, NAME=PRE1
*PRESTRESS, AMPLITUDE=LOAD1, NAME=PRE1
*AMPLITUDE, NAME=LOAD2
  0.0, 0.0,  1.0, 0.0,   2.0, 3.0
**  0.0, 0.0,  1.0, 0.0,   2.0, 2.5
*DLOAD, AMPLITUDE=LOAD2
      PROP1,  2,  -0.010
*EL FILE, FREQUENCY=1.0
*NODE FILE, FREQUENCY=1.0
*END STEP
***************************************************************
