Time,   1.0000
     1, PROP1,       MAT1,   B23E,   0,     0.0564,    0.0000,  1.306845e-05,  1.672180e-04, -2.860007e-06,  2.952796e-03,  3.815115e-02, -2.037514e-02,
     1, PROP1,       MAT1,   B23E,   1,     0.2500,    0.0000,  5.164019e-05,  6.607644e-04, -1.130136e-05,  1.166802e-02,  1.507548e-01, -8.051268e-02,
     1, PROP1,       MAT1,   B23E,   2,     0.4436,    0.0000,  9.021193e-05,  1.154311e-03, -1.974271e-05,  2.038324e-02,  2.633585e-01, -1.406502e-01,
     2, PROP1,       MAT1,   B23E,   0,     0.5564,    0.0000,  1.101660e-04,  1.409634e-03, -2.410962e-05,  2.489183e-02,  3.216111e-01, -1.717608e-01,
     2, PROP1,       MAT1,   B23E,   1,     0.7500,    0.0000,  1.401662e-04,  1.793503e-03, -3.067512e-05,  3.167033e-02,  4.091917e-01, -2.185344e-01,
     2, PROP1,       MAT1,   B23E,   2,     0.9436,    0.0000,  1.701665e-04,  2.177373e-03, -3.724061e-05,  3.844884e-02,  4.967724e-01, -2.653081e-01,
     3, PROP1,       MAT1,   B23E,   0,     1.0564,    0.0000,  1.851320e-04,  2.368865e-03, -4.051580e-05,  4.183028e-02,  5.404618e-01, -2.886410e-01,
     3, PROP1,       MAT1,   B23E,   1,     1.2500,    0.0000,  2.065608e-04,  2.643057e-03, -4.520544e-05,  4.667207e-02,  6.030194e-01, -3.220507e-01,
     3, PROP1,       MAT1,   B23E,   2,     1.4436,    0.0000,  2.279895e-04,  2.917250e-03, -4.989508e-05,  5.151386e-02,  6.655770e-01, -3.554605e-01,
     4, PROP1,       MAT1,   B23E,   0,     1.5564,    0.0000,  2.379665e-04,  3.044911e-03, -5.207853e-05,  5.376815e-02,  6.947033e-01, -3.710157e-01,
     4, PROP1,       MAT1,   B23E,   1,     1.7500,    0.0000,  2.508238e-04,  3.209427e-03, -5.489232e-05,  5.667322e-02,  7.322378e-01, -3.910616e-01,
     4, PROP1,       MAT1,   B23E,   2,     1.9436,    0.0000,  2.636810e-04,  3.373942e-03, -5.770610e-05,  5.957830e-02,  7.697724e-01, -4.111074e-01,
     5, PROP1,       MAT1,   B23E,   0,     2.0564,    0.0000,  2.686696e-04,  3.437773e-03, -5.879783e-05,  6.070544e-02,  7.843355e-01, -4.188851e-01,
     5, PROP1,       MAT1,   B23E,   1,     2.2500,    0.0000,  2.729553e-04,  3.492612e-03, -5.973575e-05,  6.167380e-02,  7.968470e-01, -4.255670e-01,
     5, PROP1,       MAT1,   B23E,   2,     2.4436,    0.0000,  2.772410e-04,  3.547450e-03, -6.067368e-05,  6.264216e-02,  8.093586e-01, -4.322490e-01,
     6, PROP1,       MAT1,   B23E,   0,     2.5564,    0.0000,  2.772410e-04,  3.547450e-03, -6.067368e-05,  6.264216e-02,  8.093586e-01, -4.322490e-01,
     6, PROP1,       MAT1,   B23E,   1,     2.7500,    0.0000,  2.729553e-04,  3.492612e-03, -5.973575e-05,  6.167380e-02,  7.968470e-01, -4.255670e-01,
     6, PROP1,       MAT1,   B23E,   2,     2.9436,    0.0000,  2.686696e-04,  3.437773e-03, -5.879783e-05,  6.070544e-02,  7.843355e-01, -4.188851e-01,
     7, PROP1,       MAT1,   B23E,   0,     3.0564,    0.0000,  2.636810e-04,  3.373942e-03, -5.770610e-05,  5.957830e-02,  7.697724e-01, -4.111074e-01,
     7, PROP1,       MAT1,   B23E,   1,     3.2500,    0.0000,  2.508238e-04,  3.209427e-03, -5.489232e-05,  5.667322e-02,  7.322378e-01, -3.910616e-01,
     7, PROP1,       MAT1,   B23E,   2,     3.4436,    0.0000,  2.379665e-04,  3.044911e-03, -5.207853e-05,  5.376815e-02,  6.947033e-01, -3.710157e-01,
     8, PROP1,       MAT1,   B23E,   0,     3.5564,    0.0000,  2.279895e-04,  2.917250e-03, -4.989508e-05,  5.151386e-02,  6.655770e-01, -3.554605e-01,
     8, PROP1,       MAT1,   B23E,   1,     3.7500,    0.0000,  2.065608e-04,  2.643057e-03, -4.520544e-05,  4.667207e-02,  6.030194e-01, -3.220507e-01,
     8, PROP1,       MAT1,   B23E,   2,     3.9436,    0.0000,  1.851320e-04,  2.368865e-03, -4.051580e-05,  4.183028e-02,  5.404618e-01, -2.886410e-01,
     9, PROP1,       MAT1,   B23E,   0,     4.0564,    0.0000,  1.701665e-04,  2.177373e-03, -3.724061e-05,  3.844884e-02,  4.967724e-01, -2.653081e-01,
     9, PROP1,       MAT1,   B23E,   1,     4.2500,    0.0000,  1.401662e-04,  1.793503e-03, -3.067512e-05,  3.167033e-02,  4.091917e-01, -2.185344e-01,
     9, PROP1,       MAT1,   B23E,   2,     4.4436,    0.0000,  1.101660e-04,  1.409634e-03, -2.410962e-05,  2.489183e-02,  3.216111e-01, -1.717608e-01,
    10, PROP1,       MAT1,   B23E,   0,     4.5564,    0.0000,  9.021193e-05,  1.154311e-03, -1.974271e-05,  2.038324e-02,  2.633585e-01, -1.406502e-01,
    10, PROP1,       MAT1,   B23E,   1,     4.7500,    0.0000,  5.164019e-05,  6.607644e-04, -1.130136e-05,  1.166802e-02,  1.507548e-01, -8.051268e-02,
    10, PROP1,       MAT1,   B23E,   2,     4.9436,    0.0000,  1.306845e-05,  1.672180e-04, -2.860007e-06,  2.952796e-03,  3.815115e-02, -2.037514e-02,
Time, 101.0000
     1, PROP1,       MAT1,   B23E,   0,     0.0564,    0.0000,  9.427268e-06,  1.987801e-04,  5.239106e-06,  2.951902e-03,  3.924428e-02, -3.032875e-02,
     1, PROP1,       MAT1,   B23E,   1,     0.2500,    0.0000,  3.725199e-05,  7.854824e-04,  2.070240e-05,  1.166449e-02,  1.550744e-01, -1.198445e-01,
     1, PROP1,       MAT1,   B23E,   2,     0.4436,    0.0000,  6.507671e-05,  1.372185e-03,  3.616570e-05,  2.037707e-02,  2.709044e-01, -2.093602e-01,
     2, PROP1,       MAT1,   B23E,   0,     0.5564,    0.0000,  7.947110e-05,  1.675700e-03,  4.416523e-05,  2.488430e-02,  3.308261e-01, -2.556688e-01,
     2, PROP1,       MAT1,   B23E,   1,     0.7500,    0.0000,  1.011125e-04,  2.132024e-03,  5.619224e-05,  3.166075e-02,  4.209161e-01, -3.252922e-01,
     2, PROP1,       MAT1,   B23E,   2,     0.9436,    0.0000,  1.227540e-04,  2.588348e-03,  6.821925e-05,  3.843720e-02,  5.110062e-01, -3.949156e-01,
     3, PROP1,       MAT1,   B23E,   0,     1.0564,    0.0000,  1.335498e-04,  2.815984e-03,  7.421890e-05,  4.181762e-02,  5.559474e-01, -4.296470e-01,
     3, PROP1,       MAT1,   B23E,   1,     1.2500,    0.0000,  1.490080e-04,  3.141930e-03,  8.280962e-05,  4.665795e-02,  6.202974e-01, -4.793780e-01,
     3, PROP1,       MAT1,   B23E,   2,     1.4436,    0.0000,  1.644661e-04,  3.467876e-03,  9.140034e-05,  5.149827e-02,  6.846475e-01, -5.291090e-01,
     4, PROP1,       MAT1,   B23E,   0,     1.5564,    0.0000,  1.716633e-04,  3.619633e-03,  9.540010e-05,  5.375188e-02,  7.146083e-01, -5.522633e-01,
     4, PROP1,       MAT1,   B23E,   1,     1.7500,    0.0000,  1.809382e-04,  3.815200e-03,  1.005545e-04,  5.665608e-02,  7.532183e-01, -5.821018e-01,
     4, PROP1,       MAT1,   B23E,   2,     1.9436,    0.0000,  1.902132e-04,  4.010768e-03,  1.057090e-04,  5.956027e-02,  7.918283e-01, -6.119404e-01,
     5, PROP1,       MAT1,   B23E,   0,     2.0564,    0.0000,  1.938117e-04,  4.086647e-03,  1.077088e-04,  6.068708e-02,  8.068087e-01, -6.235176e-01,
     5, PROP1,       MAT1,   B23E,   1,     2.2500,    0.0000,  1.969034e-04,  4.151836e-03,  1.094270e-04,  6.165514e-02,  8.196787e-01, -6.334638e-01,
     5, PROP1,       MAT1,   B23E,   2,     2.4436,    0.0000,  1.999950e-04,  4.217025e-03,  1.111451e-04,  6.262321e-02,  8.325488e-01, -6.434100e-01,
     6, PROP1,       MAT1,   B23E,   0,     2.5564,    0.0000,  1.999950e-04,  4.217025e-03,  1.111451e-04,  6.262321e-02,  8.325488e-01, -6.434100e-01,
     6, PROP1,       MAT1,   B23E,   1,     2.7500,    0.0000,  1.969034e-04,  4.151836e-03,  1.094270e-04,  6.165514e-02,  8.196787e-01, -6.334638e-01,
     6, PROP1,       MAT1,   B23E,   2,     2.9436,    0.0000,  1.938117e-04,  4.086647e-03,  1.077088e-04,  6.068708e-02,  8.068087e-01, -6.235176e-01,
     7, PROP1,       MAT1,   B23E,   0,     3.0564,    0.0000,  1.902132e-04,  4.010768e-03,  1.057090e-04,  5.956027e-02,  7.918283e-01, -6.119404e-01,
     7, PROP1,       MAT1,   B23E,   1,     3.2500,    0.0000,  1.809382e-04,  3.815200e-03,  1.005545e-04,  5.665608e-02,  7.532183e-01, -5.821018e-01,
     7, PROP1,       MAT1,   B23E,   2,     3.4436,    0.0000,  1.716633e-04,  3.619633e-03,  9.540010e-05,  5.375188e-02,  7.146083e-01, -5.522633e-01,
     8, PROP1,       MAT1,   B23E,   0,     3.5564,    0.0000,  1.644661e-04,  3.467876e-03,  9.140034e-05,  5.149827e-02,  6.846475e-01, -5.291090e-01,
     8, PROP1,       MAT1,   B23E,   1,     3.7500,    0.0000,  1.490080e-04,  3.141930e-03,  8.280962e-05,  4.665795e-02,  6.202974e-01, -4.793780e-01,
     8, PROP1,       MAT1,   B23E,   2,     3.9436,    0.0000,  1.335498e-04,  2.815984e-03,  7.421890e-05,  4.181762e-02,  5.559474e-01, -4.296470e-01,
     9, PROP1,       MAT1,   B23E,   0,     4.0564,    0.0000,  1.227540e-04,  2.588348e-03,  6.821925e-05,  3.843720e-02,  5.110062e-01, -3.949156e-01,
     9, PROP1,       MAT1,   B23E,   1,     4.2500,    0.0000,  1.011125e-04,  2.132024e-03,  5.619224e-05,  3.166075e-02,  4.209161e-01, -3.252922e-01,
     9, PROP1,       MAT1,   B23E,   2,     4.4436,    0.0000,  7.947110e-05,  1.675700e-03,  4.416523e-05,  2.488430e-02,  3.308261e-01, -2.556688e-01,
    10, PROP1,       MAT1,   B23E,   0,     4.5564,    0.0000,  6.507671e-05,  1.372185e-03,  3.616570e-05,  2.037707e-02,  2.709044e-01, -2.093602e-01,
    10, PROP1,       MAT1,   B23E,   1,     4.7500,    0.0000,  3.725199e-05,  7.854824e-04,  2.070240e-05,  1.166449e-02,  1.550744e-01, -1.198445e-01,
    10, PROP1,       MAT1,   B23E,   2,     4.9436,    0.0000,  9.427268e-06,  1.987801e-04,  5.239106e-06,  2.951902e-03,  3.924428e-02, -3.032875e-02,
Time, 201.0000
     1, PROP1,       MAT1,   B23E,   0,     0.0564,    0.0000,  7.930511e-06,  2.107490e-04,  6.407656e-06,  2.951819e-03,  3.954286e-02, -3.421928e-02,
     1, PROP1,       MAT1,   B23E,   1,     0.2500,    0.0000,  3.133753e-05,  8.327777e-04,  2.531995e-05,  1.166416e-02,  1.562542e-01, -1.352180e-01,
     1, PROP1,       MAT1,   B23E,   2,     0.4436,    0.0000,  5.474456e-05,  1.454806e-03,  4.423224e-05,  2.037649e-02,  2.729655e-01, -2.362167e-01,
     2, PROP1,       MAT1,   B23E,   0,     0.5564,    0.0000,  6.685356e-05,  1.776596e-03,  5.401602e-05,  2.488359e-02,  3.333430e-01, -2.884657e-01,
     2, PROP1,       MAT1,   B23E,   1,     0.7500,    0.0000,  8.505902e-05,  2.260397e-03,  6.872558e-05,  3.165985e-02,  4.241185e-01, -3.670203e-01,
     2, PROP1,       MAT1,   B23E,   2,     0.9436,    0.0000,  1.032645e-04,  2.744197e-03,  8.343514e-05,  3.843612e-02,  5.148940e-01, -4.455748e-01,
     3, PROP1,       MAT1,   B23E,   0,     1.0564,    0.0000,  1.123462e-04,  2.985539e-03,  9.077297e-05,  4.181644e-02,  5.601771e-01, -4.847616e-01,
     3, PROP1,       MAT1,   B23E,   1,     1.2500,    0.0000,  1.253501e-04,  3.331111e-03,  1.012798e-04,  4.665663e-02,  6.250167e-01, -5.408720e-01,
     3, PROP1,       MAT1,   B23E,   2,     1.4436,    0.0000,  1.383540e-04,  3.676682e-03,  1.117866e-04,  5.149681e-02,  6.898564e-01, -5.969824e-01,
     4, PROP1,       MAT1,   B23E,   0,     1.5564,    0.0000,  1.444085e-04,  3.837577e-03,  1.166785e-04,  5.375036e-02,  7.200451e-01, -6.231069e-01,
     4, PROP1,       MAT1,   B23E,   1,     1.7500,    0.0000,  1.522109e-04,  4.044920e-03,  1.229826e-04,  5.665448e-02,  7.589489e-01, -6.567731e-01,
     4, PROP1,       MAT1,   B23E,   2,     1.9436,    0.0000,  1.600132e-04,  4.252263e-03,  1.292867e-04,  5.955859e-02,  7.978527e-01, -6.904394e-01,
     5, PROP1,       MAT1,   B23E,   0,     2.0564,    0.0000,  1.630405e-04,  4.332711e-03,  1.317327e-04,  6.068536e-02,  8.129471e-01, -7.035016e-01,
     5, PROP1,       MAT1,   B23E,   1,     2.2500,    0.0000,  1.656413e-04,  4.401825e-03,  1.338340e-04,  6.165340e-02,  8.259150e-01, -7.147237e-01,
     5, PROP1,       MAT1,   B23E,   2,     2.4436,    0.0000,  1.682420e-04,  4.470939e-03,  1.359354e-04,  6.262144e-02,  8.388829e-01, -7.259458e-01,
     6, PROP1,       MAT1,   B23E,   0,     2.5564,    0.0000,  1.682420e-04,  4.470939e-03,  1.359354e-04,  6.262144e-02,  8.388829e-01, -7.259458e-01,
     6, PROP1,       MAT1,   B23E,   1,     2.7500,    0.0000,  1.656413e-04,  4.401825e-03,  1.338340e-04,  6.165340e-02,  8.259150e-01, -7.147237e-01,
     6, PROP1,       MAT1,   B23E,   2,     2.9436,    0.0000,  1.630405e-04,  4.332711e-03,  1.317327e-04,  6.068536e-02,  8.129471e-01, -7.035016e-01,
     7, PROP1,       MAT1,   B23E,   0,     3.0564,    0.0000,  1.600132e-04,  4.252263e-03,  1.292867e-04,  5.955859e-02,  7.978527e-01, -6.904394e-01,
     7, PROP1,       MAT1,   B23E,   1,     3.2500,    0.0000,  1.522109e-04,  4.044920e-03,  1.229826e-04,  5.665448e-02,  7.589489e-01, -6.567731e-01,
     7, PROP1,       MAT1,   B23E,   2,     3.4436,    0.0000,  1.444085e-04,  3.837577e-03,  1.166785e-04,  5.375036e-02,  7.200451e-01, -6.231069e-01,
     8, PROP1,       MAT1,   B23E,   0,     3.5564,    0.0000,  1.383540e-04,  3.676682e-03,  1.117866e-04,  5.149681e-02,  6.898564e-01, -5.969824e-01,
     8, PROP1,       MAT1,   B23E,   1,     3.7500,    0.0000,  1.253501e-04,  3.331111e-03,  1.012798e-04,  4.665663e-02,  6.250167e-01, -5.408720e-01,
     8, PROP1,       MAT1,   B23E,   2,     3.9436,    0.0000,  1.123462e-04,  2.985539e-03,  9.077297e-05,  4.181644e-02,  5.601771e-01, -4.847616e-01,
     9, PROP1,       MAT1,   B23E,   0,     4.0564,    0.0000,  1.032645e-04,  2.744197e-03,  8.343514e-05,  3.843612e-02,  5.148940e-01, -4.455748e-01,
     9, PROP1,       MAT1,   B23E,   1,     4.2500,    0.0000,  8.505902e-05,  2.260397e-03,  6.872558e-05,  3.165985e-02,  4.241185e-01, -3.670203e-01,
     9, PROP1,       MAT1,   B23E,   2,     4.4436,    0.0000,  6.685356e-05,  1.776596e-03,  5.401602e-05,  2.488359e-02,  3.333430e-01, -2.884657e-01,
    10, PROP1,       MAT1,   B23E,   0,     4.5564,    0.0000,  5.474456e-05,  1.454806e-03,  4.423224e-05,  2.037649e-02,  2.729655e-01, -2.362167e-01,
    10, PROP1,       MAT1,   B23E,   1,     4.7500,    0.0000,  3.133753e-05,  8.327777e-04,  2.531995e-05,  1.166416e-02,  1.562542e-01, -1.352180e-01,
    10, PROP1,       MAT1,   B23E,   2,     4.9436,    0.0000,  7.930511e-06,  2.107490e-04,  6.407656e-06,  2.951819e-03,  3.954286e-02, -3.421928e-02,
Time, 301.0000
     1, PROP1,       MAT1,   B23E,   0,     0.0564,    0.0000,  7.360445e-06,  2.151951e-04,  7.174722e-06,  2.951756e-03,  3.963971e-02, -3.567858e-02,
     1, PROP1,       MAT1,   B23E,   1,     0.2500,    0.0000,  2.908491e-05,  8.503467e-04,  2.835102e-05,  1.166391e-02,  1.566369e-01, -1.409844e-01,
     1, PROP1,       MAT1,   B23E,   2,     0.4436,    0.0000,  5.080937e-05,  1.485498e-03,  4.952732e-05,  2.037606e-02,  2.736341e-01, -2.462903e-01,
     2, PROP1,       MAT1,   B23E,   0,     0.5564,    0.0000,  6.204794e-05,  1.814077e-03,  6.048232e-05,  2.488306e-02,  3.341595e-01, -3.007675e-01,
     2, PROP1,       MAT1,   B23E,   1,     0.7500,    0.0000,  7.894475e-05,  2.308084e-03,  7.695277e-05,  3.165918e-02,  4.251573e-01, -3.826720e-01,
     2, PROP1,       MAT1,   B23E,   2,     0.9436,    0.0000,  9.584155e-05,  2.802091e-03,  9.342323e-05,  3.843530e-02,  5.161552e-01, -4.645766e-01,
     3, PROP1,       MAT1,   B23E,   0,     1.0564,    0.0000,  1.042705e-04,  3.048525e-03,  1.016395e-04,  4.181555e-02,  5.615492e-01, -5.054345e-01,
     3, PROP1,       MAT1,   B23E,   1,     1.2500,    0.0000,  1.163396e-04,  3.401387e-03,  1.134041e-04,  4.665563e-02,  6.265477e-01, -5.639377e-01,
     3, PROP1,       MAT1,   B23E,   2,     1.4436,    0.0000,  1.284088e-04,  3.754249e-03,  1.251687e-04,  5.149572e-02,  6.915461e-01, -6.224410e-01,
     4, PROP1,       MAT1,   B23E,   0,     1.5564,    0.0000,  1.340281e-04,  3.918538e-03,  1.306462e-04,  5.374922e-02,  7.218088e-01, -6.496796e-01,
     4, PROP1,       MAT1,   B23E,   1,     1.7500,    0.0000,  1.412695e-04,  4.130255e-03,  1.377050e-04,  5.665327e-02,  7.608079e-01, -6.847815e-01,
     4, PROP1,       MAT1,   B23E,   2,     1.9436,    0.0000,  1.485110e-04,  4.341973e-03,  1.447637e-04,  5.955732e-02,  7.998069e-01, -7.198835e-01,
     5, PROP1,       MAT1,   B23E,   0,     2.0564,    0.0000,  1.513207e-04,  4.424117e-03,  1.475025e-04,  6.068407e-02,  8.149383e-01, -7.335028e-01,
     5, PROP1,       MAT1,   B23E,   1,     2.2500,    0.0000,  1.537345e-04,  4.494690e-03,  1.498554e-04,  6.165209e-02,  8.279380e-01, -7.452034e-01,
     5, PROP1,       MAT1,   B23E,   2,     2.4436,    0.0000,  1.561483e-04,  4.565262e-03,  1.522083e-04,  6.262011e-02,  8.409377e-01, -7.569041e-01,
     6, PROP1,       MAT1,   B23E,   0,     2.5564,    0.0000,  1.561483e-04,  4.565262e-03,  1.522083e-04,  6.262011e-02,  8.409377e-01, -7.569041e-01,
     6, PROP1,       MAT1,   B23E,   1,     2.7500,    0.0000,  1.537345e-04,  4.494690e-03,  1.498554e-04,  6.165209e-02,  8.279380e-01, -7.452034e-01,
     6, PROP1,       MAT1,   B23E,   2,     2.9436,    0.0000,  1.513207e-04,  4.424117e-03,  1.475025e-04,  6.068407e-02,  8.149383e-01, -7.335028e-01,
     7, PROP1,       MAT1,   B23E,   0,     3.0564,    0.0000,  1.485110e-04,  4.341973e-03,  1.447637e-04,  5.955732e-02,  7.998069e-01, -7.198835e-01,
     7, PROP1,       MAT1,   B23E,   1,     3.2500,    0.0000,  1.412695e-04,  4.130255e-03,  1.377050e-04,  5.665327e-02,  7.608079e-01, -6.847815e-01,
     7, PROP1,       MAT1,   B23E,   2,     3.4436,    0.0000,  1.340281e-04,  3.918538e-03,  1.306462e-04,  5.374922e-02,  7.218088e-01, -6.496796e-01,
     8, PROP1,       MAT1,   B23E,   0,     3.5564,    0.0000,  1.284088e-04,  3.754249e-03,  1.251687e-04,  5.149572e-02,  6.915461e-01, -6.224410e-01,
     8, PROP1,       MAT1,   B23E,   1,     3.7500,    0.0000,  1.163396e-04,  3.401387e-03,  1.134041e-04,  4.665563e-02,  6.265477e-01, -5.639377e-01,
     8, PROP1,       MAT1,   B23E,   2,     3.9436,    0.0000,  1.042705e-04,  3.048525e-03,  1.016395e-04,  4.181555e-02,  5.615492e-01, -5.054345e-01,
     9, PROP1,       MAT1,   B23E,   0,     4.0564,    0.0000,  9.584155e-05,  2.802091e-03,  9.342323e-05,  3.843530e-02,  5.161552e-01, -4.645766e-01,
     9, PROP1,       MAT1,   B23E,   1,     4.2500,    0.0000,  7.894475e-05,  2.308084e-03,  7.695277e-05,  3.165918e-02,  4.251573e-01, -3.826720e-01,
     9, PROP1,       MAT1,   B23E,   2,     4.4436,    0.0000,  6.204794e-05,  1.814077e-03,  6.048232e-05,  2.488306e-02,  3.341595e-01, -3.007675e-01,
    10, PROP1,       MAT1,   B23E,   0,     4.5564,    0.0000,  5.080937e-05,  1.485498e-03,  4.952732e-05,  2.037606e-02,  2.736341e-01, -2.462903e-01,
    10, PROP1,       MAT1,   B23E,   1,     4.7500,    0.0000,  2.908491e-05,  8.503467e-04,  2.835102e-05,  1.166391e-02,  1.566369e-01, -1.409844e-01,
    10, PROP1,       MAT1,   B23E,   2,     4.9436,    0.0000,  7.360445e-06,  2.151951e-04,  7.174722e-06,  2.951756e-03,  3.963971e-02, -3.567858e-02,
Time, 401.0000
     1, PROP1,       MAT1,   B23E,   0,     0.0564,    0.0000,  7.146879e-06,  2.168471e-04,  8.281890e-06,  2.951625e-03,  3.967394e-02, -3.622254e-02,
     1, PROP1,       MAT1,   B23E,   1,     0.2500,    0.0000,  2.824100e-05,  8.568745e-04,  3.272601e-05,  1.166339e-02,  1.567722e-01, -1.431339e-01,
     1, PROP1,       MAT1,   B23E,   2,     0.4436,    0.0000,  4.933512e-05,  1.496902e-03,  5.717014e-05,  2.037515e-02,  2.738704e-01, -2.500453e-01,
     2, PROP1,       MAT1,   B23E,   0,     0.5564,    0.0000,  6.024761e-05,  1.828003e-03,  6.981565e-05,  2.488196e-02,  3.344481e-01, -3.053530e-01,
     2, PROP1,       MAT1,   B23E,   1,     0.7500,    0.0000,  7.665415e-05,  2.325802e-03,  8.882775e-05,  3.165777e-02,  4.255245e-01, -3.885063e-01,
     2, PROP1,       MAT1,   B23E,   2,     0.9436,    0.0000,  9.306069e-05,  2.823601e-03,  1.078398e-04,  3.843359e-02,  5.166009e-01, -4.716596e-01,
     3, PROP1,       MAT1,   B23E,   0,     1.0564,    0.0000,  1.012450e-04,  3.071927e-03,  1.173240e-04,  4.181369e-02,  5.620341e-01, -5.131404e-01,
     3, PROP1,       MAT1,   B23E,   1,     1.2500,    0.0000,  1.129640e-04,  3.427498e-03,  1.309041e-04,  4.665356e-02,  6.270887e-01, -5.725356e-01,
     3, PROP1,       MAT1,   B23E,   2,     1.4436,    0.0000,  1.246830e-04,  3.783069e-03,  1.444841e-04,  5.149343e-02,  6.921433e-01, -6.319308e-01,
     4, PROP1,       MAT1,   B23E,   0,     1.5564,    0.0000,  1.301392e-04,  3.948619e-03,  1.508069e-04,  5.374683e-02,  7.224321e-01, -6.595847e-01,
     4, PROP1,       MAT1,   B23E,   1,     1.7500,    0.0000,  1.371706e-04,  4.161962e-03,  1.589549e-04,  5.665075e-02,  7.614649e-01, -6.952218e-01,
     4, PROP1,       MAT1,   B23E,   2,     1.9436,    0.0000,  1.442020e-04,  4.375304e-03,  1.671030e-04,  5.955467e-02,  8.004976e-01, -7.308589e-01,
     5, PROP1,       MAT1,   B23E,   0,     2.0564,    0.0000,  1.469301e-04,  4.458080e-03,  1.702643e-04,  6.068137e-02,  8.156420e-01, -7.446859e-01,
     5, PROP1,       MAT1,   B23E,   1,     2.2500,    0.0000,  1.492739e-04,  4.529194e-03,  1.729804e-04,  6.164935e-02,  8.286529e-01, -7.565649e-01,
     5, PROP1,       MAT1,   B23E,   2,     2.4436,    0.0000,  1.516177e-04,  4.600308e-03,  1.756964e-04,  6.261732e-02,  8.416639e-01, -7.684440e-01,
     6, PROP1,       MAT1,   B23E,   0,     2.5564,    0.0000,  1.516177e-04,  4.600308e-03,  1.756964e-04,  6.261732e-02,  8.416639e-01, -7.684440e-01,
     6, PROP1,       MAT1,   B23E,   1,     2.7500,    0.0000,  1.492739e-04,  4.529194e-03,  1.729804e-04,  6.164935e-02,  8.286529e-01, -7.565649e-01,
     6, PROP1,       MAT1,   B23E,   2,     2.9436,    0.0000,  1.469301e-04,  4.458080e-03,  1.702643e-04,  6.068137e-02,  8.156420e-01, -7.446859e-01,
     7, PROP1,       MAT1,   B23E,   0,     3.0564,    0.0000,  1.442020e-04,  4.375304e-03,  1.671030e-04,  5.955467e-02,  8.004976e-01, -7.308589e-01,
     7, PROP1,       MAT1,   B23E,   1,     3.2500,    0.0000,  1.371706e-04,  4.161962e-03,  1.589549e-04,  5.665075e-02,  7.614649e-01, -6.952218e-01,
     7, PROP1,       MAT1,   B23E,   2,     3.4436,    0.0000,  1.301392e-04,  3.948619e-03,  1.508069e-04,  5.374683e-02,  7.224321e-01, -6.595847e-01,
     8, PROP1,       MAT1,   B23E,   0,     3.5564,    0.0000,  1.246830e-04,  3.783069e-03,  1.444841e-04,  5.149343e-02,  6.921433e-01, -6.319308e-01,
     8, PROP1,       MAT1,   B23E,   1,     3.7500,    0.0000,  1.129640e-04,  3.427498e-03,  1.309041e-04,  4.665356e-02,  6.270887e-01, -5.725356e-01,
     8, PROP1,       MAT1,   B23E,   2,     3.9436,    0.0000,  1.012450e-04,  3.071927e-03,  1.173240e-04,  4.181369e-02,  5.620341e-01, -5.131404e-01,
     9, PROP1,       MAT1,   B23E,   0,     4.0564,    0.0000,  9.306069e-05,  2.823601e-03,  1.078398e-04,  3.843359e-02,  5.166009e-01, -4.716596e-01,
     9, PROP1,       MAT1,   B23E,   1,     4.2500,    0.0000,  7.665415e-05,  2.325802e-03,  8.882775e-05,  3.165777e-02,  4.255245e-01, -3.885063e-01,
     9, PROP1,       MAT1,   B23E,   2,     4.4436,    0.0000,  6.024761e-05,  1.828003e-03,  6.981565e-05,  2.488196e-02,  3.344481e-01, -3.053530e-01,
    10, PROP1,       MAT1,   B23E,   0,     4.5564,    0.0000,  4.933512e-05,  1.496902e-03,  5.717014e-05,  2.037515e-02,  2.738704e-01, -2.500453e-01,
    10, PROP1,       MAT1,   B23E,   1,     4.7500,    0.0000,  2.824100e-05,  8.568745e-04,  3.272601e-05,  1.166339e-02,  1.567722e-01, -1.431339e-01,
    10, PROP1,       MAT1,   B23E,   2,     4.9436,    0.0000,  7.146879e-06,  2.168471e-04,  8.281890e-06,  2.951625e-03,  3.967394e-02, -3.622254e-02,
Time, 501.0000
     1, PROP1,       MAT1,   B23E,   0,     0.0564,    0.0000,  7.062748e-06,  2.174742e-04,  3.201770e-06,  2.952135e-03,  3.968388e-02, -3.643209e-02,
     1, PROP1,       MAT1,   B23E,   1,     0.2500,    0.0000,  2.790855e-05,  8.593526e-04,  1.265184e-05,  1.166540e-02,  1.568114e-01, -1.439620e-01,
     1, PROP1,       MAT1,   B23E,   2,     0.4436,    0.0000,  4.875436e-05,  1.501231e-03,  2.210191e-05,  2.037867e-02,  2.739390e-01, -2.514918e-01,
     2, PROP1,       MAT1,   B23E,   0,     0.5564,    0.0000,  5.953838e-05,  1.833290e-03,  2.699065e-05,  2.488625e-02,  3.345318e-01, -3.071196e-01,
     2, PROP1,       MAT1,   B23E,   1,     0.7500,    0.0000,  7.575179e-05,  2.332528e-03,  3.434071e-05,  3.166324e-02,  4.256311e-01, -3.907539e-01,
     2, PROP1,       MAT1,   B23E,   2,     0.9436,    0.0000,  9.196519e-05,  2.831767e-03,  4.169077e-05,  3.844023e-02,  5.167303e-01, -4.743882e-01,
     3, PROP1,       MAT1,   B23E,   0,     1.0564,    0.0000,  1.000532e-04,  3.080811e-03,  4.535732e-05,  4.182091e-02,  5.621749e-01, -5.161090e-01,
     3, PROP1,       MAT1,   B23E,   1,     1.2500,    0.0000,  1.116342e-04,  3.437410e-03,  5.060736e-05,  4.666162e-02,  6.272458e-01, -5.758479e-01,
     3, PROP1,       MAT1,   B23E,   2,     1.4436,    0.0000,  1.232152e-04,  3.794009e-03,  5.585740e-05,  5.150232e-02,  6.923166e-01, -6.355867e-01,
     4, PROP1,       MAT1,   B23E,   0,     1.5564,    0.0000,  1.286072e-04,  3.960039e-03,  5.830177e-05,  5.375611e-02,  7.226131e-01, -6.634005e-01,
     4, PROP1,       MAT1,   B23E,   1,     1.7500,    0.0000,  1.355558e-04,  4.173998e-03,  6.145180e-05,  5.666053e-02,  7.616556e-01, -6.992438e-01,
     4, PROP1,       MAT1,   B23E,   2,     1.9436,    0.0000,  1.425044e-04,  4.387958e-03,  6.460182e-05,  5.956496e-02,  8.006981e-01, -7.350871e-01,
     5, PROP1,       MAT1,   B23E,   0,     2.0564,    0.0000,  1.452004e-04,  4.470972e-03,  6.582401e-05,  6.069185e-02,  8.158463e-01, -7.489941e-01,
     5, PROP1,       MAT1,   B23E,   1,     2.2500,    0.0000,  1.475166e-04,  4.542292e-03,  6.687401e-05,  6.165999e-02,  8.288605e-01, -7.609418e-01,
     5, PROP1,       MAT1,   B23E,   2,     2.4436,    0.0000,  1.498328e-04,  4.613612e-03,  6.792402e-05,  6.262813e-02,  8.418747e-01, -7.728896e-01,
     6, PROP1,       MAT1,   B23E,   0,     2.5564,    0.0000,  1.498328e-04,  4.613612e-03,  6.792402e-05,  6.262813e-02,  8.418747e-01, -7.728896e-01,
     6, PROP1,       MAT1,   B23E,   1,     2.7500,    0.0000,  1.475166e-04,  4.542292e-03,  6.687401e-05,  6.165999e-02,  8.288605e-01, -7.609418e-01,
     6, PROP1,       MAT1,   B23E,   2,     2.9436,    0.0000,  1.452004e-04,  4.470972e-03,  6.582401e-05,  6.069185e-02,  8.158463e-01, -7.489941e-01,
     7, PROP1,       MAT1,   B23E,   0,     3.0564,    0.0000,  1.425044e-04,  4.387958e-03,  6.460182e-05,  5.956496e-02,  8.006981e-01, -7.350871e-01,
     7, PROP1,       MAT1,   B23E,   1,     3.2500,    0.0000,  1.355558e-04,  4.173998e-03,  6.145180e-05,  5.666053e-02,  7.616556e-01, -6.992438e-01,
     7, PROP1,       MAT1,   B23E,   2,     3.4436,    0.0000,  1.286072e-04,  3.960039e-03,  5.830177e-05,  5.375611e-02,  7.226131e-01, -6.634005e-01,
     8, PROP1,       MAT1,   B23E,   0,     3.5564,    0.0000,  1.232152e-04,  3.794009e-03,  5.585740e-05,  5.150232e-02,  6.923166e-01, -6.355867e-01,
     8, PROP1,       MAT1,   B23E,   1,     3.7500,    0.0000,  1.116342e-04,  3.437410e-03,  5.060736e-05,  4.666162e-02,  6.272458e-01, -5.758479e-01,
     8, PROP1,       MAT1,   B23E,   2,     3.9436,    0.0000,  1.000532e-04,  3.080811e-03,  4.535732e-05,  4.182091e-02,  5.621749e-01, -5.161090e-01,
     9, PROP1,       MAT1,   B23E,   0,     4.0564,    0.0000,  9.196519e-05,  2.831767e-03,  4.169077e-05,  3.844023e-02,  5.167303e-01, -4.743882e-01,
     9, PROP1,       MAT1,   B23E,   1,     4.2500,    0.0000,  7.575179e-05,  2.332528e-03,  3.434071e-05,  3.166324e-02,  4.256311e-01, -3.907539e-01,
     9, PROP1,       MAT1,   B23E,   2,     4.4436,    0.0000,  5.953838e-05,  1.833290e-03,  2.699065e-05,  2.488625e-02,  3.345318e-01, -3.071196e-01,
    10, PROP1,       MAT1,   B23E,   0,     4.5564,    0.0000,  4.875436e-05,  1.501231e-03,  2.210191e-05,  2.037867e-02,  2.739390e-01, -2.514918e-01,
    10, PROP1,       MAT1,   B23E,   1,     4.7500,    0.0000,  2.790855e-05,  8.593526e-04,  1.265184e-05,  1.166540e-02,  1.568114e-01, -1.439620e-01,
    10, PROP1,       MAT1,   B23E,   2,     4.9436,    0.0000,  7.062748e-06,  2.174742e-04,  3.201770e-06,  2.952135e-03,  3.968388e-02, -3.643209e-02,
