  1.0000   -0.009218  0       1
 11.0000   -0.009470  1       1
 21.0000   -0.009703  1       2
 31.0000   -0.009916  1       3
 41.0000   -0.010110  1       4
 51.0000   -0.010288  1       5
 61.0000   -0.010449  1       6
 71.0000   -0.010596  1       7
 81.0000   -0.010728  1       8
 91.0000   -0.010849  1       9
101.0000   -0.010958  1      10
111.0000   -0.011057  1      11
121.0000   -0.011147  1      12
131.0000   -0.011228  1      13
141.0000   -0.011302  1      14
151.0000   -0.011368  1      15
161.0000   -0.011429  1      16
171.0000   -0.011483  1      17
181.0000   -0.011532  1      18
191.0000   -0.011577  1      19
201.0000   -0.011618  1      20
211.0000   -0.011655  1      21
221.0000   -0.011688  1      22
231.0000   -0.011718  1      23
241.0000   -0.011746  1      24
251.0000   -0.011771  1      25
261.0000   -0.011793  1      26
271.0000   -0.011813  1      27
281.0000   -0.011831  1      28
291.0000   -0.011848  1      29
301.0000   -0.011863  1      30
311.0000   -0.011877  1      31
321.0000   -0.011889  1      32
331.0000   -0.011901  1      33
341.0000   -0.011911  1      34
351.0000   -0.011920  1      35
361.0000   -0.011928  1      36
371.0000   -0.011936  1      37
381.0000   -0.011943  1      38
391.0000   -0.011949  1      39
401.0000   -0.011954  1      40
411.0000   -0.011959  1      41
421.0000   -0.011964  1      42
431.0000   -0.011968  1      43
441.0000   -0.011972  1      44
451.0000   -0.011976  1      45
461.0000   -0.011979  1      46
471.0000   -0.011982  1      47
481.0000   -0.011984  1      48
491.0000   -0.011987  1      49
501.0000   -0.011989  1      50
