  0.0100
    1   0.0000   0.0000   0.0000  0.0000e+00  0.0000e+00 -3.1857e-03  1.5786e-02  6.3266e-03  1.1463e-05
    2   0.1250   0.0000   0.0000 -6.1634e-07  3.9228e-03
    3   0.2500   0.0000   0.0000 -1.3442e-06 -7.9610e-04 -3.1817e-03  3.2445e-03  3.4824e-03  9.7327e-05
    4   0.3750   0.0000   0.0000 -2.2258e-06  5.9780e-03
    5   0.5000   0.0000   0.0000 -3.1901e-06 -1.5900e-03 -3.1665e-03  2.3527e-03  7.7428e-03  2.7524e-05
    6   0.6250   0.0000   0.0000 -3.9017e-06  2.1949e-03
    7   0.7500   0.0000   0.0000 -3.8683e-06 -2.3766e-03 -3.1186e-03 -4.3945e-05  7.7787e-03 -1.1271e-05
    8   0.8750   0.0000   0.0000 -2.4716e-06 -1.1338e-03
    9   1.0000   0.0000   0.0000  7.6489e-07 -3.1435e-03 -3.0014e-03 -8.2530e-04  7.3233e-03 -1.0274e-05
   10   1.1250   0.0000   0.0000  6.2081e-06 -5.3429e-04
   11   1.2500   0.0000   0.0000  1.4067e-05 -3.8690e-03 -2.7843e-03  4.9970e-04  4.2923e-03 -1.0106e-04
   12   1.3750   0.0000   0.0000  2.4417e-05  2.4857e-03
   13   1.5000   0.0000   0.0000  3.7204e-05 -4.5257e-03 -2.4494e-03  1.8175e-03 -1.5433e-03 -5.1119e-05
   14   1.6250   0.0000   0.0000  5.2319e-05  2.7451e-03
   15   1.7500   0.0000   0.0000  6.9730e-05 -5.0838e-03 -1.9959e-03  7.1671e-04 -1.9549e-03 -1.2969e-05
   16   1.8750   0.0000   0.0000  8.9504e-05  6.5781e-04
   17   2.0000   0.0000   0.0000  1.1165e-04 -5.5141e-03 -1.4275e-03  6.6122e-04 -3.1900e-03  2.6713e-05
   18   2.1250   0.0000   0.0000  1.3597e-04  2.2075e-03
   19   2.2500   0.0000   0.0000  1.6226e-04 -5.7887e-03 -7.5306e-04  6.1835e-04  3.5573e-04  3.2270e-05
   20   2.3750   0.0000   0.0000  1.9063e-04 -4.0517e-04
   21   2.5000   0.0000   0.0000  2.2128e-04 -5.8821e-03  2.3454e-05 -4.0211e-04  5.3899e-04  2.7045e-05
   22   2.6250   0.0000   0.0000  2.5170e-04 -1.2411e-03
   23   2.7500   0.0000   0.0000  2.7942e-04 -5.7781e-03  7.8691e-04 -1.4648e-03  3.4781e-03  1.5243e-05
   24   2.8750   0.0000   0.0000  3.0473e-04 -4.4046e-03
   25   3.0000   0.0000   0.0000  3.2792e-04 -5.4989e-03  1.4281e-03 -2.1304e-03  1.3304e-03 -3.2498e-05
   26   3.1250   0.0000   0.0000  3.4903e-04 -2.9017e-03
   27   3.2500   0.0000   0.0000  3.6796e-04 -5.0733e-03  1.9579e-03 -1.3317e-03  2.1294e-03  1.1769e-05
   28   3.3750   0.0000   0.0000  3.8480e-04 -5.0828e-03
   29   3.5000   0.0000   0.0000  3.9985e-04 -4.5288e-03  2.3814e-03 -3.4621e-03  1.7020e-03  2.0912e-05
   30   3.6250   0.0000   0.0000  4.1328e-04 -5.3632e-03
   31   3.7500   0.0000   0.0000  4.2507e-04 -3.8905e-03  2.7092e-03 -1.8947e-03  5.0230e-03  5.2948e-05
   32   3.8750   0.0000   0.0000  4.3519e-04 -1.8164e-03
   33   4.0000   0.0000   0.0000  4.4365e-04 -3.1816e-03  2.9485e-03  1.2805e-04  5.5859e-03 -2.6612e-05
   34   4.1250   0.0000   0.0000  4.5046e-04  1.3045e-03
   35   4.2500   0.0000   0.0000  4.5570e-04 -2.4225e-03  3.1124e-03  8.9483e-04  3.4886e-03 -3.5621e-05
   36   4.3750   0.0000   0.0000  4.5949e-04  5.8160e-04
   37   4.5000   0.0000   0.0000  4.6206e-04 -1.6306e-03  3.2142e-03 -5.1791e-04  1.9681e-03 -1.5307e-05
   38   4.6250   0.0000   0.0000  4.6366e-04 -3.1800e-03
   39   4.7500   0.0000   0.0000  4.6456e-04 -8.1950e-04  3.2672e-03 -2.6095e-03  1.2123e-03 -1.3673e-05
   40   4.8750   0.0000   0.0000  4.6501e-04 -6.2983e-03
   41   5.0000   0.0000   0.0000  4.6514e-04  0.0000e+00  3.2833e-03 -1.7532e-03  1.2930e-02 -1.2553e-05
  0.0200
    1   0.0000   0.0000   0.0000  0.0000e+00  0.0000e+00 -1.0270e-02  3.2243e-02  7.2142e-02 -3.4419e-05
    2   0.1250   0.0000   0.0000 -1.4563e-07 -7.1746e-03
    3   0.2500   0.0000   0.0000  4.1339e-06 -2.5602e-03 -1.0174e-02 -5.2130e-03 -1.5962e-03  6.1839e-06
    4   0.3750   0.0000   0.0000  1.4695e-05 -8.0440e-03
    5   0.5000   0.0000   0.0000  3.1318e-05 -5.0657e-03 -9.8280e-03 -2.6204e-03 -3.8672e-03 -6.0741e-05
    6   0.6250   0.0000   0.0000  5.3609e-05 -2.6656e-03
    7   0.7500   0.0000   0.0000  8.1097e-05 -7.4538e-03 -9.2380e-03 -4.1296e-04 -4.5966e-03  2.4382e-05
    8   0.8750   0.0000   0.0000  1.1343e-04 -1.0762e-03
    9   1.0000   0.0000   0.0000  1.5043e-04 -9.6662e-03 -8.4255e-03 -7.8935e-04 -3.7769e-03 -1.0045e-06
   10   1.1250   0.0000   0.0000  1.9198e-04 -9.7906e-04
   11   1.2500   0.0000   0.0000  2.3791e-04 -1.1649e-02 -7.4042e-03  1.8688e-04 -6.0412e-03 -9.1981e-05
   12   1.3750   0.0000   0.0000  2.8787e-04  1.5704e-03
   13   1.5000   0.0000   0.0000  3.4146e-04 -1.3352e-02 -6.1917e-03  1.2795e-03 -1.0818e-02  6.9505e-06
   14   1.6250   0.0000   0.0000  3.9818e-04  2.8448e-03
   15   1.7500   0.0000   0.0000  4.5759e-04 -1.4732e-02 -4.8212e-03  1.9404e-03 -3.7336e-03  1.3505e-04
   16   1.8750   0.0000   0.0000  5.1938e-04  2.9675e-03
   17   2.0000   0.0000   0.0000  5.8357e-04 -1.5752e-02 -3.3210e-03  6.2765e-04 -5.5967e-04  2.9175e-05
   18   2.1250   0.0000   0.0000  6.5029e-04  2.2703e-04
   19   2.2500   0.0000   0.0000  7.1967e-04 -1.6382e-02 -1.6935e-03 -1.8323e-04  3.0293e-04 -4.9057e-05
   20   2.3750   0.0000   0.0000  7.9179e-04 -5.2891e-04
   21   2.5000   0.0000   0.0000  8.6667e-04 -1.6588e-02  6.5336e-05 -6.8265e-04 -4.5482e-03 -5.2044e-05
   22   2.6250   0.0000   0.0000  9.4173e-04 -1.8725e-03
   23   2.7500   0.0000   0.0000  1.0143e-03 -1.6349e-02  1.8277e-03 -6.8188e-04 -4.1855e-03  2.2718e-05
   24   2.8750   0.0000   0.0000  1.0843e-03 -7.0989e-04
   25   3.0000   0.0000   0.0000  1.1513e-03 -1.5685e-02  3.4552e-03 -4.9047e-04 -3.2741e-03  4.0453e-05
   26   3.1250   0.0000   0.0000  1.2153e-03 -1.1501e-03
   27   3.2500   0.0000   0.0000  1.2762e-03 -1.4634e-02  4.9346e-03  2.2405e-06 -1.0850e-03 -3.4401e-05
   28   3.3750   0.0000   0.0000  1.3339e-03  1.0712e-03
   29   3.5000   0.0000   0.0000  1.3881e-03 -1.3231e-02  6.2581e-03  9.5257e-04 -4.9567e-03 -1.3378e-05
   30   3.6250   0.0000   0.0000  1.4387e-03  3.0433e-03
   31   3.7500   0.0000   0.0000  1.4852e-03 -1.1519e-02  7.4121e-03  1.3439e-03 -4.8865e-03 -3.7914e-05
   32   3.8750   0.0000   0.0000  1.5275e-03  1.5576e-03
   33   4.0000   0.0000   0.0000  1.5657e-03 -9.5406e-03  8.3797e-03  2.8047e-04 -7.4620e-03 -8.5030e-06
   34   4.1250   0.0000   0.0000  1.5995e-03 -1.0838e-03
   35   4.2500   0.0000   0.0000  1.6288e-03 -7.3457e-03  9.1436e-03 -1.3947e-03 -4.4602e-03  9.2269e-05
   36   4.3750   0.0000   0.0000  1.6535e-03 -3.7869e-03
   37   4.5000   0.0000   0.0000  1.6737e-03 -4.9871e-03  9.6880e-03 -2.1920e-03  6.8049e-04  6.8189e-05
   38   4.6250   0.0000   0.0000  1.6894e-03 -3.9560e-03
   39   4.7500   0.0000   0.0000  1.7006e-03 -2.5203e-03  1.0010e-02 -1.6214e-03  2.6299e-03 -7.8878e-06
   40   4.8750   0.0000   0.0000  1.7073e-03 -2.3738e-03
   41   5.0000   0.0000   0.0000  1.7096e-03  0.0000e+00  1.0116e-02 -4.5492e-04  6.4092e-02 -3.3802e-05
  0.0300
    1   0.0000   0.0000   0.0000  0.0000e+00  0.0000e+00 -1.1722e-02 -2.7571e-02  7.0658e-02 -1.2973e-04
    2   0.1250   0.0000   0.0000  7.6757e-06 -2.3403e-03
    3   0.2500   0.0000   0.0000  2.0250e-05 -2.9168e-03 -1.1570e-02  2.4154e-04 -2.6179e-03  1.7377e-04
    4   0.3750   0.0000   0.0000  3.7783e-05 -2.3967e-04
    5   0.5000   0.0000   0.0000  6.0328e-05 -5.7654e-03 -1.1180e-02 -1.2397e-03  1.9691e-03 -3.1777e-05
    6   0.6250   0.0000   0.0000  8.8216e-05 -3.3180e-03
    7   0.7500   0.0000   0.0000  1.2162e-04 -8.4870e-03 -1.0552e-02 -1.3362e-03 -7.3330e-04 -5.7989e-05
    8   0.8750   0.0000   0.0000  1.6044e-04 -3.2455e-04
    9   1.0000   0.0000   0.0000  2.0436e-04 -1.1021e-02 -9.6808e-03  8.6342e-04 -3.3725e-03  4.6920e-06
   10   1.1250   0.0000   0.0000  2.5304e-04  2.6569e-03
   11   1.2500   0.0000   0.0000  3.0621e-04 -1.3308e-02 -8.5803e-03  1.6840e-03  6.5554e-05  5.5556e-05
   12   1.3750   0.0000   0.0000  3.6380e-04  2.2628e-03
   13   1.5000   0.0000   0.0000  4.2593e-04 -1.5293e-02 -7.2581e-03  3.6270e-04 -2.8147e-03 -1.1612e-04
   14   1.6250   0.0000   0.0000  4.9269e-04  5.7288e-04
   15   1.7500   0.0000   0.0000  5.6396e-04 -1.6919e-02 -5.7127e-03  1.6099e-03 -8.1517e-03 -9.4342e-05
   16   1.8750   0.0000   0.0000  6.3920e-04  4.5336e-03
   17   2.0000   0.0000   0.0000  7.1788e-04 -1.8132e-02 -3.9653e-03  1.3125e-03 -1.2325e-02  2.3342e-05
   18   2.1250   0.0000   0.0000  7.9981e-04 -1.3893e-03
   19   2.2500   0.0000   0.0000  8.8495e-04 -1.8888e-02 -2.0509e-03 -1.7845e-03 -7.2174e-03  8.5315e-05
   20   2.3750   0.0000   0.0000  9.7321e-04 -3.9797e-03
   21   2.5000   0.0000   0.0000  1.0645e-03 -1.9146e-02  4.4849e-06 -2.9238e-03 -4.8659e-03  1.1979e-05
   22   2.6250   0.0000   0.0000  1.1562e-03 -5.8373e-03
   23   2.7500   0.0000   0.0000  1.2458e-03 -1.8885e-02  2.0618e-03 -1.5629e-03 -5.5086e-03 -4.3978e-05
   24   2.8750   0.0000   0.0000  1.3327e-03  5.1641e-04
   25   3.0000   0.0000   0.0000  1.4163e-03 -1.8127e-02  3.9767e-03  9.0700e-04 -7.3647e-03  2.1468e-05
   26   3.1250   0.0000   0.0000  1.4963e-03  1.1177e-03
   27   3.2500   0.0000   0.0000  1.5724e-03 -1.6911e-02  5.7196e-03  1.2575e-03 -4.3223e-03  6.7089e-06
   28   3.3750   0.0000   0.0000  1.6443e-03  3.3711e-03
   29   3.5000   0.0000   0.0000  1.7116e-03 -1.5283e-02  7.2691e-03  1.0243e-03 -5.8493e-03  3.9465e-06
   30   3.6250   0.0000   0.0000  1.7745e-03  1.0620e-03
   31   3.7500   0.0000   0.0000  1.8327e-03 -1.3294e-02  8.6086e-03  5.3851e-04 -6.8710e-03 -4.5714e-05
   32   3.8750   0.0000   0.0000  1.8859e-03  3.4340e-03
   33   4.0000   0.0000   0.0000  1.9337e-03 -1.0998e-02  9.7183e-03  2.5597e-03 -4.8173e-03  1.2163e-04
   34   4.1250   0.0000   0.0000  1.9756e-03  5.6522e-03
   35   4.2500   0.0000   0.0000  2.0115e-03 -8.4563e-03  1.0572e-02  3.2192e-03  2.2459e-03  7.9565e-05
   36   4.3750   0.0000   0.0000  2.0412e-03  6.6392e-03
   37   4.5000   0.0000   0.0000  2.0649e-03 -5.7341e-03  1.1164e-02  3.1338e-03  3.4214e-03 -2.5383e-05
   38   4.6250   0.0000   0.0000  2.0827e-03  3.9823e-03
   39   4.7500   0.0000   0.0000  2.0951e-03 -2.8953e-03  1.1507e-02  6.2395e-04  1.7956e-03 -2.4864e-05
   40   4.8750   0.0000   0.0000  2.1023e-03 -7.7782e-04
   41   5.0000   0.0000   0.0000  2.1047e-03  0.0000e+00  1.1618e-02 -5.1403e-04  6.6676e-02 -1.7374e-05
  0.0400
    1   0.0000   0.0000   0.0000  0.0000e+00  0.0000e+00 -6.1374e-03 -4.1919e-02  2.8166e-02 -1.0353e-05
    2   0.1250   0.0000   0.0000  1.0275e-05  3.6495e-03
    3   0.2500   0.0000   0.0000  2.0390e-05 -1.5279e-03 -6.0630e-03  2.2833e-03  7.9569e-03  1.7143e-04
    4   0.3750   0.0000   0.0000  3.1668e-05 -1.5590e-04
    5   0.5000   0.0000   0.0000  4.5484e-05 -3.0218e-03 -5.8669e-03 -5.7110e-04  1.9903e-03 -2.1507e-04
    6   0.6250   0.0000   0.0000  6.2168e-05  8.9961e-04
    7   0.7500   0.0000   0.0000  8.1511e-05 -4.4504e-03 -5.5411e-03  1.1668e-03 -1.3999e-03  3.8718e-05
    8   0.8750   0.0000   0.0000  1.0331e-04  2.2299e-03
    9   1.0000   0.0000   0.0000  1.2754e-04 -5.7820e-03 -5.0917e-03  5.9026e-04 -2.8633e-03 -7.9621e-05
   10   1.1250   0.0000   0.0000  1.5428e-04 -4.4290e-04
   11   1.2500   0.0000   0.0000  1.8355e-04 -6.9863e-03 -4.5229e-03 -3.1607e-04 -5.1562e-03  2.0689e-05
   12   1.3750   0.0000   0.0000  2.1513e-04  1.3986e-03
   13   1.5000   0.0000   0.0000  2.4866e-04 -8.0346e-03 -3.8479e-03  1.4698e-03 -1.5526e-03  1.0449e-04
   14   1.6250   0.0000   0.0000  2.8390e-04  3.7164e-04
   15   1.7500   0.0000   0.0000  3.2110e-04 -8.9028e-03 -3.0817e-03 -1.1873e-03  5.2759e-03  4.8711e-05
   16   1.8750   0.0000   0.0000  3.6067e-04 -2.5631e-03
   17   2.0000   0.0000   0.0000  4.0290e-04 -9.5668e-03 -2.2116e-03 -8.8307e-04  3.9569e-03 -1.7443e-05
   18   2.1250   0.0000   0.0000  4.4784e-04  5.6402e-04
   19   2.2500   0.0000   0.0000  4.9536e-04 -9.9985e-03 -1.2211e-03  1.6075e-03  3.3443e-03 -3.6305e-05
   20   2.3750   0.0000   0.0000  5.4534e-04  4.6679e-03
   21   2.5000   0.0000   0.0000  5.9768e-04 -1.0167e-02 -1.0424e-04  2.5242e-03  1.1495e-03 -8.2205e-06
   22   2.6250   0.0000   0.0000  6.4988e-04  3.0972e-03
   23   2.7500   0.0000   0.0000  6.9960e-04 -1.0050e-02  1.0234e-03  2.4674e-04  9.9323e-04 -3.3540e-05
   24   2.8750   0.0000   0.0000  7.4718e-04 -1.4044e-03
   25   3.0000   0.0000   0.0000  7.9287e-04 -9.6634e-03  2.0518e-03 -1.0420e-03 -2.4519e-03 -2.8916e-05
   26   3.1250   0.0000   0.0000  8.3663e-04 -6.0955e-04
   27   3.2500   0.0000   0.0000  8.7822e-04 -9.0319e-03  2.9822e-03  8.2075e-04  2.2026e-04  5.0792e-05
   28   3.3750   0.0000   0.0000  9.1736e-04  3.8177e-03
   29   3.5000   0.0000   0.0000  9.5384e-04 -8.1813e-03  3.8046e-03  2.3720e-03  2.5595e-03  6.7119e-05
   30   3.6250   0.0000   0.0000  9.8762e-04  5.4425e-03
   31   3.7500   0.0000   0.0000  1.0187e-03 -7.1388e-03  4.5183e-03  3.1541e-03  1.5446e-03 -1.0907e-04
   32   3.8750   0.0000   0.0000  1.0473e-03  4.9665e-03
   33   4.0000   0.0000   0.0000  1.0733e-03 -5.9305e-03  5.1313e-03  1.2280e-03 -4.9705e-03 -1.0041e-04
   34   4.1250   0.0000   0.0000  1.0969e-03  1.5379e-03
   35   4.2500   0.0000   0.0000  1.1181e-03 -4.5815e-03  5.6424e-03  8.8441e-04 -9.0011e-03 -1.3516e-05
   36   4.3750   0.0000   0.0000  1.1365e-03  1.7889e-03
   37   4.5000   0.0000   0.0000  1.1517e-03 -3.1197e-03  6.0290e-03  5.2603e-04 -6.0345e-03  9.4819e-05
   38   4.6250   0.0000   0.0000  1.1636e-03 -1.9195e-04
   39   4.7500   0.0000   0.0000  1.1720e-03 -1.5796e-03  6.2657e-03 -5.3911e-04 -1.0055e-03  5.6253e-05
   40   4.8750   0.0000   0.0000  1.1771e-03 -1.1723e-03
   41   5.0000   0.0000   0.0000  1.1787e-03  0.0000e+00  6.3446e-03 -3.0775e-04  4.7278e-02 -4.8479e-06
  0.0500
    1   0.0000   0.0000   0.0000  0.0000e+00  0.0000e+00 -1.8795e-04 -3.0186e-02 -7.7687e-03 -1.0315e-04
    2   0.1250   0.0000   0.0000  7.4803e-06  8.4928e-04
    3   0.2500   0.0000   0.0000  1.4802e-05 -4.8492e-05 -2.0714e-04 -4.1697e-04 -5.7916e-04  6.2942e-05
    4   0.3750   0.0000   0.0000  2.2028e-05  5.0287e-03
    5   0.5000   0.0000   0.0000  2.8561e-05 -1.0740e-04 -2.7048e-04  6.2553e-03 -7.6290e-04  9.7485e-05
    6   0.6250   0.0000   0.0000  3.4139e-05  8.8352e-03
    7   0.7500   0.0000   0.0000  3.9252e-05 -1.8557e-04 -3.5754e-04  1.5262e-03  7.8091e-03  5.3783e-05
    8   0.8750   0.0000   0.0000  4.4318e-05  1.7730e-03
    9   1.0000   0.0000   0.0000  4.9270e-05 -2.8713e-04 -4.5515e-04  1.5882e-03  5.1637e-03 -4.8430e-05
   10   1.1250   0.0000   0.0000  5.3741e-05  4.0327e-03
   11   1.2500   0.0000   0.0000  5.7466e-05 -4.1226e-04 -5.4247e-04  1.5638e-03  8.7624e-03  1.2429e-04
   12   1.3750   0.0000   0.0000  6.0322e-05  1.2109e-03
   13   1.5000   0.0000   0.0000  6.2110e-05 -5.5583e-04 -5.9861e-04  4.5040e-05  9.4853e-03 -1.0468e-04
   14   1.6250   0.0000   0.0000  6.2579e-05 -6.9488e-04
   15   1.7500   0.0000   0.0000  6.3258e-05 -7.0634e-04 -5.9552e-04 -9.1015e-04  4.5048e-03 -5.8589e-05
   16   1.8750   0.0000   0.0000  6.5984e-05 -2.0276e-03
   17   2.0000   0.0000   0.0000  7.0909e-05 -8.4640e-04 -5.0936e-04 -8.3553e-04  2.6152e-03  1.1165e-05
   18   2.1250   0.0000   0.0000  7.8093e-05 -1.8031e-03
   19   2.2500   0.0000   0.0000  8.7643e-05 -9.5289e-04 -3.2548e-04 -1.4512e-03  1.7483e-03 -4.6191e-05
   20   2.3750   0.0000   0.0000  9.9770e-05 -3.7215e-03
   21   2.5000   0.0000   0.0000  1.1461e-04 -1.0001e-03 -3.3850e-05 -1.2698e-03  1.4523e-03  6.3759e-05
   22   2.6250   0.0000   0.0000  1.2941e-04  8.8183e-04
   23   2.7500   0.0000   0.0000  1.4134e-04 -9.7056e-04  2.4891e-04  1.4647e-03  8.7692e-03  1.4302e-04
   24   2.8750   0.0000   0.0000  1.5043e-04  3.3905e-03
   25   3.0000   0.0000   0.0000  1.5701e-04 -8.8568e-04  4.1290e-04  2.3034e-03  1.1739e-02 -5.2907e-05
   26   3.1250   0.0000   0.0000  1.6142e-04  3.9564e-03
   27   3.2500   0.0000   0.0000  1.6413e-04 -7.7111e-04  4.9284e-04  8.6386e-04  5.5373e-03 -1.6684e-04
   28   3.3750   0.0000   0.0000  1.6568e-04  2.0344e-05
   29   3.5000   0.0000   0.0000  1.6638e-04 -6.4328e-04  5.2330e-04 -2.9967e-04 -7.7774e-04  2.6254e-05
   30   3.6250   0.0000   0.0000  1.6645e-04  6.5261e-04
   31   3.7500   0.0000   0.0000  1.6685e-04 -5.1266e-04  5.1646e-04  8.6638e-04  3.1003e-03  8.4860e-05
   32   3.8750   0.0000   0.0000  1.6795e-04  1.3858e-03
   33   4.0000   0.0000   0.0000  1.6959e-04 -3.8796e-04  4.7636e-04  7.3188e-04  8.2471e-03  5.0693e-05
   34   4.1250   0.0000   0.0000  1.7147e-04  1.9227e-03
   35   4.2500   0.0000   0.0000  1.7322e-04 -2.7577e-04  4.2120e-04  4.8673e-04  6.9283e-03 -8.0953e-05
   36   4.3750   0.0000   0.0000  1.7468e-04 -1.7384e-03
   37   4.5000   0.0000   0.0000  1.7587e-04 -1.7644e-04  3.7628e-04 -1.8649e-03  1.2451e-03 -9.4237e-05
   38   4.6250   0.0000   0.0000  1.7687e-04 -3.1757e-03
   39   4.7500   0.0000   0.0000  1.7767e-04 -8.6061e-05  3.4989e-04 -9.4641e-04 -1.9434e-03 -4.4050e-06
   40   4.8750   0.0000   0.0000  1.7820e-04 -4.1655e-04
   41   5.0000   0.0000   0.0000  1.7839e-04  0.0000e+00  3.4145e-04  1.2282e-04 -5.2754e-03  2.8019e-05
  0.0600
    1   0.0000   0.0000   0.0000  0.0000e+00  0.0000e+00 -1.7898e-03  4.8298e-03  1.5293e-02 -9.8114e-05
    2   0.1250   0.0000   0.0000  7.3713e-08  4.0904e-04
    3   0.2500   0.0000   0.0000  1.0895e-06 -4.4575e-04 -1.7680e-03 -1.7223e-03 -3.8172e-03 -7.2172e-05
    4   0.3750   0.0000   0.0000  3.3749e-06 -2.8126e-04
    5   0.5000   0.0000   0.0000  6.5389e-06 -8.7989e-04 -1.6986e-03  6.7923e-04 -3.6896e-03  2.0283e-04
    6   0.6250   0.0000   0.0000  1.0242e-05 -2.2122e-03
    7   0.7500   0.0000   0.0000  1.4764e-05 -1.2927e-03 -1.5986e-03 -1.1470e-03  2.5589e-04 -1.3936e-04
    8   0.8750   0.0000   0.0000  2.0114e-05  2.7282e-03
    9   1.0000   0.0000   0.0000  2.5758e-05 -1.6766e-03 -1.4688e-03  3.5015e-03 -2.1994e-03  1.3539e-04
   10   1.1250   0.0000   0.0000  3.1150e-05  6.9826e-03
   11   1.2500   0.0000   0.0000  3.6229e-05 -2.0262e-03 -1.3273e-03  2.4948e-03  5.8358e-03  2.5950e-05
   12   1.3750   0.0000   0.0000  4.1469e-05 -2.8595e-04
   13   1.5000   0.0000   0.0000  4.7595e-05 -2.3384e-03 -1.1632e-03 -2.7914e-03 -1.1007e-03 -1.6048e-04
   14   1.6250   0.0000   0.0000  5.5107e-05 -4.2145e-03
   15   1.7500   0.0000   0.0000  6.3854e-05 -2.6038e-03 -9.5333e-04 -5.2783e-04  2.5117e-03  2.3777e-04
   16   1.8750   0.0000   0.0000  7.3535e-05 -2.6231e-03
   17   2.0000   0.0000   0.0000  8.4469e-05 -2.8118e-03 -7.0185e-04 -3.2247e-03  9.9218e-03 -3.3409e-05
   18   2.1250   0.0000   0.0000  9.7354e-05 -3.8894e-03
   19   2.2500   0.0000   0.0000  1.1237e-04 -2.9489e-03 -3.8093e-04  3.1567e-04  6.7814e-03  2.7638e-05
   20   2.3750   0.0000   0.0000  1.2929e-04  3.2614e-03
   21   2.5000   0.0000   0.0000  1.4803e-04 -2.9948e-03  2.9382e-05  2.4182e-03  1.2782e-02  7.8254e-05
   22   2.6250   0.0000   0.0000  1.6632e-04  4.4065e-03
   23   2.7500   0.0000   0.0000  1.8210e-04 -2.9346e-03  4.3528e-04  1.8682e-03  1.0972e-02 -8.7991e-05
   24   2.8750   0.0000   0.0000  1.9589e-04  3.5748e-03
   25   3.0000   0.0000   0.0000  2.0808e-04 -2.7838e-03  7.6083e-04  1.7846e-03  4.9410e-03 -1.3575e-04
   26   3.1250   0.0000   0.0000  2.1893e-04  4.3163e-03
   27   3.2500   0.0000   0.0000  2.2846e-04 -2.5585e-03  1.0340e-03  2.9422e-03 -3.0118e-03 -1.3079e-04
   28   3.3750   0.0000   0.0000  2.3653e-04  5.6438e-03
   29   3.5000   0.0000   0.0000  2.4297e-04 -2.2711e-03  1.2554e-03  2.6100e-03 -5.0250e-03  1.0794e-04
   30   3.6250   0.0000   0.0000  2.4764e-04  1.8983e-03
   31   3.7500   0.0000   0.0000  2.5074e-04 -1.9364e-03  1.4103e-03 -1.6417e-03  1.4758e-03  8.1786e-05
   32   3.8750   0.0000   0.0000  2.5277e-04 -6.9543e-03
   33   4.0000   0.0000   0.0000  2.5419e-04 -1.5709e-03  1.5056e-03 -4.0333e-03  4.5658e-03  2.1726e-05
   34   4.1250   0.0000   0.0000  2.5521e-04 -5.7056e-03
   35   4.2500   0.0000   0.0000  2.5582e-04 -1.1871e-03  1.5592e-03 -1.5717e-03  5.2821e-03 -5.0601e-06
   36   4.3750   0.0000   0.0000  2.5598e-04  2.3852e-04
   37   4.5000   0.0000   0.0000  2.5569e-04 -7.9390e-04  1.5820e-03  1.4952e-03  3.6444e-03 -3.8314e-05
   38   4.6250   0.0000   0.0000  2.5512e-04  1.8386e-04
   39   4.7500   0.0000   0.0000  2.5453e-04 -3.9744e-04  1.5886e-03 -2.4176e-03  1.7549e-03 -2.8073e-05
   40   4.8750   0.0000   0.0000  2.5407e-04 -1.0031e-02
   41   5.0000   0.0000   0.0000  2.5389e-04  0.0000e+00  1.5903e-03 -3.3080e-03  2.8267e-03 -1.4347e-05
