ConFem  ../DataExamples/E04/E4-09
symmetric system True, used LinAlg2 True, used ConFemMatC True, used CaeFemElemC True
ndofs 83, elems 20, active nodes 41, abs.size 0.44 MItems, rel.size 0.0647 (abs.size/(ndofs**2)
used material MAT1, spec. inertial mass 2.50e-03, type RCBEAM
0 step starts, solution type NR
System mass 0.002000
0   1 0.060 0.00100 iter 0 7.000000e-02 1.000000e+00    0.000000e+00
0   1 0.060 0.00100 iter 1 3.486766e-02 1.000000e+00    1.948009e-04
0   1 0.060 0.00100 iter 2 4.353452e-02 1.271519e-01    2.399597e-04
0   1 0.060 0.00100 iter 3 8.105809e-04 7.840105e-04    2.405311e-04
0   1 0.060 0.00100 iter 4 5.526801e-06 2.337220e-07    2.404992e-04
0   2 0.060 0.00200 iter 0 1.112985e-01 1.000000e+00    0.000000e+00
0   2 0.060 0.00200 iter 1 2.690676e-02 1.000000e+00    7.379156e-04
0   2 0.060 0.00200 iter 2 2.763668e-03 1.580571e-01    7.398623e-04
0   2 0.060 0.00200 iter 3 5.025317e-05 3.524513e-04    7.399872e-04
0   3 0.060 0.00300 iter 0 1.888190e-01 1.000000e+00    0.000000e+00
0   3 0.060 0.00300 iter 1 6.591125e-02 1.000000e+00    1.181541e-03
0   3 0.060 0.00300 iter 2 6.124727e-03 1.818022e-01    1.184539e-03
0   3 0.060 0.00300 iter 3 3.837468e-04 1.405877e-03    1.184834e-03
0   3 0.060 0.00300 iter 4 1.011869e-06 1.865261e-07    1.184841e-03
0   4 0.060 0.00400 iter 0 2.642741e-01 1.000000e+00    0.000000e+00
0   4 0.060 0.00400 iter 1 2.028244e-02 1.000000e+00    1.594599e-03
0   4 0.060 0.00400 iter 2 5.751306e-03 9.876311e-03    1.596455e-03
0   4 0.060 0.00400 iter 3 6.109854e-05 2.058434e-05    1.596665e-03
0   5 0.060 0.00500 iter 0 3.456377e-01 1.000000e+00    0.000000e+00
0   5 0.060 0.00500 iter 1 1.909975e-02 1.000000e+00    2.105091e-03
0   5 0.060 0.00500 iter 2 1.262527e-04 7.068000e-05    2.113240e-03
0   5 0.060 0.00500 iter 3 1.137540e-06 8.994613e-09    2.113247e-03
0   6 0.060 0.00600 iter 0 4.201560e-01 1.000000e+00    0.000000e+00
0   6 0.060 0.00600 iter 1 7.059853e-02 1.000000e+00    2.544103e-03
0   6 0.060 0.00600 iter 2 4.692611e-03 4.782033e-02    2.542603e-03
0   6 0.060 0.00600 iter 3 1.883200e-04 3.213837e-04    2.543640e-03
0   6 0.060 0.00600 iter 4 8.367199e-07 1.701517e-08    2.543649e-03
0   7 0.060 0.00700 iter 0 4.902861e-01 1.000000e+00    0.000000e+00
0   7 0.060 0.00700 iter 1 6.547799e-02 1.000000e+00    2.933269e-03
0   7 0.060 0.00700 iter 2 6.067291e-03 1.436686e-02    2.931305e-03
0   7 0.060 0.00700 iter 3 2.305483e-04 3.510133e-05    2.931114e-03
0   7 0.060 0.00700 iter 4 8.600961e-07 4.457131e-09    2.931107e-03
0   8 0.060 0.00800 iter 0 5.543111e-01 1.000000e+00    0.000000e+00
0   8 0.060 0.00800 iter 1 1.422971e-01 1.000000e+00    3.318104e-03
0   8 0.060 0.00800 iter 2 5.607405e-03 3.307295e-03    3.306204e-03
0   8 0.060 0.00800 iter 3 1.843716e-04 1.426593e-05    3.306444e-03
0   8 0.060 0.00800 iter 4 8.346353e-07 2.119882e-10    3.306446e-03
0   9 0.060 0.00900 iter 0 6.083130e-01 1.000000e+00    0.000000e+00
0   9 0.060 0.00900 iter 1 6.162928e-02 1.000000e+00    3.622739e-03
0   9 0.060 0.00900 iter 2 9.771349e-04 3.739710e-03    3.623053e-03
0   9 0.060 0.00900 iter 3 3.221076e-05 7.014717e-06    3.623038e-03
0  10 0.060 0.01000 iter 0 6.512965e-01 1.000000e+00    0.000000e+00
0  10 0.060 0.01000 iter 1 2.708411e-03 1.000000e+00    3.891493e-03
0  10 0.060 0.01000 iter 2 5.540423e-05 2.487058e-03    3.891535e-03
Element data written 0.010000
Nodal data written 0.010000
0  11 0.060 0.01100 iter 0 6.861556e-01 1.000000e+00    0.000000e+00
0  11 0.060 0.01100 iter 1 1.016362e-02 1.000000e+00    4.136027e-03
0  11 0.060 0.01100 iter 2 6.835907e-04 5.829081e-03    4.137337e-03
0  11 0.060 0.01100 iter 3 3.269015e-06 1.006097e-06    4.137372e-03
0  12 0.060 0.01200 iter 0 7.139438e-01 1.000000e+00    0.000000e+00
0  12 0.060 0.01200 iter 1 1.527143e-02 1.000000e+00    4.331399e-03
0  12 0.060 0.01200 iter 2 2.529787e-03 1.171545e-02    4.334336e-03
0  12 0.060 0.01200 iter 3 3.504105e-05 1.595715e-05    4.334309e-03
0  13 0.060 0.01300 iter 0 7.315723e-01 1.000000e+00    0.000000e+00
0  13 0.060 0.01300 iter 1 3.597751e-03 1.000000e+00    4.435159e-03
0  13 0.060 0.01300 iter 2 4.147264e-05 3.088614e-04    4.435011e-03
0  14 0.060 0.01400 iter 0 7.373083e-01 1.000000e+00    0.000000e+00
0  14 0.060 0.01400 iter 1 2.179984e-03 1.000000e+00    4.438198e-03
0  14 0.060 0.01400 iter 2 6.486850e-05 5.134959e-04    4.437719e-03
0  15 0.060 0.01500 iter 0 7.354839e-01 1.000000e+00    0.000000e+00
0  15 0.060 0.01500 iter 1 7.214329e-03 1.000000e+00    4.401281e-03
0  15 0.060 0.01500 iter 2 2.548793e-04 8.315102e-03    4.400739e-03
0  15 0.060 0.01500 iter 3 2.093824e-07 3.274457e-07    4.400722e-03
0  16 0.060 0.01600 iter 0 7.246020e-01 1.000000e+00    0.000000e+00
0  16 0.060 0.01600 iter 1 6.644620e-04 1.000000e+00    4.320299e-03
0  16 0.060 0.01600 iter 2 1.086894e-06 1.139608e-05    4.320281e-03
0  17 0.060 0.01700 iter 0 7.007924e-01 1.000000e+00    0.000000e+00
0  17 0.060 0.01700 iter 1 2.015814e-02 1.000000e+00    4.178765e-03
0  17 0.060 0.01700 iter 2 4.947770e-04 3.919299e-03    4.178213e-03
0  17 0.060 0.01700 iter 3 1.182601e-05 8.978280e-06    4.178239e-03
0  18 0.060 0.01800 iter 0 6.657443e-01 1.000000e+00    0.000000e+00
0  18 0.060 0.01800 iter 1 5.161611e-02 1.000000e+00    3.984233e-03
0  18 0.060 0.01800 iter 2 3.231309e-04 1.213221e-03    3.985447e-03
0  18 0.060 0.01800 iter 3 4.265296e-07 7.294959e-08    3.985446e-03
0  19 0.060 0.01900 iter 0 6.217635e-01 1.000000e+00    0.000000e+00
0  19 0.060 0.01900 iter 1 7.844538e-04 1.000000e+00    3.739732e-03
0  19 0.060 0.01900 iter 2 9.240396e-07 3.388167e-06    3.739757e-03
0  20 0.060 0.02000 iter 0 5.693993e-01 1.000000e+00    0.000000e+00
0  20 0.060 0.02000 iter 1 1.186505e-03 1.000000e+00    3.446892e-03
0  20 0.060 0.02000 iter 2 7.977870e-06 2.770469e-06    3.446959e-03
Element data written 0.020000
Nodal data written 0.020000
0  21 0.060 0.02100 iter 0 5.107612e-01 1.000000e+00    0.000000e+00
0  21 0.060 0.02100 iter 1 3.647043e-02 1.000000e+00    3.105017e-03
0  21 0.060 0.02100 iter 2 7.221255e-04 1.091065e-02    3.108003e-03
0  21 0.060 0.02100 iter 3 1.727017e-06 1.193294e-06    3.107920e-03
0  22 0.060 0.02200 iter 0 4.447747e-01 1.000000e+00    0.000000e+00
0  22 0.060 0.02200 iter 1 7.948823e-04 1.000000e+00    2.686791e-03
0  22 0.060 0.02200 iter 2 6.129332e-07 8.269775e-07    2.686879e-03
0  23 0.060 0.02300 iter 0 3.723323e-01 1.000000e+00    0.000000e+00
0  23 0.060 0.02300 iter 1 4.449443e-04 1.000000e+00    2.225344e-03
0  23 0.060 0.02300 iter 2 2.335803e-06 7.988945e-05    2.225319e-03
0  24 0.060 0.02400 iter 0 2.983059e-01 1.000000e+00    0.000000e+00
0  24 0.060 0.02400 iter 1 5.420716e-04 1.000000e+00    1.772408e-03
0  24 0.060 0.02400 iter 2 1.319794e-07 9.306509e-07    1.772323e-03
0  25 0.060 0.02500 iter 0 2.234650e-01 1.000000e+00    0.000000e+00
0  25 0.060 0.02500 iter 1 1.407601e-02 1.000000e+00    1.332177e-03
0  25 0.060 0.02500 iter 2 1.528223e-03 5.998251e-03    1.330380e-03
0  25 0.060 0.02500 iter 3 3.173133e-05 1.027016e-05    1.330350e-03
0  26 0.060 0.02600 iter 0 1.459979e-01 1.000000e+00    0.000000e+00
0  26 0.060 0.02600 iter 1 7.961411e-02 1.000000e+00    8.663904e-04
0  26 0.060 0.02600 iter 2 5.002689e-04 1.289847e-05    8.656772e-04
0  26 0.060 0.02600 iter 3 4.613304e-07 2.381872e-08    8.656502e-04
0  27 0.060 0.02700 iter 0 6.189568e-02 1.000000e+00    0.000000e+00
0  27 0.060 0.02700 iter 1 2.136897e-04 1.000000e+00    3.096858e-04
0  27 0.060 0.02700 iter 2 3.831707e-08 2.161452e-07    3.096637e-04
0  28 0.060 0.02800 iter 0 7.073951e-02 1.000000e+00    0.000000e+00
0  28 0.060 0.02800 iter 1 1.090984e-03 1.000000e+00    4.239367e-04
0  28 0.060 0.02800 iter 2 2.557349e-06 7.133833e-06    4.240476e-04
0  29 0.060 0.02900 iter 0 1.496036e-01 1.000000e+00    0.000000e+00
0  29 0.060 0.02900 iter 1 1.487715e-02 1.000000e+00    9.079111e-04
0  29 0.060 0.02900 iter 2 9.641375e-04 5.577922e-03    9.075465e-04
0  29 0.060 0.02900 iter 3 2.458066e-05 2.453096e-05    9.076038e-04
0  30 0.060 0.03000 iter 0 2.286524e-01 1.000000e+00    0.000000e+00
0  30 0.060 0.03000 iter 1 1.392202e-03 1.000000e+00    1.355013e-03
0  30 0.060 0.03000 iter 2 7.418429e-06 1.127186e-04    1.355299e-03
Element data written 0.030000
Nodal data written 0.030000
0  31 0.060 0.03100 iter 0 3.064979e-01 1.000000e+00    0.000000e+00
0  31 0.060 0.03100 iter 1 7.411299e-04 1.000000e+00    1.816046e-03
0  31 0.060 0.03100 iter 2 4.847844e-06 2.991692e-04    1.816102e-03
0  32 0.060 0.03200 iter 0 3.793415e-01 1.000000e+00    0.000000e+00
0  32 0.060 0.03200 iter 1 6.094145e-04 1.000000e+00    2.269974e-03
0  32 0.060 0.03200 iter 2 8.189491e-07 1.439155e-06    2.269958e-03
0  33 0.060 0.03300 iter 0 4.499227e-01 1.000000e+00    0.000000e+00
0  33 0.060 0.03300 iter 1 2.412274e-03 1.000000e+00    2.722549e-03
0  33 0.060 0.03300 iter 2 2.328454e-05 2.928384e-04    2.722718e-03
0  34 0.060 0.03400 iter 0 5.163071e-01 1.000000e+00    0.000000e+00
0  34 0.060 0.03400 iter 1 6.099673e-02 1.000000e+00    3.144706e-03
0  34 0.060 0.03400 iter 2 6.482471e-04 1.112733e-03    3.145891e-03
0  34 0.060 0.03400 iter 3 3.117607e-05 3.050349e-06    3.145843e-03
0  35 0.060 0.03500 iter 0 5.748267e-01 1.000000e+00    0.000000e+00
0  35 0.060 0.03500 iter 1 4.668694e-03 1.000000e+00    3.503786e-03
0  35 0.060 0.03500 iter 2 1.961956e-06 1.004819e-05    3.503563e-03
0  36 0.060 0.03600 iter 0 6.245799e-01 1.000000e+00    0.000000e+00
0  36 0.060 0.03600 iter 1 3.993059e-04 1.000000e+00    3.759634e-03
0  36 0.060 0.03600 iter 2 1.992288e-06 2.995399e-06    3.759619e-03
0  37 0.060 0.03700 iter 0 6.689932e-01 1.000000e+00    0.000000e+00
0  37 0.060 0.03700 iter 1 2.219537e-03 1.000000e+00    3.991642e-03
0  37 0.060 0.03700 iter 2 1.630954e-05 7.756808e-05    3.991599e-03
0  38 0.060 0.03800 iter 0 7.035045e-01 1.000000e+00    0.000000e+00
0  38 0.060 0.03800 iter 1 9.293826e-03 1.000000e+00    4.195201e-03
0  38 0.060 0.03800 iter 2 8.471856e-04 6.283505e-03    4.194449e-03
0  38 0.060 0.03800 iter 3 2.569715e-05 2.257645e-05    4.194472e-03
0  39 0.060 0.03900 iter 0 7.262036e-01 1.000000e+00    0.000000e+00
0  39 0.060 0.03900 iter 1 2.282925e-03 1.000000e+00    4.329682e-03
0  39 0.060 0.03900 iter 2 4.357584e-05 1.727701e-03    4.330190e-03
0  40 0.060 0.04000 iter 0 7.368802e-01 1.000000e+00    0.000000e+00
0  40 0.060 0.04000 iter 1 3.525977e-03 1.000000e+00    4.405780e-03
0  40 0.060 0.04000 iter 2 2.933978e-04 6.948678e-03    4.406677e-03
0  40 0.060 0.04000 iter 3 8.741536e-07 1.084544e-06    4.406678e-03
Element data written 0.040000
Nodal data written 0.040000
0  41 0.060 0.04100 iter 0 7.386772e-01 1.000000e+00    0.000000e+00
0  41 0.060 0.04100 iter 1 2.579958e-03 1.000000e+00    4.446360e-03
0  41 0.060 0.04100 iter 2 3.357629e-05 1.000000e+00    4.446405e-03
0  42 0.060 0.04200 iter 0 7.300347e-01 1.000000e+00    0.000000e+00
0  42 0.060 0.04200 iter 1 2.013970e-03 1.000000e+00    4.427650e-03
0  42 0.060 0.04200 iter 2 1.902869e-05 2.778230e-04    4.427642e-03
0  43 0.060 0.04300 iter 0 7.118696e-01 1.000000e+00    0.000000e+00
0  43 0.060 0.04300 iter 1 2.793434e-02 1.000000e+00    4.305528e-03
0  43 0.060 0.04300 iter 2 3.245645e-04 7.749288e-04    4.305652e-03
0  43 0.060 0.04300 iter 3 6.933530e-06 1.105491e-06    4.305631e-03
0  44 0.060 0.04400 iter 0 6.843751e-01 1.000000e+00    0.000000e+00
0  44 0.060 0.04400 iter 1 6.726298e-02 1.000000e+00    4.115555e-03
0  44 0.060 0.04400 iter 2 3.192364e-03 4.609157e-03    4.114388e-03
0  44 0.060 0.04400 iter 3 1.433989e-04 2.941588e-05    4.114316e-03
0  44 0.060 0.04400 iter 4 3.802630e-07 3.879887e-09    4.114313e-03
0  45 0.060 0.04500 iter 0 6.473349e-01 1.000000e+00    0.000000e+00
0  45 0.060 0.04500 iter 1 4.847819e-03 1.000000e+00    3.875186e-03
0  45 0.060 0.04500 iter 2 1.634407e-04 2.064340e-03    3.875032e-03
0  45 0.060 0.04500 iter 3 2.208582e-06 6.097111e-07    3.875017e-03
0  46 0.060 0.04600 iter 0 6.034600e-01 1.000000e+00    0.000000e+00
0  46 0.060 0.04600 iter 1 4.479808e-03 1.000000e+00    3.592504e-03
0  46 0.060 0.04600 iter 2 2.256790e-04 9.357596e-04    3.592489e-03
0  46 0.060 0.04600 iter 3 1.582450e-06 3.482944e-07    3.592491e-03
0  47 0.060 0.04700 iter 0 5.511376e-01 1.000000e+00    0.000000e+00
0  47 0.060 0.04700 iter 1 2.209634e-02 1.000000e+00    3.279273e-03
0  47 0.060 0.04700 iter 2 2.157219e-03 1.687299e-03    3.280047e-03
0  47 0.060 0.04700 iter 3 2.045815e-04 4.843769e-05    3.280122e-03
0  47 0.060 0.04700 iter 4 7.171477e-07 1.001375e-08    3.280130e-03
0  48 0.060 0.04800 iter 0 4.858760e-01 1.000000e+00    0.000000e+00
0  48 0.060 0.04800 iter 1 2.618507e-02 1.000000e+00    2.906332e-03
0  48 0.060 0.04800 iter 2 2.677595e-03 3.970917e-03    2.912978e-03
0  48 0.060 0.04800 iter 3 7.590280e-05 9.665610e-06    2.912985e-03
0  49 0.060 0.04900 iter 0 4.151138e-01 1.000000e+00    0.000000e+00
0  49 0.060 0.04900 iter 1 3.774540e-02 1.000000e+00    2.496480e-03
0  49 0.060 0.04900 iter 2 7.222211e-03 1.351055e-02    2.492468e-03
0  49 0.060 0.04900 iter 3 4.370024e-04 1.045102e-04    2.492517e-03
0  49 0.060 0.04900 iter 4 6.963159e-06 1.085106e-07    2.492515e-03
0  50 0.060 0.05000 iter 0 3.406470e-01 1.000000e+00    0.000000e+00
0  50 0.060 0.05000 iter 1 3.916848e-02 1.000000e+00    2.035062e-03
0  50 0.060 0.05000 iter 2 7.178675e-03 7.474627e-03    2.031342e-03
0  50 0.060 0.05000 iter 3 1.440882e-04 1.597185e-05    2.031224e-03
0  50 0.060 0.05000 iter 4 4.394437e-07 1.064913e-09    2.031224e-03
Element data written 0.050000
Nodal data written 0.050000
0  51 0.060 0.05100 iter 0 2.617790e-01 1.000000e+00    0.000000e+00
0  51 0.060 0.05100 iter 1 1.334683e-01 1.000000e+00    1.578576e-03
0  51 0.060 0.05100 iter 2 6.514340e-03 2.160128e-03    1.572658e-03
0  51 0.060 0.05100 iter 3 1.800692e-03 2.214272e-05    1.572661e-03
0  51 0.060 0.05100 iter 4 1.134675e-04 1.198481e-06    1.572652e-03
0  51 0.060 0.05100 iter 5 1.505092e-06 1.405068e-09    1.572651e-03
0  52 0.060 0.05200 iter 0 1.803734e-01 1.000000e+00    0.000000e+00
0  52 0.060 0.05200 iter 1 1.159822e-01 1.000000e+00    1.100960e-03
0  52 0.060 0.05200 iter 2 2.970713e-03 6.983792e-03    1.097577e-03
0  52 0.060 0.05200 iter 3 2.144454e-04 2.648468e-05    1.097637e-03
0  52 0.060 0.05200 iter 4 2.024937e-06 1.094244e-08    1.097637e-03
0  53 0.060 0.05300 iter 0 9.995420e-02 1.000000e+00    0.000000e+00
0  53 0.060 0.05300 iter 1 9.078183e-02 1.000000e+00    5.574891e-04
0  53 0.060 0.05300 iter 2 2.641382e-03 1.649919e-03    5.492669e-04
0  53 0.060 0.05300 iter 3 3.078033e-05 7.981630e-07    5.492413e-04
0  54 0.060 0.05400 iter 0 7.089569e-02 1.000000e+00    0.000000e+00
0  54 0.060 0.05400 iter 1 7.569723e-02 1.000000e+00    2.493315e-04
0  54 0.060 0.05400 iter 2 1.533110e-02 6.025615e-02    2.784834e-04
0  54 0.060 0.05400 iter 3 2.379199e-04 1.709491e-04    2.792035e-04
0  54 0.060 0.05400 iter 4 9.292020e-06 3.237075e-07    2.792194e-04
0  55 0.060 0.05500 iter 0 1.256890e-01 1.000000e+00    0.000000e+00
0  55 0.060 0.05500 iter 1 6.765947e-02 1.000000e+00    7.241816e-04
0  55 0.060 0.05500 iter 2 4.855614e-03 4.631141e-02    7.342532e-04
0  55 0.060 0.05500 iter 3 1.213969e-04 1.803714e-04    7.346716e-04
0  55 0.060 0.05500 iter 4 2.419654e-06 1.885687e-08    7.346728e-04
0  56 0.060 0.05600 iter 0 2.012367e-01 1.000000e+00    0.000000e+00
0  56 0.060 0.05600 iter 1 5.473048e-02 1.000000e+00    1.202715e-03
0  56 0.060 0.05600 iter 2 6.364536e-03 5.458230e-03    1.204414e-03
0  56 0.060 0.05600 iter 3 4.344248e-04 2.931795e-04    1.204654e-03
0  56 0.060 0.05600 iter 4 1.288203e-06 3.303875e-08    1.204666e-03
0  57 0.060 0.05700 iter 0 2.744849e-01 1.000000e+00    0.000000e+00
0  57 0.060 0.05700 iter 1 4.980235e-02 1.000000e+00    1.635378e-03
0  57 0.060 0.05700 iter 2 3.662240e-03 3.708969e-02    1.635195e-03
0  57 0.060 0.05700 iter 3 6.795661e-05 6.856135e-05    1.635197e-03
0  58 0.060 0.05800 iter 0 3.527012e-01 1.000000e+00    0.000000e+00
0  58 0.060 0.05800 iter 1 5.211222e-02 1.000000e+00    2.097057e-03
0  58 0.060 0.05800 iter 2 4.082624e-03 1.939813e-02    2.098188e-03
0  58 0.060 0.05800 iter 3 8.679937e-05 3.989286e-05    2.098212e-03
0  59 0.060 0.05900 iter 0 4.282497e-01 1.000000e+00    0.000000e+00
0  59 0.060 0.05900 iter 1 1.290069e-01 1.000000e+00    2.568079e-03
0  59 0.060 0.05900 iter 2 9.583580e-03 1.297116e-02    2.568125e-03
0  59 0.060 0.05900 iter 3 5.512483e-04 6.785718e-05    2.568116e-03
0  59 0.060 0.05900 iter 4 1.927069e-05 1.098186e-07    2.568107e-03
0  60 0.060 0.06000 iter 0 4.984643e-01 1.000000e+00    0.000000e+00
0  60 0.060 0.06000 iter 1 1.448486e-01 1.000000e+00    2.995808e-03
0  60 0.060 0.06000 iter 2 2.019277e-02 9.866975e-03    2.982772e-03
0  60 0.060 0.06000 iter 3 9.391500e-04 1.502738e-04    2.982388e-03
0  60 0.060 0.06000 iter 4 6.654517e-06 5.071585e-08    2.982388e-03
Element data written 0.060000
Nodal data written 0.060000
Restart data written 0.060000
last iteration data
   51, 0.0510,    5
   52, 0.0520,    4
   53, 0.0530,    3
   54, 0.0540,    4
   55, 0.0550,    4
   56, 0.0560,    4
   57, 0.0570,    3
   58, 0.0580,    3
   59, 0.0590,    4
   60, 0.0600,    4
last timeout data
total comp time 3 seconds
