  0.0010   -0.000075  0       1
  0.0020   -0.000301  0       2
  0.0030   -0.000644  0       3
  0.0040   -0.001066  0       4
  0.0050   -0.001568  0       5
  0.0060   -0.002171  0       6
  0.0070   -0.002917  0       7
  0.0080   -0.003817  0       8
  0.0090   -0.004825  0       9
  0.0100   -0.005882  0      10
  0.0110   -0.006955  0      11
  0.0120   -0.008021  0      12
  0.0130   -0.009102  0      13
  0.0140   -0.010253  0      14
  0.0150   -0.011447  0      15
  0.0160   -0.012630  0      16
  0.0170   -0.013772  0      17
  0.0180   -0.014808  0      18
  0.0190   -0.015730  0      19
  0.0200   -0.016588  0      20
  0.0210   -0.017392  0      21
  0.0220   -0.018109  0      22
  0.0230   -0.018705  0      23
  0.0240   -0.019180  0      24
  0.0250   -0.019499  0      25
  0.0260   -0.019674  0      26
  0.0270   -0.019757  0      27
  0.0280   -0.019720  0      28
  0.0290   -0.019514  0      29
  0.0300   -0.019146  0      30
  0.0310   -0.018637  0      31
  0.0320   -0.018002  0      32
  0.0330   -0.017297  0      33
  0.0340   -0.016547  0      34
  0.0350   -0.015706  0      35
  0.0360   -0.014739  0      36
  0.0370   -0.013661  0      37
  0.0380   -0.012502  0      38
  0.0390   -0.011313  0      39
  0.0400   -0.010167  0      40
  0.0410   -0.009057  0      41
  0.0420   -0.007950  0      42
  0.0430   -0.006849  0      43
  0.0440   -0.005752  0      44
  0.0450   -0.004697  0      45
  0.0460   -0.003738  0      46
  0.0470   -0.002897  0      47
  0.0480   -0.002158  0      48
  0.0490   -0.001520  0      49
  0.0500   -0.001000  0      50
  0.0510   -0.000571  0      51
  0.0520   -0.000252  0      52
  0.0530   -0.000098  0      53
  0.0540   -0.000120  0      54
  0.0550   -0.000319  0      55
  0.0560   -0.000656  0      56
  0.0570   -0.001094  0      57
  0.0580   -0.001638  0      58
  0.0590   -0.002259  0      59
  0.0600   -0.002995  0      60
