Time,   0.0100
     1, PROP1,       MAT1,   B23E,   0,     0.0282,    0.0000, -4.685671e-06,  3.429008e-06, -1.546779e-02,  1.667570e-04, -4.171320e-03, -5.371473e-03,
     1, PROP1,       MAT1,   B23E,   1,     0.1250,    0.0000, -5.376992e-06,  1.602883e-05, -1.774758e-02,  7.794038e-04, -2.972668e-03, -8.582759e-03,
     1, PROP1,       MAT1,   B23E,   2,     0.2218,    0.0000, -6.068314e-06,  2.862865e-05, -2.002563e-02,  1.391895e-03, -1.774016e-03, -1.179404e-02,
     2, PROP1,       MAT1,   B23E,   0,     0.2782,    0.0000, -6.870729e-06,  3.542570e-05, -2.267487e-02,  1.721161e-03, -1.556875e-03, -1.395587e-02,
     2, PROP1,       MAT1,   B23E,   1,     0.3750,    0.0000, -7.383388e-06,  6.103501e-05, -2.568478e-02,  2.734069e-03,  1.771863e-03, -1.959039e-02,
     2, PROP1,       MAT1,   B23E,   2,     0.4718,    0.0000, -7.896048e-06,  8.664432e-05, -2.962067e-02,  3.620665e-03,  5.100600e-03, -2.522491e-02,
     3, PROP1,       MAT1,   B23E,   0,     0.5282,    0.0000, -7.329264e-06,  1.134778e-04, -3.142241e-02,  4.384174e-03,  9.692403e-03, -3.002482e-02,
     3, PROP1,       MAT1,   B23E,   1,     0.6250,    0.0000, -2.712892e-06,  1.913545e-04, -3.198572e-02,  6.101480e-03,  2.599028e-02, -4.098379e-02,
     3, PROP1,       MAT1,   B23E,   2,     0.7218,    0.0000,  1.903480e-06,  2.692312e-04, -3.397263e-02,  7.783063e-03,  4.228816e-02, -5.194276e-02,
     4, PROP1,       MAT1,   B23E,   0,     0.7782,    0.0000,  7.131794e-06,  3.348094e-04, -3.365712e-02,  9.014848e-03,  5.735321e-02, -5.983009e-02,
     4, PROP1,       MAT1,   B23E,   1,     0.8750,    0.0000,  1.853281e-05,  4.689773e-04, -3.270441e-02,  1.145767e-02,  8.887940e-02, -7.526264e-02,
     4, PROP1,       MAT1,   B23E,   2,     0.9718,    0.0000,  2.993383e-05,  6.031451e-04, -3.233978e-02,  1.392007e-02,  1.204056e-01, -9.069518e-02,
     5, PROP1,       MAT1,   B23E,   0,     1.0282,    0.0000,  3.823937e-05,  6.954235e-04, -3.154888e-02,  1.556092e-02,  1.425529e-01, -1.008453e-01,
     5, PROP1,       MAT1,   B23E,   1,     1.1250,    0.0000,  5.320851e-05,  8.682980e-04, -3.117086e-02,  1.871991e-02,  1.834532e-01, -1.204511e-01,
     5, PROP1,       MAT1,   B23E,   2,     1.2218,    0.0000,  6.817765e-05,  1.041173e-03, -3.092809e-02,  2.188429e-02,  2.243535e-01, -1.400569e-01,
     6, PROP1,       MAT1,   B23E,   0,     1.2782,    0.0000,  7.744185e-05,  1.151649e-03, -3.123724e-02,  2.394418e-02,  2.501892e-01, -1.528879e-01,
     6, PROP1,       MAT1,   B23E,   1,     1.3750,    0.0000,  9.254922e-05,  1.339526e-03, -3.268698e-02,  2.752366e-02,  2.934781e-01, -1.753560e-01,
     6, PROP1,       MAT1,   B23E,   2,     1.4718,    0.0000,  1.076566e-04,  1.527403e-03, -3.412531e-02,  3.109875e-02,  3.367671e-01, -1.978241e-01,
     7, PROP1,       MAT1,   B23E,   0,     1.5282,    0.0000,  1.158676e-04,  1.634713e-03, -3.551602e-02,  3.318813e-02,  3.610745e-01, -2.110750e-01,
     7, PROP1,       MAT1,   B23E,   1,     1.6250,    0.0000,  1.301039e-04,  1.814190e-03, -3.712411e-02,  3.661861e-02,  4.022324e-01, -2.327341e-01,
     7, PROP1,       MAT1,   B23E,   2,     1.7218,    0.0000,  1.443403e-04,  1.993667e-03, -3.870556e-02,  4.004384e-02,  4.433903e-01, -2.543932e-01,
     8, PROP1,       MAT1,   B23E,   0,     1.7782,    0.0000,  1.529751e-04,  2.098225e-03, -3.914844e-02,  4.199691e-02,  4.677089e-01, -2.666699e-01,
     8, PROP1,       MAT1,   B23E,   1,     1.8750,    0.0000,  1.676913e-04,  2.273437e-03, -3.954025e-02,  4.523762e-02,  5.087068e-01, -2.869962e-01,
     8, PROP1,       MAT1,   B23E,   2,     1.9718,    0.0000,  1.824074e-04,  2.448649e-03, -3.991275e-02,  4.847405e-02,  5.497047e-01, -3.073225e-01,
     9, PROP1,       MAT1,   B23E,   0,     2.0282,    0.0000,  1.901891e-04,  2.543385e-03, -4.034077e-02,  5.024225e-02,  5.716969e-01, -3.184879e-01,
     9, PROP1,       MAT1,   B23E,   1,     2.1250,    0.0000,  2.024172e-04,  2.697827e-03, -4.163569e-02,  5.317413e-02,  6.070913e-01, -3.371482e-01,
     9, PROP1,       MAT1,   B23E,   2,     2.2218,    0.0000,  2.146453e-04,  2.852269e-03, -4.290563e-02,  5.610164e-02,  6.424857e-01, -3.558085e-01,
    10, PROP1,       MAT1,   B23E,   0,     2.2782,    0.0000,  2.219649e-04,  2.942305e-03, -4.337950e-02,  5.778457e-02,  6.633107e-01, -3.664961e-01,
    10, PROP1,       MAT1,   B23E,   1,     2.3750,    0.0000,  2.360793e-04,  3.106043e-03, -4.315344e-02,  6.075061e-02,  7.019857e-01, -3.851292e-01,
    10, PROP1,       MAT1,   B23E,   2,     2.4718,    0.0000,  2.501937e-04,  3.269780e-03, -4.290874e-02,  6.371284e-02,  7.406607e-01, -4.037623e-01,
    11, PROP1,       MAT1,   B23E,   0,     2.5282,    0.0000,  2.492960e-04,  3.256795e-03, -4.263554e-02,  6.345311e-02,  7.378152e-01, -4.020630e-01,
    11, PROP1,       MAT1,   B23E,   1,     2.6250,    0.0000,  2.325525e-04,  3.053839e-03, -4.193363e-02,  5.969517e-02,  6.906284e-01, -3.782153e-01,
    11, PROP1,       MAT1,   B23E,   2,     2.7218,    0.0000,  2.158091e-04,  2.850884e-03, -4.119354e-02,  5.593032e-02,  6.434417e-01, -3.543677e-01,
    12, PROP1,       MAT1,   B23E,   0,     2.7782,    0.0000,  2.071183e-04,  2.740205e-03, -4.018594e-02,  5.382412e-02,  6.181492e-01, -3.409228e-01,
    12, PROP1,       MAT1,   B23E,   1,     2.8750,    0.0000,  1.940268e-04,  2.564774e-03, -3.764569e-02,  5.040265e-02,  5.787430e-01, -3.189280e-01,
    12, PROP1,       MAT1,   B23E,   2,     2.9718,    0.0000,  1.809353e-04,  2.389343e-03, -3.506825e-02,  4.697487e-02,  5.393368e-01, -2.969333e-01,
    13, PROP1,       MAT1,   B23E,   0,     3.0282,    0.0000,  1.736908e-04,  2.291434e-03, -3.353064e-02,  4.505196e-02,  5.174059e-01, -2.845960e-01,
    13, PROP1,       MAT1,   B23E,   1,     3.1250,    0.0000,  1.601702e-04,  2.119364e-03, -3.186049e-02,  4.175883e-02,  4.780747e-01, -2.637025e-01,
    13, PROP1,       MAT1,   B23E,   2,     3.2218,    0.0000,  1.466496e-04,  1.947293e-03, -3.015920e-02,  3.846033e-02,  4.387436e-01, -2.428091e-01,
    14, PROP1,       MAT1,   B23E,   0,     3.2782,    0.0000,  1.386611e-04,  1.848506e-03, -2.947441e-02,  3.659053e-02,  4.159371e-01, -2.310401e-01,
    14, PROP1,       MAT1,   B23E,   1,     3.3750,    0.0000,  1.275309e-04,  1.693990e-03, -2.653587e-02,  3.350336e-02,  3.816295e-01, -2.112671e-01,
    14, PROP1,       MAT1,   B23E,   2,     3.4718,    0.0000,  1.164007e-04,  1.539474e-03, -2.356871e-02,  3.041126e-02,  3.473219e-01, -1.914941e-01,
    15, PROP1,       MAT1,   B23E,   0,     3.5282,    0.0000,  1.110718e-04,  1.455346e-03, -2.095370e-02,  2.864035e-02,  3.293737e-01, -1.799975e-01,
    15, PROP1,       MAT1,   B23E,   1,     3.6250,    0.0000,  1.008839e-04,  1.310900e-03, -1.784882e-02,  2.571755e-02,  2.975189e-01, -1.612962e-01,
    15, PROP1,       MAT1,   B23E,   2,     3.7218,    0.0000,  9.069601e-05,  1.166454e-03, -1.472218e-02,  2.279066e-02,  2.656641e-01, -1.425948e-01,
    16, PROP1,       MAT1,   B23E,   0,     3.7782,    0.0000,  8.460344e-05,  1.084944e-03, -1.341017e-02,  2.117734e-02,  2.473451e-01, -1.323854e-01,
    16, PROP1,       MAT1,   B23E,   1,     3.8750,    0.0000,  7.431769e-05,  9.574677e-04, -1.236230e-02,  1.874016e-02,  2.179378e-01, -1.171759e-01,
    16, PROP1,       MAT1,   B23E,   2,     3.9718,    0.0000,  6.403193e-05,  8.299912e-04, -1.129967e-02,  1.630036e-02,  1.885306e-01, -1.019663e-01,
    17, PROP1,       MAT1,   B23E,   0,     4.0282,    0.0000,  5.800401e-05,  7.621458e-04, -1.147995e-02,  1.506613e-02,  1.723259e-01, -9.442515e-02,
    17, PROP1,       MAT1,   B23E,   1,     4.1250,    0.0000,  4.821452e-05,  6.556446e-04, -1.222092e-02,  1.316766e-02,  1.465612e-01, -8.291441e-02,
    17, PROP1,       MAT1,   B23E,   2,     4.2218,    0.0000,  3.842503e-05,  5.491435e-04, -1.299570e-02,  1.127085e-02,  1.207965e-01, -7.140366e-02,
    18, PROP1,       MAT1,   B23E,   0,     4.2782,    0.0000,  3.304289e-05,  4.930536e-04, -1.374911e-02,  1.030101e-02,  1.070009e-01, -6.556782e-02,
    18, PROP1,       MAT1,   B23E,   1,     4.3750,    0.0000,  2.543156e-05,  4.070843e-04, -1.404474e-02,  8.738866e-03,  8.649420e-02, -5.598529e-02,
    18, PROP1,       MAT1,   B23E,   2,     4.4718,    0.0000,  1.782024e-05,  3.211150e-04, -1.442487e-02,  7.181300e-03,  6.598748e-02, -4.640276e-02,
    19, PROP1,       MAT1,   B23E,   0,     4.5282,    0.0000,  1.431523e-05,  2.773578e-04, -1.410911e-02,  6.343558e-03,  5.591889e-02, -4.115633e-02,
    19, PROP1,       MAT1,   B23E,   1,     4.6250,    0.0000,  1.001971e-05,  2.120686e-04, -1.223787e-02,  4.973521e-03,  4.183000e-02, -3.239401e-02,
    19, PROP1,       MAT1,   B23E,   2,     4.7218,    0.0000,  5.724190e-06,  1.467795e-04, -1.041429e-02,  3.604981e-03,  2.774111e-02, -2.363170e-02,
    20, PROP1,       MAT1,   B23E,   0,     4.7782,    0.0000,  4.230759e-06,  1.148671e-04, -8.561188e-03,  2.855389e-03,  2.146083e-02, -1.874267e-02,
    20, PROP1,       MAT1,   B23E,   1,     4.8750,    0.0000,  2.286819e-06,  6.409406e-05, -4.902650e-03,  1.603879e-03,  1.190093e-02, -1.053199e-02,
    20, PROP1,       MAT1,   B23E,   2,     4.9718,    0.0000,  3.428797e-07,  1.332097e-05, -1.243183e-03,  3.515687e-04,  2.341025e-03, -2.321314e-03,
Time,   0.0200
     1, PROP1,       MAT1,   B23E,   0,     0.0282,    0.0000, -1.088612e-05,  3.937861e-05, -3.590667e-02,  1.912856e-03, -4.979326e-03, -1.876184e-02,
     1, PROP1,       MAT1,   B23E,   1,     0.1250,    0.0000,  1.653570e-05,  3.852884e-04, -2.480188e-02,  9.244963e-03,  7.432896e-02, -6.052197e-02,
     1, PROP1,       MAT1,   B23E,   2,     0.2218,    0.0000,  4.395753e-05,  7.311981e-04, -2.757051e-02,  1.588315e-02,  1.536372e-01, -1.022821e-01,
     2, PROP1,       MAT1,   B23E,   0,     0.2782,    0.0000,  7.117476e-05,  9.902311e-04, -2.053695e-02,  2.005162e-02,  2.197094e-01, -1.268715e-01,
     2, PROP1,       MAT1,   B23E,   1,     0.3750,    0.0000,  1.087370e-04,  1.383927e-03, -1.579516e-02,  2.688190e-02,  3.163261e-01, -1.680484e-01,
     2, PROP1,       MAT1,   B23E,   2,     0.4718,    0.0000,  1.462992e-04,  1.777623e-03, -1.119070e-02,  3.371281e-02,  4.129427e-01, -2.092254e-01,
     3, PROP1,       MAT1,   B23E,   0,     0.5282,    0.0000,  1.669076e-04,  2.000017e-03, -9.385417e-03,  3.763590e-02,  4.669102e-01, -2.330958e-01,
     3, PROP1,       MAT1,   B23E,   1,     0.6250,    0.0000,  1.991164e-04,  2.359951e-03, -7.884703e-03,  4.410079e-02,  5.531090e-01, -2.728737e-01,
     3, PROP1,       MAT1,   B23E,   2,     0.7218,    0.0000,  2.313251e-04,  2.719884e-03, -6.288212e-03,  5.054822e-02,  6.393077e-01, -3.126517e-01,
     4, PROP1,       MAT1,   B23E,   0,     0.7782,    0.0000,  2.483831e-04,  2.917610e-03, -6.177384e-03,  5.415180e-02,  6.860246e-01, -3.351390e-01,
     4, PROP1,       MAT1,   B23E,   1,     0.8750,    0.0000,  2.773122e-04,  3.250115e-03, -5.601763e-03,  6.017148e-02,  7.648295e-01, -3.727108e-01,
     4, PROP1,       MAT1,   B23E,   2,     0.9718,    0.0000,  3.062414e-04,  3.582620e-03, -4.926912e-03,  6.617399e-02,  8.436344e-01, -4.102827e-01,
     5, PROP1,       MAT1,   B23E,   0,     1.0282,    0.0000,  3.228643e-04,  3.771924e-03, -4.305297e-03,  6.956721e-02,  8.886528e-01, -4.315205e-01,
     5, PROP1,       MAT1,   B23E,   1,     1.1250,    0.0000,  3.499196e-04,  4.085269e-03, -3.783055e-03,  7.522064e-02,  9.627100e-01, -4.671342e-01,
     5, PROP1,       MAT1,   B23E,   2,     1.2218,    0.0000,  3.769749e-04,  4.398615e-03, -3.167728e-03,  8.085800e-02,  1.036767e+00, -5.027480e-01,
     6, PROP1,       MAT1,   B23E,   0,     1.2782,    0.0000,  3.917662e-04,  4.574824e-03, -3.309211e-03,  8.406574e-02,  1.077990e+00, -5.231987e-01,
     6, PROP1,       MAT1,   B23E,   1,     1.3750,    0.0000,  4.142361e-04,  4.850116e-03, -4.262491e-03,  8.913330e-02,  1.141754e+00, -5.557872e-01,
     6, PROP1,       MAT1,   B23E,   2,     1.4718,    0.0000,  4.367060e-04,  5.125408e-03, -5.133805e-03,  9.418666e-02,  1.205517e+00, -5.883756e-01,
     7, PROP1,       MAT1,   B23E,   0,     1.5282,    0.0000,  4.478414e-04,  5.266884e-03, -6.061950e-03,  9.682107e-02,  1.237874e+00, -6.055353e-01,
     7, PROP1,       MAT1,   B23E,   1,     1.6250,    0.0000,  4.644919e-04,  5.481650e-03, -7.741938e-03,  1.008389e-01,  1.286739e+00, -6.318380e-01,
     7, PROP1,       MAT1,   B23E,   2,     1.7218,    0.0000,  4.811425e-04,  5.696416e-03, -9.367338e-03,  1.048472e-01,  1.335605e+00, -6.581407e-01,
     8, PROP1,       MAT1,   B23E,   0,     1.7782,    0.0000,  4.890981e-04,  5.805931e-03, -1.083878e-02,  1.069427e-01,  1.359988e+00, -6.720881e-01,
     8, PROP1,       MAT1,   B23E,   1,     1.8750,    0.0000,  5.039396e-04,  6.000966e-03, -1.258653e-02,  1.105985e-01,  1.404085e+00, -6.962536e-01,
     8, PROP1,       MAT1,   B23E,   2,     1.9718,    0.0000,  5.187811e-04,  6.196002e-03, -1.428674e-02,  1.142458e-01,  1.448181e+00, -7.204192e-01,
     9, PROP1,       MAT1,   B23E,   0,     2.0282,    0.0000,  5.279528e-04,  6.310125e-03, -1.465602e-02,  1.163261e-01,  1.474472e+00, -7.340722e-01,
     9, PROP1,       MAT1,   B23E,   1,     2.1250,    0.0000,  5.443928e-04,  6.510113e-03, -1.481119e-02,  1.199275e-01,  1.520910e+00, -7.576297e-01,
     9, PROP1,       MAT1,   B23E,   2,     2.2218,    0.0000,  5.608329e-04,  6.710101e-03, -1.491981e-02,  1.235208e-01,  1.567348e+00, -7.811872e-01,
    10, PROP1,       MAT1,   B23E,   0,     2.2782,    0.0000,  5.709329e-04,  6.830968e-03, -1.476065e-02,  1.256720e-01,  1.595578e+00, -7.952606e-01,
    10, PROP1,       MAT1,   B23E,   1,     2.3750,    0.0000,  5.879827e-04,  7.035233e-03, -1.447747e-02,  1.293028e-01,  1.643268e+00, -8.190639e-01,
    10, PROP1,       MAT1,   B23E,   2,     2.4718,    0.0000,  6.050324e-04,  7.239499e-03, -1.414612e-02,  1.329254e-01,  1.690957e+00, -8.428673e-01,
    11, PROP1,       MAT1,   B23E,   0,     2.5282,    0.0000,  6.059015e-04,  7.245230e-03, -1.365755e-02,  1.329876e-01,  1.692686e+00, -8.431444e-01,
    11, PROP1,       MAT1,   B23E,   1,     2.6250,    0.0000,  5.906788e-04,  7.049360e-03, -1.259452e-02,  1.294005e-01,  1.648083e+00, -8.191931e-01,
    11, PROP1,       MAT1,   B23E,   2,     2.7218,    0.0000,  5.754560e-04,  6.853490e-03, -1.148195e-02,  1.258048e-01,  1.603479e+00, -7.952419e-01,
    12, PROP1,       MAT1,   B23E,   0,     2.7782,    0.0000,  5.657433e-04,  6.731086e-03, -1.100729e-02,  1.235737e-01,  1.575406e+00, -7.804739e-01,
    12, PROP1,       MAT1,   B23E,   1,     2.8750,    0.0000,  5.477920e-04,  6.510175e-03, -1.062374e-02,  1.195820e-01,  1.524318e+00, -7.542429e-01,
    12, PROP1,       MAT1,   B23E,   2,     2.9718,    0.0000,  5.298408e-04,  6.289264e-03, -1.018248e-02,  1.155804e-01,  1.473230e+00, -7.280120e-01,
    13, PROP1,       MAT1,   B23E,   0,     3.0282,    0.0000,  5.188825e-04,  6.153982e-03, -9.841025e-03,  1.131214e-01,  1.441980e+00, -7.119139e-01,
    13, PROP1,       MAT1,   B23E,   1,     3.1250,    0.0000,  4.997084e-04,  5.917400e-03, -9.205222e-03,  1.088133e-01,  1.387318e+00, -6.837715e-01,
    13, PROP1,       MAT1,   B23E,   2,     3.2218,    0.0000,  4.805343e-04,  5.680818e-03, -8.504773e-03,  1.044940e-01,  1.332657e+00, -6.556292e-01,
    14, PROP1,       MAT1,   B23E,   0,     3.2782,    0.0000,  4.688997e-04,  5.541739e-03, -8.514052e-03,  1.019874e-01,  1.300161e+00, -6.394481e-01,
    14, PROP1,       MAT1,   B23E,   1,     3.3750,    0.0000,  4.476353e-04,  5.294149e-03, -9.167198e-03,  9.757404e-02,  1.241758e+00, -6.111944e-01,
    14, PROP1,       MAT1,   B23E,   2,     3.4718,    0.0000,  4.263709e-04,  5.046558e-03, -9.758628e-03,  9.314997e-02,  1.183355e+00, -5.829407e-01,
    15, PROP1,       MAT1,   B23E,   0,     3.5282,    0.0000,  4.130836e-04,  4.894503e-03, -1.037716e-02,  9.045179e-02,  1.147259e+00, -5.658170e-01,
    15, PROP1,       MAT1,   B23E,   1,     3.6250,    0.0000,  3.881604e-04,  4.615880e-03, -1.217824e-02,  8.555900e-02,  1.080542e+00, -5.350156e-01,
    15, PROP1,       MAT1,   B23E,   2,     3.7218,    0.0000,  3.632372e-04,  4.337257e-03, -1.391318e-02,  8.065445e-02,  1.013826e+00, -5.042142e-01,
    16, PROP1,       MAT1,   B23E,   0,     3.7782,    0.0000,  3.483187e-04,  4.170115e-03, -1.488155e-02,  7.770320e-02,  9.738359e-01, -4.857043e-01,
    16, PROP1,       MAT1,   B23E,   1,     3.8750,    0.0000,  3.221434e-04,  3.870401e-03, -1.582642e-02,  7.233842e-02,  9.027036e-01, -4.519369e-01,
    16, PROP1,       MAT1,   B23E,   2,     3.9718,    0.0000,  2.959681e-04,  3.570688e-03, -1.669131e-02,  6.695959e-02,  8.315713e-01, -4.181694e-01,
    17, PROP1,       MAT1,   B23E,   0,     4.0282,    0.0000,  2.801066e-04,  3.386789e-03, -1.692768e-02,  6.363058e-02,  7.881250e-01, -3.972513e-01,
    17, PROP1,       MAT1,   B23E,   1,     4.1250,    0.0000,  2.522722e-04,  3.055752e-03, -1.635098e-02,  5.754538e-02,  7.106350e-01, -3.588781e-01,
    17, PROP1,       MAT1,   B23E,   2,     4.2218,    0.0000,  2.244379e-04,  2.724714e-03, -1.566846e-02,  5.144195e-02,  6.331449e-01, -3.205049e-01,
    18, PROP1,       MAT1,   B23E,   0,     4.2782,    0.0000,  2.079322e-04,  2.523476e-03, -1.466487e-02,  4.767668e-02,  5.864537e-01, -2.967631e-01,
    18, PROP1,       MAT1,   B23E,   1,     4.3750,    0.0000,  1.798074e-04,  2.177572e-03, -1.252478e-02,  4.116077e-02,  5.064432e-01, -2.557069e-01,
    18, PROP1,       MAT1,   B23E,   2,     4.4718,    0.0000,  1.516827e-04,  1.831667e-03, -1.026485e-02,  3.462433e-02,  4.264327e-01, -2.146507e-01,
    19, PROP1,       MAT1,   B23E,   0,     4.5282,    0.0000,  1.353845e-04,  1.629449e-03, -8.701902e-03,  3.077751e-02,  3.798019e-01, -1.905054e-01,
    19, PROP1,       MAT1,   B23E,   1,     4.6250,    0.0000,  1.075767e-04,  1.288980e-03, -6.458488e-03,  2.432667e-02,  3.009237e-01, -1.502194e-01,
    19, PROP1,       MAT1,   B23E,   2,     4.7218,    0.0000,  7.976892e-05,  9.485111e-04, -4.105489e-03,  1.785694e-02,  2.220456e-01, -1.099333e-01,
    20, PROP1,       MAT1,   B23E,   0,     4.7782,    0.0000,  6.367325e-05,  7.541231e-04, -2.999834e-03,  1.417970e-02,  1.767917e-01, -8.715137e-02,
    20, PROP1,       MAT1,   B23E,   1,     4.8750,    0.0000,  3.589025e-05,  4.243396e-04, -1.668067e-03,  7.982165e-03,  9.954119e-02, -4.897767e-02,
    20, PROP1,       MAT1,   B23E,   2,     4.9718,    0.0000,  8.107256e-06,  9.455619e-05, -2.417620e-04,  1.768402e-03,  2.229069e-02, -1.080398e-02,
Time,   0.0300
     1, PROP1,       MAT1,   B23E,   0,     0.0282,    0.0000,  5.064444e-05,  2.136866e-04,  2.545667e-02,  2.416739e-03,  8.269743e-02,  7.907112e-03,
     1, PROP1,       MAT1,   B23E,   1,     0.1250,    0.0000,  8.100052e-05,  6.094107e-04,  3.114780e-02,  8.591741e-03,  1.724121e-01, -4.088161e-02,
     1, PROP1,       MAT1,   B23E,   2,     0.2218,    0.0000,  1.113566e-04,  1.005135e-03,  2.817588e-02,  1.609960e-02,  2.621268e-01, -8.967033e-02,
     2, PROP1,       MAT1,   B23E,   0,     0.2782,    0.0000,  1.292578e-04,  1.198794e-03,  2.963823e-02,  1.953713e-02,  3.090768e-01, -1.105009e-01,
     2, PROP1,       MAT1,   B23E,   1,     0.3750,    0.0000,  1.603101e-04,  1.557833e-03,  2.980534e-02,  2.612595e-02,  3.939850e-01, -1.512565e-01,
     2, PROP1,       MAT1,   B23E,   2,     0.4718,    0.0000,  1.913624e-04,  1.916872e-03,  2.991669e-02,  3.271304e-02,  4.788932e-01, -1.920120e-01,
     3, PROP1,       MAT1,   B23E,   0,     0.5282,    0.0000,  2.109840e-04,  2.134944e-03,  3.090136e-02,  3.663087e-02,  5.312256e-01, -2.160048e-01,
     3, PROP1,       MAT1,   B23E,   1,     0.6250,    0.0000,  2.451778e-04,  2.513969e-03,  3.278273e-02,  4.341831e-02,  6.222732e-01, -2.576160e-01,
     3, PROP1,       MAT1,   B23E,   2,     0.7218,    0.0000,  2.793716e-04,  2.892994e-03,  3.475654e-02,  5.018809e-02,  7.133208e-01, -2.992272e-01,
     4, PROP1,       MAT1,   B23E,   0,     0.7782,    0.0000,  2.993223e-04,  3.115642e-03,  3.580012e-02,  5.417010e-02,  7.666685e-01, -3.238061e-01,
     4, PROP1,       MAT1,   B23E,   1,     0.8750,    0.0000,  3.309477e-04,  3.484075e-03,  3.593739e-02,  6.088743e-02,  8.535589e-01, -3.658673e-01,
     4, PROP1,       MAT1,   B23E,   2,     0.9718,    0.0000,  3.625731e-04,  3.852507e-03,  3.617722e-02,  6.758531e-02,  9.404492e-01, -4.079284e-01,
     5, PROP1,       MAT1,   B23E,   0,     1.0282,    0.0000,  3.795229e-04,  4.058235e-03,  3.550273e-02,  7.138931e-02,  9.882581e-01, -4.321241e-01,
     5, PROP1,       MAT1,   B23E,   1,     1.1250,    0.0000,  4.074084e-04,  4.402172e-03,  3.390763e-02,  7.778020e-02,  1.067734e+00, -4.730260e-01,
     5, PROP1,       MAT1,   B23E,   2,     1.2218,    0.0000,  4.352939e-04,  4.746109e-03,  3.241564e-02,  8.415145e-02,  1.147210e+00, -5.139279e-01,
     6, PROP1,       MAT1,   B23E,   0,     1.2782,    0.0000,  4.507757e-04,  4.941957e-03,  3.113382e-02,  8.781094e-02,  1.192069e+00, -5.376158e-01,
     6, PROP1,       MAT1,   B23E,   1,     1.3750,    0.0000,  4.788677e-04,  5.288920e-03,  2.975887e-02,  9.420931e-02,  1.272206e+00, -5.789163e-01,
     6, PROP1,       MAT1,   B23E,   2,     1.4718,    0.0000,  5.069597e-04,  5.635883e-03,  2.850472e-02,  1.005858e-01,  1.352342e+00, -6.202169e-01,
     7, PROP1,       MAT1,   B23E,   0,     1.5282,    0.0000,  5.242127e-04,  5.843284e-03,  2.837191e-02,  1.043401e-01,  1.400705e+00, -6.444442e-01,
     7, PROP1,       MAT1,   B23E,   1,     1.6250,    0.0000,  5.521097e-04,  6.181363e-03,  2.797791e-02,  1.104657e-01,  1.479314e+00, -6.841630e-01,
     7, PROP1,       MAT1,   B23E,   2,     1.7218,    0.0000,  5.800068e-04,  6.519442e-03,  2.770629e-02,  1.165698e-01,  1.557923e+00, -7.238817e-01,
     8, PROP1,       MAT1,   B23E,   0,     1.7782,    0.0000,  5.943616e-04,  6.704533e-03,  2.650455e-02,  1.199941e-01,  1.600042e+00, -7.465449e-01,
     8, PROP1,       MAT1,   B23E,   1,     1.8750,    0.0000,  6.157123e-04,  6.989583e-03,  2.382118e-02,  1.253287e-01,  1.664150e+00, -7.822043e-01,
     8, PROP1,       MAT1,   B23E,   2,     1.9718,    0.0000,  6.370629e-04,  7.274633e-03,  2.123697e-02,  1.306452e-01,  1.728258e+00, -8.178638e-01,
     9, PROP1,       MAT1,   B23E,   0,     2.0282,    0.0000,  6.483289e-04,  7.422448e-03,  2.017081e-02,  1.333757e-01,  1.761696e+00, -8.361608e-01,
     9, PROP1,       MAT1,   B23E,   1,     2.1250,    0.0000,  6.682722e-04,  7.657707e-03,  2.094676e-02,  1.375134e-01,  1.816928e+00, -8.632693e-01,
     9, PROP1,       MAT1,   B23E,   2,     2.2218,    0.0000,  6.882156e-04,  7.892967e-03,  2.178503e-02,  1.416403e-01,  1.872161e+00, -8.903778e-01,
    10, PROP1,       MAT1,   B23E,   0,     2.2782,    0.0000,  6.995440e-04,  8.017973e-03,  2.313011e-02,  1.437573e-01,  1.902240e+00, -9.040506e-01,
    10, PROP1,       MAT1,   B23E,   1,     2.3750,    0.0000,  7.180528e-04,  8.221580e-03,  2.542186e-02,  1.471944e-01,  1.951290e+00, -9.262633e-01,
    10, PROP1,       MAT1,   B23E,   2,     2.4718,    0.0000,  7.365616e-04,  8.425188e-03,  2.775411e-02,  1.506243e-01,  2.000340e+00, -9.484760e-01,
    11, PROP1,       MAT1,   B23E,   0,     2.5282,    0.0000,  7.385820e-04,  8.427961e-03,  2.988621e-02,  1.505004e-01,  2.002776e+00, -9.470103e-01,
    11, PROP1,       MAT1,   B23E,   1,     2.6250,    0.0000,  7.252440e-04,  8.229065e-03,  3.325041e-02,  1.466902e-01,  1.959604e+00, -9.205690e-01,
    11, PROP1,       MAT1,   B23E,   2,     2.7218,    0.0000,  7.119059e-04,  8.030168e-03,  3.666851e-02,  1.428696e-01,  1.916431e+00, -8.941276e-01,
    12, PROP1,       MAT1,   B23E,   0,     2.7782,    0.0000,  7.025984e-04,  7.904560e-03,  3.780394e-02,  1.405375e-01,  1.888282e+00, -8.783137e-01,
    12, PROP1,       MAT1,   B23E,   1,     2.8750,    0.0000,  6.822651e-04,  7.659716e-03,  3.746973e-02,  1.361947e-01,  1.831222e+00, -8.496780e-01,
    12, PROP1,       MAT1,   B23E,   2,     2.9718,    0.0000,  6.619318e-04,  7.414871e-03,  3.720392e-02,  1.318399e-01,  1.774162e+00, -8.210423e-01,
    13, PROP1,       MAT1,   B23E,   0,     3.0282,    0.0000,  6.482948e-04,  7.257065e-03,  3.643343e-02,  1.290793e-01,  1.736855e+00, -8.031182e-01,
    13, PROP1,       MAT1,   B23E,   1,     3.1250,    0.0000,  6.241729e-04,  6.971805e-03,  3.574040e-02,  1.240251e-01,  1.669944e+00, -7.701880e-01,
    13, PROP1,       MAT1,   B23E,   2,     3.2218,    0.0000,  6.000510e-04,  6.686544e-03,  3.513479e-02,  1.189556e-01,  1.603033e+00, -7.372579e-01,
    14, PROP1,       MAT1,   B23E,   0,     3.2782,    0.0000,  5.847645e-04,  6.511319e-03,  3.424221e-02,  1.158809e-01,  1.561462e+00, -7.174993e-01,
    14, PROP1,       MAT1,   B23E,   1,     3.3750,    0.0000,  5.570199e-04,  6.197912e-03,  3.223661e-02,  1.104087e-01,  1.486707e+00, -6.825624e-01,
    14, PROP1,       MAT1,   B23E,   2,     3.4718,    0.0000,  5.292754e-04,  5.884505e-03,  3.032535e-02,  1.049202e-01,  1.411951e+00, -6.476256e-01,
    15, PROP1,       MAT1,   B23E,   0,     3.5282,    0.0000,  5.128944e-04,  5.695288e-03,  2.966363e-02,  1.015613e-01,  1.367188e+00, -6.261633e-01,
    15, PROP1,       MAT1,   B23E,   1,     3.6250,    0.0000,  4.840456e-04,  5.358051e-03,  2.899116e-02,  9.552427e-02,  1.287753e+00, -5.875646e-01,
    15, PROP1,       MAT1,   B23E,   2,     3.7218,    0.0000,  4.551968e-04,  5.020814e-03,  2.842971e-02,  8.946784e-02,  1.208319e+00, -5.489660e-01,
    16, PROP1,       MAT1,   B23E,   0,     3.7782,    0.0000,  4.379113e-04,  4.817649e-03,  2.825852e-02,  8.580028e-02,  1.160559e+00, -5.256184e-01,
    16, PROP1,       MAT1,   B23E,   1,     3.8750,    0.0000,  4.041650e-04,  4.438807e-03,  2.620044e-02,  7.909925e-02,  1.069986e+00, -4.835964e-01,
    16, PROP1,       MAT1,   B23E,   2,     3.9718,    0.0000,  3.704187e-04,  4.059965e-03,  2.426862e-02,  7.237629e-02,  9.794136e-01, -4.415743e-01,
    17, PROP1,       MAT1,   B23E,   0,     4.0282,    0.0000,  3.487309e-04,  3.822701e-03,  2.244554e-02,  6.821242e-02,  9.221361e-01, -4.158093e-01,
    17, PROP1,       MAT1,   B23E,   1,     4.1250,    0.0000,  3.111015e-04,  3.413840e-03,  1.909619e-02,  6.104542e-02,  8.231774e-01, -3.716664e-01,
    17, PROP1,       MAT1,   B23E,   2,     4.2218,    0.0000,  2.734720e-04,  3.004978e-03,  1.587824e-02,  5.385557e-02,  7.242187e-01, -3.275236e-01,
    18, PROP1,       MAT1,   B23E,   0,     4.2782,    0.0000,  2.510748e-04,  2.765152e-03,  1.364868e-02,  4.966233e-02,  6.658476e-01, -3.019557e-01,
    18, PROP1,       MAT1,   B23E,   1,     4.3750,    0.0000,  2.136515e-04,  2.367019e-03,  9.738053e-03,  4.271097e-02,  5.687044e-01, -2.597522e-01,
    18, PROP1,       MAT1,   B23E,   2,     4.4718,    0.0000,  1.762283e-04,  1.968885e-03,  5.934679e-03,  3.574040e-02,  4.715611e-01, -2.175487e-01,
    19, PROP1,       MAT1,   B23E,   0,     4.5282,    0.0000,  1.549592e-04,  1.744086e-03,  3.657134e-03,  3.181152e-02,  4.165721e-01, -1.938580e-01,
    19, PROP1,       MAT1,   B23E,   1,     4.6250,    0.0000,  1.208663e-04,  1.372594e-03,  1.297850e-03,  2.519020e-02,  3.267554e-01, -1.536526e-01,
    19, PROP1,       MAT1,   B23E,   2,     4.7218,    0.0000,  8.677328e-05,  1.001103e-03, -9.699318e-04,  1.855214e-02,  2.369387e-01, -1.134473e-01,
    20, PROP1,       MAT1,   B23E,   0,     4.7782,    0.0000,  6.843765e-05,  7.940021e-04, -1.332862e-03,  1.476912e-02,  1.875380e-01, -9.036277e-02,
    20, PROP1,       MAT1,   B23E,   1,     4.8750,    0.0000,  3.837304e-05,  4.462446e-04, -9.303803e-04,  8.321811e-03,  1.053097e-01, -5.087587e-02,
    20, PROP1,       MAT1,   B23E,   2,     4.9718,    0.0000,  8.308432e-06,  9.848707e-05, -4.291124e-04,  1.857449e-03,  2.308149e-02, -1.138898e-02,
Time,   0.0400
     1, PROP1,       MAT1,   B23E,   0,     0.0282,    0.0000,  8.254796e-05,  8.293529e-05,  4.149313e-02,  9.379760e-04,  9.498825e-02,  6.596090e-02,
     1, PROP1,       MAT1,   B23E,   1,     0.1250,    0.0000,  8.155889e-05,  2.974103e-04,  4.099597e-02,  3.363632e-03,  1.261704e-01,  2.207683e-02,
     1, PROP1,       MAT1,   B23E,   2,     0.2218,    0.0000,  8.056983e-05,  5.118854e-04,  3.725284e-02,  6.392385e-03,  1.573526e-01, -2.180725e-02,
     2, PROP1,       MAT1,   B23E,   0,     0.2782,    0.0000,  8.465592e-05,  5.923501e-04,  3.581494e-02,  7.918632e-03,  1.735084e-01, -3.381411e-02,
     2, PROP1,       MAT1,   B23E,   1,     0.3750,    0.0000,  1.003786e-04,  7.845543e-04,  3.626270e-02,  1.137056e-02,  2.180617e-01, -5.653230e-02,
     2, PROP1,       MAT1,   B23E,   2,     0.4718,    0.0000,  1.161012e-04,  9.767586e-04,  3.599608e-02,  1.491389e-02,  2.626150e-01, -7.925049e-02,
     3, PROP1,       MAT1,   B23E,   0,     0.5282,    0.0000,  1.276324e-04,  1.104910e-03,  3.675765e-02,  1.720299e-02,  2.933688e-01, -9.334958e-02,
     3, PROP1,       MAT1,   B23E,   1,     0.6250,    0.0000,  1.441053e-04,  1.303247e-03,  3.629911e-02,  2.088730e-02,  3.395923e-01, -1.165441e-01,
     3, PROP1,       MAT1,   B23E,   2,     0.7218,    0.0000,  1.605782e-04,  1.501584e-03,  3.571239e-02,  2.458367e-02,  3.858158e-01, -1.397385e-01,
     4, PROP1,       MAT1,   B23E,   0,     0.7782,    0.0000,  1.691047e-04,  1.609876e-03,  3.481995e-02,  2.665080e-02,  4.105860e-01, -1.528705e-01,
     4, PROP1,       MAT1,   B23E,   1,     0.8750,    0.0000,  1.841348e-04,  1.797324e-03,  3.354125e-02,  3.020507e-02,  4.537334e-01, -1.753300e-01,
     4, PROP1,       MAT1,   B23E,   2,     0.9718,    0.0000,  1.991648e-04,  1.984772e-03,  3.222905e-02,  3.376038e-02,  4.968807e-01, -1.977896e-01,
     5, PROP1,       MAT1,   B23E,   0,     1.0282,    0.0000,  2.083222e-04,  2.095335e-03,  3.179423e-02,  3.582716e-02,  5.226225e-01, -2.107449e-01,
     5, PROP1,       MAT1,   B23E,   1,     1.1250,    0.0000,  2.240256e-04,  2.275270e-03,  3.204400e-02,  3.910648e-02,  5.653160e-01, -2.310284e-01,
     5, PROP1,       MAT1,   B23E,   2,     1.2218,    0.0000,  2.397289e-04,  2.455205e-03,  3.230884e-02,  4.238227e-02,  6.080096e-01, -2.513120e-01,
     6, PROP1,       MAT1,   B23E,   0,     1.2782,    0.0000,  2.483879e-04,  2.552107e-03,  3.270093e-02,  4.412403e-02,  6.312039e-01, -2.620334e-01,
     6, PROP1,       MAT1,   B23E,   1,     1.3750,    0.0000,  2.604196e-04,  2.700051e-03,  3.188391e-02,  4.690360e-02,  6.654273e-01, -2.795906e-01,
     6, PROP1,       MAT1,   B23E,   2,     1.4718,    0.0000,  2.724513e-04,  2.847996e-03,  3.107594e-02,  4.968065e-02,  6.996507e-01, -2.971479e-01,
     7, PROP1,       MAT1,   B23E,   0,     1.5282,    0.0000,  2.777095e-04,  2.922063e-03,  2.975063e-02,  5.114929e-02,  7.160189e-01, -3.067030e-01,
     7, PROP1,       MAT1,   B23E,   1,     1.6250,    0.0000,  2.897671e-04,  3.064824e-03,  2.952746e-02,  5.377871e-02,  7.494907e-01, -3.231978e-01,
     7, PROP1,       MAT1,   B23E,   2,     1.7218,    0.0000,  3.018246e-04,  3.207586e-03,  2.931882e-02,  5.640526e-02,  7.829625e-01, -3.396925e-01,
     8, PROP1,       MAT1,   B23E,   0,     1.7782,    0.0000,  3.107001e-04,  3.301526e-03,  3.033103e-02,  5.803433e-02,  8.059290e-01, -3.496052e-01,
     8, PROP1,       MAT1,   B23E,   1,     1.8750,    0.0000,  3.272225e-04,  3.480515e-03,  3.180767e-02,  6.117532e-02,  8.492998e-01, -3.688806e-01,
     8, PROP1,       MAT1,   B23E,   2,     1.9718,    0.0000,  3.437450e-04,  3.659505e-03,  3.330911e-02,  6.431198e-02,  8.926707e-01, -3.881559e-01,
     9, PROP1,       MAT1,   B23E,   0,     2.0282,    0.0000,  3.537780e-04,  3.770149e-03,  3.403165e-02,  6.626736e-02,  9.193003e-01, -4.002517e-01,
     9, PROP1,       MAT1,   B23E,   1,     2.1250,    0.0000,  3.698374e-04,  3.962031e-03,  3.368867e-02,  6.979217e-02,  9.641421e-01, -4.225689e-01,
     9, PROP1,       MAT1,   B23E,   2,     2.2218,    0.0000,  3.858967e-04,  4.153914e-03,  3.337632e-02,  7.331125e-02,  1.008984e+00, -4.448861e-01,
    10, PROP1,       MAT1,   B23E,   0,     2.2782,    0.0000,  3.946292e-04,  4.268245e-03,  3.219247e-02,  7.549127e-02,  1.034866e+00, -4.590199e-01,
    10, PROP1,       MAT1,   B23E,   1,     2.3750,    0.0000,  4.092654e-04,  4.467321e-03,  2.946509e-02,  7.934046e-02,  1.079364e+00, -4.841988e-01,
    10, PROP1,       MAT1,   B23E,   2,     2.4718,    0.0000,  4.239017e-04,  4.666397e-03,  2.676887e-02,  8.318278e-02,  1.123861e+00, -5.093777e-01,
    11, PROP1,       MAT1,   B23E,   0,     2.5282,    0.0000,  4.230271e-04,  4.674482e-03,  2.487092e-02,  8.349002e-02,  1.124199e+00, -5.118693e-01,
    11, PROP1,       MAT1,   B23E,   1,     2.6250,    0.0000,  4.076846e-04,  4.510721e-03,  2.306130e-02,  8.067116e-02,  1.084293e+00, -4.944595e-01,
    11, PROP1,       MAT1,   B23E,   2,     2.7218,    0.0000,  3.923421e-04,  4.346959e-03,  2.127226e-02,  7.784868e-02,  1.044386e+00, -4.770498e-01,
    12, PROP1,       MAT1,   B23E,   0,     2.7782,    0.0000,  3.848308e-04,  4.259492e-03,  2.116230e-02,  7.626861e-02,  1.023755e+00, -4.670676e-01,
    12, PROP1,       MAT1,   B23E,   1,     2.8750,    0.0000,  3.730898e-04,  4.113511e-03,  2.196844e-02,  7.354593e-02,  9.901164e-01, -4.496123e-01,
    12, PROP1,       MAT1,   B23E,   2,     2.9718,    0.0000,  3.613488e-04,  3.967529e-03,  2.279402e-02,  7.081961e-02,  9.564781e-01, -4.321570e-01,
    13, PROP1,       MAT1,   B23E,   0,     3.0282,    0.0000,  3.548148e-04,  3.882332e-03,  2.367370e-02,  6.919371e-02,  9.371647e-01, -4.216516e-01,
    13, PROP1,       MAT1,   B23E,   1,     3.1250,    0.0000,  3.413839e-04,  3.721448e-03,  2.401658e-02,  6.623387e-02,  8.996010e-01, -4.029057e-01,
    13, PROP1,       MAT1,   B23E,   2,     3.2218,    0.0000,  3.279529e-04,  3.560563e-03,  2.438193e-02,  6.326991e-02,  8.620374e-01, -3.841598e-01,
    14, PROP1,       MAT1,   B23E,   0,     3.2782,    0.0000,  3.189861e-04,  3.460987e-03,  2.382020e-02,  6.150167e-02,  8.381342e-01, -3.732113e-01,
    14, PROP1,       MAT1,   B23E,   1,     3.3750,    0.0000,  3.024997e-04,  3.289510e-03,  2.159260e-02,  5.856284e-02,  7.959263e-01, -3.554023e-01,
    14, PROP1,       MAT1,   B23E,   2,     3.4718,    0.0000,  2.860134e-04,  3.118033e-03,  1.938443e-02,  5.562052e-02,  7.537184e-01, -3.375933e-01,
    15, PROP1,       MAT1,   B23E,   0,     3.5282,    0.0000,  2.760321e-04,  3.017033e-03,  1.775951e-02,  5.391446e-02,  7.285870e-01, -3.273745e-01,
    15, PROP1,       MAT1,   B23E,   1,     3.6250,    0.0000,  2.595510e-04,  2.854914e-03,  1.459374e-02,  5.122272e-02,  6.877881e-01, -3.114319e-01,
    15, PROP1,       MAT1,   B23E,   2,     3.7218,    0.0000,  2.430699e-04,  2.692796e-03,  1.143590e-02,  4.852894e-02,  6.469893e-01, -2.954892e-01,
    16, PROP1,       MAT1,   B23E,   0,     3.7782,    0.0000,  2.336266e-04,  2.604622e-03,  9.123437e-03,  4.711450e-02,  6.243199e-01, -2.872978e-01,
    16, PROP1,       MAT1,   B23E,   1,     3.8750,    0.0000,  2.181881e-04,  2.452151e-03,  6.236367e-03,  4.457204e-02,  5.860107e-01, -2.722421e-01,
    16, PROP1,       MAT1,   B23E,   2,     3.9718,    0.0000,  2.027495e-04,  2.299679e-03,  3.352877e-03,  4.202809e-02,  5.477014e-01, -2.571864e-01,
    17, PROP1,       MAT1,   B23E,   0,     4.0282,    0.0000,  1.947539e-04,  2.213425e-03,  2.655397e-03,  4.050782e-02,  5.267677e-01, -2.479311e-01,
    17, PROP1,       MAT1,   B23E,   1,     4.1250,    0.0000,  1.794299e-04,  2.044288e-03,  1.751180e-03,  3.748525e-02,  4.860730e-01, -2.294277e-01,
    17, PROP1,       MAT1,   B23E,   2,     4.2218,    0.0000,  1.641058e-04,  1.875151e-03,  8.685520e-04,  3.445887e-02,  4.453784e-01, -2.109244e-01,
    18, PROP1,       MAT1,   B23E,   0,     4.2782,    0.0000,  1.539359e-04,  1.763252e-03,  2.560604e-04,  3.245808e-02,  4.184236e-01, -1.987145e-01,
    18, PROP1,       MAT1,   B23E,   1,     4.3750,    0.0000,  1.343012e-04,  1.546298e-03, -7.998955e-04,  2.856509e-02,  3.662459e-01, -1.749583e-01,
    18, PROP1,       MAT1,   B23E,   2,     4.4718,    0.0000,  1.146666e-04,  1.329344e-03, -1.822468e-03,  2.466608e-02,  3.140682e-01, -1.512022e-01,
    19, PROP1,       MAT1,   B23E,   0,     4.5282,    0.0000,  1.022282e-04,  1.189782e-03, -2.215844e-03,  2.213328e-02,  2.806955e-01, -1.357282e-01,
    19, PROP1,       MAT1,   B23E,   1,     4.6250,    0.0000,  8.116212e-05,  9.470176e-04, -2.128626e-03,  1.765719e-02,  2.232148e-01, -1.082414e-01,
    19, PROP1,       MAT1,   B23E,   2,     4.7218,    0.0000,  6.009606e-05,  7.042532e-04, -1.992820e-03,  1.317270e-02,  1.657340e-01, -8.075458e-02,
    20, PROP1,       MAT1,   B23E,   0,     4.7782,    0.0000,  4.785275e-05,  5.602715e-04, -1.563699e-03,  1.048058e-02,  1.318935e-01, -6.420156e-02,
    20, PROP1,       MAT1,   B23E,   1,     4.8750,    0.0000,  2.695232e-05,  3.155173e-04, -9.079561e-04,  5.907275e-03,  7.427992e-02, -3.615115e-02,
    20, PROP1,       MAT1,   B23E,   2,     4.9718,    0.0000,  6.051888e-06,  7.076312e-05, -2.016154e-04,  1.325294e-03,  1.666636e-02, -8.100735e-03,
Time,   0.0500
     1, PROP1,       MAT1,   B23E,   0,     0.0282,    0.0000,  6.019011e-05, -1.023318e-05,  3.025485e-02, -1.157345e-04,  6.172508e-02,  5.814347e-02,
     1, PROP1,       MAT1,   B23E,   1,     0.1250,    0.0000,  5.920855e-05, -7.674195e-05,  2.976146e-02, -8.679310e-04,  7.071984e-02,  4.386016e-02,
     1, PROP1,       MAT1,   B23E,   2,     0.2218,    0.0000,  5.822698e-05, -1.432507e-04,  2.926807e-02, -1.620128e-03,  7.971459e-02,  2.957684e-02,
     2, PROP1,       MAT1,   B23E,   0,     0.2782,    0.0000,  5.932669e-05, -1.946037e-04,  2.982085e-02, -2.200916e-03,  8.851724e-02,  2.040596e-02,
     2, PROP1,       MAT1,   B23E,   1,     0.3750,    0.0000,  5.503667e-05, -2.533865e-04,  2.766445e-02, -2.865733e-03,  9.304464e-02,  4.359382e-03,
     2, PROP1,       MAT1,   B23E,   2,     0.4718,    0.0000,  5.074665e-05, -3.121692e-04,  2.397804e-02, -3.817463e-03,  9.757204e-02, -1.168720e-02,
     3, PROP1,       MAT1,   B23E,   0,     0.5282,    0.0000,  4.563893e-05, -3.233210e-04,  1.902826e-02, -4.362411e-03,  9.413708e-02, -1.902528e-02,
     3, PROP1,       MAT1,   B23E,   1,     0.6250,    0.0000,  4.276275e-05, -3.482137e-04,  1.424801e-02, -5.201085e-03,  9.499480e-02, -2.687999e-02,
     3, PROP1,       MAT1,   B23E,   2,     0.7218,    0.0000,  3.988657e-05, -3.731063e-04,  8.762632e-03, -6.126695e-03,  9.585252e-02, -3.473470e-02,
     4, PROP1,       MAT1,   B23E,   0,     0.7782,    0.0000,  4.077388e-05, -3.884853e-04,  8.248627e-03, -6.454859e-03,  9.904668e-02, -3.692319e-02,
     4, PROP1,       MAT1,   B23E,   1,     0.8750,    0.0000,  4.007382e-05, -3.904655e-04,  7.225822e-03, -6.580151e-03,  9.864365e-02, -3.801929e-02,
     4, PROP1,       MAT1,   B23E,   2,     0.9718,    0.0000,  3.937375e-05, -3.924458e-04,  6.188554e-03, -6.706919e-03,  9.824062e-02, -3.911540e-02,
     5, PROP1,       MAT1,   B23E,   0,     1.0282,    0.0000,  3.740791e-05, -3.806333e-04,  5.060835e-03, -6.587204e-03,  9.450291e-02, -3.871874e-02,
     5, PROP1,       MAT1,   B23E,   1,     1.1250,    0.0000,  3.278265e-05, -3.492780e-04,  2.746535e-03, -6.210601e-03,  8.517435e-02, -3.707295e-02,
     5, PROP1,       MAT1,   B23E,   2,     1.2218,    0.0000,  2.815739e-05, -3.179227e-04,  3.752195e-04, -5.839325e-03,  7.584580e-02, -3.542715e-02,
     6, PROP1,       MAT1,   B23E,   0,     1.2782,    0.0000,  2.519211e-05, -2.940793e-04, -7.564666e-04, -5.498261e-03,  6.930401e-02, -3.362376e-02,
     6, PROP1,       MAT1,   B23E,   1,     1.3750,    0.0000,  1.857632e-05, -2.245493e-04, -1.448638e-03, -4.275124e-03,  5.225872e-02, -2.633354e-02,
     6, PROP1,       MAT1,   B23E,   2,     1.4718,    0.0000,  1.196054e-05, -1.550193e-04, -2.163411e-03, -3.053551e-03,  3.521343e-02, -1.904333e-02,
     7, PROP1,       MAT1,   B23E,   0,     1.5282,    0.0000,  3.290807e-06, -8.007051e-05, -5.414826e-03, -1.945002e-03,  1.530138e-02, -1.272329e-02,
     7, PROP1,       MAT1,   B23E,   1,     1.6250,    0.0000,  4.592597e-06,  1.236149e-05,  2.308491e-03,  1.398052e-04,  6.446821e-03,  2.120298e-03,
     7, PROP1,       MAT1,   B23E,   2,     1.7218,    0.0000,  5.894387e-06,  1.047935e-04, -4.607452e-03,  2.336532e-03,  2.161341e-02, -1.506431e-02,
     8, PROP1,       MAT1,   B23E,   0,     1.7782,    0.0000,  1.697499e-05,  1.994423e-04, -6.643328e-04,  3.742795e-03,  4.689133e-02, -2.291347e-02,
     8, PROP1,       MAT1,   B23E,   1,     1.8750,    0.0000,  3.060395e-05,  3.446377e-04,  5.132066e-04,  6.320382e-03,  8.229961e-02, -3.832360e-02,
     8, PROP1,       MAT1,   B23E,   2,     1.9718,    0.0000,  4.423290e-05,  4.898332e-04,  1.691542e-03,  8.896689e-03,  1.177079e-01, -5.373373e-02,
     9, PROP1,       MAT1,   B23E,   0,     2.0282,    0.0000,  5.227102e-05,  5.770121e-04,  2.220628e-03,  1.045858e-02,  1.388228e-01, -6.313140e-02,
     9, PROP1,       MAT1,   B23E,   1,     2.1250,    0.0000,  6.693534e-05,  7.355074e-04,  3.259523e-03,  1.329025e-02,  1.772615e-01, -8.016614e-02,
     9, PROP1,       MAT1,   B23E,   2,     2.2218,    0.0000,  8.159966e-05,  8.940027e-04,  4.315591e-03,  1.611891e-02,  2.157001e-01, -9.720089e-02,
    10, PROP1,       MAT1,   B23E,   0,     2.2782,    0.0000,  9.105759e-05,  9.933548e-04,  5.319136e-03,  1.786150e-02,  2.400608e-01, -1.076134e-01,
    10, PROP1,       MAT1,   B23E,   1,     2.3750,    0.0000,  1.078582e-04,  1.166535e-03,  7.473562e-03,  2.086242e-02,  2.828385e-01, -1.254489e-01,
    10, PROP1,       MAT1,   B23E,   2,     2.4718,    0.0000,  1.246588e-04,  1.339716e-03,  9.643104e-03,  2.386038e-02,  3.256162e-01, -1.432844e-01,
    11, PROP1,       MAT1,   B23E,   0,     2.5282,    0.0000,  1.247492e-04,  1.331053e-03,  1.068494e-02,  2.361052e-02,  3.244071e-01, -1.414613e-01,
    11, PROP1,       MAT1,   B23E,   1,     2.6250,    0.0000,  1.069430e-04,  1.131035e-03,  1.016081e-02,  1.997520e-02,  2.765982e-01, -1.192639e-01,
    11, PROP1,       MAT1,   B23E,   2,     2.7218,    0.0000,  8.913685e-05,  9.310163e-04,  9.660342e-03,  1.633519e-02,  2.287893e-01, -9.706641e-02,
    12, PROP1,       MAT1,   B23E,   0,     2.7782,    0.0000,  7.825213e-05,  8.164966e-04,  8.539531e-03,  1.432261e-02,  2.007266e-01, -8.504720e-02,
    12, PROP1,       MAT1,   B23E,   1,     2.8750,    0.0000,  6.265027e-05,  6.559546e-04,  6.562274e-03,  1.153537e-02,  1.610435e-01, -6.854066e-02,
    12, PROP1,       MAT1,   B23E,   2,     2.9718,    0.0000,  4.704841e-05,  4.954126e-04,  4.600083e-03,  8.745442e-03,  1.213603e-01, -5.203412e-02,
    13, PROP1,       MAT1,   B23E,   0,     3.0282,    0.0000,  3.908368e-05,  4.201716e-04,  2.874718e-03,  7.507847e-03,  1.021094e-01, -4.495064e-02,
    13, PROP1,       MAT1,   B23E,   1,     3.1250,    0.0000,  2.850118e-05,  3.197831e-04,  6.063418e-04,  5.853430e-03,  7.646864e-02, -3.545543e-02,
    13, PROP1,       MAT1,   B23E,   2,     3.2218,    0.0000,  1.791869e-05,  2.193945e-04, -1.722151e-03,  4.203879e-03,  5.082787e-02, -2.596021e-02,
    14, PROP1,       MAT1,   B23E,   0,     3.2782,    0.0000,  1.426706e-05,  1.822410e-04, -2.261030e-03,  3.564884e-03,  4.160320e-02, -2.218114e-02,
    14, PROP1,       MAT1,   B23E,   1,     3.3750,    0.0000,  8.999175e-06,  1.218096e-04, -2.249722e-03,  2.447553e-03,  2.727061e-02, -1.536274e-02,
    14, PROP1,       MAT1,   B23E,   2,     3.4718,    0.0000,  3.731294e-06,  6.137814e-05, -2.284668e-03,  1.333214e-03,  1.293801e-02, -8.544334e-03,
    15, PROP1,       MAT1,   B23E,   0,     3.5282,    0.0000, -1.296782e-07,  2.091560e-05, -3.176666e-03,  6.450510e-04,  3.007661e-03, -4.312798e-03,
    15, PROP1,       MAT1,   B23E,   1,     3.6250,    0.0000,  1.860605e-06, -2.732902e-05, -7.288542e-04, -5.687523e-04,  5.959958e-03, -3.605200e-03,
    15, PROP1,       MAT1,   B23E,   2,     3.7218,    0.0000,  3.850888e-06, -7.557364e-05, -3.934931e-03, -1.737229e-03,  1.518693e-02, -1.126384e-02,
    16, PROP1,       MAT1,   B23E,   0,     3.7782,    0.0000,  7.690863e-06, -1.159787e-04, -3.380036e-03, -2.438000e-03,  2.508766e-02, -1.550487e-02,
    16, PROP1,       MAT1,   B23E,   1,     3.8750,    0.0000,  1.097648e-05, -1.604042e-04, -4.184777e-03, -3.329048e-03,  3.503712e-02, -2.110437e-02,
    16, PROP1,       MAT1,   B23E,   2,     3.9718,    0.0000,  1.426210e-05, -2.048298e-04, -4.990160e-03, -4.219918e-03,  4.498657e-02, -2.670386e-02,
    17, PROP1,       MAT1,   B23E,   0,     4.0282,    0.0000,  1.532342e-05, -2.208792e-04, -5.458360e-03, -4.557091e-03,  4.845529e-02, -2.885242e-02,
    17, PROP1,       MAT1,   B23E,   1,     4.1250,    0.0000,  1.452773e-05, -2.206571e-04, -6.565721e-03, -4.648895e-03,  4.762630e-02, -2.960370e-02,
    17, PROP1,       MAT1,   B23E,   2,     4.2218,    0.0000,  1.373204e-05, -2.204351e-04, -7.692304e-03, -4.741956e-03,  4.679730e-02, -3.035497e-02,
    18, PROP1,       MAT1,   B23E,   0,     4.2782,    0.0000,  1.219548e-05, -2.062311e-04, -8.159613e-03, -4.519270e-03,  4.313014e-02, -2.905073e-02,
    18, PROP1,       MAT1,   B23E,   1,     4.3750,    0.0000,  1.059881e-05, -1.796636e-04, -7.150237e-03, -3.940956e-03,  3.754836e-02, -2.533392e-02,
    18, PROP1,       MAT1,   B23E,   2,     4.4718,    0.0000,  9.002144e-06, -1.530962e-04, -6.139814e-03, -3.362465e-03,  3.196658e-02, -2.161710e-02,
    19, PROP1,       MAT1,   B23E,   0,     4.5282,    0.0000,  8.411887e-06, -1.347241e-04, -4.681596e-03, -2.897127e-03,  2.862050e-02, -1.853293e-02,
    19, PROP1,       MAT1,   B23E,   1,     4.6250,    0.0000,  7.183112e-06, -1.055769e-04, -2.817171e-03, -2.196896e-03,  2.301964e-02, -1.393226e-02,
    19, PROP1,       MAT1,   B23E,   2,     4.7218,    0.0000,  5.954337e-06, -7.642967e-05, -9.917307e-04, -1.499206e-03,  1.741879e-02, -9.331597e-03,
    20, PROP1,       MAT1,   B23E,   0,     4.7782,    0.0000,  5.032989e-06, -6.025654e-05, -3.296324e-04, -1.142393e-03,  1.407147e-02, -7.018320e-03,
    20, PROP1,       MAT1,   B23E,   1,     4.8750,    0.0000,  2.898180e-06, -3.376201e-05, -8.271799e-05, -6.311762e-04,  7.962481e-03, -3.854221e-03,
    20, PROP1,       MAT1,   B23E,   2,     4.9718,    0.0000,  7.633713e-07, -7.267467e-06,  1.543547e-04, -1.208075e-04,  1.853491e-03, -6.901220e-04,
Time,   0.0600
     1, PROP1,       MAT1,   B23E,   0,     0.0282,    0.0000, -1.479836e-06,  1.161330e-05, -5.100159e-03,  5.273035e-04,  2.621591e-04, -3.802496e-03,
     1, PROP1,       MAT1,   B23E,   1,     0.1250,    0.0000,  4.358027e-06,  8.707498e-05, -4.654979e-03,  2.011789e-03,  1.741928e-02, -1.305697e-02,
     1, PROP1,       MAT1,   B23E,   2,     0.2218,    0.0000,  1.019589e-05,  1.625367e-04, -5.575425e-03,  3.488695e-03,  3.457639e-02, -2.231144e-02,
     2, PROP1,       MAT1,   B23E,   0,     0.2782,    0.0000,  1.635369e-05,  2.169033e-04, -3.541247e-03,  4.316843e-03,  4.888919e-02, -2.702698e-02,
     2, PROP1,       MAT1,   B23E,   1,     0.3750,    0.0000,  2.179740e-05,  2.778581e-04, -3.373468e-03,  5.427734e-03,  6.347612e-02, -3.377421e-02,
     2, PROP1,       MAT1,   B23E,   2,     0.4718,    0.0000,  2.724112e-05,  3.388128e-04, -3.214458e-03,  6.539043e-03,  7.806304e-02, -4.052145e-02,
     3, PROP1,       MAT1,   B23E,   0,     0.5282,    0.0000,  2.782575e-05,  3.530579e-04, -4.099154e-03,  6.879249e-03,  8.078444e-02, -4.278583e-02,
     3, PROP1,       MAT1,   B23E,   1,     0.6250,    0.0000,  3.289944e-05,  3.999980e-04, -2.801440e-03,  7.632116e-03,  9.289915e-02, -4.710017e-02,
     3, PROP1,       MAT1,   B23E,   2,     0.7218,    0.0000,  3.797313e-05,  4.469382e-04, -1.528845e-03,  8.386952e-03,  1.050139e-01, -5.141451e-02,
     4, PROP1,       MAT1,   B23E,   0,     0.7782,    0.0000,  4.215953e-05,  4.842986e-04, -3.378446e-04,  8.972061e-03,  1.148043e-01, -5.470018e-02,
     4, PROP1,       MAT1,   B23E,   1,     0.8750,    0.0000,  4.397618e-05,  5.190017e-04, -1.915293e-03,  9.750141e-03,  1.218264e-01, -5.982416e-02,
     4, PROP1,       MAT1,   B23E,   2,     0.9718,    0.0000,  4.579284e-05,  5.537049e-04, -3.507688e-03,  1.052932e-02,  1.288486e-01, -6.494814e-02,
     5, PROP1,       MAT1,   B23E,   0,     1.0282,    0.0000,  4.382585e-05,  5.547107e-04, -6.240652e-03,  1.078637e-02,  1.270325e-01, -6.711629e-02,
     5, PROP1,       MAT1,   B23E,   1,     1.1250,    0.0000,  4.188452e-05,  5.662744e-04, -1.025018e-02,  1.134866e-02,  1.268257e-01, -7.137037e-02,
     5, PROP1,       MAT1,   B23E,   2,     1.2218,    0.0000,  3.994319e-05,  5.778382e-04, -1.435375e-02,  1.191771e-02,  1.266189e-01, -7.562445e-02,
     6, PROP1,       MAT1,   B23E,   0,     1.2782,    0.0000,  3.997860e-05,  5.940549e-04, -1.628821e-02,  1.238401e-02,  1.290868e-01, -7.883239e-02,
     6, PROP1,       MAT1,   B23E,   1,     1.3750,    0.0000,  4.546359e-05,  6.561533e-04, -1.611610e-02,  1.351448e-02,  1.438866e-01, -8.576707e-02,
     6, PROP1,       MAT1,   B23E,   2,     1.4718,    0.0000,  5.094859e-05,  7.182517e-04, -1.595597e-02,  1.464546e-02,  1.586863e-01, -9.270176e-02,
     7, PROP1,       MAT1,   B23E,   0,     1.5282,    0.0000,  5.738861e-05,  7.724001e-04, -1.353695e-02,  1.543369e-02,  1.732486e-01, -9.709142e-02,
     7, PROP1,       MAT1,   B23E,   1,     1.6250,    0.0000,  6.503715e-05,  8.395541e-04, -1.106435e-02,  1.645605e-02,  1.909703e-01, -1.028737e-01,
     7, PROP1,       MAT1,   B23E,   2,     1.7218,    0.0000,  7.268568e-05,  9.067081e-04, -8.640200e-03,  1.748199e-02,  2.086919e-01, -1.086559e-01,
     8, PROP1,       MAT1,   B23E,   0,     1.7782,    0.0000,  7.468882e-05,  9.298900e-04, -8.658065e-03,  1.791042e-02,  2.141723e-01, -1.112892e-01,
     8, PROP1,       MAT1,   B23E,   1,     1.8750,    0.0000,  8.246157e-05,  1.005939e-03, -7.127469e-03,  1.917736e-02,  2.333525e-01, -1.187263e-01,
     8, PROP1,       MAT1,   B23E,   2,     1.9718,    0.0000,  9.023431e-05,  1.081989e-03, -5.610292e-03,  2.044511e-02,  2.525326e-01, -1.261634e-01,
     9, PROP1,       MAT1,   B23E,   0,     2.0282,    0.0000,  9.838734e-05,  1.151825e-03, -2.911379e-03,  2.149541e-02,  2.711611e-01, -1.319777e-01,
     9, PROP1,       MAT1,   B23E,   1,     2.1250,    0.0000,  1.116105e-04,  1.283644e-03, -6.483370e-04,  2.372357e-02,  3.041571e-01, -1.451182e-01,
     9, PROP1,       MAT1,   B23E,   2,     2.2218,    0.0000,  1.248337e-04,  1.415462e-03,  1.607641e-03,  2.595145e-02,  3.371530e-01, -1.582587e-01,
    10, PROP1,       MAT1,   B23E,   0,     2.2782,    0.0000,  1.312944e-04,  1.493151e-03,  1.245880e-03,  2.741090e-02,  3.552670e-01, -1.673357e-01,
    10, PROP1,       MAT1,   B23E,   1,     2.3750,    0.0000,  1.426497e-04,  1.641265e-03, -6.559501e-04,  3.029714e-02,  3.888394e-01, -1.856032e-01,
    10, PROP1,       MAT1,   B23E,   2,     2.4718,    0.0000,  1.540049e-04,  1.789378e-03, -2.543516e-03,  3.318014e-02,  4.224117e-01, -2.038707e-01,
    11, PROP1,       MAT1,   B23E,   0,     2.5282,    0.0000,  1.518116e-04,  1.780275e-03, -4.346446e-03,  3.316916e-02,  4.188528e-01, -2.042434e-01,
    11, PROP1,       MAT1,   B23E,   1,     2.6250,    0.0000,  1.362627e-04,  1.623589e-03, -6.901324e-03,  3.051390e-02,  3.798011e-01, -1.884552e-01,
    11, PROP1,       MAT1,   B23E,   2,     2.7218,    0.0000,  1.207139e-04,  1.466904e-03, -9.466353e-03,  2.785814e-02,  3.407495e-01, -1.726669e-01,
    12, PROP1,       MAT1,   B23E,   0,     2.7782,    0.0000,  1.138634e-04,  1.398654e-03, -1.069104e-02,  2.671019e-02,  3.236615e-01, -1.658673e-01,
    12, PROP1,       MAT1,   B23E,   1,     2.8750,    0.0000,  1.039371e-04,  1.302199e-03, -1.275692e-02,  2.511642e-02,  2.992669e-01, -1.565027e-01,
    12, PROP1,       MAT1,   B23E,   2,     2.9718,    0.0000,  9.401076e-05,  1.205744e-03, -1.484458e-02,  2.352390e-02,  2.748724e-01, -1.471381e-01,
    13, PROP1,       MAT1,   B23E,   0,     3.0282,    0.0000,  8.961382e-05,  1.164880e-03, -1.599552e-02,  2.287209e-02,  2.643458e-01, -1.433622e-01,
    13, PROP1,       MAT1,   B23E,   1,     3.1250,    0.0000,  8.151439e-05,  1.092497e-03, -1.848075e-02,  2.175580e-02,  2.453890e-01, -1.369850e-01,
    13, PROP1,       MAT1,   B23E,   2,     3.2218,    0.0000,  7.341496e-05,  1.020114e-03, -2.101062e-02,  2.064262e-02,  2.264321e-01, -1.306079e-01,
    14, PROP1,       MAT1,   B23E,   0,     3.2782,    0.0000,  6.817243e-05,  9.773189e-04, -2.316640e-02,  2.004095e-02,  2.147703e-01, -1.272914e-01,
    14, PROP1,       MAT1,   B23E,   1,     3.3750,    0.0000,  5.801797e-05,  8.857223e-04, -2.637814e-02,  1.863043e-02,  1.908763e-01, -1.191265e-01,
    14, PROP1,       MAT1,   B23E,   2,     3.4718,    0.0000,  4.786352e-05,  7.941256e-04, -2.972389e-02,  1.722825e-02,  1.669824e-01, -1.109616e-01,
    15, PROP1,       MAT1,   B23E,   0,     3.5282,    0.0000,  4.078831e-05,  7.269886e-04, -3.174031e-02,  1.616046e-02,  1.498366e-01, -1.046094e-01,
    15, PROP1,       MAT1,   B23E,   1,     3.6250,    0.0000,  3.107856e-05,  6.198442e-04, -3.273811e-02,  1.426292e-02,  1.240552e-01, -9.289029e-02,
    15, PROP1,       MAT1,   B23E,   2,     3.7218,    0.0000,  2.136880e-05,  5.126998e-04, -3.394589e-02,  1.237468e-02,  9.827378e-02, -8.117117e-02,
    16, PROP1,       MAT1,   B23E,   0,     3.7782,    0.0000,  1.756653e-05,  4.569578e-04, -3.266845e-02,  1.123051e-02,  8.611020e-02, -7.382503e-02,
    16, PROP1,       MAT1,   B23E,   1,     3.8750,    0.0000,  1.382270e-05,  3.810524e-04, -2.862455e-02,  9.481086e-03,  7.098056e-02, -6.238778e-02,
    16, PROP1,       MAT1,   B23E,   2,     3.9718,    0.0000,  1.007887e-05,  3.051470e-04, -2.458825e-02,  7.730521e-03,  5.585092e-02, -5.095054e-02,
    17, PROP1,       MAT1,   B23E,   0,     4.0282,    0.0000,  8.996629e-06,  2.695867e-04, -2.158178e-02,  6.819139e-03,  4.943464e-02, -4.492071e-02,
    17, PROP1,       MAT1,   B23E,   1,     4.1250,    0.0000,  6.502737e-06,  2.143068e-04, -1.825864e-02,  5.511392e-03,  3.864876e-02, -3.635862e-02,
    17, PROP1,       MAT1,   B23E,   2,     4.2218,    0.0000,  4.008845e-06,  1.590269e-04, -1.495245e-02,  4.203310e-03,  2.786288e-02, -2.779654e-02,
    18, PROP1,       MAT1,   B23E,   0,     4.2782,    0.0000,  2.320366e-06,  1.307956e-04, -1.401180e-02,  3.592701e-03,  2.193970e-02, -2.383875e-02,
    18, PROP1,       MAT1,   B23E,   1,     4.3750,    0.0000, -4.974393e-07,  9.129881e-05, -1.371769e-02,  2.803816e-03,  1.319738e-02, -1.875720e-02,
    18, PROP1,       MAT1,   B23E,   2,     4.4718,    0.0000, -3.315244e-06,  5.180206e-05, -1.428893e-02,  1.999738e-03,  4.455065e-03, -1.367566e-02,
    19, PROP1,       MAT1,   B23E,   0,     4.5282,    0.0000, -4.529864e-06,  3.675999e-05, -1.570621e-02,  1.654930e-03,  9.841353e-04, -1.188186e-02,
    19, PROP1,       MAT1,   B23E,   1,     4.6250,    0.0000, -4.676430e-06,  2.627329e-05, -1.547882e-02,  1.269001e-03, -7.354366e-04, -9.931088e-03,
    19, PROP1,       MAT1,   B23E,   2,     4.7218,    0.0000, -4.822996e-06,  1.578659e-05, -1.591984e-02,  7.677025e-04, -2.455009e-03, -7.980313e-03,
    20, PROP1,       MAT1,   B23E,   0,     4.7782,    0.0000, -4.286578e-06,  1.259678e-05, -1.415026e-02,  6.126422e-04, -2.397061e-03, -6.805934e-03,
    20, PROP1,       MAT1,   B23E,   1,     4.8750,    0.0000, -2.521125e-06,  6.968844e-06, -8.324073e-03,  3.390379e-04, -1.475798e-03, -3.914893e-03,
    20, PROP1,       MAT1,   B23E,   2,     4.9718,    0.0000, -7.556711e-07,  1.340907e-06, -2.495523e-03,  6.525686e-05, -5.545351e-04, -1.023852e-03,
