ConFem  ../DataExamples/E04/E4-04
symmetric system True, used LinAlg2 True, used ConFemMatC True, used CaeFemElemC True
ndofs 83, elems 20, active nodes 41, abs.size 0.44 MItems, rel.size 0.0647 (abs.size/(ndofs**2)
used material MAT1, spec. inertial mass 0.00e+00, type RCBEAM
0 step starts, solution type BFGS
0   1 1.000 0.00000 iter 0 0.000000e+00 1.000000e+00    0.000000e+00
0   1 1.000 0.20000 iter 1 4.122546e-02 1.000000e+00    9.277643e-04
0   1 1.000 0.20000 iter 2 6.609993e-02 6.851492e-02    1.613425e-03
0   1 1.000 0.20000 iter 3 1.846529e-02 3.212143e-02    1.620042e-03
0   1 1.000 0.20000 iter 4 4.906139e-02 4.882904e-03    1.622326e-03
0   1 1.000 0.20000 iter 5 1.192873e-02 1.198713e-03    1.627374e-03
0   1 1.000 0.20000 iter 6 5.899027e-03 4.409347e-04    1.638729e-03
0   1 1.000 0.20000 iter 7 3.936545e-03 1.493545e-04    1.638889e-03
0   1 1.000 0.20000 iter 8 2.977440e-03 8.558463e-06    1.637448e-03
0   1 1.000 0.20000 iter 9 2.417373e-03 3.453236e-05    1.636050e-03
0   1 1.000 0.20000 iter 10 5.621210e-04 4.013571e-06    1.636479e-03
0   1 1.000 0.20000 iter 11 2.996894e-04 1.170809e-06    1.636626e-03
0   1 1.000 0.20000 iter 12 1.485959e-04 2.235766e-07    1.636722e-03
0   1 1.000 0.20000 iter 13 6.624043e-05 5.728881e-08    1.636729e-03
0   2 1.000 0.20000 iter 0 6.624043e-05 1.000000e+00    0.000000e+00
0   2 1.000 0.40000 iter 1 2.822612e-02 1.000000e+00    1.666759e-03
0   2 1.000 0.40000 iter 2 2.589200e-02 2.789544e-01    1.722782e-03
0   2 1.000 0.40000 iter 3 1.941878e-02 1.682668e-01    1.655003e-03
0   2 1.000 0.40000 iter 4 1.128895e-02 8.289548e-03    1.641267e-03
0   2 1.000 0.40000 iter 5 1.611972e-02 1.059276e-02    1.646452e-03
0   2 1.000 0.40000 iter 6 2.784211e-03 1.407422e-03    1.648288e-03
0   2 1.000 0.40000 iter 7 2.150641e-04 4.115119e-05    1.646887e-03
0   2 1.000 0.40000 iter 8 1.565229e-04 3.536625e-06    1.647043e-03
0   2 1.000 0.40000 iter 9 2.796469e-05 2.132476e-07    1.647089e-03
0   3 1.000 0.40000 iter 0 2.796469e-05 1.000000e+00    0.000000e+00
0   3 1.000 0.60000 iter 1 3.102738e-02 1.000000e+00    1.676888e-03
0   3 1.000 0.60000 iter 2 2.918255e-02 3.213365e-01    1.733927e-03
0   3 1.000 0.60000 iter 3 2.209719e-02 2.044351e-01    1.666354e-03
0   3 1.000 0.60000 iter 4 1.329950e-02 3.258790e-03    1.651714e-03
0   3 1.000 0.60000 iter 5 2.203426e-02 1.930671e-02    1.657314e-03
0   3 1.000 0.60000 iter 6 2.661399e-03 1.653051e-03    1.658945e-03
0   3 1.000 0.60000 iter 7 1.810512e-04 2.320926e-05    1.657814e-03
0   3 1.000 0.60000 iter 8 1.161504e-04 2.126912e-06    1.657911e-03
0   3 1.000 0.60000 iter 9 1.893964e-05 8.550347e-08    1.657941e-03
0   4 1.000 0.60000 iter 0 1.893964e-05 1.000000e+00    0.000000e+00
0   4 1.000 0.80000 iter 1 3.272538e-02 1.000000e+00    1.687487e-03
0   4 1.000 0.80000 iter 2 3.161101e-02 3.330331e-01    1.744529e-03
0   4 1.000 0.80000 iter 3 2.435500e-02 2.212867e-01    1.677689e-03
0   4 1.000 0.80000 iter 4 1.471241e-02 2.928024e-03    1.662888e-03
0   4 1.000 0.80000 iter 5 2.765332e-02 2.903081e-02    1.668659e-03
0   4 1.000 0.80000 iter 6 1.946184e-03 1.438783e-03    1.670289e-03
0   4 1.000 0.80000 iter 7 1.354046e-04 1.327160e-05    1.669167e-03
0   4 1.000 0.80000 iter 8 9.322541e-05 1.373942e-06    1.669282e-03
0   5 1.000 0.80000 iter 0 9.322541e-05 1.000000e+00    0.000000e+00
0   5 1.000 1.00000 iter 1 3.425209e-02 1.000000e+00    1.698612e-03
0   5 1.000 1.00000 iter 2 3.518008e-02 3.553144e-01    1.755904e-03
0   5 1.000 1.00000 iter 3 2.725395e-02 2.412565e-01    1.689909e-03
0   5 1.000 1.00000 iter 4 1.607750e-02 9.677558e-03    1.674791e-03
0   5 1.000 1.00000 iter 5 3.296275e-02 3.983925e-02    1.680558e-03
0   5 1.000 1.00000 iter 6 1.058969e-03 8.560634e-04    1.682254e-03
0   5 1.000 1.00000 iter 7 1.315531e-04 1.268802e-05    1.681035e-03
0   5 1.000 1.00000 iter 8 5.986328e-05 5.953258e-07    1.681211e-03
Element data written 1.000000
Nodal data written 1.000000
Restart data written 1.000000
last iteration data
    1, 0.2000,   13
    2, 0.4000,    9
    3, 0.6000,    9
    4, 0.8000,    8
    5, 1.0000,    8
total comp time 1 seconds
