Time   1.0000
El      1    B23E                                   PROP1                                    MAT1              RCBEAM      1      2      3
   0.0564   0.0000  -2.4823e-04  -2.8517e-05  -7.9858e-01  -1.3217e-03  -2.4395e-01  -2.5394e-01
   0.2500   0.0000  -2.4830e-04  -1.1954e-04  -7.9872e-01  -5.5402e-03  -2.3037e-01  -2.7221e-01
   0.4436   0.0000  -2.4837e-04  -2.1056e-04  -7.9879e-01  -9.7585e-03  -2.1678e-01  -2.9048e-01
El      2    B23E                                   PROP1                                    MAT1              RCBEAM      3      4      5
   0.5564   0.0000  -2.4843e-04  -2.6079e-04  -7.9885e-01  -1.2086e-02  -2.0931e-01  -3.0058e-01
   0.7500   0.0000  -2.4854e-04  -3.4236e-04  -7.9898e-01  -1.5866e-02  -1.9719e-01  -3.1702e-01
   0.9436   0.0000  -2.4866e-04  -4.2393e-04  -7.9904e-01  -1.9645e-02  -1.8507e-01  -3.3345e-01
El      3    B23E                                   PROP1                                    MAT1              RCBEAM      5      6      7
   1.0564   0.0000  -2.4874e-04  -4.6865e-04  -7.9909e-01  -2.1717e-02  -1.7845e-01  -3.4247e-01
   1.2500   0.0000  -2.4889e-04  -5.4074e-04  -7.9920e-01  -2.5056e-02  -1.6778e-01  -3.5704e-01
   1.4436   0.0000  -2.4904e-04  -6.1283e-04  -7.9926e-01  -2.8394e-02  -1.5712e-01  -3.7161e-01
El      4    B23E                                   PROP1                                    MAT1              RCBEAM      7      8      9
   1.5564   0.0000  -2.4914e-04  -6.5203e-04  -7.9931e-01  -3.0209e-02  -1.5133e-01  -3.7954e-01
   1.7500   0.0000  -2.4930e-04  -7.1460e-04  -7.9940e-01  -3.3106e-02  -1.4211e-01  -3.9222e-01
   1.9436   0.0000  -2.4947e-04  -7.7718e-04  -7.9945e-01  -3.6003e-02  -1.3289e-01  -4.0490e-01
El      5    B23E                                   PROP1                                    MAT1              RCBEAM      9     10     11
   2.0564   0.0000  -2.4956e-04  -8.1082e-04  -7.9950e-01  -3.7560e-02  -1.2794e-01  -4.1173e-01
   2.2500   0.0000  -2.4973e-04  -8.6384e-04  -7.9957e-01  -4.0013e-02  -1.2015e-01  -4.2250e-01
   2.4436   0.0000  -2.4989e-04  -9.1687e-04  -7.9962e-01  -4.2466e-02  -1.1236e-01  -4.3327e-01
El      6    B23E                                   PROP1                                    MAT1              RCBEAM     11     12     13
   2.5564   0.0000  -2.4999e-04  -9.4494e-04  -7.9965e-01  -4.3765e-02  -1.0825e-01  -4.3898e-01
   2.7500   0.0000  -2.5014e-04  -9.8838e-04  -7.9971e-01  -4.5774e-02  -1.0188e-01  -4.4782e-01
   2.9436   0.0000  -2.5029e-04  -1.0318e-03  -7.9975e-01  -4.7782e-02  -9.5519e-02  -4.5665e-01
El      7    B23E                                   PROP1                                    MAT1              RCBEAM     13     14     15
   3.0564   0.0000  -2.5037e-04  -1.0543e-03  -7.9978e-01  -4.8822e-02  -9.2229e-02  -4.6124e-01
   3.2500   0.0000  -2.5050e-04  -1.0881e-03  -7.9983e-01  -5.0385e-02  -8.7285e-02  -4.6813e-01
   3.4436   0.0000  -2.5063e-04  -1.1219e-03  -7.9986e-01  -5.1948e-02  -8.2341e-02  -4.7502e-01
El      8    B23E                                   PROP1                                    MAT1              RCBEAM     15     16     17
   3.5564   0.0000  -2.5070e-04  -1.1388e-03  -7.9988e-01  -5.2728e-02  -7.9876e-02  -4.7847e-01
   3.7500   0.0000  -2.5080e-04  -1.1630e-03  -7.9991e-01  -5.3846e-02  -7.6347e-02  -4.8340e-01
   3.9436   0.0000  -2.5090e-04  -1.1872e-03  -7.9994e-01  -5.4963e-02  -7.2819e-02  -4.8833e-01
El      9    B23E                                   PROP1                                    MAT1              RCBEAM     17     18     19
   4.0564   0.0000  -2.5094e-04  -1.1984e-03  -7.9995e-01  -5.5483e-02  -7.1176e-02  -4.9063e-01
   4.2500   0.0000  -2.5100e-04  -1.2130e-03  -7.9997e-01  -5.6153e-02  -6.9060e-02  -4.9360e-01
   4.4436   0.0000  -2.5107e-04  -1.2275e-03  -7.9998e-01  -5.6824e-02  -6.6944e-02  -4.9656e-01
El     10    B23E                                   PROP1                                    MAT1              RCBEAM     19     20     21
   4.5564   0.0000  -2.5109e-04  -1.2331e-03  -7.9999e-01  -5.7084e-02  -6.6124e-02  -4.9771e-01
   4.7500   0.0000  -2.5111e-04  -1.2379e-03  -8.0000e-01  -5.7308e-02  -6.5418e-02  -4.9870e-01
   4.9436   0.0000  -2.5113e-04  -1.2428e-03  -8.0000e-01  -5.7531e-02  -6.4713e-02  -4.9969e-01
El     11    B23E                                   PROP1                                    MAT1              RCBEAM     21     22     23
   5.0564   0.0000  -2.5113e-04  -1.2428e-03  -8.0000e-01  -5.7531e-02  -6.4713e-02  -4.9969e-01
   5.2500   0.0000  -2.5111e-04  -1.2379e-03  -8.0000e-01  -5.7308e-02  -6.5418e-02  -4.9870e-01
   5.4436   0.0000  -2.5109e-04  -1.2331e-03  -7.9999e-01  -5.7084e-02  -6.6124e-02  -4.9771e-01
El     12    B23E                                   PROP1                                    MAT1              RCBEAM     23     24     25
   5.5564   0.0000  -2.5107e-04  -1.2275e-03  -7.9998e-01  -5.6824e-02  -6.6944e-02  -4.9656e-01
   5.7500   0.0000  -2.5100e-04  -1.2130e-03  -7.9997e-01  -5.6153e-02  -6.9060e-02  -4.9360e-01
   5.9436   0.0000  -2.5094e-04  -1.1984e-03  -7.9995e-01  -5.5483e-02  -7.1176e-02  -4.9063e-01
El     13    B23E                                   PROP1                                    MAT1              RCBEAM     25     26     27
   6.0564   0.0000  -2.5090e-04  -1.1872e-03  -7.9994e-01  -5.4963e-02  -7.2819e-02  -4.8833e-01
   6.2500   0.0000  -2.5080e-04  -1.1630e-03  -7.9991e-01  -5.3846e-02  -7.6347e-02  -4.8340e-01
   6.4436   0.0000  -2.5070e-04  -1.1388e-03  -7.9988e-01  -5.2728e-02  -7.9876e-02  -4.7847e-01
El     14    B23E                                   PROP1                                    MAT1              RCBEAM     27     28     29
   6.5564   0.0000  -2.5063e-04  -1.1219e-03  -7.9986e-01  -5.1948e-02  -8.2341e-02  -4.7502e-01
   6.7500   0.0000  -2.5050e-04  -1.0881e-03  -7.9983e-01  -5.0385e-02  -8.7285e-02  -4.6813e-01
   6.9436   0.0000  -2.5037e-04  -1.0543e-03  -7.9978e-01  -4.8822e-02  -9.2229e-02  -4.6124e-01
El     15    B23E                                   PROP1                                    MAT1              RCBEAM     29     30     31
   7.0564   0.0000  -2.5029e-04  -1.0318e-03  -7.9975e-01  -4.7782e-02  -9.5519e-02  -4.5665e-01
   7.2500   0.0000  -2.5014e-04  -9.8838e-04  -7.9971e-01  -4.5774e-02  -1.0188e-01  -4.4782e-01
   7.4436   0.0000  -2.4999e-04  -9.4494e-04  -7.9965e-01  -4.3765e-02  -1.0825e-01  -4.3898e-01
El     16    B23E                                   PROP1                                    MAT1              RCBEAM     31     32     33
   7.5564   0.0000  -2.4989e-04  -9.1687e-04  -7.9962e-01  -4.2466e-02  -1.1236e-01  -4.3327e-01
   7.7500   0.0000  -2.4973e-04  -8.6384e-04  -7.9957e-01  -4.0013e-02  -1.2015e-01  -4.2250e-01
   7.9436   0.0000  -2.4956e-04  -8.1082e-04  -7.9950e-01  -3.7560e-02  -1.2794e-01  -4.1173e-01
El     17    B23E                                   PROP1                                    MAT1              RCBEAM     33     34     35
   8.0564   0.0000  -2.4947e-04  -7.7718e-04  -7.9945e-01  -3.6003e-02  -1.3289e-01  -4.0490e-01
   8.2500   0.0000  -2.4930e-04  -7.1460e-04  -7.9940e-01  -3.3106e-02  -1.4211e-01  -3.9222e-01
   8.4436   0.0000  -2.4914e-04  -6.5203e-04  -7.9931e-01  -3.0209e-02  -1.5133e-01  -3.7954e-01
El     18    B23E                                   PROP1                                    MAT1              RCBEAM     35     36     37
   8.5564   0.0000  -2.4904e-04  -6.1283e-04  -7.9926e-01  -2.8394e-02  -1.5712e-01  -3.7161e-01
   8.7500   0.0000  -2.4889e-04  -5.4074e-04  -7.9920e-01  -2.5056e-02  -1.6778e-01  -3.5704e-01
   8.9436   0.0000  -2.4874e-04  -4.6865e-04  -7.9909e-01  -2.1717e-02  -1.7845e-01  -3.4247e-01
El     19    B23E                                   PROP1                                    MAT1              RCBEAM     37     38     39
   9.0564   0.0000  -2.4866e-04  -4.2393e-04  -7.9904e-01  -1.9645e-02  -1.8507e-01  -3.3345e-01
   9.2500   0.0000  -2.4854e-04  -3.4236e-04  -7.9898e-01  -1.5866e-02  -1.9719e-01  -3.1702e-01
   9.4436   0.0000  -2.4843e-04  -2.6079e-04  -7.9885e-01  -1.2086e-02  -2.0931e-01  -3.0058e-01
El     20    B23E                                   PROP1                                    MAT1              RCBEAM     39     40     41
   9.5564   0.0000  -2.4837e-04  -2.1056e-04  -7.9879e-01  -9.7585e-03  -2.1678e-01  -2.9048e-01
   9.7500   0.0000  -2.4830e-04  -1.1954e-04  -7.9872e-01  -5.5402e-03  -2.3037e-01  -2.7221e-01
   9.9436   0.0000  -2.4823e-04  -2.8517e-05  -7.9858e-01  -1.3217e-03  -2.4395e-01  -2.5394e-01
Time   2.0000
El      1    B23E                                   PROP1                                    MAT1              RCBEAM      1      2      3
   0.0564   0.0000  -2.4802e-04   1.5835e-04  -7.9779e-01   7.3392e-03  -2.2427e-01  -2.7969e-01
   0.2500   0.0000  -2.4971e-04   6.6237e-04  -8.0103e-01   3.0684e-02  -1.5035e-01  -3.8218e-01
   0.4436   0.0000  -2.5140e-04   1.1664e-03  -8.0174e-01   5.3995e-02  -7.6437e-02  -4.8467e-01
El      2    B23E                                   PROP1                                    MAT1              RCBEAM      3      4      5
   0.5564   0.0000  -2.5450e-04   1.4367e-03  -8.1059e-01   6.5935e-02  -3.8993e-02  -5.4185e-01
   0.7500   0.0000  -2.3905e-04   2.1182e-03  -8.0482e-01   8.8400e-02   7.8674e-02  -6.6269e-01
   0.9436   0.0000  -2.2360e-04   2.7996e-03  -8.2791e-01   1.0677e-01   1.9634e-01  -7.8352e-01
El      3    B23E                                   PROP1                                    MAT1              RCBEAM      5      6      7
   1.0564   0.0000  -2.0224e-04   3.3037e-03  -8.3125e-01   1.1841e-01   2.9332e-01  -8.6299e-01
   1.2500   0.0000  -1.6782e-04   4.0974e-03  -8.4423e-01   1.3574e-01   4.4678e-01  -9.8730e-01
   1.4436   0.0000  -1.3341e-04   4.8910e-03  -8.6298e-01   1.5242e-01   6.0024e-01  -1.1116e+00
El      4    B23E                                   PROP1                                    MAT1              RCBEAM      7      8      9
   1.5564   0.0000  -1.1268e-04   5.3358e-03  -8.7211e-01   1.6141e-01   6.8768e-01  -1.1798e+00
   1.7500   0.0000  -8.1737e-05   6.0298e-03  -8.8975e-01   1.7533e-01   8.2273e-01  -1.2877e+00
   1.9436   0.0000  -5.0793e-05   6.7238e-03  -9.0762e-01   1.8895e-01   9.5778e-01  -1.3956e+00
El      5    B23E                                   PROP1                                    MAT1              RCBEAM      9     10     11
   2.0564   0.0000  -3.4978e-05   7.0905e-03  -9.1782e-01   1.9609e-01   1.0286e+00  -1.4531e+00
   2.2500   0.0000  -1.1952e-05   7.6566e-03  -9.3534e-01   2.0707e-01   1.1365e+00  -1.5433e+00
   2.4436   0.0000   1.1073e-05   8.2226e-03  -9.5209e-01   2.1784e-01   1.2445e+00  -1.6334e+00
El      6    B23E                                   PROP1                                    MAT1              RCBEAM     11     12     13
   2.5564   0.0000   2.2127e-05   8.5147e-03  -9.6164e-01   2.2338e-01   1.2993e+00  -1.6808e+00
   2.7500   0.0000   3.7834e-05   8.9587e-03  -9.7722e-01   2.3179e-01   1.3816e+00  -1.7539e+00
   2.9436   0.0000   5.3542e-05   9.4026e-03  -9.9200e-01   2.4004e-01   1.4639e+00  -1.8270e+00
El      7    B23E                                   PROP1                                    MAT1              RCBEAM     13     14     15
   3.0564   0.0000   6.0761e-05   9.6268e-03  -1.0002e+00   2.4421e-01   1.5048e+00  -1.8646e+00
   3.2500   0.0000   7.0757e-05   9.9596e-03  -1.0129e+00   2.5037e-01   1.5647e+00  -1.9212e+00
   3.4436   0.0000   8.0754e-05   1.0292e-02  -1.0250e+00   2.5643e-01   1.6246e+00  -1.9777e+00
El      8    B23E                                   PROP1                                    MAT1              RCBEAM     15     16     17
   3.5564   0.0000   8.5145e-05   1.0455e-02  -1.0314e+00   2.5939e-01   1.6534e+00  -2.0058e+00
   3.7500   0.0000   9.1013e-05   1.0686e-02  -1.0408e+00   2.6358e-01   1.6939e+00  -2.0462e+00
   3.9436   0.0000   9.6882e-05   1.0917e-02  -1.0498e+00   2.6771e-01   1.7344e+00  -2.0865e+00
El      9    B23E                                   PROP1                                    MAT1              RCBEAM     17     18     19
   4.0564   0.0000   9.9304e-05   1.1023e-02  -1.0541e+00   2.6961e-01   1.7527e+00  -2.1053e+00
   4.2500   0.0000   1.0230e-04   1.1159e-02  -1.0598e+00   2.7203e-01   1.7761e+00  -2.1295e+00
   4.4436   0.0000   1.0529e-04   1.1295e-02  -1.0654e+00   2.7444e-01   1.7995e+00  -2.1537e+00
El     10    B23E                                   PROP1                                    MAT1              RCBEAM     19     20     21
   4.5564   0.0000   1.0635e-04   1.1347e-02  -1.0676e+00   2.7536e-01   1.8084e+00  -2.1631e+00
   4.7500   0.0000   1.0725e-04   1.1392e-02  -1.0695e+00   2.7615e-01   1.8161e+00  -2.1712e+00
   4.9436   0.0000   1.0816e-04   1.1437e-02  -1.0714e+00   2.7694e-01   1.8237e+00  -2.1792e+00
El     11    B23E                                   PROP1                                    MAT1              RCBEAM     21     22     23
   5.0564   0.0000   1.0816e-04   1.1437e-02  -1.0714e+00   2.7694e-01   1.8237e+00  -2.1792e+00
   5.2500   0.0000   1.0725e-04   1.1392e-02  -1.0695e+00   2.7615e-01   1.8161e+00  -2.1712e+00
   5.4436   0.0000   1.0634e-04   1.1347e-02  -1.0676e+00   2.7536e-01   1.8084e+00  -2.1631e+00
El     12    B23E                                   PROP1                                    MAT1              RCBEAM     23     24     25
   5.5564   0.0000   1.0529e-04   1.1295e-02  -1.0654e+00   2.7444e-01   1.7995e+00  -2.1537e+00
   5.7500   0.0000   1.0230e-04   1.1159e-02  -1.0598e+00   2.7203e-01   1.7761e+00  -2.1295e+00
   5.9436   0.0000   9.9307e-05   1.1023e-02  -1.0541e+00   2.6961e-01   1.7527e+00  -2.1053e+00
El     13    B23E                                   PROP1                                    MAT1              RCBEAM     25     26     27
   6.0564   0.0000   9.6886e-05   1.0917e-02  -1.0498e+00   2.6771e-01   1.7344e+00  -2.0865e+00
   6.2500   0.0000   9.1015e-05   1.0686e-02  -1.0408e+00   2.6358e-01   1.6939e+00  -2.0462e+00
   6.4436   0.0000   8.5144e-05   1.0455e-02  -1.0314e+00   2.5939e-01   1.6534e+00  -2.0058e+00
El     14    B23E                                   PROP1                                    MAT1              RCBEAM     27     28     29
   6.5564   0.0000   8.0751e-05   1.0292e-02  -1.0250e+00   2.5643e-01   1.6246e+00  -1.9777e+00
   6.7500   0.0000   7.0756e-05   9.9596e-03  -1.0129e+00   2.5037e-01   1.5647e+00  -1.9212e+00
   6.9436   0.0000   6.0761e-05   9.6268e-03  -1.0002e+00   2.4421e-01   1.5048e+00  -1.8646e+00
El     15    B23E                                   PROP1                                    MAT1              RCBEAM     29     30     31
   7.0564   0.0000   5.3542e-05   9.4026e-03  -9.9200e-01   2.4004e-01   1.4639e+00  -1.8270e+00
   7.2500   0.0000   3.7834e-05   8.9587e-03  -9.7722e-01   2.3179e-01   1.3816e+00  -1.7539e+00
   7.4436   0.0000   2.2127e-05   8.5147e-03  -9.6164e-01   2.2338e-01   1.2993e+00  -1.6808e+00
El     16    B23E                                   PROP1                                    MAT1              RCBEAM     31     32     33
   7.5564   0.0000   1.1073e-05   8.2226e-03  -9.5209e-01   2.1784e-01   1.2445e+00  -1.6334e+00
   7.7500   0.0000  -1.1952e-05   7.6566e-03  -9.3534e-01   2.0707e-01   1.1365e+00  -1.5433e+00
   7.9436   0.0000  -3.4978e-05   7.0905e-03  -9.1782e-01   1.9609e-01   1.0286e+00  -1.4531e+00
El     17    B23E                                   PROP1                                    MAT1              RCBEAM     33     34     35
   8.0564   0.0000  -5.0793e-05   6.7238e-03  -9.0762e-01   1.8895e-01   9.5778e-01  -1.3956e+00
   8.2500   0.0000  -8.1737e-05   6.0298e-03  -8.8975e-01   1.7533e-01   8.2273e-01  -1.2877e+00
   8.4436   0.0000  -1.1268e-04   5.3358e-03  -8.7211e-01   1.6141e-01   6.8768e-01  -1.1798e+00
El     18    B23E                                   PROP1                                    MAT1              RCBEAM     35     36     37
   8.5564   0.0000  -1.3341e-04   4.8910e-03  -8.6298e-01   1.5242e-01   6.0024e-01  -1.1116e+00
   8.7500   0.0000  -1.6782e-04   4.0974e-03  -8.4423e-01   1.3574e-01   4.4678e-01  -9.8730e-01
   8.9436   0.0000  -2.0224e-04   3.3037e-03  -8.3125e-01   1.1841e-01   2.9332e-01  -8.6299e-01
El     19    B23E                                   PROP1                                    MAT1              RCBEAM     37     38     39
   9.0564   0.0000  -2.2360e-04   2.7996e-03  -8.2791e-01   1.0677e-01   1.9634e-01  -7.8352e-01
   9.2500   0.0000  -2.3905e-04   2.1182e-03  -8.0482e-01   8.8400e-02   7.8674e-02  -6.6269e-01
   9.4436   0.0000  -2.5450e-04   1.4367e-03  -8.1059e-01   6.5935e-02  -3.8993e-02  -5.4185e-01
El     20    B23E                                   PROP1                                    MAT1              RCBEAM     39     40     41
   9.5564   0.0000  -2.5140e-04   1.1664e-03  -8.0174e-01   5.3995e-02  -7.6437e-02  -4.8467e-01
   9.7500   0.0000  -2.4971e-04   6.6237e-04  -8.0103e-01   3.0684e-02  -1.5035e-01  -3.8218e-01
   9.9436   0.0000  -2.4802e-04   1.5835e-04  -7.9779e-01   7.3392e-03  -2.2427e-01  -2.7969e-01
