Time   0.0100
El      1    B23E                                   PROP1                                    MAT1              RCBEAM      1      2      3
   0.0282   0.0000  -4.6857e-06   3.4290e-06  -1.5468e-02   1.6676e-04  -4.1713e-03  -5.3715e-03
   0.1250   0.0000  -5.3770e-06   1.6029e-05  -1.7748e-02   7.7940e-04  -2.9727e-03  -8.5828e-03
   0.2218   0.0000  -6.0683e-06   2.8629e-05  -2.0026e-02   1.3919e-03  -1.7740e-03  -1.1794e-02
El      2    B23E                                   PROP1                                    MAT1              RCBEAM      3      4      5
   0.2782   0.0000  -6.8707e-06   3.5426e-05  -2.2675e-02   1.7212e-03  -1.5569e-03  -1.3956e-02
   0.3750   0.0000  -7.3834e-06   6.1035e-05  -2.5685e-02   2.7341e-03   1.7719e-03  -1.9590e-02
   0.4718   0.0000  -7.8960e-06   8.6644e-05  -2.9621e-02   3.6207e-03   5.1006e-03  -2.5225e-02
El      3    B23E                                   PROP1                                    MAT1              RCBEAM      5      6      7
   0.5282   0.0000  -7.3293e-06   1.1348e-04  -3.1422e-02   4.3842e-03   9.6924e-03  -3.0025e-02
   0.6250   0.0000  -2.7129e-06   1.9135e-04  -3.1986e-02   6.1015e-03   2.5990e-02  -4.0984e-02
   0.7218   0.0000   1.9035e-06   2.6923e-04  -3.3973e-02   7.7831e-03   4.2288e-02  -5.1943e-02
El      4    B23E                                   PROP1                                    MAT1              RCBEAM      7      8      9
   0.7782   0.0000   7.1318e-06   3.3481e-04  -3.3657e-02   9.0148e-03   5.7353e-02  -5.9830e-02
   0.8750   0.0000   1.8533e-05   4.6898e-04  -3.2704e-02   1.1458e-02   8.8879e-02  -7.5263e-02
   0.9718   0.0000   2.9934e-05   6.0315e-04  -3.2340e-02   1.3920e-02   1.2041e-01  -9.0695e-02
El      5    B23E                                   PROP1                                    MAT1              RCBEAM      9     10     11
   1.0282   0.0000   3.8239e-05   6.9542e-04  -3.1549e-02   1.5561e-02   1.4255e-01  -1.0085e-01
   1.1250   0.0000   5.3209e-05   8.6830e-04  -3.1171e-02   1.8720e-02   1.8345e-01  -1.2045e-01
   1.2218   0.0000   6.8178e-05   1.0412e-03  -3.0928e-02   2.1884e-02   2.2435e-01  -1.4006e-01
El      6    B23E                                   PROP1                                    MAT1              RCBEAM     11     12     13
   1.2782   0.0000   7.7442e-05   1.1516e-03  -3.1237e-02   2.3944e-02   2.5019e-01  -1.5289e-01
   1.3750   0.0000   9.2549e-05   1.3395e-03  -3.2687e-02   2.7524e-02   2.9348e-01  -1.7536e-01
   1.4718   0.0000   1.0766e-04   1.5274e-03  -3.4125e-02   3.1099e-02   3.3677e-01  -1.9782e-01
El      7    B23E                                   PROP1                                    MAT1              RCBEAM     13     14     15
   1.5282   0.0000   1.1587e-04   1.6347e-03  -3.5516e-02   3.3188e-02   3.6107e-01  -2.1107e-01
   1.6250   0.0000   1.3010e-04   1.8142e-03  -3.7124e-02   3.6619e-02   4.0223e-01  -2.3273e-01
   1.7218   0.0000   1.4434e-04   1.9937e-03  -3.8706e-02   4.0044e-02   4.4339e-01  -2.5439e-01
El      8    B23E                                   PROP1                                    MAT1              RCBEAM     15     16     17
   1.7782   0.0000   1.5298e-04   2.0982e-03  -3.9148e-02   4.1997e-02   4.6771e-01  -2.6667e-01
   1.8750   0.0000   1.6769e-04   2.2734e-03  -3.9540e-02   4.5238e-02   5.0871e-01  -2.8700e-01
   1.9718   0.0000   1.8241e-04   2.4486e-03  -3.9913e-02   4.8474e-02   5.4970e-01  -3.0732e-01
El      9    B23E                                   PROP1                                    MAT1              RCBEAM     17     18     19
   2.0282   0.0000   1.9019e-04   2.5434e-03  -4.0341e-02   5.0242e-02   5.7170e-01  -3.1849e-01
   2.1250   0.0000   2.0242e-04   2.6978e-03  -4.1636e-02   5.3174e-02   6.0709e-01  -3.3715e-01
   2.2218   0.0000   2.1465e-04   2.8523e-03  -4.2906e-02   5.6102e-02   6.4249e-01  -3.5581e-01
El     10    B23E                                   PROP1                                    MAT1              RCBEAM     19     20     21
   2.2782   0.0000   2.2196e-04   2.9423e-03  -4.3380e-02   5.7785e-02   6.6331e-01  -3.6650e-01
   2.3750   0.0000   2.3608e-04   3.1060e-03  -4.3153e-02   6.0751e-02   7.0199e-01  -3.8513e-01
   2.4718   0.0000   2.5019e-04   3.2698e-03  -4.2909e-02   6.3713e-02   7.4066e-01  -4.0376e-01
El     11    B23E                                   PROP1                                    MAT1              RCBEAM     21     22     23
   2.5282   0.0000   2.4930e-04   3.2568e-03  -4.2636e-02   6.3453e-02   7.3782e-01  -4.0206e-01
   2.6250   0.0000   2.3255e-04   3.0538e-03  -4.1934e-02   5.9695e-02   6.9063e-01  -3.7822e-01
   2.7218   0.0000   2.1581e-04   2.8509e-03  -4.1194e-02   5.5930e-02   6.4344e-01  -3.5437e-01
El     12    B23E                                   PROP1                                    MAT1              RCBEAM     23     24     25
   2.7782   0.0000   2.0712e-04   2.7402e-03  -4.0186e-02   5.3824e-02   6.1815e-01  -3.4092e-01
   2.8750   0.0000   1.9403e-04   2.5648e-03  -3.7646e-02   5.0403e-02   5.7874e-01  -3.1893e-01
   2.9718   0.0000   1.8094e-04   2.3893e-03  -3.5068e-02   4.6975e-02   5.3934e-01  -2.9693e-01
El     13    B23E                                   PROP1                                    MAT1              RCBEAM     25     26     27
   3.0282   0.0000   1.7369e-04   2.2914e-03  -3.3531e-02   4.5052e-02   5.1741e-01  -2.8460e-01
   3.1250   0.0000   1.6017e-04   2.1194e-03  -3.1860e-02   4.1759e-02   4.7807e-01  -2.6370e-01
   3.2218   0.0000   1.4665e-04   1.9473e-03  -3.0159e-02   3.8460e-02   4.3874e-01  -2.4281e-01
El     14    B23E                                   PROP1                                    MAT1              RCBEAM     27     28     29
   3.2782   0.0000   1.3866e-04   1.8485e-03  -2.9474e-02   3.6591e-02   4.1594e-01  -2.3104e-01
   3.3750   0.0000   1.2753e-04   1.6940e-03  -2.6536e-02   3.3503e-02   3.8163e-01  -2.1127e-01
   3.4718   0.0000   1.1640e-04   1.5395e-03  -2.3569e-02   3.0411e-02   3.4732e-01  -1.9149e-01
El     15    B23E                                   PROP1                                    MAT1              RCBEAM     29     30     31
   3.5282   0.0000   1.1107e-04   1.4553e-03  -2.0954e-02   2.8640e-02   3.2937e-01  -1.8000e-01
   3.6250   0.0000   1.0088e-04   1.3109e-03  -1.7849e-02   2.5718e-02   2.9752e-01  -1.6130e-01
   3.7218   0.0000   9.0696e-05   1.1665e-03  -1.4722e-02   2.2791e-02   2.6566e-01  -1.4259e-01
El     16    B23E                                   PROP1                                    MAT1              RCBEAM     31     32     33
   3.7782   0.0000   8.4603e-05   1.0849e-03  -1.3410e-02   2.1177e-02   2.4735e-01  -1.3239e-01
   3.8750   0.0000   7.4318e-05   9.5747e-04  -1.2362e-02   1.8740e-02   2.1794e-01  -1.1718e-01
   3.9718   0.0000   6.4032e-05   8.2999e-04  -1.1300e-02   1.6300e-02   1.8853e-01  -1.0197e-01
El     17    B23E                                   PROP1                                    MAT1              RCBEAM     33     34     35
   4.0282   0.0000   5.8004e-05   7.6215e-04  -1.1480e-02   1.5066e-02   1.7233e-01  -9.4425e-02
   4.1250   0.0000   4.8215e-05   6.5564e-04  -1.2221e-02   1.3168e-02   1.4656e-01  -8.2914e-02
   4.2218   0.0000   3.8425e-05   5.4914e-04  -1.2996e-02   1.1271e-02   1.2080e-01  -7.1404e-02
El     18    B23E                                   PROP1                                    MAT1              RCBEAM     35     36     37
   4.2782   0.0000   3.3043e-05   4.9305e-04  -1.3749e-02   1.0301e-02   1.0700e-01  -6.5568e-02
   4.3750   0.0000   2.5432e-05   4.0708e-04  -1.4045e-02   8.7389e-03   8.6494e-02  -5.5985e-02
   4.4718   0.0000   1.7820e-05   3.2111e-04  -1.4425e-02   7.1813e-03   6.5987e-02  -4.6403e-02
El     19    B23E                                   PROP1                                    MAT1              RCBEAM     37     38     39
   4.5282   0.0000   1.4315e-05   2.7736e-04  -1.4109e-02   6.3436e-03   5.5919e-02  -4.1156e-02
   4.6250   0.0000   1.0020e-05   2.1207e-04  -1.2238e-02   4.9735e-03   4.1830e-02  -3.2394e-02
   4.7218   0.0000   5.7242e-06   1.4678e-04  -1.0414e-02   3.6050e-03   2.7741e-02  -2.3632e-02
El     20    B23E                                   PROP1                                    MAT1              RCBEAM     39     40     41
   4.7782   0.0000   4.2308e-06   1.1487e-04  -8.5612e-03   2.8554e-03   2.1461e-02  -1.8743e-02
   4.8750   0.0000   2.2868e-06   6.4094e-05  -4.9026e-03   1.6039e-03   1.1901e-02  -1.0532e-02
   4.9718   0.0000   3.4288e-07   1.3321e-05  -1.2432e-03   3.5157e-04   2.3410e-03  -2.3213e-03
Time   0.0200
El      1    B23E                                   PROP1                                    MAT1              RCBEAM      1      2      3
   0.0282   0.0000  -1.0886e-05   3.9379e-05  -3.5907e-02   1.9129e-03  -4.9793e-03  -1.8762e-02
   0.1250   0.0000   1.6536e-05   3.8529e-04  -2.4802e-02   9.2450e-03   7.4329e-02  -6.0522e-02
   0.2218   0.0000   4.3958e-05   7.3120e-04  -2.7571e-02   1.5883e-02   1.5364e-01  -1.0228e-01
El      2    B23E                                   PROP1                                    MAT1              RCBEAM      3      4      5
   0.2782   0.0000   7.1175e-05   9.9023e-04  -2.0537e-02   2.0052e-02   2.1971e-01  -1.2687e-01
   0.3750   0.0000   1.0874e-04   1.3839e-03  -1.5795e-02   2.6882e-02   3.1633e-01  -1.6805e-01
   0.4718   0.0000   1.4630e-04   1.7776e-03  -1.1191e-02   3.3713e-02   4.1294e-01  -2.0923e-01
El      3    B23E                                   PROP1                                    MAT1              RCBEAM      5      6      7
   0.5282   0.0000   1.6691e-04   2.0000e-03  -9.3854e-03   3.7636e-02   4.6691e-01  -2.3310e-01
   0.6250   0.0000   1.9912e-04   2.3600e-03  -7.8847e-03   4.4101e-02   5.5311e-01  -2.7287e-01
   0.7218   0.0000   2.3133e-04   2.7199e-03  -6.2882e-03   5.0548e-02   6.3931e-01  -3.1265e-01
El      4    B23E                                   PROP1                                    MAT1              RCBEAM      7      8      9
   0.7782   0.0000   2.4838e-04   2.9176e-03  -6.1774e-03   5.4152e-02   6.8602e-01  -3.3514e-01
   0.8750   0.0000   2.7731e-04   3.2501e-03  -5.6018e-03   6.0171e-02   7.6483e-01  -3.7271e-01
   0.9718   0.0000   3.0624e-04   3.5826e-03  -4.9269e-03   6.6174e-02   8.4363e-01  -4.1028e-01
El      5    B23E                                   PROP1                                    MAT1              RCBEAM      9     10     11
   1.0282   0.0000   3.2286e-04   3.7719e-03  -4.3053e-03   6.9567e-02   8.8865e-01  -4.3152e-01
   1.1250   0.0000   3.4992e-04   4.0853e-03  -3.7831e-03   7.5221e-02   9.6271e-01  -4.6713e-01
   1.2218   0.0000   3.7697e-04   4.3986e-03  -3.1677e-03   8.0858e-02   1.0368e+00  -5.0275e-01
El      6    B23E                                   PROP1                                    MAT1              RCBEAM     11     12     13
   1.2782   0.0000   3.9177e-04   4.5748e-03  -3.3092e-03   8.4066e-02   1.0780e+00  -5.2320e-01
   1.3750   0.0000   4.1424e-04   4.8501e-03  -4.2625e-03   8.9133e-02   1.1418e+00  -5.5579e-01
   1.4718   0.0000   4.3671e-04   5.1254e-03  -5.1338e-03   9.4187e-02   1.2055e+00  -5.8838e-01
El      7    B23E                                   PROP1                                    MAT1              RCBEAM     13     14     15
   1.5282   0.0000   4.4784e-04   5.2669e-03  -6.0619e-03   9.6821e-02   1.2379e+00  -6.0554e-01
   1.6250   0.0000   4.6449e-04   5.4816e-03  -7.7419e-03   1.0084e-01   1.2867e+00  -6.3184e-01
   1.7218   0.0000   4.8114e-04   5.6964e-03  -9.3673e-03   1.0485e-01   1.3356e+00  -6.5814e-01
El      8    B23E                                   PROP1                                    MAT1              RCBEAM     15     16     17
   1.7782   0.0000   4.8910e-04   5.8059e-03  -1.0839e-02   1.0694e-01   1.3600e+00  -6.7209e-01
   1.8750   0.0000   5.0394e-04   6.0010e-03  -1.2587e-02   1.1060e-01   1.4041e+00  -6.9625e-01
   1.9718   0.0000   5.1878e-04   6.1960e-03  -1.4287e-02   1.1425e-01   1.4482e+00  -7.2042e-01
El      9    B23E                                   PROP1                                    MAT1              RCBEAM     17     18     19
   2.0282   0.0000   5.2795e-04   6.3101e-03  -1.4656e-02   1.1633e-01   1.4745e+00  -7.3407e-01
   2.1250   0.0000   5.4439e-04   6.5101e-03  -1.4811e-02   1.1993e-01   1.5209e+00  -7.5763e-01
   2.2218   0.0000   5.6083e-04   6.7101e-03  -1.4920e-02   1.2352e-01   1.5673e+00  -7.8119e-01
El     10    B23E                                   PROP1                                    MAT1              RCBEAM     19     20     21
   2.2782   0.0000   5.7093e-04   6.8310e-03  -1.4761e-02   1.2567e-01   1.5956e+00  -7.9526e-01
   2.3750   0.0000   5.8798e-04   7.0352e-03  -1.4477e-02   1.2930e-01   1.6433e+00  -8.1906e-01
   2.4718   0.0000   6.0503e-04   7.2395e-03  -1.4146e-02   1.3293e-01   1.6910e+00  -8.4287e-01
El     11    B23E                                   PROP1                                    MAT1              RCBEAM     21     22     23
   2.5282   0.0000   6.0590e-04   7.2452e-03  -1.3658e-02   1.3299e-01   1.6927e+00  -8.4314e-01
   2.6250   0.0000   5.9068e-04   7.0494e-03  -1.2595e-02   1.2940e-01   1.6481e+00  -8.1919e-01
   2.7218   0.0000   5.7546e-04   6.8535e-03  -1.1482e-02   1.2580e-01   1.6035e+00  -7.9524e-01
El     12    B23E                                   PROP1                                    MAT1              RCBEAM     23     24     25
   2.7782   0.0000   5.6574e-04   6.7311e-03  -1.1007e-02   1.2357e-01   1.5754e+00  -7.8047e-01
   2.8750   0.0000   5.4779e-04   6.5102e-03  -1.0624e-02   1.1958e-01   1.5243e+00  -7.5424e-01
   2.9718   0.0000   5.2984e-04   6.2893e-03  -1.0182e-02   1.1558e-01   1.4732e+00  -7.2801e-01
El     13    B23E                                   PROP1                                    MAT1              RCBEAM     25     26     27
   3.0282   0.0000   5.1888e-04   6.1540e-03  -9.8410e-03   1.1312e-01   1.4420e+00  -7.1191e-01
   3.1250   0.0000   4.9971e-04   5.9174e-03  -9.2052e-03   1.0881e-01   1.3873e+00  -6.8377e-01
   3.2218   0.0000   4.8053e-04   5.6808e-03  -8.5048e-03   1.0449e-01   1.3327e+00  -6.5563e-01
El     14    B23E                                   PROP1                                    MAT1              RCBEAM     27     28     29
   3.2782   0.0000   4.6890e-04   5.5417e-03  -8.5141e-03   1.0199e-01   1.3002e+00  -6.3945e-01
   3.3750   0.0000   4.4764e-04   5.2941e-03  -9.1672e-03   9.7574e-02   1.2418e+00  -6.1119e-01
   3.4718   0.0000   4.2637e-04   5.0466e-03  -9.7586e-03   9.3150e-02   1.1834e+00  -5.8294e-01
El     15    B23E                                   PROP1                                    MAT1              RCBEAM     29     30     31
   3.5282   0.0000   4.1308e-04   4.8945e-03  -1.0377e-02   9.0452e-02   1.1473e+00  -5.6582e-01
   3.6250   0.0000   3.8816e-04   4.6159e-03  -1.2178e-02   8.5559e-02   1.0805e+00  -5.3502e-01
   3.7218   0.0000   3.6324e-04   4.3373e-03  -1.3913e-02   8.0654e-02   1.0138e+00  -5.0421e-01
El     16    B23E                                   PROP1                                    MAT1              RCBEAM     31     32     33
   3.7782   0.0000   3.4832e-04   4.1701e-03  -1.4882e-02   7.7703e-02   9.7384e-01  -4.8570e-01
   3.8750   0.0000   3.2214e-04   3.8704e-03  -1.5826e-02   7.2338e-02   9.0270e-01  -4.5194e-01
   3.9718   0.0000   2.9597e-04   3.5707e-03  -1.6691e-02   6.6960e-02   8.3157e-01  -4.1817e-01
El     17    B23E                                   PROP1                                    MAT1              RCBEAM     33     34     35
   4.0282   0.0000   2.8011e-04   3.3868e-03  -1.6928e-02   6.3631e-02   7.8812e-01  -3.9725e-01
   4.1250   0.0000   2.5227e-04   3.0558e-03  -1.6351e-02   5.7545e-02   7.1063e-01  -3.5888e-01
   4.2218   0.0000   2.2444e-04   2.7247e-03  -1.5668e-02   5.1442e-02   6.3314e-01  -3.2050e-01
El     18    B23E                                   PROP1                                    MAT1              RCBEAM     35     36     37
   4.2782   0.0000   2.0793e-04   2.5235e-03  -1.4665e-02   4.7677e-02   5.8645e-01  -2.9676e-01
   4.3750   0.0000   1.7981e-04   2.1776e-03  -1.2525e-02   4.1161e-02   5.0644e-01  -2.5571e-01
   4.4718   0.0000   1.5168e-04   1.8317e-03  -1.0265e-02   3.4624e-02   4.2643e-01  -2.1465e-01
El     19    B23E                                   PROP1                                    MAT1              RCBEAM     37     38     39
   4.5282   0.0000   1.3538e-04   1.6294e-03  -8.7019e-03   3.0778e-02   3.7980e-01  -1.9051e-01
   4.6250   0.0000   1.0758e-04   1.2890e-03  -6.4585e-03   2.4327e-02   3.0092e-01  -1.5022e-01
   4.7218   0.0000   7.9769e-05   9.4851e-04  -4.1055e-03   1.7857e-02   2.2205e-01  -1.0993e-01
El     20    B23E                                   PROP1                                    MAT1              RCBEAM     39     40     41
   4.7782   0.0000   6.3673e-05   7.5412e-04  -2.9998e-03   1.4180e-02   1.7679e-01  -8.7151e-02
   4.8750   0.0000   3.5890e-05   4.2434e-04  -1.6681e-03   7.9822e-03   9.9541e-02  -4.8978e-02
   4.9718   0.0000   8.1073e-06   9.4556e-05  -2.4176e-04   1.7684e-03   2.2291e-02  -1.0804e-02
Time   0.0300
El      1    B23E                                   PROP1                                    MAT1              RCBEAM      1      2      3
   0.0282   0.0000   5.0644e-05   2.1369e-04   2.5457e-02   2.4167e-03   8.2697e-02   7.9071e-03
   0.1250   0.0000   8.1001e-05   6.0941e-04   3.1148e-02   8.5917e-03   1.7241e-01  -4.0882e-02
   0.2218   0.0000   1.1136e-04   1.0051e-03   2.8176e-02   1.6100e-02   2.6213e-01  -8.9670e-02
El      2    B23E                                   PROP1                                    MAT1              RCBEAM      3      4      5
   0.2782   0.0000   1.2926e-04   1.1988e-03   2.9638e-02   1.9537e-02   3.0908e-01  -1.1050e-01
   0.3750   0.0000   1.6031e-04   1.5578e-03   2.9805e-02   2.6126e-02   3.9399e-01  -1.5126e-01
   0.4718   0.0000   1.9136e-04   1.9169e-03   2.9917e-02   3.2713e-02   4.7889e-01  -1.9201e-01
El      3    B23E                                   PROP1                                    MAT1              RCBEAM      5      6      7
   0.5282   0.0000   2.1098e-04   2.1349e-03   3.0901e-02   3.6631e-02   5.3123e-01  -2.1600e-01
   0.6250   0.0000   2.4518e-04   2.5140e-03   3.2783e-02   4.3418e-02   6.2227e-01  -2.5762e-01
   0.7218   0.0000   2.7937e-04   2.8930e-03   3.4757e-02   5.0188e-02   7.1332e-01  -2.9923e-01
El      4    B23E                                   PROP1                                    MAT1              RCBEAM      7      8      9
   0.7782   0.0000   2.9932e-04   3.1156e-03   3.5800e-02   5.4170e-02   7.6667e-01  -3.2381e-01
   0.8750   0.0000   3.3095e-04   3.4841e-03   3.5937e-02   6.0887e-02   8.5356e-01  -3.6587e-01
   0.9718   0.0000   3.6257e-04   3.8525e-03   3.6177e-02   6.7585e-02   9.4045e-01  -4.0793e-01
El      5    B23E                                   PROP1                                    MAT1              RCBEAM      9     10     11
   1.0282   0.0000   3.7952e-04   4.0582e-03   3.5503e-02   7.1389e-02   9.8826e-01  -4.3212e-01
   1.1250   0.0000   4.0741e-04   4.4022e-03   3.3908e-02   7.7780e-02   1.0677e+00  -4.7303e-01
   1.2218   0.0000   4.3529e-04   4.7461e-03   3.2416e-02   8.4151e-02   1.1472e+00  -5.1393e-01
El      6    B23E                                   PROP1                                    MAT1              RCBEAM     11     12     13
   1.2782   0.0000   4.5078e-04   4.9420e-03   3.1134e-02   8.7811e-02   1.1921e+00  -5.3762e-01
   1.3750   0.0000   4.7887e-04   5.2889e-03   2.9759e-02   9.4209e-02   1.2722e+00  -5.7892e-01
   1.4718   0.0000   5.0696e-04   5.6359e-03   2.8505e-02   1.0059e-01   1.3523e+00  -6.2022e-01
El      7    B23E                                   PROP1                                    MAT1              RCBEAM     13     14     15
   1.5282   0.0000   5.2421e-04   5.8433e-03   2.8372e-02   1.0434e-01   1.4007e+00  -6.4444e-01
   1.6250   0.0000   5.5211e-04   6.1814e-03   2.7978e-02   1.1047e-01   1.4793e+00  -6.8416e-01
   1.7218   0.0000   5.8001e-04   6.5194e-03   2.7706e-02   1.1657e-01   1.5579e+00  -7.2388e-01
El      8    B23E                                   PROP1                                    MAT1              RCBEAM     15     16     17
   1.7782   0.0000   5.9436e-04   6.7045e-03   2.6505e-02   1.1999e-01   1.6000e+00  -7.4654e-01
   1.8750   0.0000   6.1571e-04   6.9896e-03   2.3821e-02   1.2533e-01   1.6641e+00  -7.8220e-01
   1.9718   0.0000   6.3706e-04   7.2746e-03   2.1237e-02   1.3065e-01   1.7283e+00  -8.1786e-01
El      9    B23E                                   PROP1                                    MAT1              RCBEAM     17     18     19
   2.0282   0.0000   6.4833e-04   7.4224e-03   2.0171e-02   1.3338e-01   1.7617e+00  -8.3616e-01
   2.1250   0.0000   6.6827e-04   7.6577e-03   2.0947e-02   1.3751e-01   1.8169e+00  -8.6327e-01
   2.2218   0.0000   6.8822e-04   7.8930e-03   2.1785e-02   1.4164e-01   1.8722e+00  -8.9038e-01
El     10    B23E                                   PROP1                                    MAT1              RCBEAM     19     20     21
   2.2782   0.0000   6.9954e-04   8.0180e-03   2.3130e-02   1.4376e-01   1.9022e+00  -9.0405e-01
   2.3750   0.0000   7.1805e-04   8.2216e-03   2.5422e-02   1.4719e-01   1.9513e+00  -9.2626e-01
   2.4718   0.0000   7.3656e-04   8.4252e-03   2.7754e-02   1.5062e-01   2.0003e+00  -9.4848e-01
El     11    B23E                                   PROP1                                    MAT1              RCBEAM     21     22     23
   2.5282   0.0000   7.3858e-04   8.4280e-03   2.9886e-02   1.5050e-01   2.0028e+00  -9.4701e-01
   2.6250   0.0000   7.2524e-04   8.2291e-03   3.3250e-02   1.4669e-01   1.9596e+00  -9.2057e-01
   2.7218   0.0000   7.1191e-04   8.0302e-03   3.6669e-02   1.4287e-01   1.9164e+00  -8.9413e-01
El     12    B23E                                   PROP1                                    MAT1              RCBEAM     23     24     25
   2.7782   0.0000   7.0260e-04   7.9046e-03   3.7804e-02   1.4054e-01   1.8883e+00  -8.7831e-01
   2.8750   0.0000   6.8227e-04   7.6597e-03   3.7470e-02   1.3619e-01   1.8312e+00  -8.4968e-01
   2.9718   0.0000   6.6193e-04   7.4149e-03   3.7204e-02   1.3184e-01   1.7742e+00  -8.2104e-01
El     13    B23E                                   PROP1                                    MAT1              RCBEAM     25     26     27
   3.0282   0.0000   6.4829e-04   7.2571e-03   3.6433e-02   1.2908e-01   1.7369e+00  -8.0312e-01
   3.1250   0.0000   6.2417e-04   6.9718e-03   3.5740e-02   1.2403e-01   1.6699e+00  -7.7019e-01
   3.2218   0.0000   6.0005e-04   6.6865e-03   3.5135e-02   1.1896e-01   1.6030e+00  -7.3726e-01
El     14    B23E                                   PROP1                                    MAT1              RCBEAM     27     28     29
   3.2782   0.0000   5.8476e-04   6.5113e-03   3.4242e-02   1.1588e-01   1.5615e+00  -7.1750e-01
   3.3750   0.0000   5.5702e-04   6.1979e-03   3.2237e-02   1.1041e-01   1.4867e+00  -6.8256e-01
   3.4718   0.0000   5.2928e-04   5.8845e-03   3.0325e-02   1.0492e-01   1.4120e+00  -6.4763e-01
El     15    B23E                                   PROP1                                    MAT1              RCBEAM     29     30     31
   3.5282   0.0000   5.1289e-04   5.6953e-03   2.9664e-02   1.0156e-01   1.3672e+00  -6.2616e-01
   3.6250   0.0000   4.8405e-04   5.3581e-03   2.8991e-02   9.5524e-02   1.2878e+00  -5.8756e-01
   3.7218   0.0000   4.5520e-04   5.0208e-03   2.8430e-02   8.9468e-02   1.2083e+00  -5.4897e-01
El     16    B23E                                   PROP1                                    MAT1              RCBEAM     31     32     33
   3.7782   0.0000   4.3791e-04   4.8176e-03   2.8259e-02   8.5800e-02   1.1606e+00  -5.2562e-01
   3.8750   0.0000   4.0417e-04   4.4388e-03   2.6200e-02   7.9099e-02   1.0700e+00  -4.8360e-01
   3.9718   0.0000   3.7042e-04   4.0600e-03   2.4269e-02   7.2376e-02   9.7941e-01  -4.4157e-01
El     17    B23E                                   PROP1                                    MAT1              RCBEAM     33     34     35
   4.0282   0.0000   3.4873e-04   3.8227e-03   2.2446e-02   6.8212e-02   9.2214e-01  -4.1581e-01
   4.1250   0.0000   3.1110e-04   3.4138e-03   1.9096e-02   6.1045e-02   8.2318e-01  -3.7167e-01
   4.2218   0.0000   2.7347e-04   3.0050e-03   1.5878e-02   5.3856e-02   7.2422e-01  -3.2752e-01
El     18    B23E                                   PROP1                                    MAT1              RCBEAM     35     36     37
   4.2782   0.0000   2.5107e-04   2.7652e-03   1.3649e-02   4.9662e-02   6.6585e-01  -3.0196e-01
   4.3750   0.0000   2.1365e-04   2.3670e-03   9.7381e-03   4.2711e-02   5.6870e-01  -2.5975e-01
   4.4718   0.0000   1.7623e-04   1.9689e-03   5.9347e-03   3.5740e-02   4.7156e-01  -2.1755e-01
El     19    B23E                                   PROP1                                    MAT1              RCBEAM     37     38     39
   4.5282   0.0000   1.5496e-04   1.7441e-03   3.6571e-03   3.1812e-02   4.1657e-01  -1.9386e-01
   4.6250   0.0000   1.2087e-04   1.3726e-03   1.2979e-03   2.5190e-02   3.2676e-01  -1.5365e-01
   4.7218   0.0000   8.6773e-05   1.0011e-03  -9.6993e-04   1.8552e-02   2.3694e-01  -1.1345e-01
El     20    B23E                                   PROP1                                    MAT1              RCBEAM     39     40     41
   4.7782   0.0000   6.8438e-05   7.9400e-04  -1.3329e-03   1.4769e-02   1.8754e-01  -9.0363e-02
   4.8750   0.0000   3.8373e-05   4.4624e-04  -9.3038e-04   8.3218e-03   1.0531e-01  -5.0876e-02
   4.9718   0.0000   8.3084e-06   9.8487e-05  -4.2911e-04   1.8574e-03   2.3081e-02  -1.1389e-02
Time   0.0400
El      1    B23E                                   PROP1                                    MAT1              RCBEAM      1      2      3
   0.0282   0.0000   8.2548e-05   8.2935e-05   4.1493e-02   9.3798e-04   9.4988e-02   6.5961e-02
   0.1250   0.0000   8.1559e-05   2.9741e-04   4.0996e-02   3.3636e-03   1.2617e-01   2.2077e-02
   0.2218   0.0000   8.0570e-05   5.1189e-04   3.7253e-02   6.3924e-03   1.5735e-01  -2.1807e-02
El      2    B23E                                   PROP1                                    MAT1              RCBEAM      3      4      5
   0.2782   0.0000   8.4656e-05   5.9235e-04   3.5815e-02   7.9186e-03   1.7351e-01  -3.3814e-02
   0.3750   0.0000   1.0038e-04   7.8455e-04   3.6263e-02   1.1371e-02   2.1806e-01  -5.6532e-02
   0.4718   0.0000   1.1610e-04   9.7676e-04   3.5996e-02   1.4914e-02   2.6262e-01  -7.9250e-02
El      3    B23E                                   PROP1                                    MAT1              RCBEAM      5      6      7
   0.5282   0.0000   1.2763e-04   1.1049e-03   3.6758e-02   1.7203e-02   2.9337e-01  -9.3350e-02
   0.6250   0.0000   1.4411e-04   1.3032e-03   3.6299e-02   2.0887e-02   3.3959e-01  -1.1654e-01
   0.7218   0.0000   1.6058e-04   1.5016e-03   3.5712e-02   2.4584e-02   3.8582e-01  -1.3974e-01
El      4    B23E                                   PROP1                                    MAT1              RCBEAM      7      8      9
   0.7782   0.0000   1.6910e-04   1.6099e-03   3.4820e-02   2.6651e-02   4.1059e-01  -1.5287e-01
   0.8750   0.0000   1.8413e-04   1.7973e-03   3.3541e-02   3.0205e-02   4.5373e-01  -1.7533e-01
   0.9718   0.0000   1.9916e-04   1.9848e-03   3.2229e-02   3.3760e-02   4.9688e-01  -1.9779e-01
El      5    B23E                                   PROP1                                    MAT1              RCBEAM      9     10     11
   1.0282   0.0000   2.0832e-04   2.0953e-03   3.1794e-02   3.5827e-02   5.2262e-01  -2.1074e-01
   1.1250   0.0000   2.2403e-04   2.2753e-03   3.2044e-02   3.9106e-02   5.6532e-01  -2.3103e-01
   1.2218   0.0000   2.3973e-04   2.4552e-03   3.2309e-02   4.2382e-02   6.0801e-01  -2.5131e-01
El      6    B23E                                   PROP1                                    MAT1              RCBEAM     11     12     13
   1.2782   0.0000   2.4839e-04   2.5521e-03   3.2701e-02   4.4124e-02   6.3120e-01  -2.6203e-01
   1.3750   0.0000   2.6042e-04   2.7001e-03   3.1884e-02   4.6904e-02   6.6543e-01  -2.7959e-01
   1.4718   0.0000   2.7245e-04   2.8480e-03   3.1076e-02   4.9681e-02   6.9965e-01  -2.9715e-01
El      7    B23E                                   PROP1                                    MAT1              RCBEAM     13     14     15
   1.5282   0.0000   2.7771e-04   2.9221e-03   2.9751e-02   5.1149e-02   7.1602e-01  -3.0670e-01
   1.6250   0.0000   2.8977e-04   3.0648e-03   2.9527e-02   5.3779e-02   7.4949e-01  -3.2320e-01
   1.7218   0.0000   3.0182e-04   3.2076e-03   2.9319e-02   5.6405e-02   7.8296e-01  -3.3969e-01
El      8    B23E                                   PROP1                                    MAT1              RCBEAM     15     16     17
   1.7782   0.0000   3.1070e-04   3.3015e-03   3.0331e-02   5.8034e-02   8.0593e-01  -3.4961e-01
   1.8750   0.0000   3.2722e-04   3.4805e-03   3.1808e-02   6.1175e-02   8.4930e-01  -3.6888e-01
   1.9718   0.0000   3.4374e-04   3.6595e-03   3.3309e-02   6.4312e-02   8.9267e-01  -3.8816e-01
El      9    B23E                                   PROP1                                    MAT1              RCBEAM     17     18     19
   2.0282   0.0000   3.5378e-04   3.7701e-03   3.4032e-02   6.6267e-02   9.1930e-01  -4.0025e-01
   2.1250   0.0000   3.6984e-04   3.9620e-03   3.3689e-02   6.9792e-02   9.6414e-01  -4.2257e-01
   2.2218   0.0000   3.8590e-04   4.1539e-03   3.3376e-02   7.3311e-02   1.0090e+00  -4.4489e-01
El     10    B23E                                   PROP1                                    MAT1              RCBEAM     19     20     21
   2.2782   0.0000   3.9463e-04   4.2682e-03   3.2192e-02   7.5491e-02   1.0349e+00  -4.5902e-01
   2.3750   0.0000   4.0927e-04   4.4673e-03   2.9465e-02   7.9340e-02   1.0794e+00  -4.8420e-01
   2.4718   0.0000   4.2390e-04   4.6664e-03   2.6769e-02   8.3183e-02   1.1239e+00  -5.0938e-01
El     11    B23E                                   PROP1                                    MAT1              RCBEAM     21     22     23
   2.5282   0.0000   4.2303e-04   4.6745e-03   2.4871e-02   8.3490e-02   1.1242e+00  -5.1187e-01
   2.6250   0.0000   4.0768e-04   4.5107e-03   2.3061e-02   8.0671e-02   1.0843e+00  -4.9446e-01
   2.7218   0.0000   3.9234e-04   4.3470e-03   2.1272e-02   7.7849e-02   1.0444e+00  -4.7705e-01
El     12    B23E                                   PROP1                                    MAT1              RCBEAM     23     24     25
   2.7782   0.0000   3.8483e-04   4.2595e-03   2.1162e-02   7.6269e-02   1.0238e+00  -4.6707e-01
   2.8750   0.0000   3.7309e-04   4.1135e-03   2.1968e-02   7.3546e-02   9.9012e-01  -4.4961e-01
   2.9718   0.0000   3.6135e-04   3.9675e-03   2.2794e-02   7.0820e-02   9.5648e-01  -4.3216e-01
El     13    B23E                                   PROP1                                    MAT1              RCBEAM     25     26     27
   3.0282   0.0000   3.5481e-04   3.8823e-03   2.3674e-02   6.9194e-02   9.3716e-01  -4.2165e-01
   3.1250   0.0000   3.4138e-04   3.7214e-03   2.4017e-02   6.6234e-02   8.9960e-01  -4.0291e-01
   3.2218   0.0000   3.2795e-04   3.5606e-03   2.4382e-02   6.3270e-02   8.6204e-01  -3.8416e-01
El     14    B23E                                   PROP1                                    MAT1              RCBEAM     27     28     29
   3.2782   0.0000   3.1899e-04   3.4610e-03   2.3820e-02   6.1502e-02   8.3813e-01  -3.7321e-01
   3.3750   0.0000   3.0250e-04   3.2895e-03   2.1593e-02   5.8563e-02   7.9593e-01  -3.5540e-01
   3.4718   0.0000   2.8601e-04   3.1180e-03   1.9384e-02   5.5621e-02   7.5372e-01  -3.3759e-01
El     15    B23E                                   PROP1                                    MAT1              RCBEAM     29     30     31
   3.5282   0.0000   2.7603e-04   3.0170e-03   1.7760e-02   5.3914e-02   7.2859e-01  -3.2737e-01
   3.6250   0.0000   2.5955e-04   2.8549e-03   1.4594e-02   5.1223e-02   6.8779e-01  -3.1143e-01
   3.7218   0.0000   2.4307e-04   2.6928e-03   1.1436e-02   4.8529e-02   6.4699e-01  -2.9549e-01
El     16    B23E                                   PROP1                                    MAT1              RCBEAM     31     32     33
   3.7782   0.0000   2.3363e-04   2.6046e-03   9.1234e-03   4.7114e-02   6.2432e-01  -2.8730e-01
   3.8750   0.0000   2.1819e-04   2.4522e-03   6.2364e-03   4.4572e-02   5.8601e-01  -2.7224e-01
   3.9718   0.0000   2.0275e-04   2.2997e-03   3.3529e-03   4.2028e-02   5.4770e-01  -2.5719e-01
El     17    B23E                                   PROP1                                    MAT1              RCBEAM     33     34     35
   4.0282   0.0000   1.9475e-04   2.2134e-03   2.6554e-03   4.0508e-02   5.2677e-01  -2.4793e-01
   4.1250   0.0000   1.7943e-04   2.0443e-03   1.7512e-03   3.7485e-02   4.8607e-01  -2.2943e-01
   4.2218   0.0000   1.6411e-04   1.8752e-03   8.6855e-04   3.4459e-02   4.4538e-01  -2.1092e-01
El     18    B23E                                   PROP1                                    MAT1              RCBEAM     35     36     37
   4.2782   0.0000   1.5394e-04   1.7633e-03   2.5606e-04   3.2458e-02   4.1842e-01  -1.9871e-01
   4.3750   0.0000   1.3430e-04   1.5463e-03  -7.9990e-04   2.8565e-02   3.6625e-01  -1.7496e-01
   4.4718   0.0000   1.1467e-04   1.3293e-03  -1.8225e-03   2.4666e-02   3.1407e-01  -1.5120e-01
El     19    B23E                                   PROP1                                    MAT1              RCBEAM     37     38     39
   4.5282   0.0000   1.0223e-04   1.1898e-03  -2.2158e-03   2.2133e-02   2.8070e-01  -1.3573e-01
   4.6250   0.0000   8.1162e-05   9.4702e-04  -2.1286e-03   1.7657e-02   2.2321e-01  -1.0824e-01
   4.7218   0.0000   6.0096e-05   7.0425e-04  -1.9928e-03   1.3173e-02   1.6573e-01  -8.0755e-02
El     20    B23E                                   PROP1                                    MAT1              RCBEAM     39     40     41
   4.7782   0.0000   4.7853e-05   5.6027e-04  -1.5637e-03   1.0481e-02   1.3189e-01  -6.4202e-02
   4.8750   0.0000   2.6952e-05   3.1552e-04  -9.0796e-04   5.9073e-03   7.4280e-02  -3.6151e-02
   4.9718   0.0000   6.0519e-06   7.0763e-05  -2.0162e-04   1.3253e-03   1.6666e-02  -8.1007e-03
Time   0.0500
El      1    B23E                                   PROP1                                    MAT1              RCBEAM      1      2      3
   0.0282   0.0000   6.0190e-05  -1.0233e-05   3.0255e-02  -1.1573e-04   6.1725e-02   5.8143e-02
   0.1250   0.0000   5.9209e-05  -7.6742e-05   2.9761e-02  -8.6793e-04   7.0720e-02   4.3860e-02
   0.2218   0.0000   5.8227e-05  -1.4325e-04   2.9268e-02  -1.6201e-03   7.9715e-02   2.9577e-02
El      2    B23E                                   PROP1                                    MAT1              RCBEAM      3      4      5
   0.2782   0.0000   5.9327e-05  -1.9460e-04   2.9821e-02  -2.2009e-03   8.8517e-02   2.0406e-02
   0.3750   0.0000   5.5037e-05  -2.5339e-04   2.7664e-02  -2.8657e-03   9.3045e-02   4.3594e-03
   0.4718   0.0000   5.0747e-05  -3.1217e-04   2.3978e-02  -3.8175e-03   9.7572e-02  -1.1687e-02
El      3    B23E                                   PROP1                                    MAT1              RCBEAM      5      6      7
   0.5282   0.0000   4.5639e-05  -3.2332e-04   1.9028e-02  -4.3624e-03   9.4137e-02  -1.9025e-02
   0.6250   0.0000   4.2763e-05  -3.4821e-04   1.4248e-02  -5.2011e-03   9.4995e-02  -2.6880e-02
   0.7218   0.0000   3.9887e-05  -3.7311e-04   8.7626e-03  -6.1267e-03   9.5853e-02  -3.4735e-02
El      4    B23E                                   PROP1                                    MAT1              RCBEAM      7      8      9
   0.7782   0.0000   4.0774e-05  -3.8849e-04   8.2486e-03  -6.4549e-03   9.9047e-02  -3.6923e-02
   0.8750   0.0000   4.0074e-05  -3.9047e-04   7.2258e-03  -6.5802e-03   9.8644e-02  -3.8019e-02
   0.9718   0.0000   3.9374e-05  -3.9245e-04   6.1886e-03  -6.7069e-03   9.8241e-02  -3.9115e-02
El      5    B23E                                   PROP1                                    MAT1              RCBEAM      9     10     11
   1.0282   0.0000   3.7408e-05  -3.8063e-04   5.0608e-03  -6.5872e-03   9.4503e-02  -3.8719e-02
   1.1250   0.0000   3.2783e-05  -3.4928e-04   2.7465e-03  -6.2106e-03   8.5174e-02  -3.7073e-02
   1.2218   0.0000   2.8157e-05  -3.1792e-04   3.7522e-04  -5.8393e-03   7.5846e-02  -3.5427e-02
El      6    B23E                                   PROP1                                    MAT1              RCBEAM     11     12     13
   1.2782   0.0000   2.5192e-05  -2.9408e-04  -7.5647e-04  -5.4983e-03   6.9304e-02  -3.3624e-02
   1.3750   0.0000   1.8576e-05  -2.2455e-04  -1.4486e-03  -4.2751e-03   5.2259e-02  -2.6334e-02
   1.4718   0.0000   1.1961e-05  -1.5502e-04  -2.1634e-03  -3.0536e-03   3.5213e-02  -1.9043e-02
El      7    B23E                                   PROP1                                    MAT1              RCBEAM     13     14     15
   1.5282   0.0000   3.2908e-06  -8.0071e-05  -5.4148e-03  -1.9450e-03   1.5301e-02  -1.2723e-02
   1.6250   0.0000   4.5926e-06   1.2361e-05   2.3085e-03   1.3981e-04   6.4468e-03   2.1203e-03
   1.7218   0.0000   5.8944e-06   1.0479e-04  -4.6075e-03   2.3365e-03   2.1613e-02  -1.5064e-02
El      8    B23E                                   PROP1                                    MAT1              RCBEAM     15     16     17
   1.7782   0.0000   1.6975e-05   1.9944e-04  -6.6433e-04   3.7428e-03   4.6891e-02  -2.2913e-02
   1.8750   0.0000   3.0604e-05   3.4464e-04   5.1321e-04   6.3204e-03   8.2300e-02  -3.8324e-02
   1.9718   0.0000   4.4233e-05   4.8983e-04   1.6915e-03   8.8967e-03   1.1771e-01  -5.3734e-02
El      9    B23E                                   PROP1                                    MAT1              RCBEAM     17     18     19
   2.0282   0.0000   5.2271e-05   5.7701e-04   2.2206e-03   1.0459e-02   1.3882e-01  -6.3131e-02
   2.1250   0.0000   6.6935e-05   7.3551e-04   3.2595e-03   1.3290e-02   1.7726e-01  -8.0166e-02
   2.2218   0.0000   8.1600e-05   8.9400e-04   4.3156e-03   1.6119e-02   2.1570e-01  -9.7201e-02
El     10    B23E                                   PROP1                                    MAT1              RCBEAM     19     20     21
   2.2782   0.0000   9.1058e-05   9.9335e-04   5.3191e-03   1.7861e-02   2.4006e-01  -1.0761e-01
   2.3750   0.0000   1.0786e-04   1.1665e-03   7.4736e-03   2.0862e-02   2.8284e-01  -1.2545e-01
   2.4718   0.0000   1.2466e-04   1.3397e-03   9.6431e-03   2.3860e-02   3.2562e-01  -1.4328e-01
El     11    B23E                                   PROP1                                    MAT1              RCBEAM     21     22     23
   2.5282   0.0000   1.2475e-04   1.3311e-03   1.0685e-02   2.3611e-02   3.2441e-01  -1.4146e-01
   2.6250   0.0000   1.0694e-04   1.1310e-03   1.0161e-02   1.9975e-02   2.7660e-01  -1.1926e-01
   2.7218   0.0000   8.9137e-05   9.3102e-04   9.6603e-03   1.6335e-02   2.2879e-01  -9.7066e-02
El     12    B23E                                   PROP1                                    MAT1              RCBEAM     23     24     25
   2.7782   0.0000   7.8252e-05   8.1650e-04   8.5395e-03   1.4323e-02   2.0073e-01  -8.5047e-02
   2.8750   0.0000   6.2650e-05   6.5595e-04   6.5623e-03   1.1535e-02   1.6104e-01  -6.8541e-02
   2.9718   0.0000   4.7048e-05   4.9541e-04   4.6001e-03   8.7454e-03   1.2136e-01  -5.2034e-02
El     13    B23E                                   PROP1                                    MAT1              RCBEAM     25     26     27
   3.0282   0.0000   3.9084e-05   4.2017e-04   2.8747e-03   7.5078e-03   1.0211e-01  -4.4951e-02
   3.1250   0.0000   2.8501e-05   3.1978e-04   6.0634e-04   5.8534e-03   7.6469e-02  -3.5455e-02
   3.2218   0.0000   1.7919e-05   2.1939e-04  -1.7222e-03   4.2039e-03   5.0828e-02  -2.5960e-02
El     14    B23E                                   PROP1                                    MAT1              RCBEAM     27     28     29
   3.2782   0.0000   1.4267e-05   1.8224e-04  -2.2610e-03   3.5649e-03   4.1603e-02  -2.2181e-02
   3.3750   0.0000   8.9992e-06   1.2181e-04  -2.2497e-03   2.4476e-03   2.7271e-02  -1.5363e-02
   3.4718   0.0000   3.7313e-06   6.1378e-05  -2.2847e-03   1.3332e-03   1.2938e-02  -8.5443e-03
El     15    B23E                                   PROP1                                    MAT1              RCBEAM     29     30     31
   3.5282   0.0000  -1.2968e-07   2.0916e-05  -3.1767e-03   6.4505e-04   3.0077e-03  -4.3128e-03
   3.6250   0.0000   1.8606e-06  -2.7329e-05  -7.2885e-04  -5.6875e-04   5.9600e-03  -3.6052e-03
   3.7218   0.0000   3.8509e-06  -7.5574e-05  -3.9349e-03  -1.7372e-03   1.5187e-02  -1.1264e-02
El     16    B23E                                   PROP1                                    MAT1              RCBEAM     31     32     33
   3.7782   0.0000   7.6909e-06  -1.1598e-04  -3.3800e-03  -2.4380e-03   2.5088e-02  -1.5505e-02
   3.8750   0.0000   1.0976e-05  -1.6040e-04  -4.1848e-03  -3.3290e-03   3.5037e-02  -2.1104e-02
   3.9718   0.0000   1.4262e-05  -2.0483e-04  -4.9902e-03  -4.2199e-03   4.4987e-02  -2.6704e-02
El     17    B23E                                   PROP1                                    MAT1              RCBEAM     33     34     35
   4.0282   0.0000   1.5323e-05  -2.2088e-04  -5.4584e-03  -4.5571e-03   4.8455e-02  -2.8852e-02
   4.1250   0.0000   1.4528e-05  -2.2066e-04  -6.5657e-03  -4.6489e-03   4.7626e-02  -2.9604e-02
   4.2218   0.0000   1.3732e-05  -2.2044e-04  -7.6923e-03  -4.7420e-03   4.6797e-02  -3.0355e-02
El     18    B23E                                   PROP1                                    MAT1              RCBEAM     35     36     37
   4.2782   0.0000   1.2195e-05  -2.0623e-04  -8.1596e-03  -4.5193e-03   4.3130e-02  -2.9051e-02
   4.3750   0.0000   1.0599e-05  -1.7966e-04  -7.1502e-03  -3.9410e-03   3.7548e-02  -2.5334e-02
   4.4718   0.0000   9.0021e-06  -1.5310e-04  -6.1398e-03  -3.3625e-03   3.1967e-02  -2.1617e-02
El     19    B23E                                   PROP1                                    MAT1              RCBEAM     37     38     39
   4.5282   0.0000   8.4119e-06  -1.3472e-04  -4.6816e-03  -2.8971e-03   2.8621e-02  -1.8533e-02
   4.6250   0.0000   7.1831e-06  -1.0558e-04  -2.8172e-03  -2.1969e-03   2.3020e-02  -1.3932e-02
   4.7218   0.0000   5.9543e-06  -7.6430e-05  -9.9173e-04  -1.4992e-03   1.7419e-02  -9.3316e-03
El     20    B23E                                   PROP1                                    MAT1              RCBEAM     39     40     41
   4.7782   0.0000   5.0330e-06  -6.0257e-05  -3.2963e-04  -1.1424e-03   1.4071e-02  -7.0183e-03
   4.8750   0.0000   2.8982e-06  -3.3762e-05  -8.2718e-05  -6.3118e-04   7.9625e-03  -3.8542e-03
   4.9718   0.0000   7.6337e-07  -7.2675e-06   1.5435e-04  -1.2081e-04   1.8535e-03  -6.9012e-04
Time   0.0600
El      1    B23E                                   PROP1                                    MAT1              RCBEAM      1      2      3
   0.0282   0.0000  -1.4798e-06   1.1613e-05  -5.1002e-03   5.2730e-04   2.6216e-04  -3.8025e-03
   0.1250   0.0000   4.3580e-06   8.7075e-05  -4.6550e-03   2.0118e-03   1.7419e-02  -1.3057e-02
   0.2218   0.0000   1.0196e-05   1.6254e-04  -5.5754e-03   3.4887e-03   3.4576e-02  -2.2311e-02
El      2    B23E                                   PROP1                                    MAT1              RCBEAM      3      4      5
   0.2782   0.0000   1.6354e-05   2.1690e-04  -3.5412e-03   4.3168e-03   4.8889e-02  -2.7027e-02
   0.3750   0.0000   2.1797e-05   2.7786e-04  -3.3735e-03   5.4277e-03   6.3476e-02  -3.3774e-02
   0.4718   0.0000   2.7241e-05   3.3881e-04  -3.2145e-03   6.5390e-03   7.8063e-02  -4.0521e-02
El      3    B23E                                   PROP1                                    MAT1              RCBEAM      5      6      7
   0.5282   0.0000   2.7826e-05   3.5306e-04  -4.0992e-03   6.8792e-03   8.0784e-02  -4.2786e-02
   0.6250   0.0000   3.2899e-05   4.0000e-04  -2.8014e-03   7.6321e-03   9.2899e-02  -4.7100e-02
   0.7218   0.0000   3.7973e-05   4.4694e-04  -1.5288e-03   8.3870e-03   1.0501e-01  -5.1415e-02
El      4    B23E                                   PROP1                                    MAT1              RCBEAM      7      8      9
   0.7782   0.0000   4.2160e-05   4.8430e-04  -3.3784e-04   8.9721e-03   1.1480e-01  -5.4700e-02
   0.8750   0.0000   4.3976e-05   5.1900e-04  -1.9153e-03   9.7501e-03   1.2183e-01  -5.9824e-02
   0.9718   0.0000   4.5793e-05   5.5370e-04  -3.5077e-03   1.0529e-02   1.2885e-01  -6.4948e-02
El      5    B23E                                   PROP1                                    MAT1              RCBEAM      9     10     11
   1.0282   0.0000   4.3826e-05   5.5471e-04  -6.2407e-03   1.0786e-02   1.2703e-01  -6.7116e-02
   1.1250   0.0000   4.1885e-05   5.6627e-04  -1.0250e-02   1.1349e-02   1.2683e-01  -7.1370e-02
   1.2218   0.0000   3.9943e-05   5.7784e-04  -1.4354e-02   1.1918e-02   1.2662e-01  -7.5624e-02
El      6    B23E                                   PROP1                                    MAT1              RCBEAM     11     12     13
   1.2782   0.0000   3.9979e-05   5.9405e-04  -1.6288e-02   1.2384e-02   1.2909e-01  -7.8832e-02
   1.3750   0.0000   4.5464e-05   6.5615e-04  -1.6116e-02   1.3514e-02   1.4389e-01  -8.5767e-02
   1.4718   0.0000   5.0949e-05   7.1825e-04  -1.5956e-02   1.4645e-02   1.5869e-01  -9.2702e-02
El      7    B23E                                   PROP1                                    MAT1              RCBEAM     13     14     15
   1.5282   0.0000   5.7389e-05   7.7240e-04  -1.3537e-02   1.5434e-02   1.7325e-01  -9.7091e-02
   1.6250   0.0000   6.5037e-05   8.3955e-04  -1.1064e-02   1.6456e-02   1.9097e-01  -1.0287e-01
   1.7218   0.0000   7.2686e-05   9.0671e-04  -8.6402e-03   1.7482e-02   2.0869e-01  -1.0866e-01
El      8    B23E                                   PROP1                                    MAT1              RCBEAM     15     16     17
   1.7782   0.0000   7.4689e-05   9.2989e-04  -8.6581e-03   1.7910e-02   2.1417e-01  -1.1129e-01
   1.8750   0.0000   8.2462e-05   1.0059e-03  -7.1275e-03   1.9177e-02   2.3335e-01  -1.1873e-01
   1.9718   0.0000   9.0234e-05   1.0820e-03  -5.6103e-03   2.0445e-02   2.5253e-01  -1.2616e-01
El      9    B23E                                   PROP1                                    MAT1              RCBEAM     17     18     19
   2.0282   0.0000   9.8387e-05   1.1518e-03  -2.9114e-03   2.1495e-02   2.7116e-01  -1.3198e-01
   2.1250   0.0000   1.1161e-04   1.2836e-03  -6.4834e-04   2.3724e-02   3.0416e-01  -1.4512e-01
   2.2218   0.0000   1.2483e-04   1.4155e-03   1.6076e-03   2.5951e-02   3.3715e-01  -1.5826e-01
El     10    B23E                                   PROP1                                    MAT1              RCBEAM     19     20     21
   2.2782   0.0000   1.3129e-04   1.4932e-03   1.2459e-03   2.7411e-02   3.5527e-01  -1.6734e-01
   2.3750   0.0000   1.4265e-04   1.6413e-03  -6.5595e-04   3.0297e-02   3.8884e-01  -1.8560e-01
   2.4718   0.0000   1.5400e-04   1.7894e-03  -2.5435e-03   3.3180e-02   4.2241e-01  -2.0387e-01
El     11    B23E                                   PROP1                                    MAT1              RCBEAM     21     22     23
   2.5282   0.0000   1.5181e-04   1.7803e-03  -4.3464e-03   3.3169e-02   4.1885e-01  -2.0424e-01
   2.6250   0.0000   1.3626e-04   1.6236e-03  -6.9013e-03   3.0514e-02   3.7980e-01  -1.8846e-01
   2.7218   0.0000   1.2071e-04   1.4669e-03  -9.4664e-03   2.7858e-02   3.4075e-01  -1.7267e-01
El     12    B23E                                   PROP1                                    MAT1              RCBEAM     23     24     25
   2.7782   0.0000   1.1386e-04   1.3987e-03  -1.0691e-02   2.6710e-02   3.2366e-01  -1.6587e-01
   2.8750   0.0000   1.0394e-04   1.3022e-03  -1.2757e-02   2.5116e-02   2.9927e-01  -1.5650e-01
   2.9718   0.0000   9.4011e-05   1.2057e-03  -1.4845e-02   2.3524e-02   2.7487e-01  -1.4714e-01
El     13    B23E                                   PROP1                                    MAT1              RCBEAM     25     26     27
   3.0282   0.0000   8.9614e-05   1.1649e-03  -1.5996e-02   2.2872e-02   2.6435e-01  -1.4336e-01
   3.1250   0.0000   8.1514e-05   1.0925e-03  -1.8481e-02   2.1756e-02   2.4539e-01  -1.3699e-01
   3.2218   0.0000   7.3415e-05   1.0201e-03  -2.1011e-02   2.0643e-02   2.2643e-01  -1.3061e-01
El     14    B23E                                   PROP1                                    MAT1              RCBEAM     27     28     29
   3.2782   0.0000   6.8172e-05   9.7732e-04  -2.3166e-02   2.0041e-02   2.1477e-01  -1.2729e-01
   3.3750   0.0000   5.8018e-05   8.8572e-04  -2.6378e-02   1.8630e-02   1.9088e-01  -1.1913e-01
   3.4718   0.0000   4.7864e-05   7.9413e-04  -2.9724e-02   1.7228e-02   1.6698e-01  -1.1096e-01
El     15    B23E                                   PROP1                                    MAT1              RCBEAM     29     30     31
   3.5282   0.0000   4.0788e-05   7.2699e-04  -3.1740e-02   1.6160e-02   1.4984e-01  -1.0461e-01
   3.6250   0.0000   3.1079e-05   6.1984e-04  -3.2738e-02   1.4263e-02   1.2406e-01  -9.2890e-02
   3.7218   0.0000   2.1369e-05   5.1270e-04  -3.3946e-02   1.2375e-02   9.8274e-02  -8.1171e-02
El     16    B23E                                   PROP1                                    MAT1              RCBEAM     31     32     33
   3.7782   0.0000   1.7567e-05   4.5696e-04  -3.2668e-02   1.1231e-02   8.6110e-02  -7.3825e-02
   3.8750   0.0000   1.3823e-05   3.8105e-04  -2.8625e-02   9.4811e-03   7.0981e-02  -6.2388e-02
   3.9718   0.0000   1.0079e-05   3.0515e-04  -2.4588e-02   7.7305e-03   5.5851e-02  -5.0951e-02
El     17    B23E                                   PROP1                                    MAT1              RCBEAM     33     34     35
   4.0282   0.0000   8.9966e-06   2.6959e-04  -2.1582e-02   6.8191e-03   4.9435e-02  -4.4921e-02
   4.1250   0.0000   6.5027e-06   2.1431e-04  -1.8259e-02   5.5114e-03   3.8649e-02  -3.6359e-02
   4.2218   0.0000   4.0088e-06   1.5903e-04  -1.4952e-02   4.2033e-03   2.7863e-02  -2.7797e-02
El     18    B23E                                   PROP1                                    MAT1              RCBEAM     35     36     37
   4.2782   0.0000   2.3204e-06   1.3080e-04  -1.4012e-02   3.5927e-03   2.1940e-02  -2.3839e-02
   4.3750   0.0000  -4.9744e-07   9.1299e-05  -1.3718e-02   2.8038e-03   1.3197e-02  -1.8757e-02
   4.4718   0.0000  -3.3152e-06   5.1802e-05  -1.4289e-02   1.9997e-03   4.4551e-03  -1.3676e-02
El     19    B23E                                   PROP1                                    MAT1              RCBEAM     37     38     39
   4.5282   0.0000  -4.5299e-06   3.6760e-05  -1.5706e-02   1.6549e-03   9.8414e-04  -1.1882e-02
   4.6250   0.0000  -4.6764e-06   2.6273e-05  -1.5479e-02   1.2690e-03  -7.3544e-04  -9.9311e-03
   4.7218   0.0000  -4.8230e-06   1.5787e-05  -1.5920e-02   7.6770e-04  -2.4550e-03  -7.9803e-03
El     20    B23E                                   PROP1                                    MAT1              RCBEAM     39     40     41
   4.7782   0.0000  -4.2866e-06   1.2597e-05  -1.4150e-02   6.1264e-04  -2.3971e-03  -6.8059e-03
   4.8750   0.0000  -2.5211e-06   6.9688e-06  -8.3241e-03   3.3904e-04  -1.4758e-03  -3.9149e-03
   4.9718   0.0000  -7.5567e-07   1.3409e-06  -2.4955e-03   6.5257e-05  -5.5454e-04  -1.0239e-03
