ConFem  ../DataExamples/E04/E4-08
symmetric system True, used LinAlg2 True, used ConFemMatC True, used CaeFemElemC True
ndofs 43, elems 10, active nodes 21, abs.size 0.22 MItems, rel.size 0.1222 (abs.size/(ndofs**2)
used material MAT2, spec. inertial mass 0.00e+00, type ELASTIC
0 step starts, solution type NR
0   1 1.000 0.00000 iter 0 0.000000e+00 1.000000e+00    0.000000e+00
0   1 1.000 0.04816 iter 1 2.175472e-02 1.000000e+00    2.000000e-03
0   1 1.000 0.04688 iter 2 5.698106e-05 3.662182e-04    2.000000e-03
0   1 1.000 0.04688 iter 3 3.412433e-09 5.772757e-11    2.000000e-03
0   2 1.000 0.04688 iter 0 3.412433e-09 1.000000e+00    0.000000e+00
0   2 1.000 0.09250 iter 1 4.350440e-02 1.000000e+00    2.000000e-03
0   2 1.000 0.09132 iter 2 1.101482e-04 1.093281e-03    2.000000e-03
0   2 1.000 0.09132 iter 3 3.022568e-08 1.039602e-09    2.000000e-03
0   3 1.000 0.09132 iter 0 3.022568e-08 1.000000e+00    0.000000e+00
0   3 1.000 0.13459 iter 1 6.518484e-02 1.000000e+00    2.000000e-03
0   3 1.000 0.13350 iter 2 1.586940e-04 2.006407e-03    2.000000e-03
0   3 1.000 0.13350 iter 3 1.188556e-07 4.838731e-09    2.000000e-03
0   4 1.000 0.13350 iter 0 1.188556e-07 1.000000e+00    0.000000e+00
0   4 1.000 0.17459 iter 1 8.679241e-02 1.000000e+00    2.000000e-03
0   4 1.000 0.17359 iter 2 2.020977e-04 3.046768e-03    2.000000e-03
0   4 1.000 0.17359 iter 3 2.729990e-07 1.240781e-08    2.000000e-03
0   5 1.000 0.17359 iter 0 2.729990e-07 1.000000e+00    0.000000e+00
0   5 1.000 0.21264 iter 1 1.083259e-01 1.000000e+00    2.000000e-03
0   5 1.000 0.21172 iter 2 2.400788e-04 4.182661e-03    2.000000e-03
0   5 1.000 0.21172 iter 3 4.948548e-07 2.432766e-08    2.000000e-03
0   6 1.000 0.21172 iter 0 4.948548e-07 1.000000e+00    0.000000e+00
0   6 1.000 0.24889 iter 1 1.297857e-01 1.000000e+00    2.000000e-03
0   6 1.000 0.24804 iter 2 2.725474e-04 5.392581e-03    2.000000e-03
0   6 1.000 0.24804 iter 3 7.807351e-07 4.072125e-08    2.000000e-03
0   7 1.000 0.24804 iter 0 7.807351e-07 1.000000e+00    0.000000e+00
0   7 1.000 0.28344 iter 1 1.511736e-01 1.000000e+00    2.000000e-03
0   7 1.000 0.28267 iter 2 2.995589e-04 6.660232e-03    2.000000e-03
0   7 1.000 0.28267 iter 3 1.122544e-06 6.131186e-08    2.000000e-03
Element data written 0.282669
Nodal data written 0.282669
0   8 1.000 0.28267 iter 0 1.122544e-06 1.000000e+00    0.000000e+00
0   8 1.000 0.31643 iter 1 1.724920e-01 1.000000e+00    2.000000e-03
0   8 1.000 0.31572 iter 2 3.212741e-04 7.972568e-03    2.000000e-03
0   8 1.000 0.31572 iter 3 1.509027e-06 8.549469e-08    2.000000e-03
0   9 1.000 0.31572 iter 0 1.509027e-06 1.000000e+00    0.000000e+00
0   9 1.000 0.34795 iter 1 1.937440e-01 1.000000e+00    2.000000e-03
0   9 1.000 0.34730 iter 2 3.379277e-04 9.318849e-03    2.000000e-03
0   9 1.000 0.34730 iter 3 1.926780e-06 1.124113e-07    2.000000e-03
0  10 1.000 0.34730 iter 0 1.926780e-06 1.000000e+00    0.000000e+00
0  10 1.000 0.37809 iter 1 2.149330e-01 1.000000e+00    2.000000e-03
0  10 1.000 0.37750 iter 2 3.498026e-04 1.069007e-02    2.000000e-03
0  10 1.000 0.37750 iter 3 2.361048e-06 1.410197e-07    2.000000e-03
0  11 1.000 0.37750 iter 0 2.361048e-06 1.000000e+00    0.000000e+00
0  11 1.000 0.40695 iter 1 2.360623e-01 1.000000e+00    2.000000e-03
0  11 1.000 0.40641 iter 2 3.572106e-04 1.207860e-02    2.000000e-03
0  11 1.000 0.40641 iter 3 2.796339e-06 1.701578e-07    2.000000e-03
0  12 1.000 0.40641 iter 0 2.796339e-06 1.000000e+00    0.000000e+00
0  12 1.000 0.43460 iter 1 2.571357e-01 1.000000e+00    2.000000e-03
0  12 1.000 0.43410 iter 2 3.604780e-04 1.347784e-02    2.000000e-03
0  12 1.000 0.43411 iter 3 3.216901e-06 1.985978e-07    2.000000e-03
0  13 1.000 0.43411 iter 0 3.216901e-06 1.000000e+00    0.000000e+00
0  13 1.000 0.46112 iter 1 2.781567e-01 1.000000e+00    2.000000e-03
0  13 1.000 0.46067 iter 2 3.599352e-04 1.488203e-02    2.000000e-03
0  13 1.000 0.46067 iter 3 3.607083e-06 2.250924e-07    2.000000e-03
0  14 1.000 0.46067 iter 0 3.607083e-06 1.000000e+00    0.000000e+00
0  14 1.000 0.48657 iter 1 2.991287e-01 1.000000e+00    2.000000e-03
0  14 1.000 0.48616 iter 2 3.559092e-04 1.628603e-02    2.000000e-03
0  14 1.000 0.48616 iter 3 3.951624e-06 2.484149e-07    2.000000e-03
0  15 1.000 0.48616 iter 0 3.951624e-06 1.000000e+00    0.000000e+00
0  15 1.000 0.51102 iter 1 3.200550e-01 1.000000e+00    2.000000e-03
0  15 1.000 0.51065 iter 2 3.487197e-04 1.768505e-02    2.000000e-03
0  15 1.000 0.51066 iter 3 4.235903e-06 2.673937e-07    2.000000e-03
0  16 1.000 0.51066 iter 0 4.235903e-06 1.000000e+00    0.000000e+00
0  16 1.000 0.53453 iter 1 3.409390e-01 1.000000e+00    2.000000e-03
0  16 1.000 0.53420 iter 2 3.386763e-04 1.907449e-02    2.000000e-03
0  16 1.000 0.53420 iter 3 4.446189e-06 2.809449e-07    2.000000e-03
Element data written 0.534202
Nodal data written 0.534202
0  17 1.000 0.53420 iter 0 4.446189e-06 1.000000e+00    0.000000e+00
0  17 1.000 0.55715 iter 1 3.617835e-01 1.000000e+00    2.000000e-03
0  17 1.000 0.55685 iter 2 3.260788e-04 2.044965e-02    2.000000e-03
0  17 1.000 0.55686 iter 3 4.569950e-06 2.881062e-07    2.000000e-03
0  18 1.000 0.55686 iter 0 4.569950e-06 1.000000e+00    0.000000e+00
0  18 1.000 0.57893 iter 1 3.825915e-01 1.000000e+00    2.000000e-03
0  18 1.000 0.57866 iter 2 3.112187e-04 2.180540e-02    2.000000e-03
0  18 1.000 0.57867 iter 3 4.596328e-06 2.880765e-07    2.000000e-03
0  19 1.000 0.57867 iter 0 4.596328e-06 1.000000e+00    0.000000e+00
0  19 1.000 0.59992 iter 1 4.033656e-01 1.000000e+00    2.000000e-03
0  19 1.000 0.59968 iter 2 2.943833e-04 2.313582e-02    2.000000e-03
0  19 1.000 0.59968 iter 3 4.516969e-06 2.802683e-07    2.000000e-03
0  20 1.000 0.59968 iter 0 4.516969e-06 1.000000e+00    0.000000e+00
0  20 1.000 0.62016 iter 1 4.241084e-01 1.000000e+00    2.000000e-03
0  20 1.000 0.61994 iter 2 2.758624e-04 2.443352e-02    2.000000e-03
0  20 1.000 0.61994 iter 3 4.327635e-06 2.643838e-07    2.000000e-03
0  21 1.000 0.61994 iter 0 4.327635e-06 1.000000e+00    0.000000e+00
0  21 1.000 0.63968 iter 1 4.448222e-01 1.000000e+00    2.000000e-03
0  21 1.000 0.63949 iter 2 2.559600e-04 2.568878e-02    2.000000e-03
0  21 1.000 0.63949 iter 3 4.031579e-06 2.405337e-07    2.000000e-03
0  22 1.000 0.63949 iter 0 4.031579e-06 1.000000e+00    0.000000e+00
0  22 1.000 0.65853 iter 1 4.655091e-01 1.000000e+00    2.000000e-03
0  22 1.000 0.65836 iter 2 2.350117e-04 2.688805e-02    2.000000e-03
0  22 1.000 0.65837 iter 3 3.647124e-06 2.094335e-07    2.000000e-03
0  23 1.000 0.65837 iter 0 3.647124e-06 1.000000e+00    0.000000e+00
0  23 1.000 0.67674 iter 1 4.861713e-01 1.000000e+00    2.000000e-03
0  23 1.000 0.67659 iter 2 2.134140e-04 2.801136e-02    2.000000e-03
0  23 1.000 0.67660 iter 3 3.225197e-06 1.727460e-07    2.000000e-03
0  24 1.000 0.67660 iter 0 3.225197e-06 1.000000e+00    0.000000e+00
0  24 1.000 0.69435 iter 1 5.068106e-01 1.000000e+00    2.000000e-03
0  24 1.000 0.69421 iter 2 1.916735e-04 2.902774e-02    2.000000e-03
0  24 1.000 0.69422 iter 3 2.885748e-06 1.337144e-07    2.000000e-03
0  25 1.000 0.69422 iter 0 2.885748e-06 1.000000e+00    0.000000e+00
0  25 1.000 0.71137 iter 1 5.274287e-01 1.000000e+00    2.000000e-03
0  25 1.000 0.71126 iter 2 1.704860e-04 2.988595e-02    2.000000e-03
0  25 1.000 0.71127 iter 3 2.851478e-06 9.842019e-08    2.000000e-03
0  26 1.000 0.71127 iter 0 2.851478e-06 1.000000e+00    0.000000e+00
0  26 1.000 0.72785 iter 1 5.480274e-01 1.000000e+00    2.000000e-03
0  26 1.000 0.72775 iter 2 1.508630e-04 3.049459e-02    2.000000e-03
0  26 1.000 0.72776 iter 3 3.343885e-06 7.852194e-08    2.000000e-03
0  27 1.000 0.72776 iter 0 3.343885e-06 1.000000e+00    0.000000e+00
0  27 1.000 0.74380 iter 1 5.686079e-01 1.000000e+00    2.000000e-03
0  27 1.000 0.74372 iter 2 1.342933e-04 3.067312e-02    2.000000e-03
0  27 1.000 0.74374 iter 3 4.382230e-06 9.799048e-08    2.000000e-03
0  28 1.000 0.74374 iter 0 4.382230e-06 1.000000e+00    0.000000e+00
0  28 1.000 0.75926 iter 1 5.891719e-01 1.000000e+00    2.000000e-03
0  28 1.000 0.75919 iter 2 1.228218e-04 3.000871e-02    2.000000e-03
0  28 1.000 0.75921 iter 3 5.857982e-06 2.128172e-07    2.000000e-03
0  29 1.000 0.75921 iter 0 5.857982e-06 1.000000e+00    0.000000e+00
0  29 1.000 0.77424 iter 1 6.097204e-01 1.000000e+00    2.000000e-03
0  29 1.000 0.77419 iter 2 1.186962e-04 2.730756e-02    2.000000e-03
0  29 1.000 0.77420 iter 3 7.685567e-06 5.865752e-07    2.000000e-03
0  30 1.000 0.77420 iter 0 7.685567e-06 1.000000e+00    0.000000e+00
0  30 1.000 0.78877 iter 1 6.302548e-01 1.000000e+00    2.000000e-03
0  30 1.000 0.78873 iter 2 1.233198e-04 1.710069e-02    2.000000e-03
0  30 1.000 0.78875 iter 3 9.822533e-06 1.971655e-06    2.000000e-03
Element data written 0.788747
Nodal data written 0.788747
0  31 1.000 0.78875 iter 0 9.822533e-06 1.000000e+00    0.000000e+00
0  31 1.000 0.80287 iter 1 6.507761e-01 1.000000e+00    2.000000e-03
0  31 1.000 0.80284 iter 2 1.363496e-04 1.000000e+00    2.000000e-03
0  31 1.000 0.80286 iter 3 1.225124e-05 1.000000e+00    2.000000e-03
0  31 1.000 0.80286 iter 4 8.218808e-07 1.000000e+00    2.000000e-03
0  32 1.000 0.80286 iter 0 8.218808e-07 1.000000e+00    0.000000e+00
0  32 1.000 0.81655 iter 1 6.712846e-01 1.000000e+00    2.000000e-03
0  32 1.000 0.81653 iter 2 1.561245e-04 7.521674e-02    2.000000e-03
0  32 1.000 0.81655 iter 3 1.496637e-05 6.203911e-06    2.000000e-03
0  32 1.000 0.81655 iter 4 9.442751e-07 3.643749e-08    2.000000e-03
0  33 1.000 0.81655 iter 0 9.442751e-07 1.000000e+00    0.000000e+00
0  33 1.000 0.82984 iter 1 6.917825e-01 1.000000e+00    2.000000e-03
0  33 1.000 0.82983 iter 2 1.808004e-04 6.057715e-02    2.000000e-03
0  33 1.000 0.82985 iter 3 1.796810e-05 4.256963e-06    2.000000e-03
0  33 1.000 0.82985 iter 4 1.079411e-06 2.365195e-08    2.000000e-03
0  34 1.000 0.82985 iter 0 1.079411e-06 1.000000e+00    0.000000e+00
0  34 1.000 0.84275 iter 1 7.122702e-01 1.000000e+00    2.000000e-03
0  34 1.000 0.84275 iter 2 2.089302e-04 5.709804e-02    2.000000e-03
0  34 1.000 0.84277 iter 3 2.126014e-05 3.889367e-06    2.000000e-03
0  34 1.000 0.84277 iter 4 1.228028e-06 2.084340e-08    2.000000e-03
0  35 1.000 0.84277 iter 0 1.228028e-06 1.000000e+00    0.000000e+00
0  35 1.000 0.85530 iter 1 7.327483e-01 1.000000e+00    2.000000e-03
0  35 1.000 0.85530 iter 2 2.395355e-04 5.617981e-02    2.000000e-03
0  35 1.000 0.85533 iter 3 2.484772e-05 3.904678e-06    2.000000e-03
0  35 1.000 0.85533 iter 4 1.390868e-06 2.048365e-08    2.000000e-03
0  36 1.000 0.85533 iter 0 1.390868e-06 1.000000e+00    0.000000e+00
0  36 1.000 0.86750 iter 1 7.532177e-01 1.000000e+00    2.000000e-03
0  36 1.000 0.86751 iter 2 2.719806e-04 5.625592e-02    2.000000e-03
0  36 1.000 0.86754 iter 3 2.873697e-05 4.085612e-06    2.000000e-03
0  36 1.000 0.86754 iter 4 1.568681e-06 2.121806e-08    2.000000e-03
0  37 1.000 0.86754 iter 0 1.568681e-06 1.000000e+00    0.000000e+00
0  37 1.000 0.87936 iter 1 7.736790e-01 1.000000e+00    2.000000e-03
0  37 1.000 0.87939 iter 2 3.058515e-04 5.682408e-02    2.000000e-03
0  37 1.000 0.87942 iter 3 3.293458e-05 4.363071e-06    2.000000e-03
0  37 1.000 0.87942 iter 4 1.762217e-06 2.262735e-08    2.000000e-03
0  38 1.000 0.87942 iter 0 1.762217e-06 1.000000e+00    0.000000e+00
0  38 1.000 0.89091 iter 1 7.941329e-01 1.000000e+00    2.000000e-03
0  38 1.000 0.89095 iter 2 3.408736e-04 5.767412e-02    2.000000e-03
0  38 1.000 0.89098 iter 3 3.744749e-05 4.708640e-06    2.000000e-03
0  38 1.000 0.89098 iter 4 1.972230e-06 2.455004e-08    2.000000e-03
0  39 1.000 0.89098 iter 0 1.972230e-06 1.000000e+00    0.000000e+00
0  39 1.000 0.90216 iter 1 8.145798e-01 1.000000e+00    2.000000e-03
0  39 1.000 0.90219 iter 2 3.768605e-04 5.870291e-02    2.000000e-03
0  39 1.000 0.90223 iter 3 4.228284e-05 5.108827e-06    2.000000e-03
0  39 1.000 0.90223 iter 4 2.199480e-06 2.692000e-08    2.000000e-03
0  40 1.000 0.90223 iter 0 2.199480e-06 1.000000e+00    0.000000e+00
0  40 1.000 0.91310 iter 1 8.350203e-01 1.000000e+00    2.000000e-03
0  40 1.000 0.91315 iter 2 4.136830e-04 5.985416e-02    2.000000e-03
0  40 1.000 0.91318 iter 3 4.744785e-05 5.556686e-06    2.000000e-03
0  40 1.000 0.91318 iter 4 2.444726e-06 2.971375e-08    2.000000e-03
0  41 1.000 0.91318 iter 0 2.444726e-06 1.000000e+00    0.000000e+00
0  41 1.000 0.92377 iter 1 8.554550e-01 1.000000e+00    2.000000e-03
0  41 1.000 0.92382 iter 2 4.512498e-04 6.109475e-02    2.000000e-03
0  41 1.000 0.92386 iter 3 5.294977e-05 6.048525e-06    2.000000e-03
0  41 1.000 0.92386 iter 4 2.708729e-06 3.292963e-08    2.000000e-03
0  42 1.000 0.92386 iter 0 2.708729e-06 1.000000e+00    0.000000e+00
0  42 1.000 0.93416 iter 1 8.758843e-01 1.000000e+00    2.000000e-03
0  42 1.000 0.93422 iter 2 4.894961e-04 6.240409e-02    2.000000e-03
0  42 1.000 0.93426 iter 3 5.879587e-05 6.582421e-06    2.000000e-03
0  42 1.000 0.93426 iter 4 2.992254e-06 3.657859e-08    2.000000e-03
0  43 1.000 0.93426 iter 0 2.992254e-06 1.000000e+00    0.000000e+00
0  43 1.000 0.94430 iter 1 8.963085e-01 1.000000e+00    2.000000e-03
0  43 1.000 0.94436 iter 2 5.283752e-04 6.376885e-02    2.000000e-03
0  43 1.000 0.94440 iter 3 6.499340e-05 7.157496e-06    2.000000e-03
0  43 1.000 0.94440 iter 4 3.296063e-06 4.067954e-08    2.000000e-03
0  44 1.000 0.94440 iter 0 3.296063e-06 1.000000e+00    0.000000e+00
0  44 1.000 0.95418 iter 1 9.167281e-01 1.000000e+00    2.000000e-03
0  44 1.000 0.95425 iter 2 5.678542e-04 6.518014e-02    2.000000e-03
0  44 1.000 0.95429 iter 3 7.154958e-05 7.773524e-06    2.000000e-03
0  44 1.000 0.95429 iter 4 3.620922e-06 4.525693e-08    2.000000e-03
0  45 1.000 0.95429 iter 0 3.620922e-06 1.000000e+00    0.000000e+00
0  45 1.000 0.96382 iter 1 9.371434e-01 1.000000e+00    2.000000e-03
0  45 1.000 0.96389 iter 2 6.079103e-04 6.663193e-02    2.000000e-03
0  45 1.000 0.96393 iter 3 7.847163e-05 8.430709e-06    2.000000e-03
0  45 1.000 0.96393 iter 4 3.967596e-06 5.033939e-08    2.000000e-03
0  46 1.000 0.96393 iter 0 3.967596e-06 1.000000e+00    0.000000e+00
0  46 1.000 0.97322 iter 1 9.575547e-01 1.000000e+00    2.000000e-03
0  46 1.000 0.97330 iter 2 6.485282e-04 6.812005e-02    2.000000e-03
0  46 1.000 0.97334 iter 3 8.576670e-05 9.129553e-06    2.000000e-03
0  46 1.000 0.97334 iter 4 4.336849e-06 5.595891e-08    2.000000e-03
0  47 1.000 0.97334 iter 0 4.336849e-06 1.000000e+00    0.000000e+00
0  47 1.000 0.98240 iter 1 9.779624e-01 1.000000e+00    2.000000e-03
0  47 1.000 0.98249 iter 2 6.896988e-04 6.964164e-02    2.000000e-03
0  47 1.000 0.98253 iter 3 9.344194e-05 9.870778e-06    2.000000e-03
0  47 1.000 0.98253 iter 4 4.729445e-06 6.215038e-08    2.000000e-03
0  48 1.000 0.98253 iter 0 4.729445e-06 1.000000e+00    0.000000e+00
0  48 1.000 0.99137 iter 1 9.983667e-01 1.000000e+00    2.000000e-03
0  48 1.000 0.99146 iter 2 7.314176e-04 7.119475e-02    2.000000e-03
0  48 1.000 0.99150 iter 3 1.015044e-04 1.065527e-05    2.000000e-03
0  48 1.000 0.99150 iter 4 5.146148e-06 6.895124e-08    2.000000e-03
0  49 1.000 0.99150 iter 0 5.146148e-06 1.000000e+00    0.000000e+00
0  49 1.000 1.00012 iter 1 1.018768e+00 1.000000e+00    2.000000e-03
0  49 1.000 1.00021 iter 2 7.736839e-04 7.277805e-02    2.000000e-03
0  49 1.000 1.00026 iter 3 1.099612e-04 1.148406e-05    2.000000e-03
0  49 1.000 1.00026 iter 4 5.587721e-06 7.640133e-08    2.000000e-03
Element data written 1.000263
Nodal data written 1.000263
Restart data written 1.000263
last iteration data
   40, 0.9132,    4
   41, 0.9239,    4
   42, 0.9343,    4
   43, 0.9444,    4
   44, 0.9543,    4
   45, 0.9639,    4
   46, 0.9733,    4
   47, 0.9825,    4
   48, 0.9915,    4
   49, 1.0003,    4
last timeout data
total comp time 0 seconds
