Time,   1.0000
      1,   0.0000,   0.0000,   0.0000,    3,    0.0000e+00,  0.0000e+00,  4.1357e-03,     -3.2610e-08,  2.5000e-02, -7.4443e-12,      0.0000e+00,  0.0000e+00,  7.4443e-12,
      2,   0.2500,   0.0000,   0.0000,    1,   -6.2064e-05,     -1.9421e-09,      1.9421e-09,
      3,   0.5000,   0.0000,   0.0000,    3,   -1.2415e-04,  2.0578e-03,  4.0760e-03,     -1.8243e-09,  3.1013e-11,  7.5111e-12,      1.8243e-09, -3.1013e-11, -7.5111e-12,
      4,   0.7500,   0.0000,   0.0000,    1,   -1.8627e-04,     -5.0684e-09,      5.0684e-09,
      5,   1.0000,   0.0000,   0.0000,    3,   -2.4842e-04,  4.0574e-03,  3.9048e-03,     -3.1775e-09,  1.8989e-10,  2.0990e-12,      3.1775e-09, -1.8989e-10, -2.0990e-12,
      6,   1.2500,   0.0000,   0.0000,    1,   -3.1062e-04,     -7.3922e-09,      7.3922e-09,
      7,   1.5000,   0.0000,   0.0000,    3,   -3.7287e-04,  5.9461e-03,  3.6344e-03,     -4.1502e-09,  1.8098e-10, -1.9931e-12,      4.1502e-09, -1.8098e-10,  1.9931e-12,
      8,   1.7500,   0.0000,   0.0000,    1,   -4.3517e-04,     -8.9529e-09,      8.9529e-09,
      9,   2.0000,   0.0000,   0.0000,    3,   -4.9752e-04,  7.6774e-03,  3.2771e-03,     -4.7341e-09,  4.7356e-11, -4.9631e-12,      4.7341e-09, -4.7356e-11,  4.9631e-12,
     10,   2.2500,   0.0000,   0.0000,    1,   -5.5993e-04,     -9.7072e-09,      9.7072e-09,
     11,   2.5000,   0.0000,   0.0000,    3,   -6.2238e-04,  9.2108e-03,  2.8452e-03,     -4.8998e-09, -1.7095e-10, -6.8041e-12,      4.8998e-09,  1.7095e-10,  6.8041e-12,
     12,   2.7500,   0.0000,   0.0000,    1,   -6.8490e-04,     -9.6013e-09,      9.6013e-09,
     13,   3.0000,   0.0000,   0.0000,    3,   -7.4745e-04,  1.0512e-02,  2.3510e-03,     -4.6274e-09, -4.3252e-10, -7.4546e-12,      4.6274e-09,  4.3252e-10,  7.4546e-12,
     14,   3.2500,   0.0000,   0.0000,    1,   -8.1006e-04,     -8.6241e-09,      8.6241e-09,
     15,   3.5000,   0.0000,   0.0000,    3,   -8.7271e-04,  1.1553e-02,  1.8070e-03,     -3.9280e-09, -6.9485e-10, -6.9167e-12,      3.9280e-09,  6.9485e-10,  6.9167e-12,
     16,   3.7500,   0.0000,   0.0000,    1,   -9.3539e-04,     -6.8382e-09,      6.8382e-09,
     17,   4.0000,   0.0000,   0.0000,    3,   -9.9811e-04,  1.2313e-02,  1.2255e-03,     -2.8543e-09, -9.1735e-10, -5.3049e-12,      2.8543e-09,  9.1735e-10,  5.3049e-12,
     18,   4.2500,   0.0000,   0.0000,    1,   -1.0608e-03,     -4.3926e-09,      4.3926e-09,
     19,   4.5000,   0.0000,   0.0000,    3,   -1.1236e-03,  1.2775e-02,  6.1897e-04,     -1.5017e-09, -1.0660e-09, -2.8753e-12,      1.5017e-09,  1.0660e-09,  2.8753e-12,
     20,   4.7500,   0.0000,   0.0000,    1,   -1.1864e-03,     -1.5144e-09,      1.5144e-09,
     21,   5.0000,   0.0000,   0.0000,    3,   -1.2492e-03,  1.2930e-02,  1.2974e-21,     -5.6621e-15, -1.1183e-09,  8.3267e-17,      5.6621e-15,  1.1183e-09, -8.3267e-17,
     22,   5.2500,   0.0000,   0.0000,    1,   -1.3119e-03,      1.5144e-09,     -1.5144e-09,
     23,   5.5000,   0.0000,   0.0000,    3,   -1.3747e-03,  1.2775e-02, -6.1897e-04,      1.5017e-09, -1.0661e-09,  2.8748e-12,     -1.5017e-09,  1.0661e-09, -2.8748e-12,
     24,   5.7500,   0.0000,   0.0000,    1,   -1.4375e-03,      4.3925e-09,     -4.3925e-09,
     25,   6.0000,   0.0000,   0.0000,    3,   -1.5002e-03,  1.2313e-02, -1.2255e-03,      2.8543e-09, -9.1734e-10,  5.3051e-12,     -2.8543e-09,  9.1734e-10, -5.3051e-12,
     26,   6.2500,   0.0000,   0.0000,    1,   -1.5629e-03,      6.8382e-09,     -6.8382e-09,
     27,   6.5000,   0.0000,   0.0000,    3,   -1.6256e-03,  1.1553e-02, -1.8070e-03,      3.9280e-09, -6.9486e-10,  6.9177e-12,     -3.9280e-09,  6.9486e-10, -6.9177e-12,
     28,   6.7500,   0.0000,   0.0000,    1,   -1.6883e-03,      8.6241e-09,     -8.6241e-09,
     29,   7.0000,   0.0000,   0.0000,    3,   -1.7509e-03,  1.0512e-02, -2.3510e-03,      4.6274e-09, -4.3254e-10,  7.4511e-12,     -4.6274e-09,  4.3254e-10, -7.4511e-12,
     30,   7.2500,   0.0000,   0.0000,    1,   -1.8134e-03,      9.6013e-09,     -9.6013e-09,
     31,   7.5000,   0.0000,   0.0000,    3,   -1.8759e-03,  9.2108e-03, -2.8452e-03,      4.8998e-09, -1.7094e-10,  6.7955e-12,     -4.8998e-09,  1.7094e-10, -6.7955e-12,
     32,   7.7500,   0.0000,   0.0000,    1,   -1.9384e-03,      9.7072e-09,     -9.7072e-09,
     33,   8.0000,   0.0000,   0.0000,    3,   -2.0008e-03,  7.6774e-03, -3.2771e-03,      4.7341e-09,  4.7361e-11,  4.9599e-12,     -4.7341e-09, -4.7361e-11, -4.9599e-12,
     34,   8.2500,   0.0000,   0.0000,    1,   -2.0632e-03,      8.9529e-09,     -8.9529e-09,
     35,   8.5000,   0.0000,   0.0000,    3,   -2.1255e-03,  5.9461e-03, -3.6344e-03,      4.1501e-09,  1.8099e-10,  1.9925e-12,     -4.1501e-09, -1.8099e-10, -1.9925e-12,
     36,   8.7500,   0.0000,   0.0000,    1,   -2.1877e-03,      7.3922e-09,     -7.3922e-09,
     37,   9.0000,   0.0000,   0.0000,    3,   -2.2499e-03,  4.0574e-03, -3.9048e-03,      3.1775e-09,  1.8988e-10, -2.0988e-12,     -3.1775e-09, -1.8988e-10,  2.0988e-12,
     38,   9.2500,   0.0000,   0.0000,    1,   -2.3121e-03,      5.0684e-09,     -5.0684e-09,
     39,   9.5000,   0.0000,   0.0000,    3,   -2.3742e-03,  2.0578e-03, -4.0760e-03,      1.8243e-09,  3.1015e-11, -7.5117e-12,     -1.8243e-09, -3.1015e-11,  7.5117e-12,
     40,   9.7500,   0.0000,   0.0000,    1,   -2.4363e-03,      1.9422e-09,     -1.9422e-09,
     41,  10.0000,   0.0000,   0.0000,    3,   -2.4983e-03,  0.0000e+00, -4.1357e-03,      3.2610e-08,  2.5000e-02,  7.4443e-12,     -3.2610e-08,  0.0000e+00, -7.4443e-12,
Time,   2.0000
      1,   0.0000,   0.0000,   0.0000,    3,    0.0000e+00,  0.0000e+00, -3.6360e-02,     -3.3307e-16,  1.7500e-01,  1.2086e-15,      0.0000e+00,  0.0000e+00, -1.2086e-15,
      2,   0.2500,   0.0000,   0.0000,    1,   -6.2155e-05,     -3.0853e-13,      3.0853e-13,
      3,   0.5000,   0.0000,   0.0000,    3,   -1.2485e-04, -1.8124e-02, -3.6029e-02,     -1.6019e-11, -3.2591e-10, -3.0160e-11,      1.6019e-11,  3.2591e-10,  3.0160e-11,
      4,   0.7500,   0.0000,   0.0000,    1,   -1.8711e-04,      2.2206e-09,     -2.2206e-09,
      5,   1.0000,   0.0000,   0.0000,    3,   -2.4438e-04, -3.5910e-02, -3.4969e-02,      4.0899e-09,  1.7993e-08,  1.7809e-09,     -4.0899e-09, -1.7993e-08, -1.7809e-09,
      6,   1.2500,   0.0000,   0.0000,    1,   -2.9189e-04,     -8.2374e-08,      8.2374e-08,
      7,   1.5000,   0.0000,   0.0000,    3,   -3.2829e-04, -5.2926e-02, -3.2921e-02,     -1.7212e-07,  2.7834e-07,  1.2655e-08,      1.7212e-07, -2.7834e-07, -1.2655e-08,
      8,   1.7500,   0.0000,   0.0000,    1,   -3.5372e-04,     -1.0283e-06,      1.0283e-06,
      9,   2.0000,   0.0000,   0.0000,    3,   -3.6916e-04, -6.8670e-02, -2.9906e-02,     -1.2024e-06,  9.4095e-07,  2.7632e-09,      1.2024e-06, -9.4095e-07, -2.7632e-09,
     10,   2.2500,   0.0000,   0.0000,    1,   -3.7586e-04,     -3.5048e-06,      3.5048e-06,
     11,   2.5000,   0.0000,   0.0000,    3,   -3.7514e-04, -8.2696e-02, -2.6078e-02,     -3.2251e-06,  2.0434e-06, -2.2197e-08,      3.2251e-06, -2.0434e-06,  2.2197e-08,
     12,   2.7500,   0.0000,   0.0000,    1,   -3.6821e-04,     -8.1572e-06,      8.1572e-06,
     13,   3.0000,   0.0000,   0.0000,    3,   -3.5622e-04, -9.4639e-02, -2.1598e-02,     -5.7866e-06,  3.7353e-06,  4.9691e-08,      5.7866e-06, -3.7353e-06, -4.9691e-08,
     14,   3.2500,   0.0000,   0.0000,    1,   -3.4014e-04,     -1.6134e-05,      1.6134e-05,
     15,   3.5000,   0.0000,   0.0000,    3,   -3.2084e-04, -1.0421e-01, -1.6618e-02,     -6.8261e-06,  5.6794e-07,  1.5333e-07,      6.8261e-06, -5.6794e-07, -1.5333e-07,
     16,   3.7500,   0.0000,   0.0000,    1,   -2.9903e-04,     -1.6075e-05,      1.6075e-05,
     17,   4.0000,   0.0000,   0.0000,    3,   -2.7533e-04, -1.1120e-01, -1.1276e-02,     -1.0585e-05, -3.2392e-07, -4.2602e-07,      1.0585e-05,  3.2392e-07,  4.2602e-07,
     18,   4.2500,   0.0000,   0.0000,    1,   -2.5024e-04,     -1.4884e-05,      1.4884e-05,
     19,   4.5000,   0.0000,   0.0000,    3,   -2.2418e-04, -1.1545e-01, -5.6961e-03,     -8.7008e-06, -5.1962e-06, -2.5880e-07,      8.7008e-06,  5.1962e-06,  2.5880e-07,
     20,   4.7500,   0.0000,   0.0000,    1,   -1.9752e-04,     -4.1087e-06,      4.1087e-06,
     21,   5.0000,   0.0000,   0.0000,    3,   -1.7056e-04, -1.1687e-01,  1.4203e-09,     -1.3628e-06, -5.1607e-06, -1.8284e-07,      1.3628e-06,  5.1607e-06,  1.8284e-07,
     22,   5.2500,   0.0000,   0.0000,    1,   -1.4360e-04,      1.0193e-05,     -1.0193e-05,
     23,   5.5000,   0.0000,   0.0000,    3,   -1.1693e-04, -1.1545e-01,  5.6961e-03,      6.1270e-06, -3.0229e-06,  2.5892e-07,     -6.1270e-06,  3.0229e-06, -2.5892e-07,
     24,   5.7500,   0.0000,   0.0000,    1,   -9.0873e-05,      9.3211e-06,     -9.3211e-06,
     25,   6.0000,   0.0000,   0.0000,    3,   -6.5781e-05, -1.1120e-01,  1.1276e-02,      1.0788e-05, -3.1338e-06,  6.4484e-08,     -1.0788e-05,  3.1338e-06, -6.4484e-08,
     26,   6.2500,   0.0000,   0.0000,    1,   -4.2080e-05,      1.9996e-05,     -1.9996e-05,
     27,   6.5000,   0.0000,   0.0000,    3,   -2.0274e-05, -1.0421e-01,  1.6618e-02,      8.3363e-06,  3.1216e-06, -1.9357e-08,     -8.3363e-06, -3.1216e-06,  1.9357e-08,
     28,   6.7500,   0.0000,   0.0000,    1,   -9.7205e-07,      1.3953e-05,     -1.3953e-05,
     29,   7.0000,   0.0000,   0.0000,    3,    1.5104e-05, -9.4639e-02,  2.1598e-02,      5.6884e-06,  2.7464e-06,  3.8432e-09,     -5.6884e-06, -2.7464e-06, -3.8432e-09,
     30,   7.2500,   0.0000,   0.0000,    1,    2.7097e-05,      8.4590e-06,     -8.4590e-06,
     31,   7.5000,   0.0000,   0.0000,    3,    3.4021e-05, -8.2696e-02,  2.6078e-02,      2.9267e-06,  2.0800e-06, -2.6359e-08,     -2.9267e-06, -2.0800e-06,  2.6359e-08,
     32,   7.7500,   0.0000,   0.0000,    1,    3.4749e-05,      3.7311e-06,     -3.7311e-06,
     33,   8.0000,   0.0000,   0.0000,    3,    2.8045e-05, -6.8670e-02,  2.9906e-02,      9.7862e-07,  9.9306e-07, -3.1805e-08,     -9.7862e-07, -9.9306e-07,  3.1805e-08,
     34,   8.2500,   0.0000,   0.0000,    1,    1.2604e-05,      1.0899e-06,     -1.0899e-06,
     35,   8.5000,   0.0000,   0.0000,    3,   -1.2824e-05, -5.2926e-02,  3.2921e-02,      1.6426e-07,  2.9518e-07, -1.4735e-08,     -1.6426e-07, -2.9518e-07,  1.4735e-08,
     36,   8.7500,   0.0000,   0.0000,    1,   -4.9226e-05,      8.2374e-08,     -8.2374e-08,
     37,   9.0000,   0.0000,   0.0000,    3,   -9.6735e-05, -3.5910e-02,  3.4969e-02,     -3.9106e-09,  1.8015e-08, -1.7704e-09,      3.9106e-09, -1.8015e-08,  1.7704e-09,
     38,   9.2500,   0.0000,   0.0000,    1,   -1.5400e-04,     -2.3507e-09,      2.3507e-09,
     39,   9.5000,   0.0000,   0.0000,    3,   -2.1626e-04, -1.8124e-02,  3.6029e-02,     -3.3193e-11, -3.4776e-10,  3.0607e-11,      3.3193e-11,  3.4776e-10, -3.0607e-11,
     40,   9.7500,   0.0000,   0.0000,    1,   -2.7896e-04,      3.0775e-13,     -3.0775e-13,
     41,  10.0000,   0.0000,   0.0000,    3,   -3.4112e-04,  0.0000e+00,  3.6360e-02,     -6.6613e-16,  1.7500e-01, -2.9134e-15,      6.6613e-16,  0.0000e+00,  2.9134e-15,
