*HEADING
BeamTemp
temperature actions reinforced concrete beam
*NODE
       1,  0.0000,  0.0
       2,  0.1250,  0.0
       3,  0.2500,  0.0
       4,  0.3750,  0.0
       5,  0.5000,  0.0
       6,  0.6250,  0.0
       7,  0.7500,  0.0
       8,  0.8750,  0.0
       9,  1.0000,  0.0
      10,  1.1250,  0.0
      11,  1.2500,  0.0
      12,  1.3750,  0.0
      13,  1.5000,  0.0
      14,  1.6250,  0.0
      15,  1.7500,  0.0
      16,  1.8750,  0.0
      17,  2.0000,  0.0
      18,  2.1250,  0.0
      19,  2.2500,  0.0
      20,  2.3750,  0.0
      21,  2.5000,  0.0
      22,  2.6250,  0.0
      23,  2.7500,  0.0
      24,  2.8750,  0.0
      25,  3.0000,  0.0
      26,  3.1250,  0.0
      27,  3.2500,  0.0
      28,  3.3750,  0.0
      29,  3.5000,  0.0
      30,  3.6250,  0.0
      31,  3.7500,  0.0
      32,  3.8750,  0.0
      33,  4.0000,  0.0
      34,  4.1250,  0.0
      35,  4.2500,  0.0
      36,  4.3750,  0.0
      37,  4.5000,  0.0
      38,  4.6250,  0.0
      39,  4.7500,  0.0
      40,  4.8750,  0.0
      41,  5.0000,  0.0
************************************************************
*ELEMENT, TYPE=B23E, ELSET=PROP1
       1,           1,            3,   2
       2,           3,            5,   4
       3,           5,            7,   6
       4,           7,            9,   8
       5,           9,           11,  10
       6,          11,           13,  12
       7,          13,           15,  14
       8,          15,           17,  16
       9,          17,           19,  18
      10,          19,           21,  20
      11,          21,           23,  22
      12,          23,           25,  24
      13,          25,           27,  26
      14,          27,           29,  28
      15,          29,           31,  30
      16,          31,           33,  32
      17,          33,           35,  34
      18,          35,           37,  36
      19,          37,           39,  38
      20,          39,           41,  40
************************************************************
*MATERIAL, NAME=MAT1
*RCBEAM
  35000.0, 48., -0.0023, -0.0035, 3.0, 50, 1.e-5, 0.0, 6.931471806e-3, 0.
 200000.0, 0.2, 550.0, 600.0, 0.0500, 1.e-5, 0.0
**----------------------------------------------------------
*MATERIAL, NAME=MAT2
*ELASTIC
    35000.0, 0.2, 1.0e-05
************************************************************
*BEAM SECTION, SECTION=RECT, ELSET=PROP1, MATERIAL=MAT1
 0.2, 0.4
 0.1256637062e-2, -0.15,   0.06285, 0.0, TensionStiffening! rho, betat   
 0.1256637062e-2,  0.15,   0.06285, 0.0,
** uncomment to activate tension stiffening  -- comment out former two lines
** 0.1256637062e-2, -0.15,   0.06285, 0.6, TensionStiffening! rho, betat   
** 0.1256637062e-2,  0.15,   0.06285, 0.6,
************************************************************
*STEP
*SOLUTION TECHNIQUE, TYPE=QUASI-NEWTON
*CONTROLS, ITOL=1.e-4, NITER=100 
*STATIC
   0.2,    1.0
*BOUNDARY
    1,   1,   2,     0.0
   41,   1,   2,     0.0
   41,   6,   6,     0.0
    1,   6,   6,     0.0
*DLOAD
      PROP1,  2,  -0.04
**      PROP1,  2,  -0.02
*AMPLITUDE, NAME=TEMP1
  0.0, 0.0,  1.0, 1.0
*TEMPERATURE, AMPLITUDE=TEMP1
       1,  -10.00,   10.00
       3,  -10.00,   10.00
       5,  -10.00,   10.00
       7,  -10.00,   10.00
       9,  -10.00,   10.00
      11,  -10.00,   10.00
      13,  -10.00,   10.00
      15,  -10.00,   10.00
      17,  -10.00,   10.00
      19,  -10.00,   10.00
      21,  -10.00,   10.00
      23,  -10.00,   10.00
      25,  -10.00,   10.00
      27,  -10.00,   10.00
      29,  -10.00,   10.00
      31,  -10.00,   10.00
      33,  -10.00,   10.00
      35,  -10.00,   10.00
      37,  -10.00,   10.00
      39,  -10.00,   10.00
      41,  -10.00,   10.00
*EL FILE, FREQUENCY=1.0
*NODE FILE, FREQUENCY=1.0
*END STEP
***************************************************************
