ConFem  ../DataExamples/E04/E4-06
symmetric system True, used LinAlg2 True, used ConFemMatC True, used CaeFemElemC True
ndofs 83, elems 20, active nodes 41, abs.size 0.44 MItems, rel.size 0.0647 (abs.size/(ndofs**2)
used material MAT1, spec. inertial mass 0.00e+00, type RCBEAM
0 step starts, solution type NR
0   1 1.000 0.00000 iter 0 0.000000e+00 1.000000e+00    0.000000e+00
0   1 1.000 0.20000 iter 1 7.894904e-04 1.000000e+00    8.417965e-03
0   1 1.000 0.20000 iter 2 2.372258e-08 3.139766e-07    8.493170e-03
0   2 1.000 0.20000 iter 0 2.372258e-08 1.000000e+00    0.000000e+00
0   2 1.000 0.40000 iter 1 8.231327e-04 1.000000e+00    8.570452e-03
0   2 1.000 0.40000 iter 2 2.779614e-08 3.777353e-07    8.652118e-03
0   3 1.000 0.40000 iter 0 2.779614e-08 1.000000e+00    0.000000e+00
0   3 1.000 0.60000 iter 1 8.594305e-04 1.000000e+00    8.736141e-03
0   3 1.000 0.60000 iter 2 3.292012e-08 4.586278e-07    8.825166e-03
0   4 1.000 0.60000 iter 0 3.292012e-08 1.000000e+00    0.000000e+00
0   4 1.000 0.80000 iter 1 8.987304e-04 1.000000e+00    8.916889e-03
0   4 1.000 0.80000 iter 2 3.947448e-08 5.625569e-07    9.014353e-03
0   5 1.000 0.80000 iter 0 3.947448e-08 1.000000e+00    0.000000e+00
0   5 1.000 1.00000 iter 1 9.414504e-04 1.000000e+00    9.114927e-03
0   5 1.000 1.00000 iter 2 4.801642e-08 6.979722e-07    9.222139e-03
Element data written 1.000000
Nodal data written 1.000000
Restart data written 1.000000
last iteration data
    1, 0.2000,    2
    2, 0.4000,    2
    3, 0.6000,    2
    4, 0.8000,    2
    5, 1.0000,    2
last timeout data
reached time 1.0000
1 step starts, solution type NR
1   1 2.000 1.00000 iter 0 4.801642e-08 1.000000e+00    0.000000e+00
1   1 2.000 1.10000 iter 1 6.766534e-03 1.000000e+00    2.824817e-02
1   1 2.000 1.10000 iter 2 6.050575e-04 9.298262e-03    2.689884e-02
1   1 2.000 1.10000 iter 3 6.263699e-05 7.609035e-05    2.702646e-02
1   2 2.000 1.10000 iter 0 6.263699e-05 1.000000e+00    0.000000e+00
1   2 2.000 1.20000 iter 1 6.084884e-03 1.000000e+00    2.807548e-02
1   2 2.000 1.20000 iter 2 5.229646e-04 8.332139e-03    2.692963e-02
1   2 2.000 1.20000 iter 3 5.305198e-05 6.579362e-05    2.703875e-02
1   3 2.000 1.20000 iter 0 5.305198e-05 1.000000e+00    0.000000e+00
1   3 2.000 1.30000 iter 1 5.452959e-03 1.000000e+00    2.797739e-02
1   3 2.000 1.30000 iter 2 4.480131e-04 7.456022e-03    2.702145e-02
1   3 2.000 1.30000 iter 3 4.462439e-05 5.697910e-05    2.711406e-02
1   4 2.000 1.30000 iter 0 4.462439e-05 1.000000e+00    0.000000e+00
1   4 2.000 1.40000 iter 1 7.908749e-03 1.000000e+00    2.793998e-02
1   4 2.000 1.40000 iter 2 9.885529e-04 9.892843e-03    2.928454e-02
1   4 2.000 1.40000 iter 3 1.392062e-04 1.735087e-04    2.916170e-02
1   4 2.000 1.40000 iter 4 2.093068e-05 3.842428e-06    2.918048e-02
1   5 2.000 1.40000 iter 0 2.093068e-05 1.000000e+00    0.000000e+00
1   5 2.000 1.50000 iter 1 1.828293e-02 1.000000e+00    3.588628e-02
1   5 2.000 1.50000 iter 2 1.779678e-03 2.843006e-02    4.043760e-02
1   5 2.000 1.50000 iter 3 4.464195e-04 1.150332e-03    3.971324e-02
1   5 2.000 1.50000 iter 4 1.064087e-04 6.078562e-05    3.987400e-02
1   5 2.000 1.50000 iter 5 3.101452e-05 3.366811e-06    3.983784e-02
1   6 2.000 1.50000 iter 0 3.101452e-05 1.000000e+00    0.000000e+00
1   6 2.000 1.60000 iter 1 2.074110e-02 1.000000e+00    4.961559e-02
1   6 2.000 1.60000 iter 2 3.967605e-03 4.785492e-02    4.814127e-02
1   6 2.000 1.60000 iter 3 1.043490e-03 3.988908e-03    4.870675e-02
1   6 2.000 1.60000 iter 4 3.114392e-04 3.640125e-04    4.852543e-02
1   6 2.000 1.60000 iter 5 9.327898e-05 3.409834e-05    4.858241e-02
1   7 2.000 1.60000 iter 0 9.327898e-05 1.000000e+00    0.000000e+00
1   7 2.000 1.70000 iter 1 1.606288e-02 1.000000e+00    5.803798e-02
1   7 2.000 1.70000 iter 2 4.482486e-03 6.067138e-02    5.224742e-02
1   7 2.000 1.70000 iter 3 1.438620e-03 6.782916e-03    5.422739e-02
1   7 2.000 1.70000 iter 4 5.151296e-04 7.667258e-04    5.357481e-02
1   7 2.000 1.70000 iter 5 1.856083e-04 8.913098e-05    5.379169e-02
1   7 2.000 1.70000 iter 6 7.391200e-05 1.061684e-05    5.371891e-02
1   8 2.000 1.70000 iter 0 7.391200e-05 1.000000e+00    0.000000e+00
1   8 2.000 1.80000 iter 1 1.648591e-02 1.000000e+00    6.286095e-02
1   8 2.000 1.80000 iter 2 4.863196e-03 7.211289e-02    5.510782e-02
1   8 2.000 1.80000 iter 3 1.687828e-03 8.968471e-03    5.790226e-02
1   8 2.000 1.80000 iter 4 6.577025e-04 1.135205e-03    5.693455e-02
1   8 2.000 1.80000 iter 5 2.518804e-04 1.469342e-04    5.727294e-02
1   8 2.000 1.80000 iter 6 9.808662e-05 1.923454e-05    5.715363e-02
1   9 2.000 1.80000 iter 0 9.808662e-05 1.000000e+00    0.000000e+00
1   9 2.000 1.90000 iter 1 1.582388e-02 1.000000e+00    6.571832e-02
1   9 2.000 1.90000 iter 2 4.504462e-03 7.341235e-02    5.777239e-02
1   9 2.000 1.90000 iter 3 1.686030e-03 9.811498e-03    6.079070e-02
1   9 2.000 1.90000 iter 4 6.824825e-04 1.343164e-03    5.970594e-02
1   9 2.000 1.90000 iter 5 2.757504e-04 1.878881e-04    6.009974e-02
1   9 2.000 1.90000 iter 6 1.122806e-04 2.669419e-05    5.995545e-02
1   9 2.000 1.90000 iter 7 4.604234e-05 3.836487e-06    6.000876e-02
1  10 2.000 1.90000 iter 0 4.604234e-05 1.000000e+00    0.000000e+00
1  10 2.000 2.00000 iter 1 1.373402e-02 1.000000e+00    6.782053e-02
1  10 2.000 2.00000 iter 2 3.931645e-03 7.074293e-02    6.070120e-02
1  10 2.000 2.00000 iter 3 1.538668e-03 9.958271e-03    6.360114e-02
1  10 2.000 2.00000 iter 4 6.573416e-04 1.454157e-03    6.252821e-02
1  10 2.000 2.00000 iter 5 2.729033e-04 2.176641e-04    6.293042e-02
1  10 2.000 2.00000 iter 6 1.158298e-04 3.298860e-05    6.277809e-02
1  10 2.000 2.00000 iter 7 4.869348e-05 5.076325e-06    6.283622e-02
Element data written 2.000000
Nodal data written 2.000000
Restart data written 2.000000
last iteration data
    1, 1.1000,    3
    2, 1.2000,    3
    3, 1.3000,    3
    4, 1.4000,    4
    5, 1.5000,    5
    6, 1.6000,    5
    7, 1.7000,    6
    8, 1.8000,    6
    9, 1.9000,    7
   10, 2.0000,    7
last timeout data
reached time 2.0000
total comp time 2 seconds
