    0.00109393    0.00000000   -0.00017788   -0.09375835   -0.00043517   -0.00299558  0       1
    0.00218975    0.00000000   -0.00034716   -0.18264270   -0.00086653   -0.00583543  0       2
    0.00328715    0.00000000   -0.00050850   -0.26700704   -0.00129429   -0.00853087  0       3
    0.00438584    0.00000000   -0.00066252   -0.34717513   -0.00171862   -0.01109225  0       4
    0.00548561    0.00000000   -0.00080977   -0.42344303   -0.00213971   -0.01352900  0       5
    0.00658625    0.00000000   -0.00095078   -0.49608148   -0.00255772   -0.01584980  0       6
    0.00768760    0.00000000   -0.00108600   -0.56533826   -0.00297284   -0.01806256  0       7
    0.00878952    0.00000000   -0.00121588   -0.63144024   -0.00338520   -0.02017452  0       8
    0.00989190    0.00000000   -0.00134079   -0.69459536   -0.00379496   -0.02219232  0       9
    0.01099463    0.00000000   -0.00146110   -0.75499438   -0.00420225   -0.02412207  0      10
    0.01209764    0.00000000   -0.00157715   -0.81281248   -0.00460721   -0.02596936  0      11
    0.01320086    0.00000000   -0.00168924   -0.86821076   -0.00500995   -0.02773933  0      12
    0.01430423    0.00000000   -0.00179763   -0.92133751   -0.00541059   -0.02943673  0      13
    0.01540769    0.00000000   -0.00190261   -0.97232939   -0.00580923   -0.03106592  0      14
    0.01651120    0.00000000   -0.00200439   -1.02131254   -0.00620598   -0.03263094  0      15
    0.01761473    0.00000000   -0.00210321   -1.06840350   -0.00660093   -0.03413549  0      16
    0.01871825    0.00000000   -0.00219926   -1.11371011   -0.00699418   -0.03558304  0      17
    0.01982173    0.00000000   -0.00229273   -1.15733223   -0.00738579   -0.03697676  0      18
    0.02092515    0.00000000   -0.00238381   -1.19936251   -0.00777586   -0.03831963  0      19
    0.02202849    0.00000000   -0.00247264   -1.23988696   -0.00816445   -0.03961439  0      20
    0.02313174    0.00000000   -0.00255938   -1.27898556   -0.00855164   -0.04086359  0      21
    0.02423489    0.00000000   -0.00264417   -1.31673273   -0.00893749   -0.04206961  0      22
    0.02533793    0.00000000   -0.00272714   -1.35319786   -0.00932206   -0.04323467  0      23
    0.02644084    0.00000000   -0.00280842   -1.38844565   -0.00970541   -0.04436084  0      24
    0.02754362    0.00000000   -0.00288811   -1.42253655   -0.01008759   -0.04545004  0      25
    0.02864627    0.00000000   -0.00296632   -1.45552707   -0.01046866   -0.04650409  0      26
    0.02974877    0.00000000   -0.00304316   -1.48747010   -0.01084866   -0.04752467  0      27
    0.03085114    0.00000000   -0.00311871   -1.51841519   -0.01122764   -0.04851337  0      28
    0.03195336    0.00000000   -0.00319306   -1.54840884   -0.01160565   -0.04947166  0      29
    0.03305543    0.00000000   -0.00326630   -1.57749467   -0.01198271   -0.05040095  0      30
    0.03415736    0.00000000   -0.00333850   -1.60571409   -0.01235888   -0.05130257  0      31
    0.03525914    0.00000000   -0.00340974   -1.63310489   -0.01273419   -0.05217770  0      32
    0.03636077    0.00000000   -0.00348008   -1.65970375   -0.01310867   -0.05302753  0      33
    0.03746225    0.00000000   -0.00354958   -1.68554488   -0.01348236   -0.05385316  0      34
    0.03856358    0.00000000   -0.00361832   -1.71066055   -0.01385529   -0.05465560  0      35
    0.03966477    0.00000000   -0.00368634   -1.73508119   -0.01422748   -0.05543584  0      36
    0.04076581    0.00000000   -0.00375369   -1.75883558   -0.01459897   -0.05619480  0      37
    0.04186671    0.00000000   -0.00382044   -1.78195091   -0.01496978   -0.05693333  0      38
    0.04296746    0.00000000   -0.00388663   -1.80445291   -0.01533994   -0.05765227  0      39
    0.04406808    0.00000000   -0.00395229   -1.82636594   -0.01570947   -0.05835239  0      40
    0.04516855    0.00000000   -0.00401749   -1.84771309   -0.01607839   -0.05903443  0      41
    0.04626888    0.00000000   -0.00408226   -1.86851624   -0.01644673   -0.05969909  0      42
    0.04736908    0.00000000   -0.00414663   -1.88879616   -0.01681451   -0.06034704  0      43
    0.04846914    0.00000000   -0.00421065   -1.90857258   -0.01718174   -0.06097889  0      44
    0.04956907    0.00000000   -0.00427435   -1.92786423   -0.01754845   -0.06159526  0      45
    0.05066887    0.00000000   -0.00433776   -1.94668893   -0.01791466   -0.06219671  0      46
    0.05176854    0.00000000   -0.00440091   -1.96506363   -0.01828037   -0.06278378  0      47
    0.05286808    0.00000000   -0.00446385   -1.98300447   -0.01864562   -0.06335699  0      48
    0.05396749    0.00000000   -0.00452658   -2.00052682   -0.01901041   -0.06391683  0      49
