ConFem  ../DataExamples/E04/E4-03
symmetric system False, used LinAlg2 True, used ConFemMatC True, used CaeFemElemC True
ndofs 43, elems 10, active nodes 21, abs.size 0.22 MItems, rel.size 0.1222 (abs.size/(ndofs**2)
used material MAT1, spec. inertial mass 0.00e+00, type RCBEAM
0 step starts, solution type NR
0   1 1.000 0.00000 iter 0 0.000000e+00 1.000000e+00    0.000000e+00
0   1 1.000 1.00000 iter 1 9.362801e-02 1.000000e+00    1.018955e-02
0   1 1.000 1.00000 iter 2 7.545918e-02 2.594270e-01    2.369524e-02
0   1 1.000 1.00000 iter 3 2.511675e-02 9.678731e-02    2.549225e-02
0   1 1.000 1.00000 iter 4 6.987863e-03 1.111093e-02    2.543045e-02
0   1 1.000 1.00000 iter 5 1.845322e-03 9.052300e-04    2.532421e-02
0   1 1.000 1.00000 iter 6 4.805507e-04 6.455518e-05    2.528724e-02
0   1 1.000 1.00000 iter 7 1.246925e-04 4.408621e-06    2.527691e-02
0   1 1.000 1.00000 iter 8 3.232488e-05 2.973981e-07    2.527418e-02
Element data written 1.000000
Nodal data written 1.000000
Restart data written 1.000000
last iteration data
    1, 1.0000,    8
last timeout data
1 step starts, solution type NR
1   1 501.000 1.00000 iter 0 3.232488e-05 1.000000e+00    0.000000e+00
1   1 501.000 11.00000 iter 1 1.044687e-02 1.000000e+00    7.964233e-07
1   1 501.000 11.00000 iter 2 3.201932e-03 1.082928e+02    5.613373e-04
1   1 501.000 11.00000 iter 3 9.683617e-04 8.791350e+00    6.583007e-04
1   1 501.000 11.00000 iter 4 2.933534e-04 7.893779e-01    6.850020e-04
1   1 501.000 11.00000 iter 5 8.892888e-05 7.210660e-02    6.928961e-04
Restart data written 11.000000
1   2 501.000 11.00000 iter 0 8.892888e-05 1.000000e+00    0.000000e+00
1   2 501.000 21.00000 iter 1 9.669326e-03 1.000000e+00    2.413252e-06
1   2 501.000 21.00000 iter 2 3.014672e-03 3.587343e+01    5.216375e-04
1   2 501.000 21.00000 iter 3 9.317820e-04 3.029184e+00    6.094436e-04
1   2 501.000 21.00000 iter 4 2.885675e-04 2.846350e-01    6.341937e-04
1   2 501.000 21.00000 iter 5 8.943585e-05 2.718920e-02    6.416857e-04
Restart data written 21.000000
1   3 501.000 21.00000 iter 0 8.943585e-05 1.000000e+00    0.000000e+00
1   3 501.000 31.00000 iter 1 8.900424e-03 1.000000e+00    2.347409e-06
1   3 501.000 31.00000 iter 2 2.809401e-03 3.315252e+01    4.795062e-04
1   3 501.000 31.00000 iter 3 8.839389e-04 2.886795e+00    5.583904e-04
1   3 501.000 31.00000 iter 4 2.787410e-04 2.815371e-01    5.810286e-04
1   3 501.000 31.00000 iter 5 8.796892e-05 2.789719e-02    5.880161e-04
Restart data written 31.000000
1   4 501.000 31.00000 iter 0 8.796892e-05 1.000000e+00    0.000000e+00
1   4 501.000 41.00000 iter 1 8.173186e-03 1.000000e+00    2.235704e-06
1   4 501.000 41.00000 iter 2 2.602645e-03 3.116366e+01    4.393858e-04
1   4 501.000 41.00000 iter 3 8.310654e-04 2.780523e+00    5.100352e-04
1   4 501.000 41.00000 iter 4 2.660321e-04 2.796694e-01    5.305916e-04
1   4 501.000 41.00000 iter 5 8.523004e-05 2.856950e-02    5.370405e-04
Restart data written 41.000000
1   5 501.000 41.00000 iter 0 8.523004e-05 1.000000e+00    0.000000e+00
1   5 501.000 51.00000 iter 1 7.490729e-03 1.000000e+00    2.100799e-06
1   5 501.000 51.00000 iter 2 2.400218e-03 2.962097e+01    4.016702e-04
1   5 501.000 51.00000 iter 3 7.759764e-04 2.694965e+00    4.648367e-04
1   5 501.000 51.00000 iter 4 2.515573e-04 2.781749e-01    4.834108e-04
1   5 501.000 51.00000 iter 5 8.161865e-05 2.915538e-02    4.893184e-04
Restart data written 51.000000
1   6 501.000 51.00000 iter 0 8.161865e-05 1.000000e+00    0.000000e+00
1   6 501.000 61.00000 iter 1 6.854190e-03 1.000000e+00    1.954774e-06
1   6 501.000 61.00000 iter 2 2.205831e-03 2.839715e+01    3.665324e-04
1   6 501.000 61.00000 iter 3 7.206535e-04 2.624761e+00    4.229654e-04
1   6 501.000 61.00000 iter 4 2.361503e-04 2.769454e-01    4.396937e-04
1   6 501.000 61.00000 iter 5 7.744885e-05 2.966753e-02    4.450767e-04
Restart data written 61.000000
1   7 501.000 61.00000 iter 0 7.744885e-05 1.000000e+00    0.000000e+00
1   7 501.000 71.00000 iter 1 6.263335e-03 1.000000e+00    1.805896e-06
1   7 501.000 71.00000 iter 2 2.021708e-03 2.740784e+01    3.340073e-04
1   7 501.000 71.00000 iter 3 6.664492e-04 2.566238e+00    3.844178e-04
1   7 501.000 71.00000 iter 4 2.204173e-04 2.759096e-01    3.994521e-04
1   7 501.000 71.00000 iter 5 7.296031e-05 3.011661e-02    4.043389e-04
Restart data written 71.000000
1   8 501.000 71.00000 iter 0 7.296031e-05 1.000000e+00    0.000000e+00
1   8 501.000 81.00000 iter 1 5.716998e-03 1.000000e+00    1.659576e-06
1   8 501.000 81.00000 iter 2 1.849034e-03 2.659532e+01    3.040432e-04
1   8 501.000 81.00000 iter 3 6.142528e-04 2.516812e+00    3.490862e-04
1   8 501.000 81.00000 iter 4 2.047882e-04 2.750201e-01    3.625812e-04
1   8 501.000 81.00000 iter 5 6.833167e-05 3.051152e-02    3.670059e-04
Restart data written 81.000000
1   9 501.000 81.00000 iter 0 6.833167e-05 1.000000e+00    0.000000e+00
1   9 501.000 91.00000 iter 1 5.213393e-03 1.000000e+00    1.519178e-06
1   9 501.000 91.00000 iter 2 1.688287e-03 2.591905e+01    2.765358e-04
1   9 501.000 91.00000 iter 3 5.646182e-04 2.474616e+00    3.168044e-04
1   9 501.000 91.00000 iter 4 1.895599e-04 2.742443e-01    3.289096e-04
1   9 501.000 91.00000 iter 5 6.369328e-05 3.085972e-02    3.329088e-04
Restart data written 91.000000
1  10 501.000 91.00000 iter 0 6.369328e-05 1.000000e+00    0.000000e+00
1  10 501.000 101.00000 iter 1 4.750352e-03 1.000000e+00    1.386645e-06
1  10 501.000 101.00000 iter 2 1.539471e-03 2.534977e+01    2.513512e-04
1  10 501.000 101.00000 iter 3 5.178605e-04 2.438269e+00    2.873762e-04
1  10 501.000 101.00000 iter 4 1.749301e-04 2.735597e-01    2.982321e-04
1  10 501.000 101.00000 iter 5 5.913815e-05 3.116751e-02    3.018424e-04
Element data written 101.000000
Nodal data written 101.000000
Restart data written 101.000000
1  11 501.000 101.00000 iter 0 5.913815e-05 1.000000e+00    0.000000e+00
1  11 501.000 111.00000 iter 1 4.325492e-03 1.000000e+00    1.262960e-06
1  11 501.000 111.00000 iter 2 1.402283e-03 2.486597e+01    2.283403e-04
1  11 501.000 111.00000 iter 3 4.741265e-04 2.406730e+00    2.605939e-04
1  11 501.000 111.00000 iter 4 1.610235e-04 2.729503e-01    2.703298e-04
1  11 501.000 111.00000 iter 5 5.473081e-05 3.144021e-02    2.735865e-04
Restart data written 111.000000
1  12 501.000 111.00000 iter 0 5.473081e-05 1.000000e+00    0.000000e+00
1  12 501.000 121.00000 iter 1 3.936336e-03 1.000000e+00    1.148474e-06
1  12 501.000 121.00000 iter 2 1.276227e-03 2.445145e+01    2.073487e-04
1  12 501.000 121.00000 iter 3 4.334470e-04 2.379194e+00    2.362491e-04
1  12 501.000 121.00000 iter 4 1.479119e-04 2.724044e-01    2.449828e-04
1  12 501.000 121.00000 iter 5 5.051432e-05 3.168234e-02    2.479191e-04
Restart data written 121.000000
1  13 501.000 121.00000 iter 0 5.051432e-05 1.000000e+00    0.000000e+00
1  13 501.000 131.00000 iter 1 3.580397e-03 1.000000e+00    1.043128e-06
1  13 501.000 131.00000 iter 2 1.160698e-03 2.409381e+01    1.882230e-04
1  13 501.000 131.00000 iter 3 3.957734e-04 2.355030e+00    2.141399e-04
1  13 501.000 131.00000 iter 4 1.356288e-04 2.719131e-01    2.219773e-04
1  13 501.000 131.00000 iter 5 4.651562e-05 3.189774e-02    2.246243e-04
Restart data written 131.000000
1  14 501.000 131.00000 iter 0 4.651562e-05 1.000000e+00    0.000000e+00
1  14 501.000 141.00000 iter 1 3.255233e-03 1.000000e+00    9.466141e-07
1  14 501.000 141.00000 iter 2 1.055028e-03 2.378341e+01    1.708141e-04
1  14 501.000 141.00000 iter 3 3.610049e-04 2.333734e+00    1.940740e-04
1  14 501.000 141.00000 iter 4 1.241807e-04 2.714695e-01    2.011105e-04
1  14 501.000 141.00000 iter 5 4.274978e-05 3.208972e-02    2.034965e-04
Restart data written 141.000000
1  15 501.000 141.00000 iter 0 4.274978e-05 1.000000e+00    0.000000e+00
1  15 501.000 151.00000 iter 1 2.958487e-03 1.000000e+00    8.584745e-07
1  15 501.000 151.00000 iter 2 9.585324e-04 1.000000e+00    1.549803e-04
1  15 501.000 151.00000 iter 3 3.290075e-04 1.000000e+00    1.758717e-04
1  15 501.000 151.00000 iter 4 1.135548e-04 1.000000e+00    1.821923e-04
1  15 501.000 151.00000 iter 5 3.922305e-05 1.000000e+00    1.843432e-04
Restart data written 151.000000
1  16 501.000 151.00000 iter 0 3.922305e-05 1.000000e+00    0.000000e+00
1  16 501.000 161.00000 iter 1 2.687911e-03 1.000000e+00    7.781733e-07
1  16 501.000 161.00000 iter 2 8.705279e-04 1.000000e+00    1.405881e-04
1  16 501.000 161.00000 iter 3 2.996278e-04 1.000000e+00    1.593658e-04
1  16 501.000 161.00000 iter 4 1.037254e-04 1.000000e+00    1.650464e-04
1  16 501.000 161.00000 iter 5 3.593539e-05 1.000000e+00    1.669856e-04
Restart data written 161.000000
1  17 501.000 161.00000 iter 0 3.593539e-05 1.000000e+00    0.000000e+00
1  17 501.000 171.00000 iter 1 2.441382e-03 1.000000e+00    7.051424e-07
1  17 501.000 171.00000 iter 2 7.903509e-04 1.000000e+00    1.275128e-04
1  17 501.000 171.00000 iter 3 2.727025e-04 1.000000e+00    1.444021e-04
1  17 501.000 171.00000 iter 4 9.465829e-05 1.000000e+00    1.495103e-04
Restart data written 171.000000
1  18 501.000 171.00000 iter 0 9.465829e-05 1.000000e+00    0.000000e+00
1  18 501.000 181.00000 iter 1 2.234533e-03 1.000000e+00    1.843439e-06
1  18 501.000 181.00000 iter 2 7.235912e-04 8.009558e+00    1.169563e-04
1  18 501.000 181.00000 iter 3 2.502289e-04 7.961275e-01    1.322902e-04
1  18 501.000 181.00000 iter 4 8.706652e-05 9.472863e-02    1.369328e-04
Restart data written 181.000000
1  19 501.000 181.00000 iter 0 8.706652e-05 1.000000e+00    0.000000e+00
1  19 501.000 191.00000 iter 1 2.029285e-03 1.000000e+00    1.680100e-06
1  19 501.000 191.00000 iter 2 6.568671e-04 7.905695e+00    1.060783e-04
1  19 501.000 191.00000 iter 3 2.276022e-04 7.873738e-01    1.198921e-04
1  19 501.000 191.00000 iter 4 7.936472e-05 9.408357e-02    1.240730e-04
Restart data written 191.000000
1  20 501.000 191.00000 iter 0 7.936472e-05 1.000000e+00    0.000000e+00
1  20 501.000 201.00000 iter 1 1.842341e-03 1.000000e+00    1.518750e-06
1  20 501.000 201.00000 iter 2 5.961153e-04 1.000000e+00    9.619056e-05
1  20 501.000 201.00000 iter 3 2.069161e-04 1.000000e+00    1.086402e-04
1  20 501.000 201.00000 iter 4 7.229160e-05 1.000000e+00    1.124069e-04
Element data written 201.000000
Nodal data written 201.000000
Restart data written 201.000000
1  21 501.000 201.00000 iter 0 7.229160e-05 1.000000e+00    0.000000e+00
1  21 501.000 211.00000 iter 1 1.672323e-03 1.000000e+00    1.372955e-06
1  21 501.000 211.00000 iter 2 5.408919e-04 1.000000e+00    8.721832e-05
1  21 501.000 211.00000 iter 3 1.880445e-04 1.000000e+00    9.844413e-05
1  21 501.000 211.00000 iter 4 6.581306e-05 1.000000e+00    1.018391e-04
Restart data written 211.000000
1  22 501.000 211.00000 iter 0 6.581306e-05 1.000000e+00    0.000000e+00
1  22 501.000 221.00000 iter 1 1.517758e-03 1.000000e+00    1.241352e-06
1  22 501.000 221.00000 iter 2 4.907152e-04 1.000000e+00    7.907841e-05
1  22 501.000 221.00000 iter 3 1.708424e-04 1.000000e+00    8.920534e-05
1  22 501.000 221.00000 iter 4 5.988655e-05 1.000000e+00    9.226670e-05
Restart data written 221.000000
1  23 501.000 221.00000 iter 0 5.988655e-05 1.000000e+00    0.000000e+00
1  23 501.000 231.00000 iter 1 1.377287e-03 1.000000e+00    1.122544e-06
1  23 501.000 231.00000 iter 2 4.451394e-04 1.000000e+00    7.169471e-05
1  23 501.000 231.00000 iter 3 1.551728e-04 1.000000e+00    8.083417e-05
1  23 501.000 231.00000 iter 4 5.447083e-05 1.000000e+00    8.359583e-05
Restart data written 231.000000
1  24 501.000 231.00000 iter 0 5.447083e-05 1.000000e+00    0.000000e+00
1  24 501.000 241.00000 iter 1 1.249664e-03 1.000000e+00    1.015268e-06
1  24 501.000 241.00000 iter 2 4.037546e-04 1.000000e+00    6.499777e-05
1  24 501.000 241.00000 iter 3 1.409077e-04 1.000000e+00    7.324922e-05
1  24 501.000 241.00000 iter 4 4.952646e-05 1.000000e+00    7.574150e-05
Restart data written 241.000000
1  25 501.000 241.00000 iter 0 4.952646e-05 1.000000e+00    0.000000e+00
1  25 501.000 251.00000 iter 1 1.133741e-03 1.000000e+00    9.183870e-07
1  25 501.000 251.00000 iter 2 3.661846e-04 1.000000e+00    5.892434e-05
1  25 501.000 251.00000 iter 3 1.279279e-04 1.000000e+00    6.637668e-05
1  25 501.000 251.00000 iter 4 4.501609e-05 1.000000e+00    6.862666e-05
Restart data written 251.000000
1  26 501.000 251.00000 iter 0 4.501609e-05 1.000000e+00    0.000000e+00
1  26 501.000 261.00000 iter 1 1.028471e-03 1.000000e+00    8.308741e-07
1  26 501.000 261.00000 iter 2 3.320848e-04 1.000000e+00    5.341682e-05
1  26 501.000 261.00000 iter 3 1.161229e-04 1.000000e+00    6.014962e-05
1  26 501.000 261.00000 iter 4 4.090452e-05 1.000000e+00    6.218153e-05
Restart data written 261.000000
1  27 501.000 261.00000 iter 0 4.090452e-05 1.000000e+00    0.000000e+00
1  27 501.000 271.00000 iter 1 9.328938e-04 1.000000e+00    7.518069e-07
1  27 501.000 271.00000 iter 2 3.011402e-04 1.000000e+00    4.842285e-05
1  27 501.000 271.00000 iter 3 1.053904e-04 1.000000e+00    5.450735e-05
1  27 501.000 271.00000 iter 4 3.715883e-05 1.000000e+00    5.634291e-05
Restart data written 271.000000
1  28 501.000 271.00000 iter 0 3.715883e-05 1.000000e+00    0.000000e+00
1  28 501.000 281.00000 iter 1 8.461320e-04 1.000000e+00    6.803548e-07
1  28 501.000 281.00000 iter 2 2.730631e-04 1.000000e+00    4.389481e-05
1  28 501.000 281.00000 iter 3 9.563639e-05 1.000000e+00    4.939491e-05
Restart data written 281.000000
1  29 501.000 281.00000 iter 0 9.563639e-05 1.000000e+00    0.000000e+00
1  29 501.000 291.00000 iter 1 7.853797e-04 1.000000e+00    1.767542e-06
1  29 501.000 291.00000 iter 2 2.540718e-04 1.000000e+00    4.102962e-05
1  29 501.000 291.00000 iter 3 8.906606e-05 1.000000e+00    4.612991e-05
Restart data written 291.000000
1  30 501.000 291.00000 iter 0 8.906606e-05 1.000000e+00    0.000000e+00
1  30 501.000 301.00000 iter 1 7.132811e-04 1.000000e+00    1.640407e-06
1  30 501.000 301.00000 iter 2 2.307289e-04 1.000000e+00    3.725070e-05
1  30 501.000 301.00000 iter 3 8.093377e-05 1.000000e+00    4.187040e-05
Element data written 301.000000
Nodal data written 301.000000
Restart data written 301.000000
1  31 501.000 301.00000 iter 0 8.093377e-05 1.000000e+00    0.000000e+00
1  31 501.000 311.00000 iter 1 6.472078e-04 1.000000e+00    1.486344e-06
1  31 501.000 311.00000 iter 2 2.093209e-04 1.000000e+00    3.378199e-05
1  31 501.000 311.00000 iter 3 7.346537e-05 1.000000e+00    3.796331e-05
Restart data written 311.000000
1  32 501.000 311.00000 iter 0 7.346537e-05 1.000000e+00    0.000000e+00
1  32 501.000 321.00000 iter 1 5.872039e-04 1.000000e+00    1.345686e-06
1  32 501.000 321.00000 iter 2 1.898845e-04 1.000000e+00    3.063485e-05
1  32 501.000 321.00000 iter 3 6.667737e-05 1.000000e+00    3.441993e-05
Restart data written 321.000000
1  33 501.000 321.00000 iter 0 6.667737e-05 1.000000e+00    0.000000e+00
1  33 501.000 331.00000 iter 1 5.327370e-04 1.000000e+00    1.218474e-06
1  33 501.000 331.00000 iter 2 1.722466e-04 1.000000e+00    2.778081e-05
1  33 501.000 331.00000 iter 3 6.051143e-05 1.000000e+00    3.120774e-05
Restart data written 331.000000
1  34 501.000 331.00000 iter 0 6.051143e-05 1.000000e+00    0.000000e+00
1  34 501.000 341.00000 iter 1 4.833017e-04 1.000000e+00    1.103436e-06
1  34 501.000 341.00000 iter 2 1.562422e-04 1.000000e+00    2.519263e-05
1  34 501.000 341.00000 iter 3 5.491160e-05 1.000000e+00    2.829577e-05
Restart data written 341.000000
1  35 501.000 341.00000 iter 0 5.491160e-05 1.000000e+00    0.000000e+00
1  35 501.000 351.00000 iter 1 4.384369e-04 1.000000e+00    9.993846e-07
1  35 501.000 351.00000 iter 2 1.417210e-04 1.000000e+00    2.284556e-05
1  35 501.000 351.00000 iter 3 4.982666e-05 1.000000e+00    2.565587e-05
Restart data written 351.000000
1  36 501.000 351.00000 iter 0 4.982666e-05 1.000000e+00    0.000000e+00
1  36 501.000 361.00000 iter 1 3.977230e-04 1.000000e+00    9.052477e-07
1  36 501.000 361.00000 iter 2 1.285463e-04 1.000000e+00    2.071714e-05
1  36 501.000 361.00000 iter 3 4.520989e-05 1.000000e+00    2.326258e-05
Restart data written 361.000000
1  37 501.000 361.00000 iter 0 4.520989e-05 1.000000e+00    0.000000e+00
1  37 501.000 371.00000 iter 1 3.607787e-04 1.000000e+00    8.200632e-07
1  37 501.000 371.00000 iter 2 1.165937e-04 1.000000e+00    1.878702e-05
1  37 501.000 371.00000 iter 3 4.101868e-05 1.000000e+00    2.109281e-05
Restart data written 371.000000
1  38 501.000 371.00000 iter 0 4.101868e-05 1.000000e+00    0.000000e+00
1  38 501.000 381.00000 iter 1 3.272568e-04 1.000000e+00    7.429649e-07
1  38 501.000 381.00000 iter 2 1.057505e-04 1.000000e+00    1.703672e-05
1  38 501.000 381.00000 iter 3 3.721422e-05 1.000000e+00    1.912562e-05
Restart data written 381.000000
1  39 501.000 381.00000 iter 0 3.721422e-05 1.000000e+00    0.000000e+00
1  39 501.000 391.00000 iter 1 2.968421e-04 1.000000e+00    6.731731e-07
1  39 501.000 391.00000 iter 2 9.591404e-05 1.000000e+00    1.544948e-05
Restart data written 391.000000
1  40 501.000 391.00000 iter 0 9.591404e-05 1.000000e+00    0.000000e+00
1  40 501.000 401.00000 iter 1 2.870576e-04 1.000000e+00    1.975022e-06
1  40 501.000 401.00000 iter 2 9.344438e-05 1.000000e+00    1.550094e-05
Element data written 401.000000
Nodal data written 401.000000
Restart data written 401.000000
1  41 501.000 401.00000 iter 0 9.344438e-05 1.000000e+00    0.000000e+00
1  41 501.000 411.00000 iter 1 2.626378e-04 1.000000e+00    1.901124e-06
1  41 501.000 411.00000 iter 2 8.556013e-05 1.000000e+00    1.419617e-05
Restart data written 411.000000
1  42 501.000 411.00000 iter 0 8.556013e-05 1.000000e+00    0.000000e+00
1  42 501.000 421.00000 iter 1 2.388253e-04 1.000000e+00    1.737247e-06
1  42 501.000 421.00000 iter 2 7.780699e-05 1.000000e+00    1.290727e-05
Restart data written 421.000000
1  43 501.000 421.00000 iter 0 7.780699e-05 1.000000e+00    0.000000e+00
1  43 501.000 431.00000 iter 1 2.170161e-04 1.000000e+00    1.578458e-06
1  43 501.000 431.00000 iter 2 7.070019e-05 1.000000e+00    1.172576e-05
Restart data written 431.000000
1  44 501.000 431.00000 iter 0 7.070019e-05 1.000000e+00    0.000000e+00
1  44 501.000 441.00000 iter 1 1.971796e-04 1.000000e+00    1.433312e-06
1  44 501.000 441.00000 iter 2 6.423593e-05 1.000000e+00    1.065147e-05
Restart data written 441.000000
1  45 501.000 441.00000 iter 0 6.423593e-05 1.000000e+00    0.000000e+00
1  45 501.000 451.00000 iter 1 1.791521e-04 1.000000e+00    1.301477e-06
1  45 501.000 451.00000 iter 2 5.836143e-05 1.000000e+00    9.675578e-06
Restart data written 451.000000
1  46 501.000 451.00000 iter 0 5.836143e-05 1.000000e+00    0.000000e+00
1  46 501.000 461.00000 iter 1 1.627705e-04 1.000000e+00    1.181809e-06
1  46 501.000 461.00000 iter 2 5.302354e-05 1.000000e+00    8.789142e-06
Restart data written 461.000000
1  47 501.000 461.00000 iter 0 5.302354e-05 1.000000e+00    0.000000e+00
1  47 501.000 471.00000 iter 1 1.478850e-04 1.000000e+00    1.073186e-06
1  47 501.000 471.00000 iter 2 4.817341e-05 1.000000e+00    7.983965e-06
Restart data written 471.000000
1  48 501.000 471.00000 iter 0 4.817341e-05 1.000000e+00    0.000000e+00
1  48 501.000 481.00000 iter 1 1.343594e-04 1.000000e+00    9.745812e-07
1  48 501.000 481.00000 iter 2 4.376654e-05 1.000000e+00    7.252591e-06
Restart data written 481.000000
1  49 501.000 481.00000 iter 0 4.376654e-05 1.000000e+00    0.000000e+00
1  49 501.000 491.00000 iter 1 1.220697e-04 1.000000e+00    8.850655e-07
1  49 501.000 491.00000 iter 2 3.976251e-05 1.000000e+00    6.588248e-06
Restart data written 491.000000
1  50 501.000 491.00000 iter 0 3.976251e-05 1.000000e+00    0.000000e+00
1  50 501.000 501.00000 iter 1 1.109032e-04 1.000000e+00    8.037958e-07
1  50 501.000 501.00000 iter 2 3.612453e-05 1.000000e+00    5.984786e-06
Element data written 501.000000
Nodal data written 501.000000
Restart data written 501.000000
last iteration data
   41, 411.0000,    2
   42, 421.0000,    2
   43, 431.0000,    2
   44, 441.0000,    2
   45, 451.0000,    2
   46, 461.0000,    2
   47, 471.0000,    2
   48, 481.0000,    2
   49, 491.0000,    2
   50, 501.0000,    2
last timeout data
total comp time 1 seconds
