Time   1.0000
El      1     SH4                                     EL1                                    MAT1             ELASTIC      1      2      5      4           5      0
    0.4226    0.4226    0.0000        Z   0.0000e+00   0.0000e+00  -1.3878e-17   6.6069e-03   6.6069e-03  -2.7986e-02   2.8786e-02   2.8786e-02     1.0000  0.0000 -0.0000  -0.0000  1.0000 -0.0000
    0.4226    1.5774    0.0000        Z  -3.4694e-18   0.0000e+00   1.3878e-17   1.1257e-02   7.5369e-03  -2.6126e-02  -1.9371e-02   2.8786e-02     1.0000  0.0000 -0.0000  -0.0000  1.0000 -0.0000
    1.5774    0.4226    0.0000        Z   0.0000e+00   3.4694e-18   0.0000e+00   7.5369e-03   1.1257e-02  -2.6126e-02   2.8786e-02  -1.9371e-02     1.0000  0.0000 -0.0000  -0.0000  1.0000 -0.0000
    1.5774    1.5774    0.0000        Z   0.0000e+00   0.0000e+00  -1.3878e-17   1.2187e-02   1.2187e-02  -2.4267e-02  -1.9371e-02  -1.9371e-02     1.0000  0.0000 -0.0000  -0.0000  1.0000 -0.0000
El      2     SH4                                     EL1                                    MAT1             ELASTIC      2      3      6      5           5      0
    2.4226    0.4226    0.0000        Z   5.2042e-18  -2.0817e-17   2.0817e-17   5.4608e-03   1.3735e-02  -1.5051e-02   2.4517e-02  -3.4633e-02     1.0000  0.0000 -0.0000  -0.0000  1.0000 -0.0000
    2.4226    1.5774    0.0000        Z  -6.9389e-18  -1.3878e-17   6.9389e-18   2.3180e-02   1.7279e-02  -1.3618e-02  -4.8627e-03  -3.4633e-02     1.0000  0.0000 -0.0000  -0.0000  1.0000 -0.0000
    3.5774    0.4226    0.0000        Z   0.0000e+00  -1.3878e-17   1.7347e-17   6.1776e-03   1.7319e-02  -7.9635e-03   2.4517e-02  -2.8172e-02     1.0000  0.0000 -0.0000  -0.0000  1.0000 -0.0000
    3.5774    1.5774    0.0000        Z   6.9389e-18  -2.0817e-17  -6.9389e-18   2.3897e-02   2.0863e-02  -6.5299e-03  -4.8627e-03  -2.8172e-02     1.0000  0.0000 -0.0000  -0.0000  1.0000 -0.0000
El      3     SH4                                     EL1                                    MAT1             ELASTIC      4      5      8      7           5      0
    0.4226    2.4226    0.0000        Z   6.9389e-18   0.0000e+00   6.9389e-18   1.3735e-02   5.4608e-03  -1.5051e-02  -3.4633e-02   2.4517e-02     1.0000  0.0000 -0.0000  -0.0000  1.0000 -0.0000
    0.4226    3.5774    0.0000        Z   0.0000e+00  -3.4694e-18   0.0000e+00   1.7319e-02   6.1776e-03  -7.9635e-03  -2.8172e-02   2.4517e-02     1.0000  0.0000 -0.0000  -0.0000  1.0000 -0.0000
    1.5774    2.4226    0.0000        Z   6.9389e-18   2.7756e-17   0.0000e+00   1.7279e-02   2.3180e-02  -1.3618e-02  -3.4633e-02  -4.8627e-03     1.0000  0.0000 -0.0000  -0.0000  1.0000 -0.0000
    1.5774    3.5774    0.0000        Z  -6.9389e-18  -1.3878e-17   3.4694e-18   2.0863e-02   2.3897e-02  -6.5299e-03  -2.8172e-02  -4.8627e-03     1.0000  0.0000 -0.0000  -0.0000  1.0000 -0.0000
El      4     SH4                                     EL1                                    MAT1             ELASTIC      5      6      9      8           5      0
    2.4226    2.4226    0.0000        Z   2.7756e-17   2.7756e-17  -1.3878e-17   3.5122e-02   3.5122e-02  -6.6794e-03  -1.3202e-02  -1.3202e-02     1.0000  0.0000 -0.0000  -0.0000  1.0000 -0.0000
    2.4226    3.5774    0.0000        Z   6.9389e-17   4.1633e-17  -1.3878e-17   4.1234e-02   3.6345e-02  -4.2346e-03  -6.6061e-03  -1.3202e-02     1.0000  0.0000 -0.0000  -0.0000  1.0000 -0.0000
    3.5774    2.4226    0.0000        Z   4.1633e-17  -1.3878e-17   1.9082e-17   3.6345e-02   4.1234e-02  -4.2346e-03  -1.3202e-02  -6.6061e-03     1.0000  0.0000 -0.0000  -0.0000  1.0000 -0.0000
    3.5774    3.5774    0.0000        Z   4.1633e-17   1.3878e-17   3.4694e-18   4.2457e-02   4.2457e-02  -1.7897e-03  -6.6061e-03  -6.6061e-03     1.0000  0.0000 -0.0000  -0.0000  1.0000 -0.0000
