  1.0000
    1   0.0000   0.0000   0.0000 -6.0228e-21 -2.7009e-22  0.0000e+00 -2.6671e-05  2.6671e-05  8.6736e-19  8.6736e-19 -4.8793e-02 -8.7061e-17  7.5786e-17
    2   1.3300   0.0000   0.0000 -5.7874e-21 -4.2904e-21  0.0000e+00 -1.2762e-03  2.2596e-05 -1.9082e-17 -1.0408e-17  4.6965e-02 -1.3878e-17  2.4503e-16
    3   2.6700   0.0000   0.0000 -2.2502e-21 -7.9181e-21  0.0000e+00 -2.1720e-03  1.1767e-05  1.0192e-17 -1.8215e-17  6.8814e-02 -4.5103e-17  3.0965e-16
    4   4.0000   0.0000   0.0000  0.0000e+00 -1.5924e-20  0.0000e+00 -2.4722e-03  0.0000e+00  2.6888e-17 -3.9899e-17  3.6617e-02 -1.0320e-15 -5.4138e-03
    5   0.0000   1.3300   0.0000 -1.8464e-21 -1.4338e-21  0.0000e+00 -2.2596e-05  1.2762e-03  2.6021e-18 -1.3010e-18  4.6965e-02 -2.6411e-16 -5.4123e-16
    6   1.3300   1.3300   0.0000 -1.5232e-22 -3.3020e-21 -1.5685e-03 -1.0573e-03  1.0573e-03 -8.6736e-19 -1.3010e-17 -2.9143e-16  5.2345e-16  2.0036e-16
    7   2.6700   1.3300   0.0000 -5.0994e-22 -7.4503e-21 -2.6625e-03 -1.8167e-03  5.6116e-04  3.8272e-17  1.3553e-17  2.5327e-16 -6.1236e-16  1.9897e-15
    8   4.0000   1.3300   0.0000  0.0000e+00 -9.7155e-21 -3.0388e-03 -2.0756e-03  0.0000e+00 -4.7705e-18  3.2526e-19 -1.8562e-15 -1.2490e-15 -3.1130e-02
    9   0.0000   2.6700   0.0000 -8.4731e-22 -1.7092e-21  0.0000e+00 -1.1767e-05  2.1720e-03 -2.0491e-17 -2.2768e-18  6.8814e-02  1.8215e-17 -8.5001e-16
   10   1.3300   2.6700   0.0000  8.7474e-22 -2.4990e-21 -2.6625e-03 -5.6116e-04  1.8167e-03 -1.8431e-18  8.8905e-18 -1.1425e-14 -8.6216e-16 -6.0542e-16
   11   2.6700   2.6700   0.0000  1.7135e-21 -4.5129e-21 -4.5395e-03 -9.7803e-04  9.7803e-04  1.4854e-17  9.8933e-18 -1.4329e-15 -1.7694e-15 -1.6515e-15
   12   4.0000   2.6700   0.0000  0.0000e+00 -7.7452e-21 -5.1911e-03 -1.1251e-03  0.0000e+00 -1.1059e-17 -2.6048e-17  8.6736e-18  1.7347e-17 -5.2745e-02
   13   0.0000   4.0000   0.0000 -1.0862e-21  0.0000e+00  0.0000e+00  0.0000e+00  2.4722e-03 -2.0600e-18  2.1684e-18  3.6617e-02  5.4138e-03  7.7304e-17
   14   1.3300   4.0000   0.0000  7.2724e-23  0.0000e+00 -3.0388e-03  0.0000e+00  2.0756e-03  2.9273e-18  9.5410e-18 -3.5388e-15  3.1130e-02 -1.2143e-16
   15   2.6700   4.0000   0.0000 -5.9047e-22  0.0000e+00 -5.1911e-03  0.0000e+00  1.1251e-03 -1.1465e-17  1.4095e-18  9.9920e-16  5.2745e-02 -1.4329e-15
   16   4.0000   4.0000   0.0000  0.0000e+00  0.0000e+00 -5.9418e-03  0.0000e+00  0.0000e+00 -9.7578e-18  1.6263e-18 -6.3231e-16  3.0044e-02 -3.0044e-02
