*HEADING
simple slab convergence study and buckling
*NODE
    1,  0.0000e+00,  0.0000e+00,   0.0,    0.,  0., 1.
    2,  1.3300e+00,  0.0000e+00,   0.0,    0.,  0., 1.
    3,  2.6700e+00,  0.0000e+00,   0.0,    0.,  0., 1.
    4,  4.0000e+00,  0.0000e+00,   0.0,    0.,  0., 1.
    5,  0.0000e+00,  1.3300e+00,   0.0,    0.,  0., 1.
    6,  1.3300e+00,  1.3300e+00,   0.0,    0.,  0., 1.
    7,  2.6700e+00,  1.3300e+00,   0.0,    0.,  0., 1.
    8,  4.0000e+00,  1.3300e+00,   0.0,    0.,  0., 1.
    9,  0.0000e+00,  2.6700e+00,   0.0,    0.,  0., 1.
   10,  1.3300e+00,  2.6700e+00,   0.0,    0.,  0., 1.
   11,  2.6700e+00,  2.6700e+00,   0.0,    0.,  0., 1.
   12,  4.0000e+00,  2.6700e+00,   0.0,    0.,  0., 1.
   13,  0.0000e+00,  4.0000e+00,   0.0,    0.,  0., 1.
   14,  1.3300e+00,  4.0000e+00,   0.0,    0.,  0., 1.
   15,  2.6700e+00,  4.0000e+00,   0.0,    0.,  0., 1.
   16,  4.0000e+00,  4.0000e+00,   0.0,    0.,  0., 1.
************************************************************
*MATERIAL, NAME=MAT1
*DENSITY
   2.5e-3
*ELASTIC
 33000., 0.2
************************************************************
*SHELL SECTION, ELSET=EL1, MATERIAL=MAT1
 0.25
**-----------------------------------------------
*ELEMENT, TYPE=SH4, ELSET=EL1
    1,       1,     2,     6,      5
    2,       2,     3,     7,      6
    3,       3,     4,     8,      7
    4,       5,     6,    10,      9
    5,       6,     7,    11,     10
    6,       7,     8,    12,     11
    7,       9,    10,    14,     13
    8,      10,    11,    15,     14
    9,      11,    12,    16,     15
************************************************************
*STEP
*CONTROLS, ITOL=1.e-5, NITER=20 
*STATIC
   1.0,   1.0
*AMPLITUDE, NAME=AMPL0
 0.0, 0.0,  1.0, 1.0
*BOUNDARY, OP=NEW, AMPLITUDE=AMPL0
    1,    3, 3,  0.
    5,    3, 3,  0.
    9,    3, 3,  0.
   13,    3, 3,  0.
    2,    3, 3,  0.
    3,    3, 3,  0.
    4,    3, 3,  0.
    4,    1, 1,  0.
    8,    1, 1,  0.
   12,    1, 1,  0.
   16,    1, 1,  0.
   13,    2, 2,  0.
   14,    2, 2,  0.
   15,    2, 2,  0.
   16,    2, 2,  0.
    4,    5, 5,  0.
    8,    5, 5,  0.
   12,    5, 5,  0.
   16,    5, 5,  0.
   13,    4, 4,  0.
   14,    4, 4,  0.
   15,    4, 4,  0.
   16,    4, 4,  0.
** DLOAD is volume load for SH4, a given surface load has to be divided by thickness for the following load value
*DLOAD
  EL1,   3,   -0.064
*EL FILE, FREQUENCY=1.0
*NODE FILE, FREQUENCY=1.0
*END STEP
************************************************************
***STEP, NLGEOM=YES
***BUCKLING
***BOUNDARY
**    1,    3, 3,  0.
**    5,    3, 3,  0.
**    9,    3, 3,  0.
**   13,    3, 3,  0.
**   13,    2, 2,  0.
**    2,    3, 3,  0.
**    3,    3, 3,  0.
**    4,    3, 3,  0.
**    4,    1, 1,  0.
**    8,    1, 1,  0.
**  12,    1, 1,  0.
**   16,    1, 1,  0.
**    4,    5, 5,  0.
**    8,    5, 5,  0.
**   12,    5, 5,  0.
**   16,    5, 5,  0.
**   14,    4, 4,  0.
**   15,    4, 4,  0.
**   16,    4, 4,  0.
**   16,    1, 2,  0.
***END STEP
************************************************************
