*HEADING
simple slab convergence study and nonlinear
*NODE
    1,  0.0000e+00,  0.0000e+00,   0.0,    0.,  0., 1.
    2,  1.3300e+00,  0.0000e+00,   0.0,    0.,  0., 1.
    3,  2.6700e+00,  0.0000e+00,   0.0,    0.,  0., 1.
    4,  4.0000e+00,  0.0000e+00,   0.0,    0.,  0., 1.
    5,  0.0000e+00,  1.3300e+00,   0.0,    0.,  0., 1.
    6,  1.3300e+00,  1.3300e+00,   0.0,    0.,  0., 1.
    7,  2.6700e+00,  1.3300e+00,   0.0,    0.,  0., 1.
    8,  4.0000e+00,  1.3300e+00,   0.0,    0.,  0., 1.
    9,  0.0000e+00,  2.6700e+00,   0.0,    0.,  0., 1.
   10,  1.3300e+00,  2.6700e+00,   0.0,    0.,  0., 1.
   11,  2.6700e+00,  2.6700e+00,   0.0,    0.,  0., 1.
   12,  4.0000e+00,  2.6700e+00,   0.0,    0.,  0., 1.
   13,  0.0000e+00,  4.0000e+00,   0.0,    0.,  0., 1.
   14,  1.3300e+00,  4.0000e+00,   0.0,    0.,  0., 1.
   15,  2.6700e+00,  4.0000e+00,   0.0,    0.,  0., 1.
   16,  4.0000e+00,  4.0000e+00,   0.0,    0.,  0., 1.
*SHELL SECTION, ELSET=EL1, MATERIAL=MAT2
 0.25
 0.0005,  0.10, 0.
 0.0005,  0.10, 90.
 0.0006, -0.10, 0.
 0.0006, -0.10, 90.
*MATERIAL, NAME=MAT2
*DENSITY
   2.5e-3
*ELASTICLT_RCSHELL
**   33000., 0.2, 100.0, 50.0e-6, 1.0e-02, 0.0, 0.0, 0, 0.0
     33000., 0.2, 1.0,   50.0e-6, 0.0e-02, 0.0, 0.0, 0, 0.0
   200000.0, 0.2, 500.0, 540.0, 0.0500, 1.e-5, 01 
*MATERIAL, NAME=MAT1
*ELASTIC
 33000., 0.
** 33000., 0.2
*ELEMENT, TYPE=SH4, ELSET=EL1
    1,       1,     2,     6,      5
    2,       2,     3,     7,      6
    3,       3,     4,     8,      7
    4,       5,     6,    10,      9
    5,       6,     7,    11,     10
    6,       7,     8,    12,     11
    7,       9,    10,    14,     13
    8,      10,    11,    15,     14
    9,      11,    12,    16,     15
************************************************************
***STEP, NLGEOM=YES
*STEP
*CONTROLS, PARAMETERS=FIELD
  1.e-5
*CONTROLS, PARAMETERS=TIME INCREMENTATION
  20
*STATIC
**  0.2,   1.0
   1.0,   1.0
*BOUNDARY, OP=NEW, AMPLITUDE=AMPL0
    1,    3, 3,  0.
    5,    3, 3,  0.
    9,    3, 3,  0.
   13,    3, 3,  0.
   13,    2, 2,  0.
    2,    3, 3,  0.
    3,    3, 3,  0.
    4,    3, 3,  0.
    4,    1, 1,  0.
    8,    1, 1,  0.
   12,    1, 1,  0.
   16,    1, 1,  0.
    4,    5, 5,  0.
    8,    5, 5,  0.
   12,    5, 5,  0.
   16,    5, 5,  0.
   14,    4, 4,  0.
   15,    4, 4,  0.
   16,    4, 4,  0.
   16,    1, 2,  0.
** DLOAD is volume load for SH4, a given surface load has to be divided by thickness for the following load value
***DLOAD
**  EL1,   3,   -0.5
*AMPLITUDE, NAME=AMPL0
** 0.0, 0.0,  1.0, 2.0
 0.0, 0.0,  1.0, -0.6667
*CLOAD, AMPLITUDE=AMPL0
   1,  1, 1.0
   5,  1, 2.0
   9,  1, 2.0
   13, 1, 1.0
*EL FILE, FREQUENCY=1.0
S
E
*NODE FILE, FREQUENCY=1.0
U
*END STEP
************************************************************
*STEP, NLGEOM=YES
*BUCKLING
*BOUNDARY
    1,    3, 3,  0.
    5,    3, 3,  0.
    9,    3, 3,  0.
   13,    3, 3,  0.
   13,    2, 2,  0.
    2,    3, 3,  0.
    3,    3, 3,  0.
    4,    3, 3,  0.
    4,    1, 1,  0.
    8,    1, 1,  0.
  12,    1, 1,  0.
   16,    1, 1,  0.
    4,    5, 5,  0.
    8,    5, 5,  0.
   12,    5, 5,  0.
   16,    5, 5,  0.
   14,    4, 4,  0.
   15,    4, 4,  0.
   16,    4, 4,  0.
   16,    1, 2,  0.
*END STEP
************************************************************
