ConFem  ../DataExamples/E03/E3-02C1
symmetric system True, used LinAlg2 True, used ConFemMatC True, used CaeFemElemC True
ndofs 6, elems 5, active nodes 6, abs.size 0.01 MItems, rel.size 0.3056 (abs.size/(ndofs**2)
used material MAT3, spec. inertial mass 0.00e+00, type ELASTIC_VISCO
0 step starts, solution type NR
0   1 1.000 0.00000 iter 0 0.000000e+00 1.000000e+00    0.000000e+00
0   1 1.000 1.00000 iter 1 2.058044e-02 1.000000e+00    1.483240e-04
0   1 1.000 1.00000 iter 2 4.925188e-15 8.943135e-17    1.493485e-04
Element data written 1.000000
Nodal data written 1.000000
Restart data written 1.000000
last iteration data
    1, 1.0000,    2
last timeout data
1 step starts, solution type NR
1   1 501.000 1.00000 iter 0 4.925188e-15 1.000000e+00    0.000000e+00
1   1 501.000 11.00000 iter 1 3.754188e-01 1.000000e+00    1.694066e-20
1   1 501.000 11.00000 iter 2 1.601186e-15 1.000000e+00    1.980467e-05
Restart data written 11.000000
1   2 501.000 11.00000 iter 0 1.601186e-15 1.000000e+00    0.000000e+00
1   2 501.000 21.00000 iter 1 3.502684e-01 1.000000e+00    2.466597e-20
1   2 501.000 21.00000 iter 2 5.197931e-15 1.000000e+00    1.847790e-05
Restart data written 21.000000
1   3 501.000 21.00000 iter 0 5.197931e-15 1.000000e+00    0.000000e+00
1   3 501.000 31.00000 iter 1 3.268029e-01 1.000000e+00    1.552637e-20
1   3 501.000 31.00000 iter 2 3.293454e-15 1.000000e+00    1.724001e-05
Restart data written 31.000000
1   4 501.000 31.00000 iter 0 3.293454e-15 1.000000e+00    0.000000e+00
1   4 501.000 41.00000 iter 1 3.049095e-01 1.000000e+00    1.552637e-20
1   4 501.000 41.00000 iter 2 1.087792e-15 1.000000e+00    1.608505e-05
Restart data written 41.000000
1   5 501.000 41.00000 iter 0 1.087792e-15 1.000000e+00    0.000000e+00
1   5 501.000 51.00000 iter 1 2.844827e-01 1.000000e+00    2.443217e-20
1   5 501.000 51.00000 iter 2 2.551098e-15 1.000000e+00    1.500747e-05
Element data written 51.000000
Nodal data written 51.000000
Restart data written 51.000000
1   6 501.000 51.00000 iter 0 2.551098e-15 1.000000e+00    0.000000e+00
1   6 501.000 61.00000 iter 1 2.654244e-01 1.000000e+00    0.000000e+00
1   6 501.000 61.00000 iter 2 3.293454e-15 1.000000e+00    1.400207e-05
Restart data written 61.000000
1   7 501.000 61.00000 iter 0 3.293454e-15 1.000000e+00    0.000000e+00
1   7 501.000 71.00000 iter 1 2.476428e-01 1.000000e+00    3.030437e-20
1   7 501.000 71.00000 iter 2 4.045845e-15 1.000000e+00    1.306403e-05
Restart data written 71.000000
1   8 501.000 71.00000 iter 0 4.045845e-15 1.000000e+00    0.000000e+00
1   8 501.000 81.00000 iter 1 2.310525e-01 1.000000e+00    3.833234e-20
1   8 501.000 81.00000 iter 2 1.256074e-15 1.000000e+00    1.218884e-05
Restart data written 81.000000
1   9 501.000 81.00000 iter 0 1.256074e-15 1.000000e+00    0.000000e+00
1   9 501.000 91.00000 iter 1 2.155736e-01 1.000000e+00    0.000000e+00
1   9 501.000 91.00000 iter 2 3.768222e-15 1.000000e+00    1.137227e-05
Restart data written 91.000000
1  10 501.000 91.00000 iter 0 3.768222e-15 1.000000e+00    0.000000e+00
1  10 501.000 101.00000 iter 1 2.011317e-01 1.000000e+00    1.355253e-20
1  10 501.000 101.00000 iter 2 6.169484e-15 1.000000e+00    1.061041e-05
Element data written 101.000000
Nodal data written 101.000000
Restart data written 101.000000
1  11 501.000 101.00000 iter 0 6.169484e-15 1.000000e+00    0.000000e+00
1  11 501.000 111.00000 iter 1 1.876573e-01 1.000000e+00    1.355253e-20
1  11 501.000 111.00000 iter 2 3.820200e-15 1.000000e+00    9.899587e-06
Restart data written 111.000000
1  12 501.000 111.00000 iter 0 3.820200e-15 1.000000e+00    0.000000e+00
1  12 501.000 121.00000 iter 1 1.750856e-01 1.000000e+00    0.000000e+00
1  12 501.000 121.00000 iter 2 5.235735e-15 1.000000e+00    9.236385e-06
Restart data written 121.000000
1  13 501.000 121.00000 iter 0 5.235735e-15 1.000000e+00    0.000000e+00
1  13 501.000 131.00000 iter 1 1.633561e-01 1.000000e+00    3.833234e-20
1  13 501.000 131.00000 iter 2 5.063396e-15 1.000000e+00    8.617613e-06
Restart data written 131.000000
1  14 501.000 131.00000 iter 0 5.063396e-15 1.000000e+00    0.000000e+00
1  14 501.000 141.00000 iter 1 1.524124e-01 1.000000e+00    0.000000e+00
1  14 501.000 141.00000 iter 2 3.871480e-15 1.000000e+00    8.040294e-06
Restart data written 141.000000
1  15 501.000 141.00000 iter 0 3.871480e-15 1.000000e+00    0.000000e+00
1  15 501.000 151.00000 iter 1 1.422018e-01 1.000000e+00    2.710505e-20
1  15 501.000 151.00000 iter 2 1.661630e-15 1.000000e+00    7.501651e-06
Element data written 151.000000
Nodal data written 151.000000
Restart data written 151.000000
1  16 501.000 151.00000 iter 0 1.661630e-15 1.000000e+00    0.000000e+00
1  16 501.000 161.00000 iter 1 1.326753e-01 1.000000e+00    2.710505e-20
1  16 501.000 161.00000 iter 2 4.884981e-15 1.000000e+00    6.999093e-06
Restart data written 161.000000
1  17 501.000 161.00000 iter 0 4.884981e-15 1.000000e+00    0.000000e+00
1  17 501.000 171.00000 iter 1 1.237870e-01 1.000000e+00    2.710505e-20
1  17 501.000 171.00000 iter 2 2.589463e-15 1.000000e+00    6.530204e-06
Restart data written 171.000000
1  18 501.000 171.00000 iter 0 2.589463e-15 1.000000e+00    0.000000e+00
1  18 501.000 181.00000 iter 1 1.154942e-01 1.000000e+00    2.710505e-20
1  18 501.000 181.00000 iter 2 5.438960e-15 1.000000e+00    6.092726e-06
Restart data written 181.000000
1  19 501.000 181.00000 iter 0 5.438960e-15 1.000000e+00    0.000000e+00
1  19 501.000 191.00000 iter 1 1.077569e-01 1.000000e+00    2.710505e-20
1  19 501.000 191.00000 iter 2 4.657647e-15 1.000000e+00    5.684557e-06
Restart data written 191.000000
1  20 501.000 191.00000 iter 0 4.657647e-15 1.000000e+00    0.000000e+00
1  20 501.000 201.00000 iter 1 1.005379e-01 1.000000e+00    2.710505e-20
1  20 501.000 201.00000 iter 2 4.213000e-15 1.000000e+00    5.303732e-06
Element data written 201.000000
Nodal data written 201.000000
Restart data written 201.000000
1  21 501.000 201.00000 iter 0 4.213000e-15 1.000000e+00    0.000000e+00
1  21 501.000 211.00000 iter 1 9.380260e-02 1.000000e+00    0.000000e+00
1  21 501.000 211.00000 iter 2 4.844441e-15 1.000000e+00    4.948419e-06
Restart data written 211.000000
1  22 501.000 211.00000 iter 0 4.844441e-15 1.000000e+00    0.000000e+00
1  22 501.000 221.00000 iter 1 8.751849e-02 1.000000e+00    3.833234e-20
1  22 501.000 221.00000 iter 2 7.869281e-15 1.000000e+00    4.616910e-06
Restart data written 221.000000
1  23 501.000 221.00000 iter 0 7.869281e-15 1.000000e+00    0.000000e+00
1  23 501.000 231.00000 iter 1 8.165537e-02 1.000000e+00    2.710505e-20
1  23 501.000 231.00000 iter 2 4.305605e-15 1.000000e+00    4.307610e-06
Restart data written 231.000000
1  24 501.000 231.00000 iter 0 4.305605e-15 1.000000e+00    0.000000e+00
1  24 501.000 241.00000 iter 1 7.618504e-02 1.000000e+00    2.710505e-20
1  24 501.000 241.00000 iter 2 3.323259e-15 1.000000e+00    4.019030e-06
Restart data written 241.000000
1  25 501.000 241.00000 iter 0 3.323259e-15 1.000000e+00    0.000000e+00
1  25 501.000 251.00000 iter 1 7.108118e-02 1.000000e+00    0.000000e+00
1  25 501.000 251.00000 iter 2 4.984889e-15 1.000000e+00    3.749784e-06
Element data written 251.000000
Nodal data written 251.000000
Restart data written 251.000000
1  26 501.000 251.00000 iter 0 4.984889e-15 1.000000e+00    0.000000e+00
1  26 501.000 261.00000 iter 1 6.631924e-02 1.000000e+00    0.000000e+00
1  26 501.000 261.00000 iter 2 6.466036e-15 1.000000e+00    3.498575e-06
Restart data written 261.000000
1  27 501.000 261.00000 iter 0 6.466036e-15 1.000000e+00    0.000000e+00
1  27 501.000 271.00000 iter 1 6.187632e-02 1.000000e+00    2.710505e-20
1  27 501.000 271.00000 iter 2 1.059318e-14 1.000000e+00    3.264195e-06
Restart data written 271.000000
1  28 501.000 271.00000 iter 0 1.059318e-14 1.000000e+00    0.000000e+00
1  28 501.000 281.00000 iter 1 5.773105e-02 1.000000e+00    0.000000e+00
1  28 501.000 281.00000 iter 2 4.351168e-15 1.000000e+00    3.045517e-06
Restart data written 281.000000
1  29 501.000 281.00000 iter 0 4.351168e-15 1.000000e+00    0.000000e+00
1  29 501.000 291.00000 iter 1 5.386348e-02 1.000000e+00    0.000000e+00
1  29 501.000 291.00000 iter 2 4.572178e-15 1.000000e+00    2.841489e-06
Restart data written 291.000000
1  30 501.000 291.00000 iter 0 4.572178e-15 1.000000e+00    0.000000e+00
1  30 501.000 301.00000 iter 1 5.025500e-02 1.000000e+00    0.000000e+00
1  30 501.000 301.00000 iter 2 4.142188e-15 1.000000e+00    2.651129e-06
Element data written 301.000000
Nodal data written 301.000000
Restart data written 301.000000
1  31 501.000 301.00000 iter 0 4.142188e-15 1.000000e+00    0.000000e+00
1  31 501.000 311.00000 iter 1 4.688827e-02 1.000000e+00    2.710505e-20
1  31 501.000 311.00000 iter 2 6.836666e-15 1.000000e+00    2.473523e-06
Restart data written 311.000000
1  32 501.000 311.00000 iter 0 6.836666e-15 1.000000e+00    0.000000e+00
1  32 501.000 321.00000 iter 1 4.374709e-02 1.000000e+00    0.000000e+00
1  32 501.000 321.00000 iter 2 4.440892e-15 1.000000e+00    2.307814e-06
Restart data written 321.000000
1  33 501.000 321.00000 iter 0 4.440892e-15 1.000000e+00    0.000000e+00
1  33 501.000 331.00000 iter 1 4.081635e-02 1.000000e+00    0.000000e+00
1  33 501.000 331.00000 iter 2 5.216867e-15 1.000000e+00    2.153207e-06
Restart data written 331.000000
1  34 501.000 331.00000 iter 0 5.216867e-15 1.000000e+00    0.000000e+00
1  34 501.000 341.00000 iter 1 3.808194e-02 1.000000e+00    0.000000e+00
1  34 501.000 341.00000 iter 2 2.129777e-15 1.000000e+00    2.008957e-06
Restart data written 341.000000
1  35 501.000 341.00000 iter 0 2.129777e-15 1.000000e+00    0.000000e+00
1  35 501.000 351.00000 iter 1 3.553072e-02 1.000000e+00    0.000000e+00
1  35 501.000 351.00000 iter 2 5.824175e-15 1.000000e+00    1.874371e-06
Element data written 351.000000
Nodal data written 351.000000
Restart data written 351.000000
1  36 501.000 351.00000 iter 0 5.824175e-15 1.000000e+00    0.000000e+00
1  36 501.000 361.00000 iter 1 3.315041e-02 1.000000e+00    3.105274e-20
1  36 501.000 361.00000 iter 2 5.310535e-15 1.000000e+00    1.748802e-06
Restart data written 361.000000
1  37 501.000 361.00000 iter 0 5.310535e-15 1.000000e+00    0.000000e+00
1  37 501.000 371.00000 iter 1 3.092957e-02 1.000000e+00    0.000000e+00
1  37 501.000 371.00000 iter 2 5.924889e-15 1.000000e+00    1.631644e-06
Restart data written 371.000000
1  38 501.000 371.00000 iter 0 5.924889e-15 1.000000e+00    0.000000e+00
1  38 501.000 381.00000 iter 1 2.885751e-02 1.000000e+00    0.000000e+00
1  38 501.000 381.00000 iter 2 7.188212e-15 1.000000e+00    1.522336e-06
Restart data written 381.000000
1  39 501.000 381.00000 iter 0 7.188212e-15 1.000000e+00    0.000000e+00
1  39 501.000 391.00000 iter 1 2.692426e-02 1.000000e+00    3.105274e-20
1  39 501.000 391.00000 iter 2 1.087792e-15 1.000000e+00    1.420350e-06
Restart data written 391.000000
1  40 501.000 391.00000 iter 0 1.087792e-15 1.000000e+00    0.000000e+00
1  40 501.000 401.00000 iter 1 2.512052e-02 1.000000e+00    0.000000e+00
1  40 501.000 401.00000 iter 2 5.420800e-15 1.000000e+00    1.325197e-06
Element data written 401.000000
Nodal data written 401.000000
Restart data written 401.000000
1  41 501.000 401.00000 iter 0 5.420800e-15 1.000000e+00    0.000000e+00
1  41 501.000 411.00000 iter 1 2.343763e-02 1.000000e+00    0.000000e+00
1  41 501.000 411.00000 iter 2 1.137423e-14 1.000000e+00    1.236418e-06
Restart data written 411.000000
1  42 501.000 411.00000 iter 0 1.137423e-14 1.000000e+00    0.000000e+00
1  42 501.000 421.00000 iter 1 2.186747e-02 1.000000e+00    2.710505e-20
1  42 501.000 421.00000 iter 2 3.820200e-15 1.000000e+00    1.153587e-06
Restart data written 421.000000
1  43 501.000 421.00000 iter 0 3.820200e-15 1.000000e+00    0.000000e+00
1  43 501.000 431.00000 iter 1 2.040251e-02 1.000000e+00    0.000000e+00
1  43 501.000 431.00000 iter 2 4.572178e-15 1.000000e+00    1.076304e-06
Restart data written 431.000000
1  44 501.000 431.00000 iter 0 4.572178e-15 1.000000e+00    0.000000e+00
1  44 501.000 441.00000 iter 1 1.903568e-02 1.000000e+00    0.000000e+00
1  44 501.000 441.00000 iter 2 5.420800e-15 1.000000e+00    1.004200e-06
Restart data written 441.000000
1  45 501.000 441.00000 iter 0 5.420800e-15 1.000000e+00    0.000000e+00
1  45 501.000 451.00000 iter 1 1.776043e-02 1.000000e+00    0.000000e+00
1  45 501.000 451.00000 iter 2 1.986027e-15 1.000000e+00    9.369254e-07
Element data written 451.000000
Nodal data written 451.000000
Restart data written 451.000000
1  46 501.000 451.00000 iter 0 1.986027e-15 1.000000e+00    0.000000e+00
1  46 501.000 461.00000 iter 1 1.657060e-02 1.000000e+00    3.105274e-20
1  46 501.000 461.00000 iter 2 4.118314e-15 1.000000e+00    8.741581e-07
Restart data written 461.000000
1  47 501.000 461.00000 iter 0 4.118314e-15 1.000000e+00    0.000000e+00
1  47 501.000 471.00000 iter 1 1.546049e-02 1.000000e+00    0.000000e+00
1  47 501.000 471.00000 iter 2 8.030528e-15 1.000000e+00    8.155956e-07
Restart data written 471.000000
1  48 501.000 471.00000 iter 0 8.030528e-15 1.000000e+00    0.000000e+00
1  48 501.000 481.00000 iter 1 1.442475e-02 1.000000e+00    0.000000e+00
1  48 501.000 481.00000 iter 2 9.930137e-15 1.000000e+00    7.609565e-07
Restart data written 481.000000
1  49 501.000 481.00000 iter 0 9.930137e-15 1.000000e+00    0.000000e+00
1  49 501.000 491.00000 iter 1 1.345839e-02 1.000000e+00    0.000000e+00
1  49 501.000 491.00000 iter 2 5.991091e-15 1.000000e+00    7.099778e-07
Restart data written 491.000000
1  50 501.000 491.00000 iter 0 5.991091e-15 1.000000e+00    0.000000e+00
1  50 501.000 501.00000 iter 1 1.255677e-02 1.000000e+00    0.000000e+00
1  50 501.000 501.00000 iter 2 3.820200e-15 1.000000e+00    6.624143e-07
Element data written 501.000000
Nodal data written 501.000000
Restart data written 501.000000
last iteration data
   47, 471.0000,    2
   48, 481.0000,    2
   49, 491.0000,    2
   50, 501.0000,    2
last timeout data
total comp time 0 seconds
