  1.0000    2.979420  0       1
 11.0000    2.606576  1       1
 21.0000    2.303961  1       2
 31.0000    2.058347  1       3
 41.0000    1.858997  1       4
 51.0000    1.697196  1       5
 61.0000    1.565872  1       6
 71.0000    1.459285  1       7
 81.0000    1.372774  1       8
 91.0000    1.302558  1       9
101.0000    1.245568  1      10
111.0000    1.199313  1      11
121.0000    1.161770  1      12
131.0000    1.131299  1      13
141.0000    1.106568  1      14
151.0000    1.086495  1      15
161.0000    1.070203  1      16
171.0000    1.056979  1      17
181.0000    1.046247  1      18
191.0000    1.037536  1      19
201.0000    1.030465  1      20
211.0000    1.024727  1      21
221.0000    1.020069  1      22
231.0000    1.016289  1      23
241.0000    1.013221  1      24
251.0000    1.010731  1      25
261.0000    1.008709  1      26
271.0000    1.007069  1      27
281.0000    1.005737  1      28
291.0000    1.004657  1      29
301.0000    1.003780  1      30
311.0000    1.003068  1      31
321.0000    1.002490  1      32
331.0000    1.002021  1      33
341.0000    1.001640  1      34
351.0000    1.001331  1      35
361.0000    1.001080  1      36
371.0000    1.000877  1      37
381.0000    1.000712  1      38
391.0000    1.000578  1      39
401.0000    1.000469  1      40
411.0000    1.000381  1      41
421.0000    1.000309  1      42
431.0000    1.000251  1      43
441.0000    1.000203  1      44
451.0000    1.000165  1      45
461.0000    1.000134  1      46
471.0000    1.000109  1      47
481.0000    1.000088  1      48
491.0000    1.000072  1      49
501.0000    1.000058  1      50
