  1.0000
    1   0.0000   0.0000   0.0000  0.0000e+00 -2.9794e+00
    2   0.2000   0.0000   0.0000  2.0000e-05  0.0000e+00
    3   0.4000   0.0000   0.0000  4.0000e-05 -4.4409e-16
    4   0.6000   0.0000   0.0000  6.0000e-05 -4.4409e-16
    5   0.8000   0.0000   0.0000  8.0000e-05 -2.2204e-15
    6   1.0000   0.0000   0.0000  1.0000e-04  2.9794e+00
 51.0000
    1   0.0000   0.0000   0.0000  0.0000e+00 -1.6972e+00
    2   0.2000   0.0000   0.0000  2.0000e-05  0.0000e+00
    3   0.4000   0.0000   0.0000  4.0000e-05  4.4409e-16
    4   0.6000   0.0000   0.0000  6.0000e-05 -4.4409e-16
    5   0.8000   0.0000   0.0000  8.0000e-05  0.0000e+00
    6   1.0000   0.0000   0.0000  1.0000e-04  1.6972e+00
101.0000
    1   0.0000   0.0000   0.0000  0.0000e+00 -1.2456e+00
    2   0.2000   0.0000   0.0000  2.0000e-05  0.0000e+00
    3   0.4000   0.0000   0.0000  4.0000e-05  4.4409e-16
    4   0.6000   0.0000   0.0000  6.0000e-05 -6.6613e-16
    5   0.8000   0.0000   0.0000  8.0000e-05  2.2204e-16
    6   1.0000   0.0000   0.0000  1.0000e-04  1.2456e+00
151.0000
    1   0.0000   0.0000   0.0000  0.0000e+00 -1.0865e+00
    2   0.2000   0.0000   0.0000  2.0000e-05  0.0000e+00
    3   0.4000   0.0000   0.0000  4.0000e-05  2.2204e-16
    4   0.6000   0.0000   0.0000  6.0000e-05 -4.4409e-16
    5   0.8000   0.0000   0.0000  8.0000e-05  0.0000e+00
    6   1.0000   0.0000   0.0000  1.0000e-04  1.0865e+00
201.0000
    1   0.0000   0.0000   0.0000  0.0000e+00 -1.0305e+00
    2   0.2000   0.0000   0.0000  2.0000e-05  0.0000e+00
    3   0.4000   0.0000   0.0000  4.0000e-05 -6.6613e-16
    4   0.6000   0.0000   0.0000  6.0000e-05  8.8818e-16
    5   0.8000   0.0000   0.0000  8.0000e-05 -4.4409e-16
    6   1.0000   0.0000   0.0000  1.0000e-04  1.0305e+00
251.0000
    1   0.0000   0.0000   0.0000  0.0000e+00 -1.0107e+00
    2   0.2000   0.0000   0.0000  2.0000e-05  0.0000e+00
    3   0.4000   0.0000   0.0000  4.0000e-05 -4.4409e-16
    4   0.6000   0.0000   0.0000  6.0000e-05  6.6613e-16
    5   0.8000   0.0000   0.0000  8.0000e-05 -2.2204e-16
    6   1.0000   0.0000   0.0000  1.0000e-04  1.0107e+00
301.0000
    1   0.0000   0.0000   0.0000  0.0000e+00 -1.0038e+00
    2   0.2000   0.0000   0.0000  2.0000e-05  0.0000e+00
    3   0.4000   0.0000   0.0000  4.0000e-05 -2.2204e-16
    4   0.6000   0.0000   0.0000  6.0000e-05  2.2204e-16
    5   0.8000   0.0000   0.0000  8.0000e-05  0.0000e+00
    6   1.0000   0.0000   0.0000  1.0000e-04  1.0038e+00
351.0000
    1   0.0000   0.0000   0.0000  0.0000e+00 -1.0013e+00
    2   0.2000   0.0000   0.0000  2.0000e-05  0.0000e+00
    3   0.4000   0.0000   0.0000  4.0000e-05 -2.2204e-16
    4   0.6000   0.0000   0.0000  6.0000e-05  2.2204e-16
    5   0.8000   0.0000   0.0000  8.0000e-05  0.0000e+00
    6   1.0000   0.0000   0.0000  1.0000e-04  1.0013e+00
401.0000
    1   0.0000   0.0000   0.0000  0.0000e+00 -1.0005e+00
    2   0.2000   0.0000   0.0000  2.0000e-05  0.0000e+00
    3   0.4000   0.0000   0.0000  4.0000e-05 -2.2204e-16
    4   0.6000   0.0000   0.0000  6.0000e-05  2.2204e-16
    5   0.8000   0.0000   0.0000  8.0000e-05 -2.2204e-16
    6   1.0000   0.0000   0.0000  1.0000e-04  1.0005e+00
451.0000
    1   0.0000   0.0000   0.0000  0.0000e+00 -1.0002e+00
    2   0.2000   0.0000   0.0000  2.0000e-05  0.0000e+00
    3   0.4000   0.0000   0.0000  4.0000e-05 -2.2204e-16
    4   0.6000   0.0000   0.0000  6.0000e-05  2.2204e-16
    5   0.8000   0.0000   0.0000  8.0000e-05  0.0000e+00
    6   1.0000   0.0000   0.0000  1.0000e-04  1.0002e+00
501.0000
    1   0.0000   0.0000   0.0000  0.0000e+00 -1.0001e+00
    2   0.2000   0.0000   0.0000  2.0000e-05  0.0000e+00
    3   0.4000   0.0000   0.0000  4.0000e-05 -2.2204e-16
    4   0.6000   0.0000   0.0000  6.0000e-05  2.2204e-16
    5   0.8000   0.0000   0.0000  8.0000e-05  0.0000e+00
    6   1.0000   0.0000   0.0000  1.0000e-04  1.0001e+00
