Time,  50.0000
      1,   0.0000,   0.0000,   0.0000,    1,    0.0000e+00,     -1.6845e+00,      0.0000e+00,
      2,   0.2000,   0.0000,   0.0000,    1,    0.0000e+00,      0.0000e+00,      0.0000e+00,
      3,   0.4000,   0.0000,   0.0000,    1,    0.0000e+00,      0.0000e+00,      0.0000e+00,
      4,   0.6000,   0.0000,   0.0000,    1,    0.0000e+00,      0.0000e+00,      0.0000e+00,
      5,   0.8000,   0.0000,   0.0000,    1,    0.0000e+00,      0.0000e+00,      0.0000e+00,
      6,   1.0000,   0.0000,   0.0000,    1,    0.0000e+00,      1.6845e+00,      0.0000e+00,
Time, 100.0000
      1,   0.0000,   0.0000,   0.0000,    1,    0.0000e+00,     -2.7637e+00,      0.0000e+00,
      2,   0.2000,   0.0000,   0.0000,    1,    0.0000e+00,      0.0000e+00,      0.0000e+00,
      3,   0.4000,   0.0000,   0.0000,    1,    0.0000e+00,      0.0000e+00,      0.0000e+00,
      4,   0.6000,   0.0000,   0.0000,    1,    0.0000e+00,      0.0000e+00,      0.0000e+00,
      5,   0.8000,   0.0000,   0.0000,    1,    0.0000e+00,      0.0000e+00,      0.0000e+00,
      6,   1.0000,   0.0000,   0.0000,    1,    0.0000e+00,      2.7637e+00,      0.0000e+00,
Time, 150.0000
      1,   0.0000,   0.0000,   0.0000,    1,    0.0000e+00,     -1.9451e+00,      0.0000e+00,
      2,   0.2000,   0.0000,   0.0000,    1,    0.0000e+00,      0.0000e+00,      0.0000e+00,
      3,   0.4000,   0.0000,   0.0000,    1,    0.0000e+00,      0.0000e+00,      0.0000e+00,
      4,   0.6000,   0.0000,   0.0000,    1,    0.0000e+00,      0.0000e+00,      0.0000e+00,
      5,   0.8000,   0.0000,   0.0000,    1,    0.0000e+00,      0.0000e+00,      0.0000e+00,
      6,   1.0000,   0.0000,   0.0000,    1,    0.0000e+00,      1.9451e+00,      0.0000e+00,
Time, 200.0000
      1,   0.0000,   0.0000,   0.0000,    1,    0.0000e+00,     -1.6568e+00,      0.0000e+00,
      2,   0.2000,   0.0000,   0.0000,    1,    0.0000e+00,      0.0000e+00,      0.0000e+00,
      3,   0.4000,   0.0000,   0.0000,    1,    0.0000e+00,      0.0000e+00,      0.0000e+00,
      4,   0.6000,   0.0000,   0.0000,    1,    0.0000e+00,      0.0000e+00,      0.0000e+00,
      5,   0.8000,   0.0000,   0.0000,    1,    0.0000e+00,      0.0000e+00,      0.0000e+00,
      6,   1.0000,   0.0000,   0.0000,    1,    0.0000e+00,      1.6568e+00,      0.0000e+00,
Time, 250.0000
      1,   0.0000,   0.0000,   0.0000,    1,    0.0000e+00,     -1.5552e+00,      0.0000e+00,
      2,   0.2000,   0.0000,   0.0000,    1,    0.0000e+00,      0.0000e+00,      0.0000e+00,
      3,   0.4000,   0.0000,   0.0000,    1,    0.0000e+00,      0.0000e+00,      0.0000e+00,
      4,   0.6000,   0.0000,   0.0000,    1,    0.0000e+00,      0.0000e+00,      0.0000e+00,
      5,   0.8000,   0.0000,   0.0000,    1,    0.0000e+00,      0.0000e+00,      0.0000e+00,
      6,   1.0000,   0.0000,   0.0000,    1,    0.0000e+00,      1.5552e+00,      0.0000e+00,
Time, 300.0000
      1,   0.0000,   0.0000,   0.0000,    1,    0.0000e+00,     -1.5194e+00,      0.0000e+00,
      2,   0.2000,   0.0000,   0.0000,    1,    0.0000e+00,      0.0000e+00,      0.0000e+00,
      3,   0.4000,   0.0000,   0.0000,    1,    0.0000e+00,      0.0000e+00,      0.0000e+00,
      4,   0.6000,   0.0000,   0.0000,    1,    0.0000e+00,      0.0000e+00,      0.0000e+00,
      5,   0.8000,   0.0000,   0.0000,    1,    0.0000e+00,      0.0000e+00,      0.0000e+00,
      6,   1.0000,   0.0000,   0.0000,    1,    0.0000e+00,      1.5194e+00,      0.0000e+00,
Time, 350.0000
      1,   0.0000,   0.0000,   0.0000,    1,    0.0000e+00,     -1.5069e+00,      0.0000e+00,
      2,   0.2000,   0.0000,   0.0000,    1,    0.0000e+00,      0.0000e+00,      0.0000e+00,
      3,   0.4000,   0.0000,   0.0000,    1,    0.0000e+00,      0.0000e+00,      0.0000e+00,
      4,   0.6000,   0.0000,   0.0000,    1,    0.0000e+00,      0.0000e+00,      0.0000e+00,
      5,   0.8000,   0.0000,   0.0000,    1,    0.0000e+00,      0.0000e+00,      0.0000e+00,
      6,   1.0000,   0.0000,   0.0000,    1,    0.0000e+00,      1.5069e+00,      0.0000e+00,
Time, 400.0000
      1,   0.0000,   0.0000,   0.0000,    1,    0.0000e+00,     -1.5024e+00,      0.0000e+00,
      2,   0.2000,   0.0000,   0.0000,    1,    0.0000e+00,      0.0000e+00,      0.0000e+00,
      3,   0.4000,   0.0000,   0.0000,    1,    0.0000e+00,      0.0000e+00,      0.0000e+00,
      4,   0.6000,   0.0000,   0.0000,    1,    0.0000e+00,      0.0000e+00,      0.0000e+00,
      5,   0.8000,   0.0000,   0.0000,    1,    0.0000e+00,      0.0000e+00,      0.0000e+00,
      6,   1.0000,   0.0000,   0.0000,    1,    0.0000e+00,      1.5024e+00,      0.0000e+00,
Time, 450.0000
      1,   0.0000,   0.0000,   0.0000,    1,    0.0000e+00,     -1.5008e+00,      0.0000e+00,
      2,   0.2000,   0.0000,   0.0000,    1,    0.0000e+00,      0.0000e+00,      0.0000e+00,
      3,   0.4000,   0.0000,   0.0000,    1,    0.0000e+00,      0.0000e+00,      0.0000e+00,
      4,   0.6000,   0.0000,   0.0000,    1,    0.0000e+00,      0.0000e+00,      0.0000e+00,
      5,   0.8000,   0.0000,   0.0000,    1,    0.0000e+00,      0.0000e+00,      0.0000e+00,
      6,   1.0000,   0.0000,   0.0000,    1,    0.0000e+00,      1.5008e+00,      0.0000e+00,
Time, 500.0000
      1,   0.0000,   0.0000,   0.0000,    1,    0.0000e+00,     -1.5003e+00,      0.0000e+00,
      2,   0.2000,   0.0000,   0.0000,    1,    0.0000e+00,      0.0000e+00,      0.0000e+00,
      3,   0.4000,   0.0000,   0.0000,    1,    0.0000e+00,      0.0000e+00,      0.0000e+00,
      4,   0.6000,   0.0000,   0.0000,    1,    0.0000e+00,      0.0000e+00,      0.0000e+00,
      5,   0.8000,   0.0000,   0.0000,    1,    0.0000e+00,      0.0000e+00,      0.0000e+00,
      6,   1.0000,   0.0000,   0.0000,    1,    0.0000e+00,      1.5003e+00,      0.0000e+00,
