*HEADING
concrete 1D tension bar with localization and snap back
*NODE
        1,       0.0000000,     0.0
        2,        .0010000,     0.0
        3,        .0020000,     0.0
        4,        .0030000,     0.0
        5,        .0040000,     0.0
        6,        .0050000,     0.0
        7,        .0060000,     0.0
        8,        .0070000,     0.0
        9,        .0080000,     0.0
       10,        .0090000,     0.0
       11,        .0100000,     0.0
       12,        .0110000,     0.0
       13,        .0120000,     0.0
       14,        .0130000,     0.0
       15,        .0140000,     0.0
       16,        .0150000,     0.0
       17,        .0160000,     0.0
       18,        .0170000,     0.0
       19,        .0180000,     0.0
       20,        .0190000,     0.0
       21,        .0200000,     0.0
       22,        .0210000,     0.0
       23,        .0220000,     0.0
       24,        .0230000,     0.0
       25,        .0240000,     0.0
       26,        .0250000,     0.0
       27,        .0260000,     0.0
       28,        .0270000,     0.0
       29,        .0280000,     0.0
       30,        .0290000,     0.0
       31,        .0300000,     0.0
       32,        .0310000,     0.0
       33,        .0320000,     0.0
       34,        .0330000,     0.0
       35,        .0340000,     0.0
       36,        .0350000,     0.0
       37,        .0360000,     0.0
       38,        .0370000,     0.0
       39,        .0380000,     0.0
       40,        .0390000,     0.0
       41,        .0400000,     0.0
       42,        .0410000,     0.0
       43,        .0420000,     0.0
       44,        .0430000,     0.0
       45,        .0440000,     0.0
       46,        .0450000,     0.0
       47,        .0460000,     0.0
       48,        .0470000,     0.0
       49,        .0480000,     0.0
       50,        .0490000,     0.0
       51,        .0500000,     0.0
       52,        .0510000,     0.0
       53,        .0520000,     0.0
       54,        .0530000,     0.0
       55,        .0540000,     0.0
       56,        .0550000,     0.0
       57,        .0560000,     0.0
       58,        .0570000,     0.0
       59,        .0580000,     0.0
       60,        .0590000,     0.0
       61,        .0600000,     0.0
       62,        .0610000,     0.0
       63,        .0620000,     0.0
       64,        .0630000,     0.0
       65,        .0640000,     0.0
       66,        .0650000,     0.0
       67,        .0660000,     0.0
       68,        .0670000,     0.0
       69,        .0680000,     0.0
       70,        .0690000,     0.0
       71,        .0700000,     0.0
       72,        .0710000,     0.0
       73,        .0720000,     0.0
       74,        .0730000,     0.0
       75,        .0740000,     0.0
       76,        .0750000,     0.0
       77,        .0760000,     0.0
       78,        .0770000,     0.0
       79,        .0780000,     0.0
       80,        .0790000,     0.0
       81,        .0800000,     0.0
       82,        .0810000,     0.0
       83,        .0820000,     0.0
       84,        .0830000,     0.0
       85,        .0840000,     0.0
       86,        .0850000,     0.0
       87,        .0860000,     0.0
       88,        .0870000,     0.0
       89,        .0880000,     0.0
       90,        .0890000,     0.0
       91,        .0900000,     0.0
       92,        .0910000,     0.0
       93,        .0920000,     0.0
       94,        .0930000,     0.0
       95,        .0940000,     0.0
       96,        .0950000,     0.0
       97,        .0960000,     0.0
       98,        .0970000,     0.0
       99,        .0980000,     0.0
      100,        .0990000,     0.0
      101,        .1000000,     0.0
      102,        .1010000,     0.0
      103,        .1020000,     0.0
      104,        .1030000,     0.0
      105,        .1040000,     0.0
      106,        .1050000,     0.0
      107,        .1060000,     0.0
      108,        .1070000,     0.0
      109,        .1080000,     0.0
      110,        .1090000,     0.0
      111,        .1100000,     0.0
      112,        .1110000,     0.0
      113,        .1120000,     0.0
      114,        .1130000,     0.0
      115,        .1140000,     0.0
      116,        .1150000,     0.0
      117,        .1160000,     0.0
      118,        .1170000,     0.0
      119,        .1180000,     0.0
      120,        .1190000,     0.0
      121,        .1200000,     0.0
      122,        .1210000,     0.0
      123,        .1220000,     0.0
      124,        .1230000,     0.0
      125,        .1240000,     0.0
      126,        .1250000,     0.0
      127,        .1260000,     0.0
      128,        .1270000,     0.0
      129,        .1280000,     0.0
      130,        .1290000,     0.0
      131,        .1300000,     0.0
      132,        .1310000,     0.0
      133,        .1320000,     0.0
      134,        .1330000,     0.0
      135,        .1340000,     0.0
      136,        .1350000,     0.0
      137,        .1360000,     0.0
      138,        .1370000,     0.0
      139,        .1380000,     0.0
      140,        .1390000,     0.0
      141,        .1400000,     0.0
      142,        .1410000,     0.0
      143,        .1420000,     0.0
      144,        .1430000,     0.0
      145,        .1440000,     0.0
      146,        .1450000,     0.0
      147,        .1460000,     0.0
      148,        .1470000,     0.0
      149,        .1480000,     0.0
      150,        .1490000,     0.0
      151,        .1500000,     0.0
      152,        .1510000,     0.0
      153,        .1520000,     0.0
      154,        .1530000,     0.0
      155,        .1540000,     0.0
      156,        .1550000,     0.0
      157,        .1560000,     0.0
      158,        .1570000,     0.0
      159,        .1580000,     0.0
      160,        .1590000,     0.0
      161,        .1600000,     0.0
      162,        .1610000,     0.0
      163,        .1620000,     0.0
      164,        .1630000,     0.0
      165,        .1640000,     0.0
      166,        .1650000,     0.0
      167,        .1660000,     0.0
      168,        .1670000,     0.0
      169,        .1680000,     0.0
      170,        .1690000,     0.0
      171,        .1700000,     0.0
      172,        .1710000,     0.0
      173,        .1720000,     0.0
      174,        .1730000,     0.0
      175,        .1740000,     0.0
      176,        .1750000,     0.0
      177,        .1760000,     0.0
      178,        .1770000,     0.0
      179,        .1780000,     0.0
      180,        .1790000,     0.0
      181,        .1800000,     0.0
      182,        .1810000,     0.0
      183,        .1820000,     0.0
      184,        .1830000,     0.0
      185,        .1840000,     0.0
      186,        .1850000,     0.0
      187,        .1860000,     0.0
      188,        .1870000,     0.0
      189,        .1880000,     0.0
      190,        .1890000,     0.0
      191,        .1900000,     0.0
      192,        .1910000,     0.0
      193,        .1920000,     0.0
      194,        .1930000,     0.0
      195,        .1940000,     0.0
      196,        .1950000,     0.0
      197,        .1960000,     0.0
      198,        .1970000,     0.0
      199,        .1980000,     0.0
      200,        .1990000,     0.0
      201,        .2000000,     0.0
      202,        .2010000,     0.0
      203,        .2020000,     0.0
      204,        .2030000,     0.0
      205,        .2040000,     0.0
      206,        .2050000,     0.0
      207,        .2060000,     0.0
      208,        .2070000,     0.0
      209,        .2080000,     0.0
      210,        .2090000,     0.0
      211,        .2100000,     0.0
      212,        .2110000,     0.0
      213,        .2120000,     0.0
      214,        .2130000,     0.0
      215,        .2140000,     0.0
      216,        .2150000,     0.0
      217,        .2160000,     0.0
      218,        .2170000,     0.0
      219,        .2180000,     0.0
      220,        .2190000,     0.0
      221,        .2200000,     0.0
      222,        .2210000,     0.0
      223,        .2220000,     0.0
      224,        .2230000,     0.0
      225,        .2240000,     0.0
      226,        .2250000,     0.0
      227,        .2260000,     0.0
      228,        .2270000,     0.0
      229,        .2280000,     0.0
      230,        .2290000,     0.0
      231,        .2300000,     0.0
      232,        .2310000,     0.0
      233,        .2320000,     0.0
      234,        .2330000,     0.0
      235,        .2340000,     0.0
      236,        .2350000,     0.0
      237,        .2360000,     0.0
      238,        .2370000,     0.0
      239,        .2380000,     0.0
      240,        .2390000,     0.0
      241,        .2400000,     0.0
      242,        .2410000,     0.0
      243,        .2420000,     0.0
      244,        .2430000,     0.0
      245,        .2440000,     0.0
      246,        .2450000,     0.0
      247,        .2460000,     0.0
      248,        .2470000,     0.0
      249,        .2480000,     0.0
      250,        .2490000,     0.0
      251,        .2500000,     0.0
      252,        .2510000,     0.0
      253,        .2520000,     0.0
      254,        .2530000,     0.0
      255,        .2540000,     0.0
      256,        .2550000,     0.0
      257,        .2560000,     0.0
      258,        .2570000,     0.0
      259,        .2580000,     0.0
      260,        .2590000,     0.0
      261,        .2600000,     0.0
      262,        .2610000,     0.0
      263,        .2620000,     0.0
      264,        .2630000,     0.0
      265,        .2640000,     0.0
      266,        .2650000,     0.0
      267,        .2660000,     0.0
      268,        .2670000,     0.0
      269,        .2680000,     0.0
      270,        .2690000,     0.0
      271,        .2700000,     0.0
      272,        .2710000,     0.0
      273,        .2720000,     0.0
      274,        .2730000,     0.0
      275,        .2740000,     0.0
      276,        .2750000,     0.0
      277,        .2760000,     0.0
      278,        .2770000,     0.0
      279,        .2780000,     0.0
      280,        .2790000,     0.0
      281,        .2800000,     0.0
      282,        .2810000,     0.0
      283,        .2820000,     0.0
      284,        .2830000,     0.0
      285,        .2840000,     0.0
      286,        .2850000,     0.0
      287,        .2860000,     0.0
      288,        .2870000,     0.0
      289,        .2880000,     0.0
      290,        .2890000,     0.0
      291,        .2900000,     0.0
      292,        .2910000,     0.0
      293,        .2920000,     0.0
      294,        .2930000,     0.0
      295,        .2940000,     0.0
      296,        .2950000,     0.0
      297,        .2960000,     0.0
      298,        .2970000,     0.0
      299,        .2980000,     0.0
      300,        .2990000,     0.0
      301,        .3000000,     0.0
      302,        .3010000,     0.0
      303,        .3020000,     0.0
      304,        .3030000,     0.0
      305,        .3040000,     0.0
      306,        .3050000,     0.0
      307,        .3060000,     0.0
      308,        .3070000,     0.0
      309,        .3080000,     0.0
      310,        .3090000,     0.0
      311,        .3100000,     0.0
      312,        .3110000,     0.0
      313,        .3120000,     0.0
      314,        .3130000,     0.0
      315,        .3140000,     0.0
      316,        .3150000,     0.0
      317,        .3160000,     0.0
      318,        .3170000,     0.0
      319,        .3180000,     0.0
      320,        .3190000,     0.0
      321,        .3200000,     0.0
      322,        .3210000,     0.0
      323,        .3220000,     0.0
      324,        .3230000,     0.0
      325,        .3240000,     0.0
      326,        .3250000,     0.0
      327,        .3260000,     0.0
      328,        .3270000,     0.0
      329,        .3280000,     0.0
      330,        .3290000,     0.0
      331,        .3300000,     0.0
      332,        .3310000,     0.0
      333,        .3320000,     0.0
      334,        .3330000,     0.0
      335,        .3340000,     0.0
      336,        .3350000,     0.0
      337,        .3360000,     0.0
      338,        .3370000,     0.0
      339,        .3380000,     0.0
      340,        .3390000,     0.0
      341,        .3400000,     0.0
      342,        .3410000,     0.0
      343,        .3420000,     0.0
      344,        .3430000,     0.0
      345,        .3440000,     0.0
      346,        .3450000,     0.0
      347,        .3460000,     0.0
      348,        .3470000,     0.0
      349,        .3480000,     0.0
      350,        .3490000,     0.0
      351,        .3500000,     0.0
      352,        .3510000,     0.0
      353,        .3520000,     0.0
      354,        .3530000,     0.0
      355,        .3540000,     0.0
      356,        .3550000,     0.0
      357,        .3560000,     0.0
      358,        .3570000,     0.0
      359,        .3580000,     0.0
      360,        .3590000,     0.0
      361,        .3600000,     0.0
      362,        .3610000,     0.0
      363,        .3620000,     0.0
      364,        .3630000,     0.0
      365,        .3640000,     0.0
      366,        .3650000,     0.0
      367,        .3660000,     0.0
      368,        .3670000,     0.0
      369,        .3680000,     0.0
      370,        .3690000,     0.0
      371,        .3700000,     0.0
      372,        .3710000,     0.0
      373,        .3720000,     0.0
      374,        .3730000,     0.0
      375,        .3740000,     0.0
      376,        .3750000,     0.0
      377,        .3760000,     0.0
      378,        .3770000,     0.0
      379,        .3780000,     0.0
      380,        .3790000,     0.0
      381,        .3800000,     0.0
      382,        .3810000,     0.0
      383,        .3820000,     0.0
      384,        .3830000,     0.0
      385,        .3840000,     0.0
      386,        .3850000,     0.0
      387,        .3860000,     0.0
      388,        .3870000,     0.0
      389,        .3880000,     0.0
      390,        .3890000,     0.0
      391,        .3900000,     0.0
      392,        .3910000,     0.0
      393,        .3920000,     0.0
      394,        .3930000,     0.0
      395,        .3940000,     0.0
      396,        .3950000,     0.0
      397,        .3960000,     0.0
      398,        .3970000,     0.0
      399,        .3980000,     0.0
      400,        .3990000,     0.0
      401,        .4000000,     0.0
      402,        .4010000,     0.0
      403,        .4020000,     0.0
      404,        .4030000,     0.0
      405,        .4040000,     0.0
      406,        .4050000,     0.0
      407,        .4060000,     0.0
      408,        .4070000,     0.0
      409,        .4080000,     0.0
      410,        .4090000,     0.0
      411,        .4100000,     0.0
      412,        .4110000,     0.0
      413,        .4120000,     0.0
      414,        .4130000,     0.0
      415,        .4140000,     0.0
      416,        .4150000,     0.0
      417,        .4160000,     0.0
      418,        .4170000,     0.0
      419,        .4180000,     0.0
      420,        .4190000,     0.0
      421,        .4200000,     0.0
      422,        .4210000,     0.0
      423,        .4220000,     0.0
      424,        .4230000,     0.0
      425,        .4240000,     0.0
      426,        .4250000,     0.0
      427,        .4260000,     0.0
      428,        .4270000,     0.0
      429,        .4280000,     0.0
      430,        .4290000,     0.0
      431,        .4300000,     0.0
      432,        .4310000,     0.0
      433,        .4320000,     0.0
      434,        .4330000,     0.0
      435,        .4340000,     0.0
      436,        .4350000,     0.0
      437,        .4360000,     0.0
      438,        .4370000,     0.0
      439,        .4380000,     0.0
      440,        .4390000,     0.0
      441,        .4400000,     0.0
      442,        .4410000,     0.0
      443,        .4420000,     0.0
      444,        .4430000,     0.0
      445,        .4440000,     0.0
      446,        .4450000,     0.0
      447,        .4460000,     0.0
      448,        .4470000,     0.0
      449,        .4480000,     0.0
      450,        .4490000,     0.0
      451,        .4500000,     0.0
      452,        .4510000,     0.0
      453,        .4520000,     0.0
      454,        .4530000,     0.0
      455,        .4540000,     0.0
      456,        .4550000,     0.0
      457,        .4560000,     0.0
      458,        .4570000,     0.0
      459,        .4580000,     0.0
      460,        .4590000,     0.0
      461,        .4600000,     0.0
      462,        .4610000,     0.0
      463,        .4620000,     0.0
      464,        .4630000,     0.0
      465,        .4640000,     0.0
      466,        .4650000,     0.0
      467,        .4660000,     0.0
      468,        .4670000,     0.0
      469,        .4680000,     0.0
      470,        .4690000,     0.0
      471,        .4700000,     0.0
      472,        .4710000,     0.0
      473,        .4720000,     0.0
      474,        .4730000,     0.0
      475,        .4740000,     0.0
      476,        .4750000,     0.0
      477,        .4760000,     0.0
      478,        .4770000,     0.0
      479,        .4780000,     0.0
      480,        .4790000,     0.0
      481,        .4800000,     0.0
      482,        .4810000,     0.0
      483,        .4820000,     0.0
      484,        .4830000,     0.0
      485,        .4840000,     0.0
      486,        .4850000,     0.0
      487,        .4860000,     0.0
      488,        .4870000,     0.0
      489,        .4880000,     0.0
      490,        .4890000,     0.0
      491,        .4900000,     0.0
      492,        .4910000,     0.0
      493,        .4920000,     0.0
      494,        .4930000,     0.0
      495,        .4940000,     0.0
      496,        .4950000,     0.0
      497,        .4960000,     0.0
      498,        .4970000,     0.0
      499,        .4980000,     0.0
      500,        .4990000,     0.0
      501,        .5000000,     0.0
****************************************************************
*ELEMENT, TYPE=T1D2, ELSET=EL1
       1,       1,       2
       2,       2,       3
       3,       3,       4
       4,       4,       5
       5,       5,       6
       6,       6,       7
       7,       7,       8
       8,       8,       9
       9,       9,      10
      10,      10,      11
      11,      11,      12
      12,      12,      13
      13,      13,      14
      14,      14,      15
      15,      15,      16
      16,      16,      17
      17,      17,      18
      18,      18,      19
      19,      19,      20
      20,      20,      21
      21,      21,      22
      22,      22,      23
      23,      23,      24
      24,      24,      25
      25,      25,      26
      26,      26,      27
      27,      27,      28
      28,      28,      29
      29,      29,      30
      30,      30,      31
      31,      31,      32
      32,      32,      33
      33,      33,      34
      34,      34,      35
      35,      35,      36
      36,      36,      37
      37,      37,      38
      38,      38,      39
      39,      39,      40
      40,      40,      41
      41,      41,      42
      42,      42,      43
      43,      43,      44
      44,      44,      45
      45,      45,      46
      46,      46,      47
      47,      47,      48
      48,      48,      49
      49,      49,      50
      50,      50,      51
      51,      51,      52
      52,      52,      53
      53,      53,      54
      54,      54,      55
      55,      55,      56
      56,      56,      57
      57,      57,      58
      58,      58,      59
      59,      59,      60
      60,      60,      61
      61,      61,      62
      62,      62,      63
      63,      63,      64
      64,      64,      65
      65,      65,      66
      66,      66,      67
      67,      67,      68
      68,      68,      69
      69,      69,      70
      70,      70,      71
      71,      71,      72
      72,      72,      73
      73,      73,      74
      74,      74,      75
      75,      75,      76
      76,      76,      77
      77,      77,      78
      78,      78,      79
      79,      79,      80
      80,      80,      81
      81,      81,      82
      82,      82,      83
      83,      83,      84
      84,      84,      85
      85,      85,      86
      86,      86,      87
      87,      87,      88
      88,      88,      89
      89,      89,      90
      90,      90,      91
      91,      91,      92
      92,      92,      93
      93,      93,      94
      94,      94,      95
      95,      95,      96
      96,      96,      97
      97,      97,      98
      98,      98,      99
      99,      99,     100
     100,     100,     101
     101,     101,     102
     102,     102,     103
     103,     103,     104
     104,     104,     105
     105,     105,     106
     106,     106,     107
     107,     107,     108
     108,     108,     109
     109,     109,     110
     110,     110,     111
     111,     111,     112
     112,     112,     113
     113,     113,     114
     114,     114,     115
     115,     115,     116
     116,     116,     117
     117,     117,     118
     118,     118,     119
     119,     119,     120
     120,     120,     121
     121,     121,     122
     122,     122,     123
     123,     123,     124
     124,     124,     125
     125,     125,     126
     126,     126,     127
     127,     127,     128
     128,     128,     129
     129,     129,     130
     130,     130,     131
     131,     131,     132
     132,     132,     133
     133,     133,     134
     134,     134,     135
     135,     135,     136
     136,     136,     137
     137,     137,     138
     138,     138,     139
     139,     139,     140
     140,     140,     141
     141,     141,     142
     142,     142,     143
     143,     143,     144
     144,     144,     145
     145,     145,     146
     146,     146,     147
     147,     147,     148
     148,     148,     149
     149,     149,     150
     150,     150,     151
     151,     151,     152
     152,     152,     153
     153,     153,     154
     154,     154,     155
     155,     155,     156
     156,     156,     157
     157,     157,     158
     158,     158,     159
     159,     159,     160
     160,     160,     161
     161,     161,     162
     162,     162,     163
     163,     163,     164
     164,     164,     165
     165,     165,     166
     166,     166,     167
     167,     167,     168
     168,     168,     169
     169,     169,     170
     170,     170,     171
     171,     171,     172
     172,     172,     173
     173,     173,     174
     174,     174,     175
     175,     175,     176
     176,     176,     177
     177,     177,     178
     178,     178,     179
     179,     179,     180
     180,     180,     181
     181,     181,     182
     182,     182,     183
     183,     183,     184
     184,     184,     185
     185,     185,     186
     186,     186,     187
     187,     187,     188
     188,     188,     189
     189,     189,     190
     190,     190,     191
     191,     191,     192
     192,     192,     193
     193,     193,     194
     194,     194,     195
     195,     195,     196
     196,     196,     197
     197,     197,     198
     198,     198,     199
     199,     199,     200
     200,     200,     201
     201,     201,     202
     202,     202,     203
     203,     203,     204
     204,     204,     205
     205,     205,     206
     206,     206,     207
     207,     207,     208
     208,     208,     209
     209,     209,     210
     210,     210,     211
     211,     211,     212
     212,     212,     213
     213,     213,     214
     214,     214,     215
     215,     215,     216
     216,     216,     217
     217,     217,     218
     218,     218,     219
     219,     219,     220
     220,     220,     221
     221,     221,     222
     222,     222,     223
     223,     223,     224
     224,     224,     225
     225,     225,     226
     226,     226,     227
     227,     227,     228
     228,     228,     229
     229,     229,     230
     230,     230,     231
     231,     231,     232
     232,     232,     233
     233,     233,     234
     234,     234,     235
     235,     235,     236
     236,     236,     237
     237,     237,     238
     238,     238,     239
     239,     239,     240
     240,     240,     241
     241,     241,     242
     242,     242,     243
     243,     243,     244
     244,     244,     245
     245,     245,     246
     246,     246,     247
     247,     247,     248
     248,     248,     249
     249,     249,     250
     250,     250,     251
     251,     251,     252
     252,     252,     253
     253,     253,     254
     254,     254,     255
     255,     255,     256
     256,     256,     257
     257,     257,     258
     258,     258,     259
     259,     259,     260
     260,     260,     261
     261,     261,     262
     262,     262,     263
     263,     263,     264
     264,     264,     265
     265,     265,     266
     266,     266,     267
     267,     267,     268
     268,     268,     269
     269,     269,     270
     270,     270,     271
     271,     271,     272
     272,     272,     273
     273,     273,     274
     274,     274,     275
     275,     275,     276
     276,     276,     277
     277,     277,     278
     278,     278,     279
     279,     279,     280
     280,     280,     281
     281,     281,     282
     282,     282,     283
     283,     283,     284
     284,     284,     285
     285,     285,     286
     286,     286,     287
     287,     287,     288
     288,     288,     289
     289,     289,     290
     290,     290,     291
     291,     291,     292
     292,     292,     293
     293,     293,     294
     294,     294,     295
     295,     295,     296
     296,     296,     297
     297,     297,     298
     298,     298,     299
     299,     299,     300
     300,     300,     301
     301,     301,     302
     302,     302,     303
     303,     303,     304
     304,     304,     305
     305,     305,     306
     306,     306,     307
     307,     307,     308
     308,     308,     309
     309,     309,     310
     310,     310,     311
     311,     311,     312
     312,     312,     313
     313,     313,     314
     314,     314,     315
     315,     315,     316
     316,     316,     317
     317,     317,     318
     318,     318,     319
     319,     319,     320
     320,     320,     321
     321,     321,     322
     322,     322,     323
     323,     323,     324
     324,     324,     325
     325,     325,     326
     326,     326,     327
     327,     327,     328
     328,     328,     329
     329,     329,     330
     330,     330,     331
     331,     331,     332
     332,     332,     333
     333,     333,     334
     334,     334,     335
     335,     335,     336
     336,     336,     337
     337,     337,     338
     338,     338,     339
     339,     339,     340
     340,     340,     341
     341,     341,     342
     342,     342,     343
     343,     343,     344
     344,     344,     345
     345,     345,     346
     346,     346,     347
     347,     347,     348
     348,     348,     349
     349,     349,     350
     350,     350,     351
     351,     351,     352
     352,     352,     353
     353,     353,     354
     354,     354,     355
     355,     355,     356
     356,     356,     357
     357,     357,     358
     358,     358,     359
     359,     359,     360
     360,     360,     361
     361,     361,     362
     362,     362,     363
     363,     363,     364
     364,     364,     365
     365,     365,     366
     366,     366,     367
     367,     367,     368
     368,     368,     369
     369,     369,     370
     370,     370,     371
     371,     371,     372
     372,     372,     373
     373,     373,     374
     374,     374,     375
     375,     375,     376
     376,     376,     377
     377,     377,     378
     378,     378,     379
     379,     379,     380
     380,     380,     381
     381,     381,     382
     382,     382,     383
     383,     383,     384
     384,     384,     385
     385,     385,     386
     386,     386,     387
     387,     387,     388
     388,     388,     389
     389,     389,     390
     390,     390,     391
     391,     391,     392
     392,     392,     393
     393,     393,     394
     394,     394,     395
     395,     395,     396
     396,     396,     397
     397,     397,     398
     398,     398,     399
     399,     399,     400
     400,     400,     401
     401,     401,     402
     402,     402,     403
     403,     403,     404
     404,     404,     405
     405,     405,     406
     406,     406,     407
     407,     407,     408
     408,     408,     409
     409,     409,     410
     410,     410,     411
     411,     411,     412
     412,     412,     413
     413,     413,     414
     414,     414,     415
     415,     415,     416
     416,     416,     417
     417,     417,     418
     418,     418,     419
     419,     419,     420
     420,     420,     421
     421,     421,     422
     422,     422,     423
     423,     423,     424
     424,     424,     425
     425,     425,     426
     426,     426,     427
     427,     427,     428
     428,     428,     429
     429,     429,     430
     430,     430,     431
     431,     431,     432
     432,     432,     433
     433,     433,     434
     434,     434,     435
     435,     435,     436
     436,     436,     437
     437,     437,     438
     438,     438,     439
     439,     439,     440
     440,     440,     441
     441,     441,     442
     442,     442,     443
     443,     443,     444
     444,     444,     445
     445,     445,     446
     446,     446,     447
     447,     447,     448
     448,     448,     449
     449,     449,     450
     450,     450,     451
     451,     451,     452
     452,     452,     453
     453,     453,     454
     454,     454,     455
     455,     455,     456
     456,     456,     457
     457,     457,     458
     458,     458,     459
     459,     459,     460
     460,     460,     461
     461,     461,     462
     462,     462,     463
     463,     463,     464
     464,     464,     465
     465,     465,     466
     466,     466,     467
     467,     467,     468
     468,     468,     469
     469,     469,     470
     470,     470,     471
     471,     471,     472
     472,     472,     473
     473,     473,     474
     474,     474,     475
     475,     475,     476
     476,     476,     477
     477,     477,     478
     478,     478,     479
     479,     479,     480
     480,     480,     481
     481,     481,     482
     482,     482,     483
     483,     483,     484
     484,     484,     485
     485,     485,     486
     486,     486,     487
     487,     487,     488
     488,     488,     489
     489,     489,     490
     490,     490,     491
     491,     491,     492
     492,     492,     493
     493,     493,     494
     494,     494,     495
     495,     495,     496
     496,     496,     497
     497,     497,     498
     498,     498,     499
     499,     499,     500
     500,     500,     501
*****************************************************************
*MATERIAL, NAME=MAT1
*DENSITY
    0.002400
*ELASTIC
     36000.0, 0.2, 1.0e-05
**--------------------------------------------------------------
*MATERIAL, NAME=MAT3
*DENSITY
   2.5e-3
*ISODAMAGE
   36300.,0.2,   40.,3.5,  1,1.2,0.2,2.0,  1,0.03,  0., 0., "C40 according to MC2010"
****************************************************************
*SOLID SECTION, ELSET=EL1, MATERIAL=MAT3
    0.01
****************************************************************
*STEP
*CONTROLS, ITOL=1.e-6, NITER= 100 
*STATIC, ARCLENGTH=5.0e-06
**0.002,  1.0,  5.0e-08, 249, 250, 251, 252, 253
**0.002,  1.0,  1.0e-07, 251, 501
0.002,  1.0,  5.0e-06
*AMPLITUDE, NAME=DISPL1
 0.0, 0.0,   1.0, 1.0
*BOUNDARY, OP=NEW, AMPLITUDE=DISPL1
      1, 1,1,  0.0
      1, 7, 7, 0.0
    501, 1,1,         .0001333
    501, 7, 7, 0.0
***CLOAD
**	501, 1, 0.04
*EL FILE, FREQUENCY=0.1
*NODE FILE, FREQUENCY=0.1
*END STEP
****************************************************************
