  1.0000    0.000101  0       1
 11.0000    0.000114  1       1
 21.0000    0.000127  1       2
 31.0000    0.000138  1       3
 41.0000    0.000149  1       4
 51.0000    0.000159  1       5
 61.0000    0.000169  1       6
 71.0000    0.000177  1       7
 81.0000    0.000186  1       8
 91.0000    0.000193  1       9
101.0000    0.000200  1      10
111.0000    0.000207  1      11
121.0000    0.000213  1      12
131.0000    0.000219  1      13
141.0000    0.000225  1      14
151.0000    0.000230  1      15
161.0000    0.000234  1      16
171.0000    0.000239  1      17
181.0000    0.000243  1      18
191.0000    0.000247  1      19
201.0000    0.000250  1      20
211.0000    0.000254  1      21
221.0000    0.000257  1      22
231.0000    0.000260  1      23
241.0000    0.000262  1      24
251.0000    0.000265  1      25
261.0000    0.000267  1      26
271.0000    0.000269  1      27
281.0000    0.000271  1      28
291.0000    0.000273  1      29
301.0000    0.000275  1      30
311.0000    0.000277  1      31
321.0000    0.000278  1      32
331.0000    0.000280  1      33
341.0000    0.000281  1      34
351.0000    0.000282  1      35
361.0000    0.000284  1      36
371.0000    0.000285  1      37
381.0000    0.000286  1      38
391.0000    0.000287  1      39
401.0000    0.000288  1      40
411.0000    0.000288  1      41
421.0000    0.000289  1      42
431.0000    0.000290  1      43
441.0000    0.000291  1      44
451.0000    0.000291  1      45
461.0000    0.000292  1      46
471.0000    0.000292  1      47
481.0000    0.000293  1      48
491.0000    0.000293  1      49
501.0000    0.000294  1      50
