 10.0000    0.421746  0       1
 20.0000    0.792306  0       2
 30.0000    1.121321  0       3
 40.0000    1.416617  0       4
 50.0000    1.684545  0       5
 60.0000    1.930260  0       6
 70.0000    2.157946  0       7
 80.0000    2.371000  0       8
 90.0000    2.572176  0       9
100.0000    2.763713  0      10
110.0000    2.525680  0      11
120.0000    2.332483  0      12
130.0000    2.175677  0      13
140.0000    2.048406  0      14
150.0000    1.945108  0      15
160.0000    1.861268  0      16
170.0000    1.793219  0      17
180.0000    1.737989  0      18
190.0000    1.693161  0      19
200.0000    1.656777  0      20
210.0000    1.627247  0      21
220.0000    1.603279  0      22
230.0000    1.583825  0      23
240.0000    1.568036  0      24
250.0000    1.555220  0      25
260.0000    1.544819  0      26
270.0000    1.536377  0      27
280.0000    1.529525  0      28
290.0000    1.523964  0      29
300.0000    1.519450  0      30
310.0000    1.515786  0      31
320.0000    1.512813  0      32
330.0000    1.510399  0      33
340.0000    1.508441  0      34
350.0000    1.506851  0      35
360.0000    1.505560  0      36
370.0000    1.504513  0      37
380.0000    1.503663  0      38
390.0000    1.502973  0      39
400.0000    1.502413  0      40
410.0000    1.501958  0      41
420.0000    1.501590  0      42
430.0000    1.501290  0      43
440.0000    1.501047  0      44
450.0000    1.500850  0      45
460.0000    1.500690  0      46
470.0000    1.500560  0      47
480.0000    1.500454  0      48
490.0000    1.500369  0      49
500.0000    1.500299  0      50
