    0.00000039  2.807575e-04  0       1
    0.00000077  5.615040e-04  0       2
    0.00000116  8.422166e-04  0       3
    0.00000155  1.122877e-03  0       4
    0.00000193  1.403467e-03  0       5
    0.00000232  1.683970e-03  0       6
    0.00000271  1.964366e-03  0       7
    0.00000309  2.244639e-03  0       8
    0.00000348  2.524771e-03  0       9
    0.00000387  2.804743e-03  0      10
    0.00000425  3.084538e-03  0      11
    0.00000464  3.364138e-03  0      12
    0.00000503  3.643525e-03  0      13
    0.00000541  3.922683e-03  0      14
    0.00000580  4.201591e-03  0      15
    0.00000619  4.480235e-03  0      16
    0.00000657  4.758594e-03  0      17
    0.00000696  5.036652e-03  0      18
    0.00000735  5.314392e-03  0      19
    0.00000773  5.591794e-03  0      20
    0.00000812  5.868843e-03  0      21
    0.00000851  6.145520e-03  0      22
    0.00000889  6.421807e-03  0      23
    0.00000928  6.697688e-03  0      24
    0.00000967  6.973144e-03  0      25
    0.00001005  7.248159e-03  0      26
    0.00001044  7.522714e-03  0      27
    0.00001083  7.796793e-03  0      28
    0.00001121  8.070377e-03  0      29
    0.00001160  8.343451e-03  0      30
    0.00001199  8.615995e-03  0      31
    0.00001237  8.887994e-03  0      32
    0.00001276  9.159430e-03  0      33
    0.00001314  9.430286e-03  0      34
    0.00001353  9.700544e-03  0      35
    0.00001392  9.970187e-03  0      36
    0.00001430  1.023920e-02  0      37
    0.00001469  1.050756e-02  0      38
    0.00001508  1.077526e-02  0      39
    0.00001546  1.104228e-02  0      40
    0.00001585  1.130859e-02  0      41
    0.00001623  1.157420e-02  0      42
    0.00001662  1.183906e-02  0      43
    0.00001701  1.210318e-02  0      44
    0.00001739  1.236654e-02  0      45
    0.00001778  1.262911e-02  0      46
    0.00001816  1.289088e-02  0      47
    0.00001855  1.315183e-02  0      48
    0.00001894  1.341196e-02  0      49
    0.00001932  1.367123e-02  0      50
    0.00001971  1.392964e-02  0      51
    0.00002009  1.418718e-02  0      52
    0.00002048  1.444381e-02  0      53
    0.00002087  1.469953e-02  0      54
    0.00002125  1.495432e-02  0      55
    0.00002164  1.520817e-02  0      56
    0.00002202  1.546105e-02  0      57
    0.00002241  1.571296e-02  0      58
    0.00002279  1.596388e-02  0      59
    0.00002318  1.621379e-02  0      60
    0.00002357  1.646268e-02  0      61
    0.00002395  1.671052e-02  0      62
    0.00002434  1.695731e-02  0      63
    0.00002472  1.720304e-02  0      64
    0.00002511  1.744767e-02  0      65
    0.00002549  1.769121e-02  0      66
    0.00002588  1.793363e-02  0      67
    0.00002626  1.817492e-02  0      68
    0.00002665  1.841507e-02  0      69
    0.00002703  1.865405e-02  0      70
    0.00002742  1.889186e-02  0      71
    0.00002780  1.912848e-02  0      72
    0.00002819  1.936390e-02  0      73
    0.00002857  1.959809e-02  0      74
    0.00002896  1.983105e-02  0      75
    0.00002934  2.006277e-02  0      76
    0.00002973  2.029322e-02  0      77
    0.00003011  2.052239e-02  0      78
    0.00003050  2.075028e-02  0      79
    0.00003088  2.097686e-02  0      80
    0.00003127  2.120212e-02  0      81
    0.00003165  2.142605e-02  0      82
    0.00003203  2.164863e-02  0      83
    0.00003242  2.186985e-02  0      84
    0.00003280  2.208970e-02  0      85
    0.00003319  2.230816e-02  0      86
    0.00003357  2.252523e-02  0      87
    0.00003395  2.273588e-02  0      88
    0.00003434  2.295459e-02  0      89
    0.00003472  2.316267e-02  0      90
    0.00003511  2.337868e-02  0      91
    0.00003549  2.358365e-02  0      92
    0.00003587  2.379188e-02  0      93
    0.00003626  2.399867e-02  0      94
    0.00003664  2.420395e-02  0      95
    0.00003702  2.440771e-02  0      96
    0.00003741  2.460994e-02  0      97
    0.00003779  2.481063e-02  0      98
    0.00003817  2.500977e-02  0      99
    0.00003856  2.520734e-02  0     100
    0.00003894  2.540333e-02  0     101
    0.00003932  2.559773e-02  0     102
    0.00003971  2.579053e-02  0     103
    0.00004009  2.598172e-02  0     104
    0.00004047  2.617128e-02  0     105
    0.00004085  2.635920e-02  0     106
    0.00004124  2.654547e-02  0     107
    0.00004162  2.673008e-02  0     108
    0.00004200  2.691302e-02  0     109
    0.00004238  2.709428e-02  0     110
    0.00004277  2.727385e-02  0     111
    0.00004315  2.745171e-02  0     112
    0.00004353  2.762785e-02  0     113
    0.00004391  2.780227e-02  0     114
    0.00004429  2.797495e-02  0     115
    0.00004467  2.814588e-02  0     116
    0.00004506  2.831506e-02  0     117
    0.00004544  2.848246e-02  0     118
    0.00004582  2.864809e-02  0     119
    0.00004620  2.881193e-02  0     120
    0.00004658  2.897396e-02  0     121
    0.00004696  2.913419e-02  0     122
    0.00004734  2.929260e-02  0     123
    0.00004772  2.944918e-02  0     124
    0.00004810  2.960392e-02  0     125
    0.00004848  2.975681e-02  0     126
    0.00004886  2.990784e-02  0     127
    0.00004924  3.005700e-02  0     128
    0.00004962  3.020428e-02  0     129
    0.00005000  3.034967e-02  0     130
    0.00005038  3.049317e-02  0     131
    0.00005076  3.063476e-02  0     132
    0.00005114  3.077443e-02  0     133
    0.00005152  3.091218e-02  0     134
    0.00005190  3.104799e-02  0     135
    0.00005228  3.118186e-02  0     136
    0.00005266  3.131377e-02  0     137
    0.00005304  3.144372e-02  0     138
    0.00005341  3.157170e-02  0     139
    0.00005379  3.169769e-02  0     140
    0.00005417  3.182169e-02  0     141
    0.00005455  3.194370e-02  0     142
    0.00005493  3.206369e-02  0     143
    0.00005530  3.218166e-02  0     144
    0.00005568  3.229761e-02  0     145
    0.00005606  3.241151e-02  0     146
    0.00005643  3.252337e-02  0     147
    0.00005681  3.263317e-02  0     148
    0.00005719  3.274091e-02  0     149
    0.00005756  3.284656e-02  0     150
    0.00005794  3.295013e-02  0     151
    0.00005832  3.305160e-02  0     152
    0.00005869  3.315097e-02  0     153
    0.00005907  3.324821e-02  0     154
    0.00005944  3.334333e-02  0     155
    0.00005982  3.343630e-02  0     156
    0.00006019  3.352713e-02  0     157
    0.00006056  3.361579e-02  0     158
    0.00006094  3.370227e-02  0     159
    0.00006131  3.378656e-02  0     160
    0.00006168  3.386865e-02  0     161
    0.00006206  3.394852e-02  0     162
    0.00006243  3.402617e-02  0     163
    0.00006280  3.410156e-02  0     164
    0.00006317  3.417470e-02  0     165
    0.00006354  3.424555e-02  0     166
    0.00006391  3.431411e-02  0     167
    0.00006429  3.438035e-02  0     168
    0.00006465  3.444425e-02  0     169
    0.00006502  3.450578e-02  0     170
    0.00006539  3.456494e-02  0     171
    0.00006576  3.462168e-02  0     172
    0.00006613  3.467598e-02  0     173
    0.00006650  3.472780e-02  0     174
    0.00006686  3.477712e-02  0     175
    0.00006723  3.482389e-02  0     176
    0.00006759  3.486807e-02  0     177
    0.00006796  3.490961e-02  0     178
    0.00006832  3.494845e-02  0     179
    0.00006869  3.498453e-02  0     180
    0.00006905  3.501777e-02  0     181
    0.00006941  3.504810e-02  0     182
    0.00006977  3.507540e-02  0     183
    0.00007013  3.509957e-02  0     184
    0.00007048  3.512045e-02  0     185
    0.00007084  3.513788e-02  0     186
    0.00007119  3.514858e-02  0     187
    0.00007154  3.515810e-02  0     188
    0.00007189  3.516329e-02  0     189
    0.00007224  3.516365e-02  0     190
    0.00007258  3.515850e-02  0     191
    0.00007291  3.514471e-02  0     192
    0.00007324  3.512468e-02  0     193
    0.00007357  3.509495e-02  0     194
    0.00007389  3.505322e-02  0     195
    0.00007420  3.499658e-02  0     196
    0.00007451  3.491956e-02  0     197
    0.00007480  3.481626e-02  0     198
    0.00007506  3.467544e-02  0     199
    0.00007530  3.447775e-02  0     200
    0.00007548  3.418923e-02  0     201
    0.00007552  3.375460e-02  0     202
    0.00007537  3.319683e-02  0     203
    0.00007507  3.265233e-02  0     204
    0.00007472  3.216039e-02  0     205
    0.00007435  3.171036e-02  0     206
    0.00007396  3.129058e-02  0     207
    0.00007358  3.089352e-02  0     208
    0.00007319  3.051406e-02  0     209
    0.00007280  3.014864e-02  0     210
    0.00007240  2.979465e-02  0     211
    0.00007201  2.945036e-02  0     212
    0.00007162  2.911425e-02  0     213
    0.00007123  2.878523e-02  0     214
    0.00007083  2.846242e-02  0     215
    0.00007044  2.814513e-02  0     216
    0.00007004  2.783273e-02  0     217
    0.00006965  2.752475e-02  0     218
    0.00006926  2.722077e-02  0     219
    0.00006886  2.692041e-02  0     220
    0.00006847  2.662338e-02  0     221
    0.00006808  2.632943e-02  0     222
    0.00006768  2.603829e-02  0     223
    0.00006729  2.574979e-02  0     224
    0.00006690  2.546371e-02  0     225
    0.00006650  2.517991e-02  0     226
    0.00006611  2.489824e-02  0     227
    0.00006572  2.461856e-02  0     228
    0.00006532  2.434076e-02  0     229
    0.00006493  2.406473e-02  0     230
    0.00006454  2.379037e-02  0     231
    0.00006415  2.351758e-02  0     232
    0.00006376  2.324629e-02  0     233
    0.00006336  2.297642e-02  0     234
    0.00006297  2.270789e-02  0     235
    0.00006258  2.244063e-02  0     236
    0.00006219  2.217461e-02  0     237
    0.00006180  2.190975e-02  0     238
    0.00006140  2.164598e-02  0     239
    0.00006101  2.138327e-02  0     240
    0.00006062  2.112158e-02  0     241
    0.00006023  2.086086e-02  0     242
    0.00005984  2.060099e-02  0     243
    0.00005945  2.034213e-02  0     244
    0.00005906  2.008404e-02  0     245
    0.00005867  1.982679e-02  0     246
    0.00005828  1.957024e-02  0     247
    0.00005788  1.931449e-02  0     248
    0.00005749  1.905953e-02  0     249
    0.00005710  1.880517e-02  0     250
    0.00005671  1.855147e-02  0     251
    0.00005632  1.829841e-02  0     252
    0.00005593  1.804589e-02  0     253
    0.00005554  1.779399e-02  0     254
    0.00005515  1.754272e-02  0     255
    0.00005476  1.729189e-02  0     256
    0.00005437  1.704156e-02  0     257
    0.00005398  1.679173e-02  0     258
    0.00005359  1.654229e-02  0     259
    0.00005320  1.629332e-02  0     260
    0.00005281  1.604477e-02  0     261
    0.00005242  1.579669e-02  0     262
    0.00005203  1.554891e-02  0     263
    0.00005164  1.530147e-02  0     264
    0.00005125  1.505435e-02  0     265
    0.00005086  1.480753e-02  0     266
    0.00005047  1.456100e-02  0     267
    0.00005008  1.431469e-02  0     268
    0.00004969  1.406866e-02  0     269
    0.00004930  1.382285e-02  0     270
    0.00004891  1.357723e-02  0     271
    0.00004852  1.333179e-02  0     272
    0.00004813  1.308658e-02  0     273
    0.00004775  1.284143e-02  0     274
    0.00004736  1.259639e-02  0     275
    0.00004697  1.235143e-02  0     276
    0.00004658  1.210653e-02  0     277
    0.00004619  1.186165e-02  0     278
    0.00004580  1.161674e-02  0     279
    0.00004541  1.137183e-02  0     280
    0.00004502  1.112687e-02  0     281
    0.00004463  1.088189e-02  0     282
    0.00004424  1.063673e-02  0     283
    0.00004385  1.039141e-02  0     284
    0.00004346  1.014591e-02  0     285
    0.00004308  9.900135e-03  0     286
    0.00004269  9.654129e-03  0     287
    0.00004230  9.407808e-03  0     288
    0.00004191  9.161122e-03  0     289
    0.00004152  8.914019e-03  0     290
    0.00004113  8.666444e-03  0     291
    0.00004074  8.418334e-03  0     292
    0.00004035  8.169621e-03  0     293
    0.00003996  7.920232e-03  0     294
    0.00003957  7.670124e-03  0     295
    0.00003918  7.419074e-03  0     296
    0.00003880  7.167119e-03  0     297
    0.00003841  6.914062e-03  0     298
    0.00003802  6.659800e-03  0     299
    0.00003763  6.404186e-03  0     300
    0.00003724  6.147053e-03  0     301
    0.00003685  5.888204e-03  0     302
    0.00003646  5.627410e-03  0     303
    0.00003607  5.364404e-03  0     304
    0.00003568  5.098863e-03  0     305
    0.00003529  4.830401e-03  0     306
    0.00003491  4.558542e-03  0     307
    0.00003452  4.282693e-03  0     308
    0.00003413  4.002087e-03  0     309
    0.00003374  3.715774e-03  0     310
    0.00003335  3.422405e-03  0     311
    0.00003297  3.119716e-03  0     312
    0.00003258  2.805729e-03  0     313
    0.00003221  2.476175e-03  0     314
    0.00003183  2.124906e-03  0     315
    0.00003148  1.740745e-03  0     316
    0.00003120  1.315223e-03  0     317
    0.00003109  9.104344e-04  0     318
    0.00003119  6.429816e-04  0     319
    0.00003139  4.764571e-04  0     320
    0.00003164  3.638340e-04  0     321
    0.00003190  2.830396e-04  0     322
    0.00003218  2.231159e-04  0     323
    0.00003246  1.770758e-04  0     324
    0.00003276  1.412816e-04  0     325
    0.00003305  1.131214e-04  0     326
    0.00003336  9.078324e-05  0     327
    0.00003366  7.295664e-05  0     328
    0.00003396  5.866811e-05  0     329
    0.00003427  4.718296e-05  0     330
    0.00003458  3.793399e-05  0     331
    0.00003489  3.047730e-05  0     332
    0.00003520  2.446307e-05  0     333
