  1.0000
    1   0.0000   0.0000   0.0000  0.0000e+00 -3.0000e+00
    2   0.2000   0.0000   0.0000  2.0138e-05  0.0000e+00
    3   0.4000   0.0000   0.0000  4.0276e-05  4.4409e-16
    4   0.6000   0.0000   0.0000  6.0414e-05  1.7764e-15
    5   0.8000   0.0000   0.0000  8.0553e-05 -3.9968e-15
    6   1.0000   0.0000   0.0000  1.0069e-04  2.2204e-15
 51.0000
    1   0.0000   0.0000   0.0000  0.0000e+00 -3.0000e+00
    2   0.2000   0.0000   0.0000  3.1817e-05  0.0000e+00
    3   0.4000   0.0000   0.0000  6.3635e-05 -8.8818e-16
    4   0.6000   0.0000   0.0000  9.5452e-05  1.3323e-15
    5   0.8000   0.0000   0.0000  1.2727e-04 -1.7764e-15
    6   1.0000   0.0000   0.0000  1.5909e-04  8.8818e-16
101.0000
    1   0.0000   0.0000   0.0000  0.0000e+00 -3.0000e+00
    2   0.2000   0.0000   0.0000  4.0075e-05  0.0000e+00
    3   0.4000   0.0000   0.0000  8.0149e-05  0.0000e+00
    4   0.6000   0.0000   0.0000  1.2022e-04 -2.6645e-15
    5   0.8000   0.0000   0.0000  1.6030e-04  4.8850e-15
    6   1.0000   0.0000   0.0000  2.0037e-04 -2.6645e-15
151.0000
    1   0.0000   0.0000   0.0000  0.0000e+00 -3.0000e+00
    2   0.2000   0.0000   0.0000  4.5913e-05  0.0000e+00
    3   0.4000   0.0000   0.0000  9.1825e-05  0.0000e+00
    4   0.6000   0.0000   0.0000  1.3774e-04  8.8818e-16
    5   0.8000   0.0000   0.0000  1.8365e-04  4.4409e-16
    6   1.0000   0.0000   0.0000  2.2956e-04 -1.3323e-15
201.0000
    1   0.0000   0.0000   0.0000  0.0000e+00 -3.0000e+00
    2   0.2000   0.0000   0.0000  5.0040e-05  0.0000e+00
    3   0.4000   0.0000   0.0000  1.0008e-04  8.8818e-16
    4   0.6000   0.0000   0.0000  1.5012e-04 -4.4409e-16
    5   0.8000   0.0000   0.0000  2.0016e-04 -3.1086e-15
    6   1.0000   0.0000   0.0000  2.5020e-04  2.6645e-15
251.0000
    1   0.0000   0.0000   0.0000  0.0000e+00 -3.0000e+00
    2   0.2000   0.0000   0.0000  5.2958e-05  0.0000e+00
    3   0.4000   0.0000   0.0000  1.0592e-04 -1.3323e-15
    4   0.6000   0.0000   0.0000  1.5887e-04  3.9968e-15
    5   0.8000   0.0000   0.0000  2.1183e-04  0.0000e+00
    6   1.0000   0.0000   0.0000  2.6479e-04 -2.6645e-15
301.0000
    1   0.0000   0.0000   0.0000  0.0000e+00 -3.0000e+00
    2   0.2000   0.0000   0.0000  5.5021e-05  0.0000e+00
    3   0.4000   0.0000   0.0000  1.1004e-04 -4.4409e-16
    4   0.6000   0.0000   0.0000  1.6506e-04  4.4409e-16
    5   0.8000   0.0000   0.0000  2.2009e-04  3.1086e-15
    6   1.0000   0.0000   0.0000  2.7511e-04 -2.6645e-15
351.0000
    1   0.0000   0.0000   0.0000  0.0000e+00 -3.0000e+00
    2   0.2000   0.0000   0.0000  5.6480e-05  0.0000e+00
    3   0.4000   0.0000   0.0000  1.1296e-04 -8.8818e-16
    4   0.6000   0.0000   0.0000  1.6944e-04  8.8818e-16
    5   0.8000   0.0000   0.0000  2.2592e-04 -4.4409e-15
    6   1.0000   0.0000   0.0000  2.8240e-04  3.5527e-15
401.0000
    1   0.0000   0.0000   0.0000  0.0000e+00 -3.0000e+00
    2   0.2000   0.0000   0.0000  5.7511e-05  0.0000e+00
    3   0.4000   0.0000   0.0000  1.1502e-04  0.0000e+00
    4   0.6000   0.0000   0.0000  1.7253e-04  3.5527e-15
    5   0.8000   0.0000   0.0000  2.3005e-04 -3.9968e-15
    6   1.0000   0.0000   0.0000  2.8756e-04  8.8818e-16
451.0000
    1   0.0000   0.0000   0.0000  0.0000e+00 -3.0000e+00
    2   0.2000   0.0000   0.0000  5.8241e-05  0.0000e+00
    3   0.4000   0.0000   0.0000  1.1648e-04 -1.3323e-15
    4   0.6000   0.0000   0.0000  1.7472e-04  1.3323e-15
    5   0.8000   0.0000   0.0000  2.3296e-04 -4.4409e-16
    6   1.0000   0.0000   0.0000  2.9120e-04 -4.4409e-16
501.0000
    1   0.0000   0.0000   0.0000  0.0000e+00 -3.0000e+00
    2   0.2000   0.0000   0.0000  5.8756e-05  0.0000e+00
    3   0.4000   0.0000   0.0000  1.1751e-04 -4.4409e-16
    4   0.6000   0.0000   0.0000  1.7627e-04  4.4409e-16
    5   0.8000   0.0000   0.0000  2.3502e-04  2.6645e-15
    6   1.0000   0.0000   0.0000  2.9378e-04 -2.6645e-15
