ConFemMat: ../DataExamples/E06/E6-02
Found specified element set: EL1
Found specified material: ISOD of type: ISODAMAGE
   0,  4.122e-06, -8.244e-07,  1.236e-01, -3.308e-18, _ ,  3.122e+04,  6.244e+03,  2.997e+04
   1,  8.244e-06, -1.649e-06,  2.470e-01, -6.609e-18, _ ,  3.113e+04,  6.227e+03,  2.989e+04
   2,  1.237e-05, -2.473e-06,  3.699e-01,  4.399e-18, _ ,  3.099e+04,  6.197e+03,  2.975e+04
   3,  1.649e-05, -3.297e-06,  4.921e-01, -1.317e-17, _ ,  3.078e+04,  6.156e+03,  2.955e+04
   4,  2.061e-05, -4.122e-06,  6.135e-01, -8.755e-18, _ ,  3.052e+04,  6.104e+03,  2.930e+04
   5,  2.473e-05, -4.946e-06,  7.336e-01,  8.725e-18, _ ,  3.021e+04,  6.041e+03,  2.900e+04
   6,  2.885e-05, -5.771e-06,  8.524e-01,  0.000e+00, _ ,  2.983e+04,  5.966e+03,  2.864e+04
   7,  3.297e-05, -6.595e-06,  9.696e-01, -2.595e-17, _ ,  2.941e+04,  5.880e+03,  2.823e+04
   8,  3.710e-05, -7.419e-06,  1.085e+00, -8.603e-18, _ ,  2.893e+04,  5.784e+03,  2.777e+04
   9,  4.122e-05, -8.244e-06,  1.198e+00, -3.421e-17, _ ,  2.840e+04,  5.678e+03,  2.726e+04
  10,  4.534e-05, -9.068e-06,  1.310e+00, -1.699e-17, _ ,  2.781e+04,  5.561e+03,  2.670e+04
  11,  4.946e-05, -9.892e-06,  1.419e+00,  0.000e+00, _ ,  2.719e+04,  5.435e+03,  2.610e+04
  12,  5.358e-05, -1.072e-05,  1.525e+00,  1.674e-17, _ ,  2.651e+04,  5.300e+03,  2.545e+04
  13,  5.771e-05, -1.154e-05,  1.628e+00, -4.979e-17, _ ,  2.579e+04,  5.156e+03,  2.476e+04
  14,  6.183e-05, -1.237e-05,  1.729e+00, -3.290e-17, _ ,  2.503e+04,  5.004e+03,  2.403e+04
  15,  6.595e-05, -1.319e-05,  1.826e+00, -1.629e-17, _ ,  2.423e+04,  4.843e+03,  2.326e+04
  16,  7.007e-05, -1.401e-05,  1.921e+00,  0.000e+00, _ ,  2.339e+04,  4.675e+03,  2.246e+04
  17,  7.419e-05, -1.484e-05,  2.011e+00, -6.379e-17, _ ,  2.252e+04,  4.501e+03,  2.162e+04
  18,  7.831e-05, -1.566e-05,  2.099e+00, -3.153e-17, _ ,  2.162e+04,  4.319e+03,  2.075e+04
  19,  8.244e-05, -1.649e-05,  2.182e+00, -1.557e-17, _ ,  2.068e+04,  4.132e+03,  1.986e+04
  20,  8.656e-05, -1.731e-05,  2.262e+00,  0.000e+00, _ ,  1.972e+04,  3.939e+03,  1.893e+04
  21,  9.068e-05, -1.814e-05,  2.339e+00,  0.000e+00, _ ,  1.874e+04,  3.742e+03,  1.799e+04
  22,  9.480e-05, -1.896e-05,  2.411e+00,  1.496e-17, _ ,  1.773e+04,  3.540e+03,  1.702e+04
  23,  9.892e-05, -1.978e-05,  2.479e+00, -2.948e-17, _ ,  1.670e+04,  3.335e+03,  1.604e+04
  24,  1.030e-04, -2.061e-05,  2.543e+00,  2.903e-17, _ ,  1.566e+04,  3.126e+03,  1.504e+04
  25,  1.072e-04, -2.143e-05,  2.603e+00,  0.000e+00, _ ,  1.461e+04,  2.915e+03,  1.403e+04
  26,  1.113e-04, -2.226e-05,  2.658e+00, -5.621e-17, _ ,  1.354e+04,  2.702e+03,  1.300e+04
  27,  1.154e-04, -2.308e-05,  2.710e+00,  0.000e+00, _ ,  1.247e+04,  2.487e+03,  1.198e+04
  28,  1.195e-04, -2.391e-05,  2.757e+00, -2.714e-17, _ ,  1.140e+04,  2.271e+03,  1.094e+04
  29,  1.237e-04, -2.473e-05,  2.800e+00, -7.992e-17, _ ,  1.032e+04,  2.055e+03,  9.907e+03
  30,  1.278e-04, -2.556e-05,  2.839e+00,  0.000e+00, _ ,  9.241e+03,  1.839e+03,  8.873e+03
  31,  1.319e-04, -2.638e-05,  2.873e+00, -2.563e-17, _ ,  8.167e+03,  1.624e+03,  7.842e+03
  32,  1.360e-04, -2.720e-05,  2.904e+00, -5.023e-17, _ ,  7.100e+03,  1.410e+03,  6.818e+03
  33,  1.401e-04, -2.803e-05,  2.930e+00, -7.378e-17, _ ,  6.040e+03,  1.198e+03,  5.801e+03
  34,  1.443e-04, -2.885e-05,  2.951e+00,  0.000e+00, _ ,  4.992e+03,  9.879e+02,  4.795e+03
  35,  1.484e-04, -2.968e-05,  2.969e+00, -2.354e-17, _ ,  3.958e+03,  7.806e+02,  3.802e+03
  36,  1.525e-04, -3.050e-05,  2.983e+00, -4.602e-17, _ ,  2.939e+03,  5.765e+02,  2.824e+03
  37,  1.566e-04, -3.133e-05,  2.992e+00, -6.743e-17, _ ,  1.938e+03,  3.759e+02,  1.863e+03
  38,  1.608e-04, -3.215e-05,  2.998e+00,  0.000e+00, _ ,  9.567e+02,  1.793e+02,  9.209e+02
  39,  1.649e-04, -3.297e-05,  3.000e+00,  0.000e+00, _ , -2.568e+00, -1.284e+01,  1.128e-11
Mat Instability: orientation 15.314658, dq 0.000000, q 2.534947, epsJump 0.000000,0.000000,0.000000,0.000000, prin eps 1 0.000000_0.000000,0.000000, 2 0.000000_0.000000,0.000000
C 0   956.75,   179.34,     0.00
C 1  3885.57, 19427.84,     0.00
C 2     0.00,     0.00,  7771.13
Mat Instability: orientation 17.520482, dq 0.000000, q -0.556865, epsJump 0.286858,-0.409441,-0.409441,-0.287103, prin eps 1 -0.500122_0.461540,-0.887119, 2 0.499878_0.887119,0.461540
C 0    -2.57,   -12.84,    -0.00
C 1  3790.82, 18954.08,     0.00
C 2     0.00,     0.00,  7581.63
Q 0    7.921,   25.111
Q 1   31.416,   89.529
n      0.954,    0.301
m      0.301,   -0.954
Mat Instability: orientation -15.314658, dq -0.000000, q 2.534947, epsJump 0.000000,0.000000,0.000000,0.000000, prin eps 1 0.000000_0.000000,0.000000, 2 0.000000_0.000000,0.000000
C 0   956.75,   179.34,     0.00
C 1  3885.57, 19427.84,     0.00
C 2     0.00,     0.00,  7771.13
Mat Instability: orientation -17.520482, dq -0.000000, q -0.556865, epsJump 0.286858,0.409441,0.409441,-0.287103, prin eps 1 -0.500122_-0.461540,-0.887119, 2 0.499878_0.887119,-0.461540
C 0    -2.57,   -12.84,    -0.00
C 1  3790.82, 18954.08,     0.00
C 2     0.00,     0.00,  7581.63
Q 0    7.921,  -25.111
Q 1  -31.416,   89.529
n      0.954,   -0.301
m      0.301,    0.954
Mat Instability: orientation -0.000000, dq 0.000000, q 2.861738, epsJump 0.000000,0.000000,0.000000,0.000000, prin eps 1 0.000000_0.000000,0.000000, 2 0.000000_0.000000,0.000000
C 0   956.75,   179.34,     0.00
C 1  3885.57, 19427.84,     0.00
C 2     0.00,     0.00,  7771.13
Mat Instability: orientation -0.000000, dq 0.000000, q -0.007493, epsJump 1.000000,-0.000000,-0.000000,0.000000, prin eps 1 -0.000000_-0.000000,-1.000000, 2 1.000000_-1.000000,0.000000
C 0    -2.57,   -12.84,    -0.00
C 1  3790.82, 18954.08,     0.00
C 2     0.00,     0.00,  7581.63
Q 0   -0.015,   -0.000
Q 1   -0.000,   87.545
n      1.000,   -0.000
m      1.000,   -0.000
  40,  1.690e-04, -3.380e-05,  2.998e+00, -4.174e-17, _ , -9.382e+02, -2.003e+02, -8.981e+02
  41,  1.731e-04, -3.462e-05,  2.993e+00, -4.067e-17, _ , -1.848e+03, -3.826e+02, -1.772e+03
  42,  1.772e-04, -3.545e-05,  2.984e+00, -7.922e-17, _ , -2.732e+03, -5.595e+02, -2.620e+03
  43,  1.814e-04, -3.627e-05,  2.971e+00, -1.927e-17, _ , -3.586e+03, -7.307e+02, -3.440e+03
  44,  1.855e-04, -3.710e-05,  2.955e+00, -1.874e-17, _ , -4.411e+03, -8.959e+02, -4.232e+03
  45,  1.896e-04, -3.792e-05,  2.936e+00, -5.466e-17, _ , -5.205e+03, -1.055e+03, -4.994e+03
  46,  1.937e-04, -3.874e-05,  2.914e+00,  3.539e-17, _ , -5.967e+03, -1.207e+03, -5.726e+03
  47,  1.978e-04, -3.957e-05,  2.889e+00,  0.000e+00, _ , -6.696e+03, -1.353e+03, -6.425e+03
  48,  2.020e-04, -4.039e-05,  2.861e+00, -3.333e-17, _ , -7.391e+03, -1.493e+03, -7.092e+03
  49,  2.061e-04, -4.122e-05,  2.831e+00, -3.232e-17, _ , -8.051e+03, -1.625e+03, -7.726e+03
  50,  2.102e-04, -4.204e-05,  2.798e+00, -6.263e-17, _ , -8.676e+03, -1.750e+03, -8.326e+03
  51,  2.143e-04, -4.287e-05,  2.762e+00, -6.064e-17, _ , -9.265e+03, -1.868e+03, -8.892e+03
  52,  2.185e-04, -4.369e-05,  2.724e+00, -8.803e-17, _ , -9.819e+03, -1.979e+03, -9.423e+03
  53,  2.226e-04, -4.452e-05,  2.684e+00,  2.838e-17, _ , -1.034e+04, -2.082e+03, -9.920e+03
  54,  2.267e-04, -4.534e-05,  2.643e+00,  2.743e-17, _ , -1.082e+04, -2.178e+03, -1.038e+04
  55,  2.308e-04, -4.616e-05,  2.599e+00,  0.000e+00, _ , -1.126e+04, -2.267e+03, -1.081e+04
  56,  2.349e-04, -4.699e-05,  2.554e+00,  0.000e+00, _ , -1.167e+04, -2.349e+03, -1.120e+04
  57,  2.391e-04, -4.781e-05,  2.507e+00, -2.467e-17, _ , -1.204e+04, -2.424e+03, -1.156e+04
  58,  2.432e-04, -4.864e-05,  2.458e+00, -4.757e-17, _ , -1.238e+04, -2.491e+03, -1.188e+04
  59,  2.473e-04, -4.946e-05,  2.409e+00, -4.583e-17, _ , -1.268e+04, -2.552e+03, -1.217e+04
  60,  2.514e-04, -5.029e-05,  2.358e+00, -6.620e-17, _ , -1.295e+04, -2.605e+03, -1.243e+04
  61,  2.556e-04, -5.111e-05,  2.306e+00, -6.370e-17, _ , -1.319e+04, -2.652e+03, -1.266e+04
  62,  2.597e-04, -5.193e-05,  2.254e+00, -8.168e-17, _ , -1.339e+04, -2.692e+03, -1.285e+04
  63,  2.638e-04, -5.276e-05,  2.200e+00,  0.000e+00, _ , -1.356e+04, -2.726e+03, -1.301e+04
  64,  2.679e-04, -5.358e-05,  2.146e+00,  0.000e+00, _ , -1.369e+04, -2.753e+03, -1.314e+04
  65,  2.720e-04, -5.441e-05,  2.092e+00, -1.809e-17, _ , -1.380e+04, -2.774e+03, -1.325e+04
  66,  2.762e-04, -5.523e-05,  2.037e+00, -1.736e-17, _ , -1.388e+04, -2.790e+03, -1.332e+04
  67,  2.803e-04, -5.606e-05,  1.982e+00, -3.328e-17, _ , -1.393e+04, -2.799e+03, -1.337e+04
  68,  2.844e-04, -5.688e-05,  1.927e+00, -4.783e-17, _ , -1.395e+04, -2.803e+03, -1.339e+04
  69,  2.885e-04, -5.771e-05,  1.872e+00, -4.580e-17, _ , -1.394e+04, -2.802e+03, -1.338e+04
  70,  2.926e-04, -5.853e-05,  1.817e+00, -5.843e-17, _ , -1.391e+04, -2.795e+03, -1.335e+04
  71,  2.968e-04, -5.935e-05,  1.762e+00,  0.000e+00, _ , -1.386e+04, -2.784e+03, -1.330e+04
  72,  3.009e-04, -6.018e-05,  1.707e+00,  0.000e+00, _ , -1.378e+04, -2.768e+03, -1.322e+04
  73,  3.050e-04, -6.100e-05,  1.653e+00, -1.275e-17, _ , -1.368e+04, -2.748e+03, -1.313e+04
  74,  3.091e-04, -6.183e-05,  1.599e+00, -2.434e-17, _ , -1.356e+04, -2.724e+03, -1.301e+04
  75,  3.133e-04, -6.265e-05,  1.546e+00, -1.161e-17, _ , -1.342e+04, -2.696e+03, -1.288e+04
  76,  3.174e-04, -6.348e-05,  1.493e+00, -2.214e-17, _ , -1.326e+04, -2.664e+03, -1.273e+04
  77,  3.215e-04, -6.430e-05,  1.441e+00, -3.163e-17, _ , -1.308e+04, -2.629e+03, -1.256e+04
  78,  3.256e-04, -6.512e-05,  1.389e+00, -4.016e-17, _ , -1.289e+04, -2.590e+03, -1.238e+04
  79,  3.297e-04, -6.595e-05,  1.339e+00,  0.000e+00, _ , -1.269e+04, -2.549e+03, -1.218e+04
  80,  3.339e-04, -6.677e-05,  1.289e+00,  0.000e+00, _ , -1.247e+04, -2.505e+03, -1.197e+04
  81,  3.380e-04, -6.760e-05,  1.240e+00,  0.000e+00, _ , -1.224e+04, -2.459e+03, -1.175e+04
  82,  3.421e-04, -6.842e-05,  1.192e+00, -8.199e-18, _ , -1.200e+04, -2.410e+03, -1.152e+04
  83,  3.462e-04, -6.925e-05,  1.145e+00, -1.556e-17, _ , -1.175e+04, -2.360e+03, -1.128e+04
  84,  3.504e-04, -7.007e-05,  1.099e+00, -2.215e-17, _ , -1.149e+04, -2.308e+03, -1.103e+04
  85,  3.545e-04, -7.090e-05,  1.054e+00, -1.400e-17, _ , -1.122e+04, -2.254e+03, -1.077e+04
  86,  3.586e-04, -7.172e-05,  1.010e+00, -1.989e-17, _ , -1.095e+04, -2.199e+03, -1.051e+04
  87,  3.627e-04, -7.254e-05,  9.676e-01, -2.511e-17, _ , -1.067e+04, -2.143e+03, -1.024e+04
  88,  3.668e-04, -7.337e-05,  9.259e-01,  0.000e+00, _ , -1.039e+04, -2.086e+03, -9.972e+03
  89,  3.710e-04, -7.419e-05,  8.854e-01, -5.616e-18, _ , -1.010e+04, -2.029e+03, -9.696e+03
  90,  3.751e-04, -7.502e-05,  8.460e-01,  0.000e+00, _ , -9.812e+03, -1.970e+03, -9.418e+03
  91,  3.792e-04, -7.584e-05,  8.078e-01, -5.012e-18, _ , -9.521e+03, -1.912e+03, -9.138e+03
  92,  3.833e-04, -7.667e-05,  7.707e-01, -9.461e-18, _ , -9.228e+03, -1.853e+03, -8.858e+03
  93,  3.874e-04, -7.749e-05,  7.348e-01,  8.924e-18, _ , -8.935e+03, -1.794e+03, -8.576e+03
  94,  3.916e-04, -7.831e-05,  7.000e-01, -1.682e-17, _ , -8.643e+03, -1.735e+03, -8.296e+03
  95,  3.957e-04, -7.914e-05,  6.664e-01,  7.925e-18, _ , -8.351e+03, -1.677e+03, -8.016e+03
  96,  3.998e-04, -7.996e-05,  6.339e-01, -1.492e-17, _ , -8.062e+03, -1.619e+03, -7.738e+03
  97,  4.039e-04, -8.079e-05,  6.026e-01,  0.000e+00, _ , -7.775e+03, -1.561e+03, -7.462e+03
  98,  4.081e-04, -8.161e-05,  5.724e-01, -1.980e-17, _ , -7.490e+03, -1.504e+03, -7.190e+03
  99,  4.122e-04, -8.244e-05,  5.433e-01, -6.203e-18, _ , -7.210e+03, -1.447e+03, -6.920e+03
 100,  4.163e-04, -8.326e-05,  5.153e-01,  5.825e-18, _ , -6.933e+03, -1.392e+03, -6.654e+03
 101,  4.204e-04, -8.408e-05,  4.884e-01, -5.467e-18, _ , -6.660e+03, -1.337e+03, -6.393e+03
 102,  4.245e-04, -8.491e-05,  4.626e-01,  5.128e-18, _ , -6.392e+03, -1.283e+03, -6.136e+03
 103,  4.287e-04, -8.573e-05,  4.379e-01, -9.613e-18, _ , -6.130e+03, -1.231e+03, -5.883e+03
 104,  4.328e-04, -8.656e-05,  4.141e-01,  0.000e+00, _ , -5.872e+03, -1.179e+03, -5.636e+03
 105,  4.369e-04, -8.738e-05,  3.914e-01, -8.431e-18, _ , -5.621e+03, -1.128e+03, -5.395e+03
 106,  4.410e-04, -8.821e-05,  3.696e-01,  0.000e+00, _ , -5.375e+03, -1.079e+03, -5.159e+03
 107,  4.452e-04, -8.903e-05,  3.488e-01, -1.106e-17, _ , -5.135e+03, -1.031e+03, -4.929e+03
 108,  4.493e-04, -8.986e-05,  3.290e-01, -3.446e-18, _ , -4.902e+03, -9.841e+02, -4.705e+03
 109,  4.534e-04, -9.068e-05,  3.100e-01,  3.218e-18, _ , -4.675e+03, -9.386e+02, -4.488e+03
 110,  4.575e-04, -9.150e-05,  2.920e-01, -3.003e-18, _ , -4.455e+03, -8.944e+02, -4.276e+03
 111,  4.616e-04, -9.233e-05,  2.748e-01,  0.000e+00, _ , -4.242e+03, -8.515e+02, -4.071e+03
 112,  4.658e-04, -9.315e-05,  2.584e-01, -5.222e-18, _ , -4.035e+03, -8.100e+02, -3.873e+03
 113,  4.699e-04, -9.398e-05,  2.428e-01,  0.000e+00, _ , -3.835e+03, -7.699e+02, -3.681e+03
 114,  4.740e-04, -9.480e-05,  2.281e-01, -6.792e-18, _ , -3.642e+03, -7.311e+02, -3.496e+03
 115,  4.781e-04, -9.563e-05,  2.140e-01,  0.000e+00, _ , -3.456e+03, -6.937e+02, -3.317e+03
 116,  4.823e-04, -9.645e-05,  2.007e-01, -5.875e-18, _ , -3.276e+03, -6.576e+02, -3.145e+03
 117,  4.864e-04, -9.727e-05,  1.881e-01, -1.820e-18, _ , -3.103e+03, -6.229e+02, -2.979e+03
 118,  4.905e-04, -9.810e-05,  1.761e-01,  0.000e+00, _ , -2.937e+03, -5.896e+02, -2.819e+03
 119,  4.946e-04, -9.892e-05,  1.648e-01, -3.137e-18, _ , -2.778e+03, -5.576e+02, -2.666e+03
 120,  4.987e-04, -9.975e-05,  1.542e-01,  0.000e+00, _ , -2.625e+03, -5.268e+02, -2.519e+03
 121,  5.029e-04, -1.006e-04,  1.441e-01, -4.044e-18, _ , -2.478e+03, -4.974e+02, -2.379e+03
 122,  5.070e-04, -1.014e-04,  1.345e-01, -1.249e-18, _ , -2.338e+03, -4.693e+02, -2.244e+03
 123,  5.111e-04, -1.022e-04,  1.256e-01, -4.624e-18, _ , -2.204e+03, -4.423e+02, -2.115e+03
 124,  5.152e-04, -1.030e-04,  1.171e-01, -1.069e-18, _ , -2.075e+03, -4.166e+02, -1.992e+03
 125,  5.193e-04, -1.039e-04,  1.091e-01,  0.000e+00, _ , -1.953e+03, -3.921e+02, -1.875e+03
 126,  5.235e-04, -1.047e-04,  1.016e-01, -1.827e-18, _ , -1.837e+03, -3.687e+02, -1.763e+03
 127,  5.276e-04, -1.055e-04,  9.459e-02,  0.000e+00, _ , -1.726e+03, -3.464e+02, -1.657e+03
 128,  5.317e-04, -1.063e-04,  8.797e-02, -2.336e-18, _ , -1.620e+03, -3.252e+02, -1.555e+03
 129,  5.358e-04, -1.072e-04,  8.176e-02,  0.000e+00, _ , -1.520e+03, -3.051e+02, -1.459e+03
 130,  5.400e-04, -1.080e-04,  7.593e-02, -1.985e-18, _ , -1.425e+03, -2.860e+02, -1.368e+03
 131,  5.441e-04, -1.088e-04,  7.048e-02, -6.096e-19, _ , -1.335e+03, -2.679e+02, -1.281e+03
 132,  5.482e-04, -1.096e-04,  6.537e-02, -2.244e-18, _ , -1.249e+03, -2.507e+02, -1.199e+03
 133,  5.523e-04, -1.105e-04,  6.059e-02, -1.032e-18, _ , -1.168e+03, -2.345e+02, -1.121e+03
 134,  5.564e-04, -1.113e-04,  5.612e-02,  0.000e+00, _ , -1.092e+03, -2.191e+02, -1.048e+03
 135,  5.606e-04, -1.121e-04,  5.194e-02, -8.721e-19, _ , -1.019e+03, -2.046e+02, -9.785e+02
 136,  5.647e-04, -1.129e-04,  4.805e-02,  0.000e+00, _ , -9.512e+02, -1.909e+02, -9.130e+02
 137,  5.688e-04, -1.138e-04,  4.441e-02, -1.102e-18, _ , -8.868e+02, -1.780e+02, -8.512e+02
 138,  5.729e-04, -1.146e-04,  4.102e-02, -3.369e-19, _ , -8.262e+02, -1.658e+02, -7.931e+02
 139,  5.771e-04, -1.154e-04,  3.787e-02, -9.264e-19, _ , -7.692e+02, -1.544e+02, -7.383e+02
 140,  5.812e-04, -1.162e-04,  3.493e-02, -2.829e-19, _ , -7.155e+02, -1.436e+02, -6.868e+02
 141,  5.853e-04, -1.171e-04,  3.220e-02, -1.036e-18, _ , -6.651e+02, -1.335e+02, -6.384e+02
 142,  5.894e-04, -1.179e-04,  2.967e-02, -4.737e-19, _ , -6.177e+02, -1.240e+02, -5.929e+02
 143,  5.935e-04, -1.187e-04,  2.731e-02,  0.000e+00, _ , -5.733e+02, -1.151e+02, -5.503e+02
 144,  5.977e-04, -1.195e-04,  2.513e-02, -3.957e-19, _ , -5.317e+02, -1.067e+02, -5.104e+02
 145,  6.018e-04, -1.204e-04,  2.310e-02,  0.000e+00, _ , -4.928e+02, -9.891e+01, -4.730e+02
 146,  6.059e-04, -1.212e-04,  2.122e-02, -4.945e-19, _ , -4.564e+02, -9.159e+01, -4.380e+02
 147,  6.100e-04, -1.220e-04,  1.949e-02, -1.503e-19, _ , -4.223e+02, -8.476e+01, -4.054e+02
 148,  6.141e-04, -1.228e-04,  1.788e-02, -5.480e-19, _ , -3.905e+02, -7.837e+01, -3.748e+02
 149,  6.183e-04, -1.237e-04,  1.639e-02, -1.248e-19, _ , -3.608e+02, -7.242e+01, -3.463e+02
 150,  6.224e-04, -1.245e-04,  1.502e-02,  0.000e+00, _ , -3.332e+02, -6.687e+01, -3.198e+02
 151,  6.265e-04, -1.253e-04,  1.375e-02, -2.066e-19, _ , -3.074e+02, -6.170e+01, -2.951e+02
 152,  6.306e-04, -1.261e-04,  1.259e-02,  0.000e+00, _ , -2.834e+02, -5.688e+01, -2.720e+02
 153,  6.348e-04, -1.270e-04,  1.151e-02, -2.560e-19, _ , -2.611e+02, -5.241e+01, -2.506e+02
 154,  6.389e-04, -1.278e-04,  1.052e-02,  0.000e+00, _ , -2.404e+02, -4.825e+01, -2.307e+02
 155,  6.430e-04, -1.286e-04,  9.606e-03, -2.812e-19, _ , -2.212e+02, -4.438e+01, -2.123e+02
 156,  6.471e-04, -1.294e-04,  8.766e-03, -6.375e-20, _ , -2.033e+02, -4.080e+01, -1.951e+02
 157,  6.512e-04, -1.302e-04,  7.995e-03,  5.777e-20, _ , -1.868e+02, -3.748e+01, -1.793e+02
 158,  6.554e-04, -1.311e-04,  7.287e-03, -1.046e-19, _ , -1.714e+02, -3.441e+01, -1.646e+02
 159,  6.595e-04, -1.319e-04,  6.637e-03, -1.894e-19, _ , -1.573e+02, -3.156e+01, -1.510e+02
 160,  6.636e-04, -1.327e-04,  6.041e-03, -1.285e-19, _ , -1.442e+02, -2.893e+01, -1.384e+02
 161,  6.677e-04, -1.335e-04,  5.495e-03,  0.000e+00, _ , -1.321e+02, -2.650e+01, -1.268e+02
 162,  6.719e-04, -1.344e-04,  4.995e-03, -6.997e-20, _ , -1.209e+02, -2.426e+01, -1.160e+02
 163,  6.760e-04, -1.352e-04,  4.537e-03, -3.159e-20, _ , -1.106e+02, -2.219e+01, -1.061e+02
 164,  6.801e-04, -1.360e-04,  4.119e-03, -8.550e-20, _ , -1.011e+02, -2.028e+01, -9.700e+01
 165,  6.842e-04, -1.368e-04,  3.737e-03, -5.140e-20, _ , -9.230e+01, -1.852e+01, -8.860e+01
 166,  6.883e-04, -1.377e-04,  3.388e-03, -9.264e-20, _ , -8.425e+01, -1.691e+01, -8.087e+01
 167,  6.925e-04, -1.385e-04,  3.069e-03, -2.086e-20, _ , -7.684e+01, -1.542e+01, -7.376e+01
 168,  6.966e-04, -1.393e-04,  2.779e-03,  0.000e+00, _ , -7.003e+01, -1.406e+01, -6.722e+01
 169,  7.007e-04, -1.401e-04,  2.514e-03, -3.377e-20, _ , -6.379e+01, -1.280e+01, -6.123e+01
 170,  7.048e-04, -1.410e-04,  2.274e-03, -1.518e-20, _ , -5.806e+01, -1.165e+01, -5.573e+01
 171,  7.090e-04, -1.418e-04,  2.054e-03, -4.091e-20, _ , -5.280e+01, -1.060e+01, -5.068e+01
 172,  7.131e-04, -1.426e-04,  1.855e-03,  0.000e+00, _ , -4.799e+01, -9.631e+00, -4.606e+01
 173,  7.172e-04, -1.434e-04,  1.674e-03, -4.394e-20, _ , -4.359e+01, -8.747e+00, -4.184e+01
 174,  7.213e-04, -1.443e-04,  1.510e-03, -9.850e-21, _ , -3.956e+01, -7.939e+00, -3.797e+01
 175,  7.254e-04, -1.451e-04,  1.361e-03,  0.000e+00, _ , -3.588e+01, -7.200e+00, -3.444e+01
 176,  7.296e-04, -1.459e-04,  1.225e-03, -1.581e-20, _ , -3.252e+01, -6.525e+00, -3.121e+01
 177,  7.337e-04, -1.467e-04,  1.103e-03,  0.000e+00, _ , -2.945e+01, -5.910e+00, -2.827e+01
 178,  7.378e-04, -1.476e-04,  9.921e-04, -1.898e-20, _ , -2.665e+01, -5.349e+00, -2.558e+01
 179,  7.419e-04, -1.484e-04,  8.918e-04,  0.000e+00, _ , -2.411e+01, -4.838e+00, -2.314e+01
 180,  7.460e-04, -1.492e-04,  8.011e-04, -2.021e-20, _ , -2.179e+01, -4.372e+00, -2.091e+01
 181,  7.502e-04, -1.500e-04,  7.191e-04, -4.511e-21, _ , -1.968e+01, -3.949e+00, -1.889e+01
 182,  7.543e-04, -1.509e-04,  6.451e-04,  4.025e-21, _ , -1.776e+01, -3.564e+00, -1.705e+01
 183,  7.584e-04, -1.517e-04,  5.783e-04, -7.177e-21, _ , -1.602e+01, -3.214e+00, -1.537e+01
 184,  7.625e-04, -1.525e-04,  5.182e-04,  0.000e+00, _ , -1.444e+01, -2.897e+00, -1.386e+01
 185,  7.667e-04, -1.533e-04,  4.639e-04,  5.695e-21, _ , -1.300e+01, -2.609e+00, -1.248e+01
 186,  7.708e-04, -1.542e-04,  4.151e-04,  0.000e+00, _ , -1.170e+01, -2.348e+00, -1.123e+01
 187,  7.749e-04, -1.550e-04,  3.712e-04, -4.508e-21, _ , -1.052e+01, -2.112e+00, -1.010e+01
 188,  7.790e-04, -1.558e-04,  3.317e-04, -1.202e-20, _ , -9.459e+00, -1.898e+00, -9.080e+00
 189,  7.831e-04, -1.566e-04,  2.962e-04,  3.560e-21, _ , -8.496e+00, -1.705e+00, -8.155e+00
 190,  7.873e-04, -1.575e-04,  2.643e-04, -3.160e-21, _ , -7.626e+00, -1.530e+00, -7.320e+00
 191,  7.914e-04, -1.583e-04,  2.357e-04, -5.607e-21, _ , -6.840e+00, -1.373e+00, -6.565e+00
 192,  7.955e-04, -1.591e-04,  2.101e-04,  2.486e-21, _ , -6.131e+00, -1.230e+00, -5.885e+00
 193,  7.996e-04, -1.599e-04,  1.871e-04,  0.000e+00, _ , -5.491e+00, -1.102e+00, -5.271e+00
 194,  8.038e-04, -1.608e-04,  1.666e-04, -1.950e-21, _ , -4.915e+00, -9.864e-01, -4.718e+00
 195,  8.079e-04, -1.616e-04,  1.482e-04, -5.178e-21, _ , -4.397e+00, -8.823e-01, -4.220e+00
 196,  8.120e-04, -1.624e-04,  1.317e-04,  1.527e-21, _ , -3.930e+00, -7.887e-01, -3.772e+00
 197,  8.161e-04, -1.632e-04,  1.170e-04,  0.000e+00, _ , -3.511e+00, -7.045e-01, -3.370e+00
 198,  8.202e-04, -1.640e-04,  1.039e-04, -2.384e-21, _ , -3.134e+00, -6.289e-01, -3.008e+00
 199,  8.244e-04, -1.649e-04,  9.216e-05,  1.052e-21, _ , -2.795e+00, -5.610e-01, -2.683e+00
finished
