  0.1000
    1   0.0000   0.0000   0.0000  0.0000e+00  0.0000e+00  3.8518e-01 -9.2877e-18
    2   0.1000   0.0000   0.0000 -2.6000e-05  0.0000e+00 -3.8518e-01 -4.6551e-18
    3   0.1000   0.1000   0.0000 -2.6000e-05  5.2000e-06 -3.8518e-01 -5.7342e-19
    4   0.0000   0.1000   0.0000  0.0000e+00  5.2000e-06  3.8518e-01  1.4516e-17
  0.2000
    1   0.0000   0.0000   0.0000  0.0000e+00  0.0000e+00  7.4215e-01  3.3581e-17
    2   0.1000   0.0000   0.0000 -5.2000e-05  0.0000e+00 -7.4215e-01  3.3581e-17
    3   0.1000   0.1000   0.0000 -5.2000e-05  1.0400e-05 -7.4215e-01 -3.3581e-17
    4   0.0000   0.1000   0.0000  0.0000e+00  1.0400e-05  7.4215e-01 -3.3581e-17
  0.3000
    1   0.0000   0.0000   0.0000  0.0000e+00  0.0000e+00  1.0461e+00  1.8810e-17
    2   0.1000   0.0000   0.0000 -7.8000e-05  0.0000e+00 -1.0461e+00  6.4351e-18
    3   0.1000   0.1000   0.0000 -7.8000e-05  1.5600e-05 -1.0461e+00 -2.5369e-17
    4   0.0000   0.1000   0.0000  0.0000e+00  1.5600e-05  1.0461e+00  1.2380e-19
  0.4000
    1   0.0000   0.0000   0.0000  0.0000e+00  0.0000e+00  1.2786e+00 -2.9039e-17
    2   0.1000   0.0000   0.0000 -1.0400e-04  0.0000e+00 -1.2786e+00 -4.0383e-17
    3   0.1000   0.1000   0.0000 -1.0400e-04  2.0800e-05 -1.2786e+00  2.3027e-17
    4   0.0000   0.1000   0.0000  0.0000e+00  2.0800e-05  1.2786e+00  4.6395e-17
  0.5000
    1   0.0000   0.0000   0.0000  0.0000e+00  0.0000e+00  1.4290e+00 -4.6656e-17
    2   0.1000   0.0000   0.0000 -1.3000e-04  0.0000e+00 -1.4290e+00 -5.6798e-17
    3   0.1000   0.1000   0.0000 -1.3000e-04  2.6000e-05 -1.4290e+00  4.1280e-17
    4   0.0000   0.1000   0.0000  0.0000e+00  2.6000e-05  1.4290e+00  6.2174e-17
  0.6000
    1   0.0000   0.0000   0.0000  0.0000e+00  0.0000e+00  1.0333e+00  0.0000e+00
    2   0.1000   0.0000   0.0000 -9.4000e-05  0.0000e+00 -1.0333e+00  0.0000e+00
    3   0.1000   0.1000   0.0000 -9.4000e-05  1.8800e-05 -1.0333e+00  0.0000e+00
    4   0.0000   0.1000   0.0000  0.0000e+00  1.8800e-05  1.0333e+00  0.0000e+00
  0.7000
    1   0.0000   0.0000   0.0000  0.0000e+00  0.0000e+00  6.3755e-01 -9.2229e-18
    2   0.1000   0.0000   0.0000 -5.8000e-05  0.0000e+00 -6.3755e-01 -2.1813e-17
    3   0.1000   0.1000   0.0000 -5.8000e-05  1.1600e-05 -6.3755e-01  4.7433e-18
    4   0.0000   0.1000   0.0000  0.0000e+00  1.1600e-05  6.3755e-01  2.6293e-17
  0.8000
    1   0.0000   0.0000   0.0000  0.0000e+00  0.0000e+00  2.4183e-01  2.3277e-17
    2   0.1000   0.0000   0.0000 -2.2000e-05  0.0000e+00 -2.4183e-01  2.3277e-17
    3   0.1000   0.1000   0.0000 -2.2000e-05  4.4000e-06 -2.4183e-01 -2.3277e-17
    4   0.0000   0.1000   0.0000  0.0000e+00  4.4000e-06  2.4183e-01 -2.3277e-17
  0.9000
    1   0.0000   0.0000   0.0000  0.0000e+00  0.0000e+00 -1.4644e-01  3.6915e-18
    2   0.1000   0.0000   0.0000  1.4000e-05  0.0000e+00  1.4644e-01  3.6915e-18
    3   0.1000   0.1000   0.0000  1.4000e-05 -2.8000e-06  1.4644e-01 -3.6915e-18
    4   0.0000   0.1000   0.0000  0.0000e+00 -2.8000e-06 -1.4644e-01 -3.6915e-18
  1.0000
    1   0.0000   0.0000   0.0000  0.0000e+00  0.0000e+00 -7.5502e-03  2.3840e-20
    2   0.1000   0.0000   0.0000  5.0000e-05  0.0000e+00  7.5502e-03  1.1828e-19
    3   0.1000   0.1000   0.0000  5.0000e-05 -1.0000e-05  7.5502e-03 -2.2487e-19
    4   0.0000   0.1000   0.0000  0.0000e+00 -1.0000e-05 -7.5502e-03  8.2749e-20
