   -0.00000130 -1.949939e-02   -0.00000130 -1.949939e-02  0       1
   -0.00000260 -3.899515e-02   -0.00000260 -3.899515e-02  0       2
   -0.00000390 -5.848364e-02   -0.00000390 -5.848364e-02  0       3
   -0.00000520 -7.796121e-02   -0.00000520 -7.796121e-02  0       4
   -0.00000650 -9.742426e-02   -0.00000650 -9.742426e-02  0       5
   -0.00000780 -1.168691e-01   -0.00000780 -1.168691e-01  0       6
   -0.00000910 -1.362922e-01   -0.00000910 -1.362922e-01  0       7
   -0.00001040 -1.556899e-01   -0.00001040 -1.556899e-01  0       8
   -0.00001170 -1.750587e-01   -0.00001170 -1.750587e-01  0       9
   -0.00001300 -1.943948e-01   -0.00001300 -1.943948e-01  0      10
   -0.00001430 -2.136947e-01   -0.00001430 -2.136947e-01  0      11
   -0.00001560 -2.329549e-01   -0.00001560 -2.329549e-01  0      12
   -0.00001690 -2.521717e-01   -0.00001690 -2.521717e-01  0      13
   -0.00001820 -2.713417e-01   -0.00001820 -2.713417e-01  0      14
   -0.00001950 -2.904613e-01   -0.00001950 -2.904613e-01  0      15
   -0.00002080 -3.095270e-01   -0.00002080 -3.095270e-01  0      16
   -0.00002210 -3.285352e-01   -0.00002210 -3.285352e-01  0      17
   -0.00002340 -3.474825e-01   -0.00002340 -3.474825e-01  0      18
   -0.00002470 -3.663655e-01   -0.00002470 -3.663655e-01  0      19
   -0.00002600 -3.851806e-01   -0.00002600 -3.851806e-01  0      20
   -0.00002730 -4.039245e-01   -0.00002730 -4.039245e-01  0      21
   -0.00002860 -4.225938e-01   -0.00002860 -4.225938e-01  0      22
   -0.00002990 -4.411850e-01   -0.00002990 -4.411850e-01  0      23
   -0.00003120 -4.596948e-01   -0.00003120 -4.596948e-01  0      24
   -0.00003250 -4.781200e-01   -0.00003250 -4.781200e-01  0      25
   -0.00003380 -4.964571e-01   -0.00003380 -4.964571e-01  0      26
   -0.00003510 -5.147029e-01   -0.00003510 -5.147029e-01  0      27
   -0.00003640 -5.328541e-01   -0.00003640 -5.328541e-01  0      28
   -0.00003770 -5.509076e-01   -0.00003770 -5.509076e-01  0      29
   -0.00003900 -5.688601e-01   -0.00003900 -5.688601e-01  0      30
   -0.00004030 -5.867086e-01   -0.00004030 -5.867086e-01  0      31
   -0.00004160 -6.044497e-01   -0.00004160 -6.044497e-01  0      32
   -0.00004290 -6.220805e-01   -0.00004290 -6.220805e-01  0      33
   -0.00004420 -6.395980e-01   -0.00004420 -6.395980e-01  0      34
   -0.00004550 -6.569989e-01   -0.00004550 -6.569989e-01  0      35
   -0.00004680 -6.742805e-01   -0.00004680 -6.742805e-01  0      36
   -0.00004810 -6.914397e-01   -0.00004810 -6.914397e-01  0      37
   -0.00004940 -7.084735e-01   -0.00004940 -7.084735e-01  0      38
   -0.00005070 -7.253792e-01   -0.00005070 -7.253792e-01  0      39
   -0.00005200 -7.421539e-01   -0.00005200 -7.421539e-01  0      40
   -0.00005330 -7.587947e-01   -0.00005330 -7.587947e-01  0      41
   -0.00005460 -7.752990e-01   -0.00005460 -7.752990e-01  0      42
   -0.00005590 -7.916639e-01   -0.00005590 -7.916639e-01  0      43
   -0.00005720 -8.078868e-01   -0.00005720 -8.078868e-01  0      44
   -0.00005850 -8.239651e-01   -0.00005850 -8.239651e-01  0      45
   -0.00005980 -8.398962e-01   -0.00005980 -8.398962e-01  0      46
   -0.00006110 -8.556775e-01   -0.00006110 -8.556775e-01  0      47
   -0.00006240 -8.713065e-01   -0.00006240 -8.713065e-01  0      48
   -0.00006370 -8.867807e-01   -0.00006370 -8.867807e-01  0      49
   -0.00006500 -9.020978e-01   -0.00006500 -9.020978e-01  0      50
   -0.00006630 -9.172554e-01   -0.00006630 -9.172554e-01  0      51
   -0.00006760 -9.322511e-01   -0.00006760 -9.322511e-01  0      52
   -0.00006890 -9.470826e-01   -0.00006890 -9.470826e-01  0      53
   -0.00007020 -9.617478e-01   -0.00007020 -9.617478e-01  0      54
   -0.00007150 -9.762445e-01   -0.00007150 -9.762445e-01  0      55
   -0.00007280 -9.905705e-01   -0.00007280 -9.905705e-01  0      56
   -0.00007410 -1.004724e+00   -0.00007410 -1.004724e+00  0      57
   -0.00007540 -1.018702e+00   -0.00007540 -1.018702e+00  0      58
   -0.00007670 -1.032504e+00   -0.00007670 -1.032504e+00  0      59
   -0.00007800 -1.046127e+00   -0.00007800 -1.046127e+00  0      60
   -0.00007930 -1.059570e+00   -0.00007930 -1.059570e+00  0      61
   -0.00008060 -1.072830e+00   -0.00008060 -1.072830e+00  0      62
   -0.00008190 -1.085906e+00   -0.00008190 -1.085906e+00  0      63
   -0.00008320 -1.098796e+00   -0.00008320 -1.098796e+00  0      64
   -0.00008450 -1.111498e+00   -0.00008450 -1.111498e+00  0      65
   -0.00008580 -1.124012e+00   -0.00008580 -1.124012e+00  0      66
   -0.00008710 -1.136334e+00   -0.00008710 -1.136334e+00  0      67
   -0.00008840 -1.148465e+00   -0.00008840 -1.148465e+00  0      68
   -0.00008970 -1.160402e+00   -0.00008970 -1.160402e+00  0      69
   -0.00009100 -1.172143e+00   -0.00009100 -1.172143e+00  0      70
   -0.00009230 -1.183689e+00   -0.00009230 -1.183689e+00  0      71
   -0.00009360 -1.195036e+00   -0.00009360 -1.195036e+00  0      72
   -0.00009490 -1.206185e+00   -0.00009490 -1.206185e+00  0      73
   -0.00009620 -1.217133e+00   -0.00009620 -1.217133e+00  0      74
   -0.00009750 -1.227881e+00   -0.00009750 -1.227881e+00  0      75
   -0.00009880 -1.238426e+00   -0.00009880 -1.238426e+00  0      76
   -0.00010010 -1.248767e+00   -0.00010010 -1.248767e+00  0      77
   -0.00010140 -1.258905e+00   -0.00010140 -1.258905e+00  0      78
   -0.00010270 -1.268837e+00   -0.00010270 -1.268837e+00  0      79
   -0.00010400 -1.278563e+00   -0.00010400 -1.278563e+00  0      80
   -0.00010530 -1.288082e+00   -0.00010530 -1.288082e+00  0      81
   -0.00010660 -1.297394e+00   -0.00010660 -1.297394e+00  0      82
   -0.00010790 -1.306497e+00   -0.00010790 -1.306497e+00  0      83
   -0.00010920 -1.315392e+00   -0.00010920 -1.315392e+00  0      84
   -0.00011050 -1.324077e+00   -0.00011050 -1.324077e+00  0      85
   -0.00011180 -1.332552e+00   -0.00011180 -1.332552e+00  0      86
   -0.00011310 -1.340817e+00   -0.00011310 -1.340817e+00  0      87
   -0.00011440 -1.348870e+00   -0.00011440 -1.348870e+00  0      88
   -0.00011570 -1.356713e+00   -0.00011570 -1.356713e+00  0      89
   -0.00011700 -1.364344e+00   -0.00011700 -1.364344e+00  0      90
   -0.00011830 -1.371763e+00   -0.00011830 -1.371763e+00  0      91
   -0.00011960 -1.378971e+00   -0.00011960 -1.378971e+00  0      92
   -0.00012090 -1.385966e+00   -0.00012090 -1.385966e+00  0      93
   -0.00012220 -1.392749e+00   -0.00012220 -1.392749e+00  0      94
   -0.00012350 -1.399320e+00   -0.00012350 -1.399320e+00  0      95
   -0.00012480 -1.405679e+00   -0.00012480 -1.405679e+00  0      96
   -0.00012610 -1.411826e+00   -0.00012610 -1.411826e+00  0      97
   -0.00012740 -1.417761e+00   -0.00012740 -1.417761e+00  0      98
   -0.00012870 -1.423483e+00   -0.00012870 -1.423483e+00  0      99
   -0.00013000 -1.428995e+00   -0.00013000 -1.428995e+00  0     100
   -0.00012820 -1.409209e+00   -0.00012820 -1.409209e+00  0     101
   -0.00012640 -1.389423e+00   -0.00012640 -1.389423e+00  0     102
   -0.00012460 -1.369637e+00   -0.00012460 -1.369637e+00  0     103
   -0.00012280 -1.349850e+00   -0.00012280 -1.349850e+00  0     104
   -0.00012100 -1.330064e+00   -0.00012100 -1.330064e+00  0     105
   -0.00011920 -1.310278e+00   -0.00011920 -1.310278e+00  0     106
   -0.00011740 -1.290492e+00   -0.00011740 -1.290492e+00  0     107
   -0.00011560 -1.270706e+00   -0.00011560 -1.270706e+00  0     108
   -0.00011380 -1.250920e+00   -0.00011380 -1.250920e+00  0     109
   -0.00011200 -1.231134e+00   -0.00011200 -1.231134e+00  0     110
   -0.00011020 -1.211348e+00   -0.00011020 -1.211348e+00  0     111
   -0.00010840 -1.191562e+00   -0.00010840 -1.191562e+00  0     112
   -0.00010660 -1.171776e+00   -0.00010660 -1.171776e+00  0     113
   -0.00010480 -1.151990e+00   -0.00010480 -1.151990e+00  0     114
   -0.00010300 -1.132204e+00   -0.00010300 -1.132204e+00  0     115
   -0.00010120 -1.112417e+00   -0.00010120 -1.112417e+00  0     116
   -0.00009940 -1.092631e+00   -0.00009940 -1.092631e+00  0     117
   -0.00009760 -1.072845e+00   -0.00009760 -1.072845e+00  0     118
   -0.00009580 -1.053059e+00   -0.00009580 -1.053059e+00  0     119
   -0.00009400 -1.033273e+00   -0.00009400 -1.033273e+00  0     120
   -0.00009220 -1.013487e+00   -0.00009220 -1.013487e+00  0     121
   -0.00009040 -9.937010e-01   -0.00009040 -9.937010e-01  0     122
   -0.00008860 -9.739149e-01   -0.00008860 -9.739149e-01  0     123
   -0.00008680 -9.541288e-01   -0.00008680 -9.541288e-01  0     124
   -0.00008500 -9.343427e-01   -0.00008500 -9.343427e-01  0     125
   -0.00008320 -9.145567e-01   -0.00008320 -9.145567e-01  0     126
   -0.00008140 -8.947706e-01   -0.00008140 -8.947706e-01  0     127
   -0.00007960 -8.749845e-01   -0.00007960 -8.749845e-01  0     128
   -0.00007780 -8.551984e-01   -0.00007780 -8.551984e-01  0     129
   -0.00007600 -8.354123e-01   -0.00007600 -8.354123e-01  0     130
   -0.00007420 -8.156263e-01   -0.00007420 -8.156263e-01  0     131
   -0.00007240 -7.958402e-01   -0.00007240 -7.958402e-01  0     132
   -0.00007060 -7.760541e-01   -0.00007060 -7.760541e-01  0     133
   -0.00006880 -7.562680e-01   -0.00006880 -7.562680e-01  0     134
   -0.00006700 -7.364819e-01   -0.00006700 -7.364819e-01  0     135
   -0.00006520 -7.166958e-01   -0.00006520 -7.166958e-01  0     136
   -0.00006340 -6.969098e-01   -0.00006340 -6.969098e-01  0     137
   -0.00006160 -6.771237e-01   -0.00006160 -6.771237e-01  0     138
   -0.00005980 -6.573376e-01   -0.00005980 -6.573376e-01  0     139
   -0.00005800 -6.375515e-01   -0.00005800 -6.375515e-01  0     140
   -0.00005620 -6.177654e-01   -0.00005620 -6.177654e-01  0     141
   -0.00005440 -5.979794e-01   -0.00005440 -5.979794e-01  0     142
   -0.00005260 -5.781933e-01   -0.00005260 -5.781933e-01  0     143
   -0.00005080 -5.584072e-01   -0.00005080 -5.584072e-01  0     144
   -0.00004900 -5.386211e-01   -0.00004900 -5.386211e-01  0     145
   -0.00004720 -5.188350e-01   -0.00004720 -5.188350e-01  0     146
   -0.00004540 -4.990489e-01   -0.00004540 -4.990489e-01  0     147
   -0.00004360 -4.792629e-01   -0.00004360 -4.792629e-01  0     148
   -0.00004180 -4.594768e-01   -0.00004180 -4.594768e-01  0     149
   -0.00004000 -4.396907e-01   -0.00004000 -4.396907e-01  0     150
   -0.00003820 -4.199046e-01   -0.00003820 -4.199046e-01  0     151
   -0.00003640 -4.001185e-01   -0.00003640 -4.001185e-01  0     152
   -0.00003460 -3.803325e-01   -0.00003460 -3.803325e-01  0     153
   -0.00003280 -3.605464e-01   -0.00003280 -3.605464e-01  0     154
   -0.00003100 -3.407603e-01   -0.00003100 -3.407603e-01  0     155
   -0.00002920 -3.209742e-01   -0.00002920 -3.209742e-01  0     156
   -0.00002740 -3.011881e-01   -0.00002740 -3.011881e-01  0     157
   -0.00002560 -2.814020e-01   -0.00002560 -2.814020e-01  0     158
   -0.00002380 -2.616160e-01   -0.00002380 -2.616160e-01  0     159
   -0.00002200 -2.418299e-01   -0.00002200 -2.418299e-01  0     160
   -0.00002020 -2.220438e-01   -0.00002020 -2.220438e-01  0     161
   -0.00001840 -2.022577e-01   -0.00001840 -2.022577e-01  0     162
   -0.00001660 -1.824716e-01   -0.00001660 -1.824716e-01  0     163
   -0.00001480 -1.626856e-01   -0.00001480 -1.626856e-01  0     164
   -0.00001300 -1.428995e-01   -0.00001300 -1.428995e-01  0     165
   -0.00001120 -1.231134e-01   -0.00001120 -1.231134e-01  0     166
   -0.00000940 -1.033273e-01   -0.00000940 -1.033273e-01  0     167
   -0.00000760 -8.354123e-02   -0.00000760 -8.354123e-02  0     168
   -0.00000580 -6.375515e-02   -0.00000580 -6.375515e-02  0     169
   -0.00000400 -4.396907e-02   -0.00000400 -4.396907e-02  0     170
   -0.00000220 -2.418299e-02   -0.00000220 -2.418299e-02  0     171
   -0.00000040 -4.396907e-03   -0.00000040 -4.396907e-03  0     172
    0.00000140  1.538917e-02    0.00000140  1.538917e-02  0     173
    0.00000320  3.517526e-02    0.00000320  3.517526e-02  0     174
    0.00000500  5.496134e-02    0.00000500  5.496134e-02  0     175
    0.00000680  7.474742e-02    0.00000680  7.474742e-02  0     176
    0.00000860  9.453350e-02    0.00000860  9.453350e-02  0     177
    0.00001040  1.143196e-01    0.00001040  1.143196e-01  0     178
    0.00001220  1.341057e-01    0.00001220  1.341057e-01  0     179
    0.00001400  1.464356e-01    0.00001400  1.464356e-01  0     180
    0.00001580  1.497359e-01    0.00001580  1.497359e-01  0     181
    0.00001760  1.493328e-01    0.00001760  1.493328e-01  0     182
    0.00001940  1.456269e-01    0.00001940  1.456269e-01  0     183
    0.00002120  1.391222e-01    0.00002120  1.391222e-01  0     184
    0.00002300  1.303865e-01    0.00002300  1.303865e-01  0     185
    0.00002480  1.200119e-01    0.00002480  1.200119e-01  0     186
    0.00002660  1.085789e-01    0.00002660  1.085789e-01  0     187
    0.00002840  9.662670e-02    0.00002840  9.662670e-02  0     188
    0.00003020  8.462996e-02    0.00003020  8.462996e-02  0     189
    0.00003200  7.298423e-02    0.00003200  7.298423e-02  0     190
    0.00003380  6.199849e-02    0.00003380  6.199849e-02  0     191
    0.00003560  5.189474e-02    0.00003560  5.189474e-02  0     192
    0.00003740  4.281317e-02    0.00003740  4.281317e-02  0     193
    0.00003920  3.482152e-02    0.00003920  3.482152e-02  0     194
    0.00004100  2.792704e-02    0.00004100  2.792704e-02  0     195
    0.00004280  2.208960e-02    0.00004280  2.208960e-02  0     196
    0.00004460  1.723477e-02    0.00004460  1.723477e-02  0     197
    0.00004640  1.326596e-02    0.00004640  1.326596e-02  0     198
    0.00004820  1.007491e-02    0.00004820  1.007491e-02  0     199
    0.00005000  7.550246e-03    0.00005000  7.550246e-03  0     200
