ConFem  ../DataExamples/E06/E6-02
symmetric system False, used LinAlg2 True, used ConFemMatC True, used CaeFemElemC True
ndofs 8, elems 1, active nodes 4, abs.size 0.04 MItems, rel.size 0.5625 (abs.size/(ndofs**2)
used element CP*4 [char. length, scaling type, scaling factor] span from el 1,0.100,-1,1.000 to el 1,0.100,-1,1.000
used material ISOD, spec. inertial mass 0.00e+00, type ISODAMAGE, fct 3.00, DStrength 0.3935, reg.type 0, spec.cr.en 4.95e-04, cr.bw 0.00
0 step starts, solution type NR
0   1 1.000 0.00000 iter 0 0.000000e+00 1.000000e+00    0.000000e+00
0   1 1.000 0.00500 iter 1 6.849310e-03 1.000000e+00    3.605551e-07
0   1 1.000 0.00500 iter 2 2.602085e-18 5.186177e+01    1.874887e-06
0   2 1.000 0.00500 iter 0 2.602085e-18 1.000000e+00    0.000000e+00
0   2 1.000 0.01000 iter 1 6.849884e-03 1.000000e+00    3.605551e-07
0   2 1.000 0.01000 iter 2 0.000000e+00 5.185000e+01    1.874887e-06
0   3 1.000 0.01000 iter 0 0.000000e+00 1.000000e+00    0.000000e+00
0   3 1.000 0.01500 iter 1 6.849246e-03 1.000000e+00    3.605551e-07
0   3 1.000 0.01500 iter 2 3.469447e-18 5.183784e+01    1.874887e-06
0   4 1.000 0.01500 iter 0 3.469447e-18 1.000000e+00    0.000000e+00
0   4 1.000 0.02000 iter 1 6.848181e-03 1.000000e+00    3.605551e-07
0   4 1.000 0.02000 iter 2 0.000000e+00 5.182027e+01    1.874887e-06
0   5 1.000 0.02000 iter 0 0.000000e+00 1.000000e+00    0.000000e+00
0   5 1.000 0.02500 iter 1 6.846691e-03 1.000000e+00    3.605551e-07
0   5 1.000 0.02500 iter 2 7.757919e-18 5.179730e+01    1.874887e-06
0   6 1.000 0.02500 iter 0 7.757919e-18 1.000000e+00    0.000000e+00
0   6 1.000 0.03000 iter 1 6.844776e-03 1.000000e+00    3.605551e-07
0   6 1.000 0.03000 iter 2 6.938894e-18 5.176892e+01    1.874887e-06
0   7 1.000 0.03000 iter 0 6.938894e-18 1.000000e+00    0.000000e+00
0   7 1.000 0.03500 iter 1 6.842436e-03 1.000000e+00    3.605551e-07
0   7 1.000 0.03500 iter 2 7.757919e-18 5.173514e+01    1.874887e-06
0   8 1.000 0.03500 iter 0 7.757919e-18 1.000000e+00    0.000000e+00
0   8 1.000 0.04000 iter 1 6.839671e-03 1.000000e+00    3.605551e-07
0   8 1.000 0.04000 iter 2 1.962616e-17 5.169595e+01    1.874887e-06
0   9 1.000 0.04000 iter 0 1.962616e-17 1.000000e+00    0.000000e+00
0   9 1.000 0.04500 iter 1 6.836483e-03 1.000000e+00    3.605551e-07
0   9 1.000 0.04500 iter 2 0.000000e+00 5.165136e+01    1.874887e-06
0  10 1.000 0.04500 iter 0 0.000000e+00 1.000000e+00    0.000000e+00
0  10 1.000 0.05000 iter 1 6.832871e-03 1.000000e+00    3.605551e-07
0  10 1.000 0.05000 iter 2 1.387779e-17 5.160137e+01    1.874887e-06
0  11 1.000 0.05000 iter 0 1.387779e-17 1.000000e+00    0.000000e+00
0  11 1.000 0.05500 iter 1 6.828836e-03 1.000000e+00    3.605551e-07
0  11 1.000 0.05500 iter 2 1.962616e-17 5.154598e+01    1.874887e-06
0  12 1.000 0.05500 iter 0 1.962616e-17 1.000000e+00    0.000000e+00
0  12 1.000 0.06000 iter 1 6.824380e-03 1.000000e+00    3.605551e-07
0  12 1.000 0.06000 iter 2 3.103168e-17 5.148519e+01    1.874887e-06
0  13 1.000 0.06000 iter 0 3.103168e-17 1.000000e+00    0.000000e+00
0  13 1.000 0.06500 iter 1 6.819502e-03 1.000000e+00    3.605551e-07
0  13 1.000 0.06500 iter 2 6.938894e-18 5.141900e+01    1.874887e-06
0  14 1.000 0.06500 iter 0 6.938894e-18 1.000000e+00    0.000000e+00
0  14 1.000 0.07000 iter 1 6.814205e-03 1.000000e+00    3.605551e-07
0  14 1.000 0.07000 iter 2 0.000000e+00 5.134741e+01    1.874887e-06
0  15 1.000 0.07000 iter 0 0.000000e+00 1.000000e+00    0.000000e+00
0  15 1.000 0.07500 iter 1 6.808488e-03 1.000000e+00    3.605551e-07
0  15 1.000 0.07500 iter 2 1.962616e-17 5.127042e+01    1.874887e-06
0  16 1.000 0.07500 iter 0 1.962616e-17 1.000000e+00    0.000000e+00
0  16 1.000 0.08000 iter 1 6.802353e-03 1.000000e+00    3.605551e-07
0  16 1.000 0.08000 iter 2 1.387779e-17 5.118802e+01    1.874887e-06
0  17 1.000 0.08000 iter 0 1.387779e-17 1.000000e+00    0.000000e+00
0  17 1.000 0.08500 iter 1 6.795801e-03 1.000000e+00    3.605551e-07
0  17 1.000 0.08500 iter 2 3.103168e-17 5.110023e+01    1.874887e-06
0  18 1.000 0.08500 iter 0 3.103168e-17 1.000000e+00    0.000000e+00
0  18 1.000 0.09000 iter 1 6.788833e-03 1.000000e+00    3.605551e-07
0  18 1.000 0.09000 iter 2 3.103168e-17 5.100705e+01    1.874887e-06
0  19 1.000 0.09000 iter 0 3.103168e-17 1.000000e+00    0.000000e+00
0  19 1.000 0.09500 iter 1 6.781451e-03 1.000000e+00    3.605551e-07
0  19 1.000 0.09500 iter 2 3.925231e-17 5.090846e+01    1.874887e-06
0  20 1.000 0.09500 iter 0 3.925231e-17 1.000000e+00    0.000000e+00
0  20 1.000 0.10000 iter 1 6.773655e-03 1.000000e+00    3.605551e-07
0  20 1.000 0.10000 iter 2 1.387779e-17 5.080448e+01    1.874887e-06
Element data written 0.100000
Nodal data written 0.100000
0  21 1.000 0.10000 iter 0 1.387779e-17 1.000000e+00    0.000000e+00
0  21 1.000 0.10500 iter 1 6.765448e-03 1.000000e+00    3.605551e-07
0  21 1.000 0.10500 iter 2 3.925231e-17 5.069510e+01    1.874887e-06
0  22 1.000 0.10500 iter 0 3.925231e-17 1.000000e+00    0.000000e+00
0  22 1.000 0.11000 iter 1 6.756831e-03 1.000000e+00    3.605551e-07
0  22 1.000 0.11000 iter 2 2.775558e-17 5.058032e+01    1.874887e-06
0  23 1.000 0.11000 iter 0 2.775558e-17 1.000000e+00    0.000000e+00
0  23 1.000 0.11500 iter 1 6.747805e-03 1.000000e+00    3.605551e-07
0  23 1.000 0.11500 iter 2 1.387779e-17 5.046015e+01    1.874887e-06
0  24 1.000 0.11500 iter 0 1.387779e-17 1.000000e+00    0.000000e+00
0  24 1.000 0.12000 iter 1 6.738373e-03 1.000000e+00    3.605551e-07
0  24 1.000 0.12000 iter 2 3.925231e-17 5.033459e+01    1.874887e-06
0  25 1.000 0.12000 iter 0 3.925231e-17 1.000000e+00    0.000000e+00
0  25 1.000 0.12500 iter 1 6.728535e-03 1.000000e+00    3.605551e-07
0  25 1.000 0.12500 iter 2 2.775558e-17 5.020363e+01    1.874887e-06
0  26 1.000 0.12500 iter 0 2.775558e-17 1.000000e+00    0.000000e+00
0  26 1.000 0.13000 iter 1 6.718294e-03 1.000000e+00    3.605551e-07
0  26 1.000 0.13000 iter 2 1.387779e-17 5.006727e+01    1.874887e-06
0  27 1.000 0.13000 iter 0 1.387779e-17 1.000000e+00    0.000000e+00
0  27 1.000 0.13500 iter 1 6.707651e-03 1.000000e+00    3.605551e-07
0  27 1.000 0.13500 iter 2 5.003708e-17 4.992552e+01    1.874887e-06
0  28 1.000 0.13500 iter 0 5.003708e-17 1.000000e+00    0.000000e+00
0  28 1.000 0.14000 iter 1 6.696609e-03 1.000000e+00    3.605551e-07
0  28 1.000 0.14000 iter 2 2.775558e-17 4.977838e+01    1.874887e-06
0  29 1.000 0.14000 iter 0 2.775558e-17 1.000000e+00    0.000000e+00
0  29 1.000 0.14500 iter 1 6.685170e-03 1.000000e+00    3.605551e-07
0  29 1.000 0.14500 iter 2 6.206335e-17 4.962585e+01    1.874887e-06
0  30 1.000 0.14500 iter 0 6.206335e-17 1.000000e+00    0.000000e+00
0  30 1.000 0.15000 iter 1 6.673335e-03 1.000000e+00    3.605551e-07
0  30 1.000 0.15000 iter 2 5.003708e-17 4.946792e+01    1.874887e-06
0  31 1.000 0.15000 iter 0 5.003708e-17 1.000000e+00    0.000000e+00
0  31 1.000 0.15500 iter 1 6.661107e-03 1.000000e+00    3.605551e-07
0  31 1.000 0.15500 iter 2 3.103168e-17 4.930460e+01    1.874887e-06
0  32 1.000 0.15500 iter 0 3.103168e-17 1.000000e+00    0.000000e+00
0  32 1.000 0.16000 iter 1 6.648488e-03 1.000000e+00    3.605551e-07
0  32 1.000 0.16000 iter 2 6.206335e-17 4.913589e+01    1.874887e-06
0  33 1.000 0.16000 iter 0 6.206335e-17 1.000000e+00    0.000000e+00
0  33 1.000 0.16500 iter 1 6.635480e-03 1.000000e+00    3.605551e-07
0  33 1.000 0.16500 iter 2 6.206335e-17 4.896179e+01    1.874887e-06
0  34 1.000 0.16500 iter 0 6.206335e-17 1.000000e+00    0.000000e+00
0  34 1.000 0.17000 iter 1 6.622086e-03 1.000000e+00    3.605551e-07
0  34 1.000 0.17000 iter 2 0.000000e+00 4.878230e+01    1.874887e-06
0  35 1.000 0.17000 iter 0 0.000000e+00 1.000000e+00    0.000000e+00
0  35 1.000 0.17500 iter 1 6.608308e-03 1.000000e+00    3.605551e-07
0  35 1.000 0.17500 iter 2 2.775558e-17 4.859742e+01    1.874887e-06
0  36 1.000 0.17500 iter 0 2.775558e-17 1.000000e+00    0.000000e+00
0  36 1.000 0.18000 iter 1 6.594149e-03 1.000000e+00    3.605551e-07
0  36 1.000 0.18000 iter 2 7.850462e-17 4.840715e+01    1.874887e-06
0  37 1.000 0.18000 iter 0 7.850462e-17 1.000000e+00    0.000000e+00
0  37 1.000 0.18500 iter 1 6.579611e-03 1.000000e+00    3.605551e-07
0  37 1.000 0.18500 iter 2 0.000000e+00 4.821149e+01    1.874887e-06
0  38 1.000 0.18500 iter 0 0.000000e+00 1.000000e+00    0.000000e+00
0  38 1.000 0.19000 iter 1 6.564697e-03 1.000000e+00    3.605551e-07
0  38 1.000 0.19000 iter 2 2.775558e-17 4.801044e+01    1.874887e-06
0  39 1.000 0.19000 iter 0 2.775558e-17 1.000000e+00    0.000000e+00
0  39 1.000 0.19500 iter 1 6.549410e-03 1.000000e+00    3.605551e-07
0  39 1.000 0.19500 iter 2 2.775558e-17 4.780401e+01    1.874887e-06
0  40 1.000 0.19500 iter 0 2.775558e-17 1.000000e+00    0.000000e+00
0  40 1.000 0.20000 iter 1 6.533752e-03 1.000000e+00    3.605551e-07
0  40 1.000 0.20000 iter 2 0.000000e+00 4.759218e+01    1.874887e-06
Element data written 0.200000
Nodal data written 0.200000
0  41 1.000 0.20000 iter 0 0.000000e+00 1.000000e+00    0.000000e+00
0  41 1.000 0.20500 iter 1 6.517726e-03 1.000000e+00    3.605551e-07
0  41 1.000 0.20500 iter 2 2.775558e-17 4.737497e+01    1.874887e-06
0  42 1.000 0.20500 iter 0 2.775558e-17 1.000000e+00    0.000000e+00
0  42 1.000 0.21000 iter 1 6.501335e-03 1.000000e+00    3.605551e-07
0  42 1.000 0.21000 iter 2 2.775558e-17 4.715238e+01    1.874887e-06
0  43 1.000 0.21000 iter 0 2.775558e-17 1.000000e+00    0.000000e+00
0  43 1.000 0.21500 iter 1 6.484583e-03 1.000000e+00    3.605551e-07
0  43 1.000 0.21500 iter 2 3.925231e-17 4.692439e+01    1.874887e-06
0  44 1.000 0.21500 iter 0 3.925231e-17 1.000000e+00    0.000000e+00
0  44 1.000 0.22000 iter 1 6.467471e-03 1.000000e+00    3.605551e-07
0  44 1.000 0.22000 iter 2 0.000000e+00 4.669103e+01    1.874887e-06
0  45 1.000 0.22000 iter 0 0.000000e+00 1.000000e+00    0.000000e+00
0  45 1.000 0.22500 iter 1 6.450004e-03 1.000000e+00    3.605551e-07
0  45 1.000 0.22500 iter 2 5.551115e-17 4.645227e+01    1.874887e-06
0  46 1.000 0.22500 iter 0 5.551115e-17 1.000000e+00    0.000000e+00
0  46 1.000 0.23000 iter 1 6.432184e-03 1.000000e+00    3.605551e-07
0  46 1.000 0.23000 iter 2 0.000000e+00 4.620813e+01    1.874887e-06
0  47 1.000 0.23000 iter 0 0.000000e+00 1.000000e+00    0.000000e+00
0  47 1.000 0.23500 iter 1 6.414014e-03 1.000000e+00    3.605551e-07
0  47 1.000 0.23500 iter 2 1.000742e-16 4.595861e+01    1.874887e-06
0  48 1.000 0.23500 iter 0 1.000742e-16 1.000000e+00    0.000000e+00
0  48 1.000 0.24000 iter 1 6.395498e-03 1.000000e+00    3.605551e-07
0  48 1.000 0.24000 iter 2 5.551115e-17 4.570370e+01    1.874887e-06
0  49 1.000 0.24000 iter 0 5.551115e-17 1.000000e+00    0.000000e+00
0  49 1.000 0.24500 iter 1 6.376639e-03 1.000000e+00    3.605551e-07
0  49 1.000 0.24500 iter 2 6.206335e-17 4.544341e+01    1.874887e-06
0  50 1.000 0.24500 iter 0 6.206335e-17 1.000000e+00    0.000000e+00
0  50 1.000 0.25000 iter 1 6.357440e-03 1.000000e+00    3.605551e-07
0  50 1.000 0.25000 iter 2 7.850462e-17 4.517774e+01    1.874887e-06
0  51 1.000 0.25000 iter 0 7.850462e-17 1.000000e+00    0.000000e+00
0  51 1.000 0.25500 iter 1 6.337905e-03 1.000000e+00    3.605551e-07
0  51 1.000 0.25500 iter 2 6.206335e-17 4.490668e+01    1.874887e-06
0  52 1.000 0.25500 iter 0 6.206335e-17 1.000000e+00    0.000000e+00
0  52 1.000 0.26000 iter 1 6.318038e-03 1.000000e+00    3.605551e-07
0  52 1.000 0.26000 iter 2 5.551115e-17 4.463025e+01    1.874887e-06
0  53 1.000 0.26000 iter 0 5.551115e-17 1.000000e+00    0.000000e+00
0  53 1.000 0.26500 iter 1 6.297841e-03 1.000000e+00    3.605551e-07
0  53 1.000 0.26500 iter 2 7.850462e-17 4.434843e+01    1.874887e-06
0  54 1.000 0.26500 iter 0 7.850462e-17 1.000000e+00    0.000000e+00
0  54 1.000 0.27000 iter 1 6.277318e-03 1.000000e+00    3.605551e-07
0  54 1.000 0.27000 iter 2 6.206335e-17 4.406123e+01    1.874887e-06
0  55 1.000 0.27000 iter 0 6.206335e-17 1.000000e+00    0.000000e+00
0  55 1.000 0.27500 iter 1 6.256473e-03 1.000000e+00    3.605551e-07
0  55 1.000 0.27500 iter 2 1.241267e-16 4.376865e+01    1.874887e-06
0  56 1.000 0.27500 iter 0 1.241267e-16 1.000000e+00    0.000000e+00
0  56 1.000 0.28000 iter 1 6.235310e-03 1.000000e+00    3.605551e-07
0  56 1.000 0.28000 iter 2 5.551115e-17 4.347069e+01    1.874887e-06
0  57 1.000 0.28000 iter 0 5.551115e-17 1.000000e+00    0.000000e+00
0  57 1.000 0.28500 iter 1 6.213832e-03 1.000000e+00    3.605551e-07
0  57 1.000 0.28500 iter 2 5.551115e-17 4.316735e+01    1.874887e-06
0  58 1.000 0.28500 iter 0 5.551115e-17 1.000000e+00    0.000000e+00
0  58 1.000 0.29000 iter 1 6.192043e-03 1.000000e+00    3.605551e-07
0  58 1.000 0.29000 iter 2 7.850462e-17 4.285863e+01    1.874887e-06
0  59 1.000 0.29000 iter 0 7.850462e-17 1.000000e+00    0.000000e+00
0  59 1.000 0.29500 iter 1 6.169947e-03 1.000000e+00    3.605551e-07
0  59 1.000 0.29500 iter 2 5.551115e-17 4.254453e+01    1.874887e-06
0  60 1.000 0.29500 iter 0 5.551115e-17 1.000000e+00    0.000000e+00
0  60 1.000 0.30000 iter 1 6.147547e-03 1.000000e+00    3.605551e-07
0  60 1.000 0.30000 iter 2 0.000000e+00 4.222505e+01    1.874887e-06
Element data written 0.300000
Nodal data written 0.300000
0  61 1.000 0.30000 iter 0 0.000000e+00 1.000000e+00    0.000000e+00
0  61 1.000 0.30500 iter 1 6.124848e-03 1.000000e+00    3.605551e-07
0  61 1.000 0.30500 iter 2 1.494683e-16 4.190019e+01    1.874887e-06
0  62 1.000 0.30500 iter 0 1.494683e-16 1.000000e+00    0.000000e+00
0  62 1.000 0.31000 iter 1 6.101853e-03 1.000000e+00    3.605551e-07
0  62 1.000 0.31000 iter 2 0.000000e+00 4.156996e+01    1.874887e-06
0  63 1.000 0.31000 iter 0 0.000000e+00 1.000000e+00    0.000000e+00
0  63 1.000 0.31500 iter 1 6.078567e-03 1.000000e+00    3.605551e-07
0  63 1.000 0.31500 iter 2 7.850462e-17 4.123435e+01    1.874887e-06
0  64 1.000 0.31500 iter 0 7.850462e-17 1.000000e+00    0.000000e+00
0  64 1.000 0.32000 iter 1 6.054993e-03 1.000000e+00    3.605551e-07
0  64 1.000 0.32000 iter 2 5.551115e-17 4.089336e+01    1.874887e-06
0  65 1.000 0.32000 iter 0 5.551115e-17 1.000000e+00    0.000000e+00
0  65 1.000 0.32500 iter 1 6.031136e-03 1.000000e+00    3.605551e-07
0  65 1.000 0.32500 iter 2 1.000742e-16 4.054700e+01    1.874887e-06
0  66 1.000 0.32500 iter 0 1.000742e-16 1.000000e+00    0.000000e+00
0  66 1.000 0.33000 iter 1 6.006999e-03 1.000000e+00    3.605551e-07
0  66 1.000 0.33000 iter 2 2.775558e-17 4.019526e+01    1.874887e-06
0  67 1.000 0.33000 iter 0 2.775558e-17 1.000000e+00    0.000000e+00
0  67 1.000 0.33500 iter 1 5.982587e-03 1.000000e+00    3.605551e-07
0  67 1.000 0.33500 iter 2 7.850462e-17 3.983815e+01    1.874887e-06
0  68 1.000 0.33500 iter 0 7.850462e-17 1.000000e+00    0.000000e+00
0  68 1.000 0.34000 iter 1 5.957904e-03 1.000000e+00    3.605551e-07
0  68 1.000 0.34000 iter 2 2.775558e-17 3.947566e+01    1.874887e-06
0  69 1.000 0.34000 iter 0 2.775558e-17 1.000000e+00    0.000000e+00
0  69 1.000 0.34500 iter 1 5.932953e-03 1.000000e+00    3.605551e-07
0  69 1.000 0.34500 iter 2 2.775558e-17 3.910780e+01    1.874887e-06
0  70 1.000 0.34500 iter 0 2.775558e-17 1.000000e+00    0.000000e+00
0  70 1.000 0.35000 iter 1 5.907740e-03 1.000000e+00    3.605551e-07
0  70 1.000 0.35000 iter 2 6.206335e-17 3.873456e+01    1.874887e-06
0  71 1.000 0.35000 iter 0 6.206335e-17 1.000000e+00    0.000000e+00
0  71 1.000 0.35500 iter 1 5.882268e-03 1.000000e+00    3.605551e-07
0  71 1.000 0.35500 iter 2 5.551115e-17 3.835595e+01    1.874887e-06
0  72 1.000 0.35500 iter 0 5.551115e-17 1.000000e+00    0.000000e+00
0  72 1.000 0.36000 iter 1 5.856542e-03 1.000000e+00    3.605551e-07
0  72 1.000 0.36000 iter 2 1.110223e-16 3.797196e+01    1.874887e-06
0  73 1.000 0.36000 iter 0 1.110223e-16 1.000000e+00    0.000000e+00
0  73 1.000 0.36500 iter 1 5.830566e-03 1.000000e+00    3.605551e-07
0  73 1.000 0.36500 iter 2 0.000000e+00 3.758261e+01    1.874887e-06
0  74 1.000 0.36500 iter 0 0.000000e+00 1.000000e+00    0.000000e+00
0  74 1.000 0.37000 iter 1 5.804344e-03 1.000000e+00    3.605551e-07
0  74 1.000 0.37000 iter 2 0.000000e+00 3.718788e+01    1.874887e-06
0  75 1.000 0.37000 iter 0 0.000000e+00 1.000000e+00    0.000000e+00
0  75 1.000 0.37500 iter 1 5.777881e-03 1.000000e+00    3.605551e-07
0  75 1.000 0.37500 iter 2 0.000000e+00 3.678777e+01    1.874887e-06
0  76 1.000 0.37500 iter 0 0.000000e+00 1.000000e+00    0.000000e+00
0  76 1.000 0.38000 iter 1 5.751181e-03 1.000000e+00    3.605551e-07
0  76 1.000 0.38000 iter 2 0.000000e+00 3.638230e+01    1.874887e-06
0  77 1.000 0.38000 iter 0 0.000000e+00 1.000000e+00    0.000000e+00
0  77 1.000 0.38500 iter 1 5.724248e-03 1.000000e+00    3.605551e-07
0  77 1.000 0.38500 iter 2 5.551115e-17 3.597146e+01    1.874887e-06
0  78 1.000 0.38500 iter 0 5.551115e-17 1.000000e+00    0.000000e+00
0  78 1.000 0.39000 iter 1 5.697088e-03 1.000000e+00    3.605551e-07
0  78 1.000 0.39000 iter 2 5.551115e-17 3.555524e+01    1.874887e-06
0  79 1.000 0.39000 iter 0 5.551115e-17 1.000000e+00    0.000000e+00
0  79 1.000 0.39500 iter 1 5.669703e-03 1.000000e+00    3.605551e-07
0  79 1.000 0.39500 iter 2 0.000000e+00 3.513365e+01    1.874887e-06
0  80 1.000 0.39500 iter 0 0.000000e+00 1.000000e+00    0.000000e+00
0  80 1.000 0.40000 iter 1 5.642100e-03 1.000000e+00    3.605551e-07
0  80 1.000 0.40000 iter 2 7.850462e-17 3.470670e+01    1.874887e-06
Element data written 0.400000
Nodal data written 0.400000
0  81 1.000 0.40000 iter 0 7.850462e-17 1.000000e+00    0.000000e+00
0  81 1.000 0.40500 iter 1 5.614282e-03 1.000000e+00    3.605551e-07
0  81 1.000 0.40500 iter 2 7.850462e-17 3.427437e+01    1.874887e-06
0  82 1.000 0.40500 iter 0 7.850462e-17 1.000000e+00    0.000000e+00
0  82 1.000 0.41000 iter 1 5.586254e-03 1.000000e+00    3.605551e-07
0  82 1.000 0.41000 iter 2 5.551115e-17 3.383668e+01    1.874887e-06
0  83 1.000 0.41000 iter 0 5.551115e-17 1.000000e+00    0.000000e+00
0  83 1.000 0.41500 iter 1 5.558020e-03 1.000000e+00    3.605551e-07
0  83 1.000 0.41500 iter 2 1.241267e-16 3.339362e+01    1.874887e-06
0  84 1.000 0.41500 iter 0 1.241267e-16 1.000000e+00    0.000000e+00
0  84 1.000 0.42000 iter 1 5.529585e-03 1.000000e+00    3.605551e-07
0  84 1.000 0.42000 iter 2 7.850462e-17 3.294518e+01    1.874887e-06
0  85 1.000 0.42000 iter 0 7.850462e-17 1.000000e+00    0.000000e+00
0  85 1.000 0.42500 iter 1 5.500953e-03 1.000000e+00    3.605551e-07
0  85 1.000 0.42500 iter 2 0.000000e+00 3.249138e+01    1.874887e-06
0  86 1.000 0.42500 iter 0 0.000000e+00 1.000000e+00    0.000000e+00
0  86 1.000 0.43000 iter 1 5.472130e-03 1.000000e+00    3.605551e-07
0  86 1.000 0.43000 iter 2 0.000000e+00 3.203222e+01    1.874887e-06
0  87 1.000 0.43000 iter 0 0.000000e+00 1.000000e+00    0.000000e+00
0  87 1.000 0.43500 iter 1 5.443119e-03 1.000000e+00    3.605551e-07
0  87 1.000 0.43500 iter 2 5.551115e-17 3.156768e+01    1.874887e-06
0  88 1.000 0.43500 iter 0 5.551115e-17 1.000000e+00    0.000000e+00
0  88 1.000 0.44000 iter 1 5.413925e-03 1.000000e+00    3.605551e-07
0  88 1.000 0.44000 iter 2 0.000000e+00 3.109778e+01    1.874887e-06
0  89 1.000 0.44000 iter 0 0.000000e+00 1.000000e+00    0.000000e+00
0  89 1.000 0.44500 iter 1 5.384553e-03 1.000000e+00    3.605551e-07
0  89 1.000 0.44500 iter 2 0.000000e+00 3.062251e+01    1.874887e-06
0  90 1.000 0.44500 iter 0 0.000000e+00 1.000000e+00    0.000000e+00
0  90 1.000 0.45000 iter 1 5.355008e-03 1.000000e+00    3.605551e-07
0  90 1.000 0.45000 iter 2 1.110223e-16 3.014188e+01    1.874887e-06
0  91 1.000 0.45000 iter 0 1.110223e-16 1.000000e+00    0.000000e+00
0  91 1.000 0.45500 iter 1 5.325293e-03 1.000000e+00    3.605551e-07
0  91 1.000 0.45500 iter 2 0.000000e+00 2.965588e+01    1.874887e-06
0  92 1.000 0.45500 iter 0 0.000000e+00 1.000000e+00    0.000000e+00
0  92 1.000 0.46000 iter 1 5.295415e-03 1.000000e+00    3.605551e-07
0  92 1.000 0.46000 iter 2 0.000000e+00 2.916451e+01    1.874887e-06
0  93 1.000 0.46000 iter 0 0.000000e+00 1.000000e+00    0.000000e+00
0  93 1.000 0.46500 iter 1 5.265376e-03 1.000000e+00    3.605551e-07
0  93 1.000 0.46500 iter 2 1.110223e-16 2.866778e+01    1.874887e-06
0  94 1.000 0.46500 iter 0 1.110223e-16 1.000000e+00    0.000000e+00
0  94 1.000 0.47000 iter 1 5.235182e-03 1.000000e+00    3.605551e-07
0  94 1.000 0.47000 iter 2 1.570092e-16 2.816569e+01    1.874887e-06
0  95 1.000 0.47000 iter 0 1.570092e-16 1.000000e+00    0.000000e+00
0  95 1.000 0.47500 iter 1 5.204838e-03 1.000000e+00    3.605551e-07
0  95 1.000 0.47500 iter 2 5.551115e-17 2.765823e+01    1.874887e-06
0  96 1.000 0.47500 iter 0 5.551115e-17 1.000000e+00    0.000000e+00
0  96 1.000 0.48000 iter 1 5.174348e-03 1.000000e+00    3.605551e-07
0  96 1.000 0.48000 iter 2 7.850462e-17 2.714540e+01    1.874887e-06
0  97 1.000 0.48000 iter 0 7.850462e-17 1.000000e+00    0.000000e+00
0  97 1.000 0.48500 iter 1 5.143717e-03 1.000000e+00    3.605551e-07
0  97 1.000 0.48500 iter 2 2.001483e-16 2.662721e+01    1.874887e-06
0  98 1.000 0.48500 iter 0 2.001483e-16 1.000000e+00    0.000000e+00
0  98 1.000 0.49000 iter 1 5.112950e-03 1.000000e+00    3.605551e-07
0  98 1.000 0.49000 iter 2 1.241267e-16 2.610366e+01    1.874887e-06
0  99 1.000 0.49000 iter 0 1.241267e-16 1.000000e+00    0.000000e+00
0  99 1.000 0.49500 iter 1 5.082050e-03 1.000000e+00    3.605551e-07
0  99 1.000 0.49500 iter 2 7.850462e-17 2.557475e+01    1.874887e-06
0 100 1.000 0.49500 iter 0 7.850462e-17 1.000000e+00    0.000000e+00
0 100 1.000 0.50000 iter 1 5.051023e-03 1.000000e+00    3.605551e-07
0 100 1.000 0.50000 iter 2 1.241267e-16 2.504047e+01    1.874887e-06
Element data written 0.500000
Nodal data written 0.500000
0 101 1.000 0.50000 iter 0 1.241267e-16 1.000000e+00    0.000000e+00
0 101 1.000 0.50500 iter 1 5.019874e-03 1.000000e+00    3.605551e-07
0 101 1.000 0.50500 iter 2 0.000000e+00 3.053466e+01    2.595997e-06
0 102 1.000 0.50500 iter 0 0.000000e+00 1.000000e+00    0.000000e+00
0 102 1.000 0.51000 iter 1 5.019874e-03 1.000000e+00    3.605551e-07
0 102 1.000 0.51000 iter 2 5.551115e-17 3.053466e+01    2.595997e-06
0 103 1.000 0.51000 iter 0 5.551115e-17 1.000000e+00    0.000000e+00
0 103 1.000 0.51500 iter 1 5.019874e-03 1.000000e+00    3.605551e-07
0 103 1.000 0.51500 iter 2 1.570092e-16 3.053466e+01    2.595997e-06
0 104 1.000 0.51500 iter 0 1.570092e-16 1.000000e+00    0.000000e+00
0 104 1.000 0.52000 iter 1 5.019874e-03 1.000000e+00    3.605551e-07
0 104 1.000 0.52000 iter 2 1.570092e-16 3.053466e+01    2.595997e-06
0 105 1.000 0.52000 iter 0 1.570092e-16 1.000000e+00    0.000000e+00
0 105 1.000 0.52500 iter 1 5.019874e-03 1.000000e+00    3.605551e-07
0 105 1.000 0.52500 iter 2 0.000000e+00 3.053466e+01    2.595997e-06
0 106 1.000 0.52500 iter 0 0.000000e+00 1.000000e+00    0.000000e+00
0 106 1.000 0.53000 iter 1 5.019874e-03 1.000000e+00    3.605551e-07
0 106 1.000 0.53000 iter 2 0.000000e+00 3.053466e+01    2.595997e-06
0 107 1.000 0.53000 iter 0 0.000000e+00 1.000000e+00    0.000000e+00
0 107 1.000 0.53500 iter 1 5.019874e-03 1.000000e+00    3.605551e-07
0 107 1.000 0.53500 iter 2 5.551115e-17 3.053466e+01    2.595997e-06
0 108 1.000 0.53500 iter 0 5.551115e-17 1.000000e+00    0.000000e+00
0 108 1.000 0.54000 iter 1 5.019874e-03 1.000000e+00    3.605551e-07
0 108 1.000 0.54000 iter 2 7.850462e-17 3.053466e+01    2.595997e-06
0 109 1.000 0.54000 iter 0 7.850462e-17 1.000000e+00    0.000000e+00
0 109 1.000 0.54500 iter 1 5.019874e-03 1.000000e+00    3.605551e-07
0 109 1.000 0.54500 iter 2 1.570092e-16 3.053466e+01    2.595997e-06
0 110 1.000 0.54500 iter 0 1.570092e-16 1.000000e+00    0.000000e+00
0 110 1.000 0.55000 iter 1 5.019874e-03 1.000000e+00    3.605551e-07
0 110 1.000 0.55000 iter 2 1.241267e-16 3.053466e+01    2.595997e-06
0 111 1.000 0.55000 iter 0 1.241267e-16 1.000000e+00    0.000000e+00
0 111 1.000 0.55500 iter 1 5.019874e-03 1.000000e+00    3.605551e-07
0 111 1.000 0.55500 iter 2 5.551115e-17 3.053466e+01    2.595997e-06
0 112 1.000 0.55500 iter 0 5.551115e-17 1.000000e+00    0.000000e+00
0 112 1.000 0.56000 iter 1 5.019874e-03 1.000000e+00    3.605551e-07
0 112 1.000 0.56000 iter 2 6.206335e-17 3.053466e+01    2.595997e-06
0 113 1.000 0.56000 iter 0 6.206335e-17 1.000000e+00    0.000000e+00
0 113 1.000 0.56500 iter 1 5.019874e-03 1.000000e+00    3.605551e-07
0 113 1.000 0.56500 iter 2 0.000000e+00 3.053466e+01    2.595997e-06
0 114 1.000 0.56500 iter 0 0.000000e+00 1.000000e+00    0.000000e+00
0 114 1.000 0.57000 iter 1 5.019874e-03 1.000000e+00    3.605551e-07
0 114 1.000 0.57000 iter 2 1.000742e-16 3.053466e+01    2.595997e-06
0 115 1.000 0.57000 iter 0 1.000742e-16 1.000000e+00    0.000000e+00
0 115 1.000 0.57500 iter 1 5.019874e-03 1.000000e+00    3.605551e-07
0 115 1.000 0.57500 iter 2 0.000000e+00 3.053466e+01    2.595997e-06
0 116 1.000 0.57500 iter 0 0.000000e+00 1.000000e+00    0.000000e+00
0 116 1.000 0.58000 iter 1 5.019874e-03 1.000000e+00    3.605551e-07
0 116 1.000 0.58000 iter 2 0.000000e+00 3.053466e+01    2.595997e-06
0 117 1.000 0.58000 iter 0 0.000000e+00 1.000000e+00    0.000000e+00
0 117 1.000 0.58500 iter 1 5.019874e-03 1.000000e+00    3.605551e-07
0 117 1.000 0.58500 iter 2 6.206335e-17 3.053466e+01    2.595997e-06
0 118 1.000 0.58500 iter 0 6.206335e-17 1.000000e+00    0.000000e+00
0 118 1.000 0.59000 iter 1 5.019874e-03 1.000000e+00    3.605551e-07
0 118 1.000 0.59000 iter 2 0.000000e+00 3.053466e+01    2.595997e-06
0 119 1.000 0.59000 iter 0 0.000000e+00 1.000000e+00    0.000000e+00
0 119 1.000 0.59500 iter 1 5.019874e-03 1.000000e+00    3.605551e-07
0 119 1.000 0.59500 iter 2 6.206335e-17 3.053466e+01    2.595997e-06
0 120 1.000 0.59500 iter 0 6.206335e-17 1.000000e+00    0.000000e+00
0 120 1.000 0.60000 iter 1 5.019874e-03 1.000000e+00    3.605551e-07
0 120 1.000 0.60000 iter 2 0.000000e+00 3.053466e+01    2.595997e-06
Element data written 0.600000
Nodal data written 0.600000
0 121 1.000 0.60000 iter 0 0.000000e+00 1.000000e+00    0.000000e+00
0 121 1.000 0.60500 iter 1 5.019874e-03 1.000000e+00    3.605551e-07
0 121 1.000 0.60500 iter 2 7.850462e-17 3.053466e+01    2.595997e-06
0 122 1.000 0.60500 iter 0 7.850462e-17 1.000000e+00    0.000000e+00
0 122 1.000 0.61000 iter 1 5.019874e-03 1.000000e+00    3.605551e-07
0 122 1.000 0.61000 iter 2 7.850462e-17 3.053466e+01    2.595997e-06
0 123 1.000 0.61000 iter 0 7.850462e-17 1.000000e+00    0.000000e+00
0 123 1.000 0.61500 iter 1 5.019874e-03 1.000000e+00    3.605551e-07
0 123 1.000 0.61500 iter 2 7.850462e-17 3.053466e+01    2.595997e-06
0 124 1.000 0.61500 iter 0 7.850462e-17 1.000000e+00    0.000000e+00
0 124 1.000 0.62000 iter 1 5.019874e-03 1.000000e+00    3.605551e-07
0 124 1.000 0.62000 iter 2 2.775558e-17 3.053466e+01    2.595997e-06
0 125 1.000 0.62000 iter 0 2.775558e-17 1.000000e+00    0.000000e+00
0 125 1.000 0.62500 iter 1 5.019874e-03 1.000000e+00    3.605551e-07
0 125 1.000 0.62500 iter 2 0.000000e+00 3.053466e+01    2.595997e-06
0 126 1.000 0.62500 iter 0 0.000000e+00 1.000000e+00    0.000000e+00
0 126 1.000 0.63000 iter 1 5.019874e-03 1.000000e+00    3.605551e-07
0 126 1.000 0.63000 iter 2 6.206335e-17 3.053466e+01    2.595997e-06
0 127 1.000 0.63000 iter 0 6.206335e-17 1.000000e+00    0.000000e+00
0 127 1.000 0.63500 iter 1 5.019874e-03 1.000000e+00    3.605551e-07
0 127 1.000 0.63500 iter 2 5.551115e-17 3.053466e+01    2.595997e-06
0 128 1.000 0.63500 iter 0 5.551115e-17 1.000000e+00    0.000000e+00
0 128 1.000 0.64000 iter 1 5.019874e-03 1.000000e+00    3.605551e-07
0 128 1.000 0.64000 iter 2 5.551115e-17 3.053466e+01    2.595997e-06
0 129 1.000 0.64000 iter 0 5.551115e-17 1.000000e+00    0.000000e+00
0 129 1.000 0.64500 iter 1 5.019874e-03 1.000000e+00    3.605551e-07
0 129 1.000 0.64500 iter 2 0.000000e+00 3.053466e+01    2.595997e-06
0 130 1.000 0.64500 iter 0 0.000000e+00 1.000000e+00    0.000000e+00
0 130 1.000 0.65000 iter 1 5.019874e-03 1.000000e+00    3.605551e-07
0 130 1.000 0.65000 iter 2 1.000742e-16 3.053466e+01    2.595997e-06
0 131 1.000 0.65000 iter 0 1.000742e-16 1.000000e+00    0.000000e+00
0 131 1.000 0.65500 iter 1 5.019874e-03 1.000000e+00    3.605551e-07
0 131 1.000 0.65500 iter 2 7.850462e-17 3.053466e+01    2.595997e-06
0 132 1.000 0.65500 iter 0 7.850462e-17 1.000000e+00    0.000000e+00
0 132 1.000 0.66000 iter 1 5.019874e-03 1.000000e+00    3.605551e-07
0 132 1.000 0.66000 iter 2 6.206335e-17 3.053466e+01    2.595997e-06
0 133 1.000 0.66000 iter 0 6.206335e-17 1.000000e+00    0.000000e+00
0 133 1.000 0.66500 iter 1 5.019874e-03 1.000000e+00    3.605551e-07
0 133 1.000 0.66500 iter 2 6.206335e-17 3.053466e+01    2.595997e-06
0 134 1.000 0.66500 iter 0 6.206335e-17 1.000000e+00    0.000000e+00
0 134 1.000 0.67000 iter 1 5.019874e-03 1.000000e+00    3.605551e-07
0 134 1.000 0.67000 iter 2 5.551115e-17 3.053466e+01    2.595997e-06
0 135 1.000 0.67000 iter 0 5.551115e-17 1.000000e+00    0.000000e+00
0 135 1.000 0.67500 iter 1 5.019874e-03 1.000000e+00    3.605551e-07
0 135 1.000 0.67500 iter 2 0.000000e+00 3.053466e+01    2.595997e-06
0 136 1.000 0.67500 iter 0 0.000000e+00 1.000000e+00    0.000000e+00
0 136 1.000 0.68000 iter 1 5.019874e-03 1.000000e+00    3.605551e-07
0 136 1.000 0.68000 iter 2 6.206335e-17 3.053466e+01    2.595997e-06
0 137 1.000 0.68000 iter 0 6.206335e-17 1.000000e+00    0.000000e+00
0 137 1.000 0.68500 iter 1 5.019874e-03 1.000000e+00    3.605551e-07
0 137 1.000 0.68500 iter 2 6.206335e-17 3.053466e+01    2.595997e-06
0 138 1.000 0.68500 iter 0 6.206335e-17 1.000000e+00    0.000000e+00
0 138 1.000 0.69000 iter 1 5.019874e-03 1.000000e+00    3.605551e-07
0 138 1.000 0.69000 iter 2 2.775558e-17 3.053466e+01    2.595997e-06
0 139 1.000 0.69000 iter 0 2.775558e-17 1.000000e+00    0.000000e+00
0 139 1.000 0.69500 iter 1 5.019874e-03 1.000000e+00    3.605551e-07
0 139 1.000 0.69500 iter 2 6.206335e-17 3.053466e+01    2.595997e-06
0 140 1.000 0.69500 iter 0 6.206335e-17 1.000000e+00    0.000000e+00
0 140 1.000 0.70000 iter 1 5.019874e-03 1.000000e+00    3.605551e-07
0 140 1.000 0.70000 iter 2 5.551115e-17 3.053466e+01    2.595997e-06
Element data written 0.700000
Nodal data written 0.700000
0 141 1.000 0.70000 iter 0 5.551115e-17 1.000000e+00    0.000000e+00
0 141 1.000 0.70500 iter 1 5.019874e-03 1.000000e+00    3.605551e-07
0 141 1.000 0.70500 iter 2 7.850462e-17 3.053466e+01    2.595997e-06
0 142 1.000 0.70500 iter 0 7.850462e-17 1.000000e+00    0.000000e+00
0 142 1.000 0.71000 iter 1 5.019874e-03 1.000000e+00    3.605551e-07
0 142 1.000 0.71000 iter 2 0.000000e+00 3.053466e+01    2.595997e-06
0 143 1.000 0.71000 iter 0 0.000000e+00 1.000000e+00    0.000000e+00
0 143 1.000 0.71500 iter 1 5.019874e-03 1.000000e+00    3.605551e-07
0 143 1.000 0.71500 iter 2 4.163336e-17 3.053466e+01    2.595997e-06
0 144 1.000 0.71500 iter 0 4.163336e-17 1.000000e+00    0.000000e+00
0 144 1.000 0.72000 iter 1 5.019874e-03 1.000000e+00    3.605551e-07
0 144 1.000 0.72000 iter 2 2.775558e-17 3.053466e+01    2.595997e-06
0 145 1.000 0.72000 iter 0 2.775558e-17 1.000000e+00    0.000000e+00
0 145 1.000 0.72500 iter 1 5.019874e-03 1.000000e+00    3.605551e-07
0 145 1.000 0.72500 iter 2 3.103168e-17 3.053466e+01    2.595997e-06
0 146 1.000 0.72500 iter 0 3.103168e-17 1.000000e+00    0.000000e+00
0 146 1.000 0.73000 iter 1 5.019874e-03 1.000000e+00    3.605551e-07
0 146 1.000 0.73000 iter 2 1.387779e-17 3.053466e+01    2.595997e-06
0 147 1.000 0.73000 iter 0 1.387779e-17 1.000000e+00    0.000000e+00
0 147 1.000 0.73500 iter 1 5.019874e-03 1.000000e+00    3.605551e-07
0 147 1.000 0.73500 iter 2 3.925231e-17 3.053466e+01    2.595997e-06
0 148 1.000 0.73500 iter 0 3.925231e-17 1.000000e+00    0.000000e+00
0 148 1.000 0.74000 iter 1 5.019874e-03 1.000000e+00    3.605551e-07
0 148 1.000 0.74000 iter 2 1.387779e-17 3.053466e+01    2.595997e-06
0 149 1.000 0.74000 iter 0 1.387779e-17 1.000000e+00    0.000000e+00
0 149 1.000 0.74500 iter 1 5.019874e-03 1.000000e+00    3.605551e-07
0 149 1.000 0.74500 iter 2 3.925231e-17 3.053466e+01    2.595997e-06
0 150 1.000 0.74500 iter 0 3.925231e-17 1.000000e+00    0.000000e+00
0 150 1.000 0.75000 iter 1 5.019874e-03 1.000000e+00    3.605551e-07
0 150 1.000 0.75000 iter 2 3.925231e-17 3.053466e+01    2.595997e-06
0 151 1.000 0.75000 iter 0 3.925231e-17 1.000000e+00    0.000000e+00
0 151 1.000 0.75500 iter 1 5.019874e-03 1.000000e+00    3.605551e-07
0 151 1.000 0.75500 iter 2 3.925231e-17 3.053466e+01    2.595997e-06
0 152 1.000 0.75500 iter 0 3.925231e-17 1.000000e+00    0.000000e+00
0 152 1.000 0.76000 iter 1 5.019874e-03 1.000000e+00    3.605551e-07
0 152 1.000 0.76000 iter 2 0.000000e+00 3.053466e+01    2.595997e-06
0 153 1.000 0.76000 iter 0 0.000000e+00 1.000000e+00    0.000000e+00
0 153 1.000 0.76500 iter 1 5.019874e-03 1.000000e+00    3.605551e-07
0 153 1.000 0.76500 iter 2 7.850462e-17 3.053466e+01    2.595997e-06
0 154 1.000 0.76500 iter 0 7.850462e-17 1.000000e+00    0.000000e+00
0 154 1.000 0.77000 iter 1 5.019874e-03 1.000000e+00    3.605551e-07
0 154 1.000 0.77000 iter 2 1.962616e-17 3.053466e+01    2.595997e-06
0 155 1.000 0.77000 iter 0 1.962616e-17 1.000000e+00    0.000000e+00
0 155 1.000 0.77500 iter 1 5.019874e-03 1.000000e+00    3.605551e-07
0 155 1.000 0.77500 iter 2 1.962616e-17 3.053466e+01    2.595997e-06
0 156 1.000 0.77500 iter 0 1.962616e-17 1.000000e+00    0.000000e+00
0 156 1.000 0.78000 iter 1 5.019874e-03 1.000000e+00    3.605551e-07
0 156 1.000 0.78000 iter 2 3.925231e-17 3.053466e+01    2.595997e-06
0 157 1.000 0.78000 iter 0 3.925231e-17 1.000000e+00    0.000000e+00
0 157 1.000 0.78500 iter 1 5.019874e-03 1.000000e+00    3.605551e-07
0 157 1.000 0.78500 iter 2 2.775558e-17 3.053466e+01    2.595997e-06
0 158 1.000 0.78500 iter 0 2.775558e-17 1.000000e+00    0.000000e+00
0 158 1.000 0.79000 iter 1 5.019874e-03 1.000000e+00    3.605551e-07
0 158 1.000 0.79000 iter 2 1.387779e-17 3.053466e+01    2.595997e-06
0 159 1.000 0.79000 iter 0 1.387779e-17 1.000000e+00    0.000000e+00
0 159 1.000 0.79500 iter 1 5.019874e-03 1.000000e+00    3.605551e-07
0 159 1.000 0.79500 iter 2 1.962616e-17 3.053466e+01    2.595997e-06
0 160 1.000 0.79500 iter 0 1.962616e-17 1.000000e+00    0.000000e+00
0 160 1.000 0.80000 iter 1 5.019874e-03 1.000000e+00    3.605551e-07
0 160 1.000 0.80000 iter 2 3.925231e-17 3.053466e+01    2.595997e-06
Element data written 0.800000
Nodal data written 0.800000
0 161 1.000 0.80000 iter 0 3.925231e-17 1.000000e+00    0.000000e+00
0 161 1.000 0.80500 iter 1 5.019874e-03 1.000000e+00    3.605551e-07
0 161 1.000 0.80500 iter 2 6.938894e-18 3.053466e+01    2.595997e-06
0 162 1.000 0.80500 iter 0 6.938894e-18 1.000000e+00    0.000000e+00
0 162 1.000 0.81000 iter 1 5.019874e-03 1.000000e+00    3.605551e-07
0 162 1.000 0.81000 iter 2 6.938894e-18 3.053466e+01    2.595997e-06
0 163 1.000 0.81000 iter 0 6.938894e-18 1.000000e+00    0.000000e+00
0 163 1.000 0.81500 iter 1 5.019874e-03 1.000000e+00    3.605551e-07
0 163 1.000 0.81500 iter 2 1.962616e-17 3.053466e+01    2.595997e-06
0 164 1.000 0.81500 iter 0 1.962616e-17 1.000000e+00    0.000000e+00
0 164 1.000 0.82000 iter 1 5.019874e-03 1.000000e+00    3.605551e-07
0 164 1.000 0.82000 iter 2 9.813078e-18 3.053466e+01    2.595997e-06
0 165 1.000 0.82000 iter 0 9.813078e-18 1.000000e+00    0.000000e+00
0 165 1.000 0.82500 iter 1 5.019874e-03 1.000000e+00    3.605551e-07
0 165 1.000 0.82500 iter 2 1.387779e-17 3.053466e+01    2.595997e-06
0 166 1.000 0.82500 iter 0 1.387779e-17 1.000000e+00    0.000000e+00
0 166 1.000 0.83000 iter 1 5.019874e-03 1.000000e+00    3.605551e-07
0 166 1.000 0.83000 iter 2 9.813078e-18 3.053466e+01    2.595997e-06
0 167 1.000 0.83000 iter 0 9.813078e-18 1.000000e+00    0.000000e+00
0 167 1.000 0.83500 iter 1 5.019874e-03 1.000000e+00    3.605551e-07
0 167 1.000 0.83500 iter 2 3.469447e-18 3.053466e+01    2.595997e-06
0 168 1.000 0.83500 iter 0 3.469447e-18 1.000000e+00    0.000000e+00
0 168 1.000 0.84000 iter 1 5.019874e-03 1.000000e+00    3.605551e-07
0 168 1.000 0.84000 iter 2 0.000000e+00 3.053466e+01    2.595997e-06
0 169 1.000 0.84000 iter 0 0.000000e+00 1.000000e+00    0.000000e+00
0 169 1.000 0.84500 iter 1 5.019874e-03 1.000000e+00    3.605551e-07
0 169 1.000 0.84500 iter 2 3.878960e-18 3.053466e+01    2.595997e-06
0 170 1.000 0.84500 iter 0 3.878960e-18 1.000000e+00    0.000000e+00
0 170 1.000 0.85000 iter 1 5.019874e-03 1.000000e+00    3.605551e-07
0 170 1.000 0.85000 iter 2 3.878960e-18 3.053466e+01    2.595997e-06
0 171 1.000 0.85000 iter 0 3.878960e-18 1.000000e+00    0.000000e+00
0 171 1.000 0.85500 iter 1 5.019874e-03 1.000000e+00    3.605551e-07
0 171 1.000 0.85500 iter 2 1.226635e-18 3.053466e+01    2.595997e-06
0 172 1.000 0.85500 iter 0 1.226635e-18 1.000000e+00    0.000000e+00
0 172 1.000 0.86000 iter 1 5.019874e-03 1.000000e+00    3.605551e-07
0 172 1.000 0.86000 iter 2 1.748223e-18 3.053466e+01    2.595997e-06
0 173 1.000 0.86000 iter 0 1.748223e-18 1.000000e+00    0.000000e+00
0 173 1.000 0.86500 iter 1 5.019874e-03 1.000000e+00    3.605551e-07
0 173 1.000 0.86500 iter 2 0.000000e+00 3.053466e+01    2.595997e-06
0 174 1.000 0.86500 iter 0 0.000000e+00 1.000000e+00    0.000000e+00
0 174 1.000 0.87000 iter 1 5.019874e-03 1.000000e+00    3.605551e-07
0 174 1.000 0.87000 iter 2 1.939480e-18 3.053466e+01    2.595997e-06
0 175 1.000 0.87000 iter 0 1.939480e-18 1.000000e+00    0.000000e+00
0 175 1.000 0.87500 iter 1 5.019874e-03 1.000000e+00    3.605551e-07
0 175 1.000 0.87500 iter 2 4.906539e-18 3.053466e+01    2.595997e-06
0 176 1.000 0.87500 iter 0 4.906539e-18 1.000000e+00    0.000000e+00
0 176 1.000 0.88000 iter 1 5.019874e-03 1.000000e+00    3.605551e-07
0 176 1.000 0.88000 iter 2 3.878960e-18 3.053466e+01    2.595997e-06
0 177 1.000 0.88000 iter 0 3.878960e-18 1.000000e+00    0.000000e+00
0 177 1.000 0.88500 iter 1 5.019874e-03 1.000000e+00    3.605551e-07
0 177 1.000 0.88500 iter 2 3.469447e-18 3.053466e+01    2.595997e-06
0 178 1.000 0.88500 iter 0 3.469447e-18 1.000000e+00    0.000000e+00
0 178 1.000 0.89000 iter 1 5.019874e-03 1.000000e+00    3.605551e-07
0 178 1.000 0.89000 iter 2 9.813078e-18 3.053466e+01    2.595997e-06
0 179 1.000 0.89000 iter 0 9.813078e-18 1.000000e+00    0.000000e+00
0 179 1.000 0.89500 iter 1 5.019874e-03 1.000000e+00    3.605551e-07
0 179 1.000 0.89500 iter 2 0.000000e+00 3.053466e+01    2.595997e-06
0 180 1.000 0.89500 iter 0 0.000000e+00 1.000000e+00    0.000000e+00
0 180 1.000 0.90000 iter 1 5.019874e-03 1.000000e+00    3.605551e-07
0 180 1.000 0.90000 iter 2 6.938894e-18 1.717212e+01    2.595997e-06
Element data written 0.900000
Nodal data written 0.900000
0 181 1.000 0.90000 iter 0 6.938894e-18 1.000000e+00    0.000000e+00
0 181 1.000 0.90500 iter 1 4.715007e-03 1.000000e+00    3.605551e-07
0 181 1.000 0.90500 iter 2 7.757919e-18 1.000000e+00    2.595997e-06
0 182 1.000 0.90500 iter 0 7.757919e-18 1.000000e+00    0.000000e+00
0 182 1.000 0.91000 iter 1 4.264946e-03 1.000000e+00    3.605551e-07
0 182 1.000 0.91000 iter 2 6.938894e-18 1.000000e+00    2.595997e-06
0 183 1.000 0.91000 iter 0 6.938894e-18 1.000000e+00    0.000000e+00
0 183 1.000 0.91500 iter 1 3.812136e-03 1.000000e+00    3.605551e-07
0 183 1.000 0.91500 iter 2 6.938894e-18 1.000000e+00    2.595997e-06
0 184 1.000 0.91500 iter 0 6.938894e-18 1.000000e+00    0.000000e+00
0 184 1.000 0.92000 iter 1 3.367028e-03 1.000000e+00    3.605551e-07
0 184 1.000 0.92000 iter 2 6.938894e-18 1.000000e+00    2.595997e-06
0 185 1.000 0.92000 iter 0 6.938894e-18 1.000000e+00    0.000000e+00
0 185 1.000 0.92500 iter 1 2.938655e-03 1.000000e+00    3.605551e-07
0 185 1.000 0.92500 iter 2 7.757919e-18 1.000000e+00    2.595997e-06
0 186 1.000 0.92500 iter 0 7.757919e-18 1.000000e+00    0.000000e+00
0 186 1.000 0.93000 iter 1 2.534393e-03 1.000000e+00    3.605551e-07
0 186 1.000 0.93000 iter 2 7.757919e-18 1.000000e+00    2.595997e-06
0 187 1.000 0.93000 iter 0 7.757919e-18 1.000000e+00    0.000000e+00
0 187 1.000 0.93500 iter 1 2.159846e-03 1.000000e+00    3.605551e-07
0 187 1.000 0.93500 iter 2 0.000000e+00 1.000000e+00    2.595997e-06
0 188 1.000 0.93500 iter 0 0.000000e+00 1.000000e+00    0.000000e+00
0 188 1.000 0.94000 iter 1 1.818843e-03 1.000000e+00    3.605551e-07
0 188 1.000 0.94000 iter 2 4.906539e-18 1.000000e+00    2.595997e-06
0 189 1.000 0.94000 iter 0 4.906539e-18 1.000000e+00    0.000000e+00
0 189 1.000 0.94500 iter 1 1.513531e-03 1.000000e+00    3.605551e-07
0 189 1.000 0.94500 iter 2 6.938894e-18 1.000000e+00    2.595997e-06
0 190 1.000 0.94500 iter 0 6.938894e-18 1.000000e+00    0.000000e+00
0 190 1.000 0.95000 iter 1 1.244546e-03 1.000000e+00    3.605551e-07
0 190 1.000 0.95000 iter 2 1.110765e-17 1.000000e+00    2.595997e-06
0 191 1.000 0.95000 iter 0 1.110765e-17 1.000000e+00    0.000000e+00
0 191 1.000 0.95500 iter 1 1.011240e-03 1.000000e+00    3.605551e-07
0 191 1.000 0.95500 iter 2 4.906539e-18 1.000000e+00    2.595997e-06
0 192 1.000 0.95500 iter 0 4.906539e-18 1.000000e+00    0.000000e+00
0 192 1.000 0.96000 iter 1 8.119348e-04 1.000000e+00    3.605551e-07
0 192 1.000 0.96000 iter 2 3.469447e-18 1.000000e+00    2.595997e-06
0 193 1.000 0.96000 iter 0 3.469447e-18 1.000000e+00    0.000000e+00
0 193 1.000 0.96500 iter 1 6.441871e-04 1.000000e+00    3.605551e-07
0 193 1.000 0.96500 iter 2 3.878960e-18 1.000000e+00    2.595997e-06
0 194 1.000 0.96500 iter 0 3.878960e-18 1.000000e+00    0.000000e+00
0 194 1.000 0.97000 iter 1 5.050415e-04 1.000000e+00    3.605551e-07
0 194 1.000 0.97000 iter 2 3.878960e-18 1.000000e+00    2.595997e-06
0 195 1.000 0.97000 iter 0 3.878960e-18 1.000000e+00    0.000000e+00
0 195 1.000 0.97500 iter 1 3.912612e-04 1.000000e+00    3.605551e-07
0 195 1.000 0.97500 iter 2 0.000000e+00 1.000000e+00    2.595997e-06
0 196 1.000 0.97500 iter 0 0.000000e+00 1.000000e+00    0.000000e+00
0 196 1.000 0.98000 iter 1 2.995243e-04 1.000000e+00    3.605551e-07
0 196 1.000 0.98000 iter 2 8.673617e-19 1.000000e+00    2.595997e-06
0 197 1.000 0.98000 iter 0 8.673617e-19 1.000000e+00    0.000000e+00
0 197 1.000 0.98500 iter 1 2.265817e-04 1.000000e+00    3.605551e-07
0 197 1.000 0.98500 iter 2 4.336809e-19 1.000000e+00    2.595997e-06
0 198 1.000 0.98500 iter 0 4.336809e-19 1.000000e+00    0.000000e+00
0 198 1.000 0.99000 iter 1 1.693746e-04 1.000000e+00    3.605551e-07
0 198 1.000 0.99000 iter 2 8.673617e-19 1.000000e+00    2.595997e-06
0 199 1.000 0.99000 iter 0 8.673617e-19 1.000000e+00    0.000000e+00
0 199 1.000 0.99500 iter 1 1.251151e-04 1.000000e+00    3.605551e-07
0 199 1.000 0.99500 iter 2 6.133174e-19 1.000000e+00    2.595997e-06
0 200 1.000 0.99500 iter 0 6.133174e-19 1.000000e+00    0.000000e+00
0 200 1.000 1.00000 iter 1 9.133194e-05 1.000000e+00    3.605551e-07
0 200 1.000 1.00000 iter 2 2.168404e-19 1.000000e+00    2.595997e-06
Element data written 1.000000
Nodal data written 1.000000
Restart data written 1.000000
total comp time 0 seconds
