Time   0.1000
El      1    CPS4                                     EL1                                    ISOD           ISODAMAGE      1      2      3      4
   0.0789   0.0789  -2.6000e-04   5.2000e-05   0.0000e+00  -6.7763e-21  -7.7036e+00   0.0000e+00   0.0000e+00  -8.3657e-17   1.2357e-02   3.0000e+00
   0.0789   0.0211  -2.6000e-04   5.2000e-05   0.0000e+00  -1.6941e-21  -7.7036e+00   0.0000e+00   0.0000e+00  -2.0914e-17   1.2357e-02   3.0000e+00
   0.0211   0.0789  -2.6000e-04   5.2000e-05   0.0000e+00  -6.7763e-21  -7.7036e+00   2.7886e-16   0.0000e+00  -8.3657e-17   1.2357e-02   3.0000e+00
   0.0211   0.0211  -2.6000e-04   5.2000e-05   0.0000e+00  -1.6941e-21  -7.7036e+00   2.7886e-16   0.0000e+00  -2.0914e-17   1.2357e-02   3.0000e+00
Time   0.2000
El      1    CPS4                                     EL1                                    ISOD           ISODAMAGE      1      2      3      4
   0.0789   0.0789  -5.2000e-04   1.0400e-04   0.0000e+00   0.0000e+00  -1.4843e+01  -6.7161e-16   0.0000e+00   0.0000e+00   4.8521e-02   3.0000e+00
   0.0789   0.0211  -5.2000e-04   1.0400e-04   0.0000e+00   0.0000e+00  -1.4843e+01  -6.7161e-16   0.0000e+00   0.0000e+00   4.8521e-02   3.0000e+00
   0.0211   0.0789  -5.2000e-04   1.0400e-04   0.0000e+00   0.0000e+00  -1.4843e+01  -6.7161e-16   0.0000e+00   0.0000e+00   4.8521e-02   3.0000e+00
   0.0211   0.0211  -5.2000e-04   1.0400e-04   0.0000e+00   0.0000e+00  -1.4843e+01  -6.7161e-16   0.0000e+00   0.0000e+00   4.8521e-02   3.0000e+00
Time   0.3000
El      1    CPS4                                     EL1                                    ISOD           ISODAMAGE      1      2      3      4
   0.0789   0.0789  -7.8000e-04   1.5600e-04   0.0000e+00  -2.7105e-20  -2.0923e+01  -2.5245e-16   0.0000e+00  -3.0294e-16   1.0587e-01   3.0000e+00
   0.0789   0.0211  -7.8000e-04   1.5600e-04   0.0000e+00  -6.7763e-21  -2.0923e+01  -2.5245e-16   0.0000e+00  -7.5735e-17   1.0587e-01   3.0000e+00
   0.0211   0.0789  -7.8000e-04   1.5600e-04   0.0000e+00  -2.7105e-20  -2.0923e+01  -2.5245e-16   0.0000e+00  -3.0294e-16   1.0587e-01   3.0000e+00
   0.0211   0.0211  -7.8000e-04   1.5600e-04   0.0000e+00  -6.7763e-21  -2.0923e+01  -2.5245e-16   0.0000e+00  -7.5735e-17   1.0587e-01   3.0000e+00
Time   0.4000
El      1    CPS4                                     EL1                                    ISOD           ISODAMAGE      1      2      3      4
   0.0789   0.0789  -1.0400e-03   2.0800e-04   0.0000e+00  -2.7105e-20  -2.5571e+01   6.9422e-16   0.0000e+00  -2.7769e-16   1.8041e-01   3.0000e+00
   0.0789   0.0211  -1.0400e-03   2.0800e-04   0.0000e+00  -6.7763e-21  -2.5571e+01   6.9422e-16   0.0000e+00  -6.9422e-17   1.8041e-01   3.0000e+00
   0.0211   0.0789  -1.0400e-03   2.0800e-04   0.0000e+00  -2.7105e-20  -2.5571e+01   6.9422e-16   0.0000e+00  -2.7769e-16   1.8041e-01   3.0000e+00
   0.0211   0.0211  -1.0400e-03   2.0800e-04   0.0000e+00  -6.7763e-21  -2.5571e+01   6.9422e-16   0.0000e+00  -6.9422e-17   1.8041e-01   3.0000e+00
Time   0.5000
El      1    CPS4                                     EL1                                    ISOD           ISODAMAGE      1      2      3      4
   0.0789   0.0789  -1.3000e-03   2.6000e-04   0.0000e+00  -2.7105e-20  -2.8580e+01   1.0345e-15   0.0000e+00  -2.4829e-16   2.6718e-01   3.0000e+00
   0.0789   0.0211  -1.3000e-03   2.6000e-04   0.0000e+00  -6.7763e-21  -2.8580e+01   1.0345e-15   0.0000e+00  -6.2072e-17   2.6718e-01   3.0000e+00
   0.0211   0.0789  -1.3000e-03   2.6000e-04   0.0000e+00  -2.7105e-20  -2.8580e+01   1.0345e-15   0.0000e+00  -2.4829e-16   2.6718e-01   3.0000e+00
   0.0211   0.0211  -1.3000e-03   2.6000e-04   0.0000e+00  -6.7763e-21  -2.8580e+01   1.0345e-15   0.0000e+00  -6.2072e-17   2.6718e-01   3.0000e+00
Time   0.6000
El      1    CPS4                                     EL1                                    ISOD           ISODAMAGE      1      2      3      4
   0.0789   0.0789  -9.4000e-04   1.8800e-04   0.0000e+00   0.0000e+00  -2.0665e+01   0.0000e+00   0.0000e+00   0.0000e+00   2.6718e-01   3.0000e+00
   0.0789   0.0211  -9.4000e-04   1.8800e-04   0.0000e+00   0.0000e+00  -2.0665e+01   0.0000e+00   0.0000e+00   0.0000e+00   2.6718e-01   3.0000e+00
   0.0211   0.0789  -9.4000e-04   1.8800e-04   0.0000e+00   0.0000e+00  -2.0665e+01   0.0000e+00   0.0000e+00   0.0000e+00   2.6718e-01   3.0000e+00
   0.0211   0.0211  -9.4000e-04   1.8800e-04   0.0000e+00   0.0000e+00  -2.0665e+01   0.0000e+00   0.0000e+00   0.0000e+00   2.6718e-01   3.0000e+00
Time   0.7000
El      1    CPS4                                     EL1                                    ISOD           ISODAMAGE      1      2      3      4
   0.0789   0.0789  -5.8000e-04   1.1600e-04   0.0000e+00  -2.7105e-20  -1.2751e+01   3.1036e-16   0.0000e+00  -2.4829e-16   2.6718e-01   3.0000e+00
   0.0789   0.0211  -5.8000e-04   1.1600e-04   0.0000e+00  -1.0164e-20  -1.2751e+01   3.1036e-16   0.0000e+00  -9.3108e-17   2.6718e-01   3.0000e+00
   0.0211   0.0789  -5.8000e-04   1.1600e-04   0.0000e+00  -2.7105e-20  -1.2751e+01   3.1036e-16   0.0000e+00  -2.4829e-16   2.6718e-01   3.0000e+00
   0.0211   0.0211  -5.8000e-04   1.1600e-04   0.0000e+00  -1.0164e-20  -1.2751e+01   3.1036e-16   0.0000e+00  -9.3108e-17   2.6718e-01   3.0000e+00
Time   0.8000
El      1    CPS4                                     EL1                                    ISOD           ISODAMAGE      1      2      3      4
   0.0789   0.0789  -2.2000e-04   4.4000e-05   0.0000e+00   0.0000e+00  -4.8366e+00  -4.6554e-16   0.0000e+00   0.0000e+00   2.6718e-01   3.0000e+00
   0.0789   0.0211  -2.2000e-04   4.4000e-05   0.0000e+00   0.0000e+00  -4.8366e+00  -4.6554e-16   0.0000e+00   0.0000e+00   2.6718e-01   3.0000e+00
   0.0211   0.0789  -2.2000e-04   4.4000e-05   0.0000e+00   0.0000e+00  -4.8366e+00  -4.6554e-16   0.0000e+00   0.0000e+00   2.6718e-01   3.0000e+00
   0.0211   0.0211  -2.2000e-04   4.4000e-05   0.0000e+00   0.0000e+00  -4.8366e+00  -4.6554e-16   0.0000e+00   0.0000e+00   2.6718e-01   3.0000e+00
Time   0.9000
El      1    CPS4                                     EL1                                    ISOD           ISODAMAGE      1      2      3      4
   0.0789   0.0789   1.4000e-04  -2.8000e-05   0.0000e+00   0.0000e+00   2.9287e+00  -7.3831e-17   0.0000e+00   0.0000e+00   3.0269e-01   3.0000e+00
   0.0789   0.0211   1.4000e-04  -2.8000e-05   0.0000e+00   0.0000e+00   2.9287e+00  -7.3831e-17   0.0000e+00   0.0000e+00   3.0269e-01   3.0000e+00
   0.0211   0.0789   1.4000e-04  -2.8000e-05   0.0000e+00   0.0000e+00   2.9287e+00  -7.3831e-17   0.0000e+00   0.0000e+00   3.0269e-01   3.0000e+00
   0.0211   0.0211   1.4000e-04  -2.8000e-05   0.0000e+00   0.0000e+00   2.9287e+00  -7.3831e-17   0.0000e+00   0.0000e+00   3.0269e-01   3.0000e+00
Time   1.0000
El      1    CPS4                                     EL1                                    ISOD           ISODAMAGE      1      2      3      4
   0.0789   0.0789   5.0000e-04  -1.0000e-04   0.0000e+00  -1.3553e-20   1.5100e-01  -4.2635e-18   0.0000e+00  -1.7054e-18   9.8993e-01   3.0000e+00
   0.0789   0.0211   5.0000e-04  -1.0000e-04   0.0000e+00  -3.3881e-21   1.5100e-01  -4.2635e-18   0.0000e+00  -4.2635e-19   9.8993e-01   3.0000e+00
   0.0211   0.0789   5.0000e-04  -1.0000e-04   0.0000e+00  -1.3553e-20   1.5100e-01   1.4212e-18   0.0000e+00  -1.7054e-18   9.8993e-01   3.0000e+00
   0.0211   0.0211   5.0000e-04  -1.0000e-04   0.0000e+00  -3.3881e-21   1.5100e-01   1.4212e-18   0.0000e+00  -4.2635e-19   9.8993e-01   3.0000e+00
