  1.0000
    0   5.0000   0.0000  20.0000 -1.8209e-06  3.1487e-20 -1.1447e-04  1.1717e-21 -2.0087e-07  6.8305e-18  3.4694e-17  5.5511e-17  2.6563e-17  3.2662e-17
    1   3.5355   3.5355  20.0000 -1.2876e-06 -1.2876e-06 -1.1447e-04  4.7348e-08 -1.9522e-07 -1.0408e-17  5.5511e-17  2.7756e-17  6.1149e-17  2.2551e-17
    2   0.0000   5.0000  20.0000  4.0480e-20 -1.8209e-06 -1.1447e-04  2.0087e-07 -1.0126e-20 -1.3878e-17 -6.3426e-18 -1.8041e-16  2.1128e-17  1.2902e-17
    3  -3.5355   3.5355  20.0000  1.2876e-06 -1.2876e-06 -1.1447e-04  4.7348e-08  1.9522e-07 -1.0408e-17  3.4694e-17 -9.7145e-17 -3.1442e-18 -3.4261e-17
    4  -5.0000   0.0000  20.0000  1.8209e-06 -1.8072e-20 -1.1447e-04 -4.5993e-20  2.0087e-07  2.9490e-17  6.9389e-18  2.2204e-16  2.3961e-17 -5.3438e-17
    5  -3.5355  -3.5355  20.0000  1.2876e-06  1.2876e-06 -1.1447e-04 -4.7348e-08  1.9522e-07 -4.1633e-17 -2.0817e-17  0.0000e+00 -2.1684e-19 -1.0571e-16
    6  -0.0000  -5.0000  20.0000 -2.0880e-20  1.8209e-06 -1.1447e-04 -2.0087e-07  8.4060e-20 -4.1633e-17 -3.2363e-17  3.7470e-16  1.0612e-17 -1.1536e-16
    7   3.5355  -3.5355  20.0000 -1.2876e-06  1.2876e-06 -1.1447e-04 -4.7348e-08 -1.9522e-07  0.0000e+00  3.4694e-18 -5.5511e-17  1.0192e-16 -1.2680e-16
    9   7.4846   0.0000  10.0616  1.9392e-06  1.5121e-20 -8.1972e-05  4.1516e-20 -1.5034e-06  3.4694e-18  9.7145e-17 -8.3267e-16 -3.6863e-18 -1.3317e-16
   10   5.2924   5.2924  10.0616  1.3712e-06  1.3712e-06 -8.1972e-05  3.5436e-07 -1.4610e-06 -1.3878e-17 -1.3878e-17 -3.3307e-16 -1.2620e-16 -1.1059e-17
   11  -0.0000   7.4846  10.0616 -1.3432e-20  1.9392e-06 -8.1972e-05  1.5034e-06 -2.3838e-20 -8.3267e-17  0.0000e+00  1.1102e-16  4.3097e-18  1.1839e-16
   12  -5.2924   5.2924  10.0616 -1.3712e-06  1.3712e-06 -8.1972e-05  3.5436e-07  1.4610e-06  2.7756e-17  5.5511e-17 -2.7756e-16 -2.3072e-16  2.0437e-17
   13  -7.4846   0.0000  10.0616 -1.9392e-06  3.6358e-21 -8.1972e-05  5.5434e-20  1.5034e-06 -7.6328e-17  4.1633e-17  0.0000e+00 -1.0257e-16  4.1715e-17
   14  -5.2924  -5.2924  10.0616 -1.3712e-06 -1.3712e-06 -8.1972e-05 -3.5436e-07  1.4610e-06 -6.9389e-17 -1.1796e-16 -7.7716e-16 -1.5092e-16  4.2175e-17
   15  -0.0000  -7.4846  10.0616 -2.6832e-20 -1.9392e-06 -8.1972e-05 -1.5034e-06 -2.4210e-20  6.9389e-17 -6.9389e-18 -2.2204e-16 -5.1229e-17 -1.4225e-16
   16   5.2924  -5.2924  10.0616  1.3712e-06 -1.3712e-06 -8.1972e-05 -3.5436e-07 -1.4610e-06 -1.3878e-17 -4.1633e-17 -7.2164e-16  1.7716e-16 -1.6084e-16
   18  10.0000   0.0000   0.0000  0.0000e+00  0.0000e+00  0.0000e+00 -4.3343e-20 -6.6535e-07 -1.2698e-01 -7.6328e-17  5.4665e-01 -3.4694e-17 -1.6480e-17
   19   7.0711   7.0711   0.0000  0.0000e+00  0.0000e+00  0.0000e+00  1.5683e-07 -6.4661e-07 -8.9788e-02 -8.9788e-02  5.4665e-01 -1.0235e-16  2.7105e-17
   20   0.0000  10.0000   0.0000  0.0000e+00  0.0000e+00  0.0000e+00  6.6535e-07  1.8337e-20  8.3267e-17 -1.2698e-01  5.4665e-01 -1.1162e-16 -7.6762e-17
   21  -7.0711   7.0711   0.0000  0.0000e+00  0.0000e+00  0.0000e+00  1.5683e-07  6.4661e-07  8.9788e-02 -8.9788e-02  5.4665e-01  1.3444e-17 -6.8630e-17
   22 -10.0000   0.0000   0.0000  0.0000e+00  0.0000e+00  0.0000e+00 -5.5105e-20  6.6535e-07  1.2698e-01 -9.0206e-17  5.4665e-01 -7.8063e-18  2.4069e-17
   23  -7.0711  -7.0711   0.0000  0.0000e+00  0.0000e+00  0.0000e+00 -1.5683e-07  6.4661e-07  8.9788e-02  8.9788e-02  5.4665e-01 -2.4720e-17  3.6754e-17
   24  -0.0000 -10.0000   0.0000  0.0000e+00  0.0000e+00  0.0000e+00 -6.6535e-07  3.9672e-20  2.7756e-17  1.2698e-01  5.4665e-01 -1.5667e-17 -4.3368e-19
   25   7.0711  -7.0711   0.0000  0.0000e+00  0.0000e+00  0.0000e+00 -1.5683e-07 -6.4661e-07 -8.9788e-02  8.9788e-02  5.4665e-01  4.0766e-17  4.8572e-17
