*HEADING
simple panel
*NODE
    0,	10.00000,	10.00000,	 0.00000,	 0.89516,	-0.00368,	 0.44574
    1,	10.00000,	 8.92256,	-0.00794,	 0.85147,	-0.00340,	 0.52439
    2,	10.00000,	 7.72127,	-0.01452,	 0.79363,	-0.00273,	 0.60839
    3,	10.00000,	 6.38250,	-0.01906,	 0.73523,	-0.00155,	 0.67781
    4,	10.00000,	 5.03080,	-0.02064,	 0.71002,	-0.00004,	 0.70418
    5,	10.00000,	 3.55489,	-0.01891,	 0.73742,	 0.00161,	 0.67543
    6,	10.00000,	 2.26671,	-0.01447,	 0.79422,	 0.00274,	 0.60762
    7,	10.00000,	 1.07918,	-0.00795,	 0.85139,	 0.00340,	 0.52452
    8,	10.00000,	 0.00000,	 0.00000,	 0.89516,	 0.00368,	 0.44574
    9,	 9.40000,	10.00000,	 1.13265,	 0.86461,	-0.11441,	 0.48924
   10,	 9.40000,	 8.92256,	 0.90784,	 0.81479,	-0.10462,	 0.57024
   11,	 9.40000,	 7.72127,	 0.72120,	 0.75140,	-0.08331,	 0.65457
   12,	 9.40000,	 6.38250,	 0.59272,	 0.68972,	-0.04672,	 0.72257
   13,	 9.40000,	 5.03080,	 0.54804,	 0.66370,	-0.00108,	 0.74800
   14,	 9.40000,	 3.55489,	 0.59686,	 0.69200,	 0.04868,	 0.72025
   15,	 9.40000,	 2.26671,	 0.72273,	 0.75203,	 0.08358,	 0.65381
   16,	 9.40000,	 1.07918,	 0.90752,	 0.81470,	 0.10459,	 0.57037
   17,	 9.40000,	 0.00000,	 1.13266,	 0.86461,	 0.11441,	 0.48924
   18,	 8.76667,	10.00000,	 2.17137,	 0.81063,	-0.23616,	 0.53582
   19,	 8.76667,	 8.92256,	 1.74766,	 0.75631,	-0.21379,	 0.61830
   20,	 8.76667,	 7.72127,	 1.39589,	 0.69087,	-0.16864,	 0.70303
   21,	 8.76667,	 6.38250,	 1.15375,	 0.62996,	-0.09395,	 0.77092
   22,	 8.76667,	 5.03080,	 1.06955,	 0.60487,	-0.00216,	 0.79632
   23,	 8.76667,	 3.55489,	 1.16155,	 0.63217,	 0.09791,	 0.76862
   24,	 8.76667,	 2.26671,	 1.39878,	 0.69151,	 0.16920,	 0.70227
   25,	 8.76667,	 1.07918,	 1.74705,	 0.75621,	 0.21374,	 0.61843
   26,	 8.76667,	 0.00000,	 2.17137,	 0.81063,	 0.23616,	 0.53582
   27,	 8.09025,	10.00000,	 3.10282,	 0.72477,	-0.36570,	 0.58393
   28,	 8.09025,	 8.92256,	 2.50076,	 0.66925,	-0.32765,	 0.66689
   29,	 8.09025,	 7.72127,	 2.00093,	 0.60665,	-0.25648,	 0.75246
   30,	 8.09025,	 6.38250,	 1.65685,	 0.55117,	-0.14237,	 0.82215
   31,	 8.09025,	 5.03080,	 1.53721,	 0.52888,	-0.00327,	 0.84869
   32,	 8.09025,	 3.55489,	 1.66794,	 0.55316,	 0.14838,	 0.81976
   33,	 8.09025,	 2.26671,	 2.00503,	 0.60725,	 0.25734,	 0.75168
   34,	 8.09025,	 1.07918,	 2.49990,	 0.66916,	 0.32757,	 0.66702
   35,	 8.09025,	 0.00000,	 3.10282,	 0.72477,	 0.36570,	 0.58393
   36,	 7.23724,	10.00000,	 4.01545,	 0.57287,	-0.51515,	 0.63753
   37,	 7.23724,	 8.92256,	 3.23864,	 0.52301,	-0.45634,	 0.71987
   38,	 7.23724,	 7.72127,	 2.59373,	 0.47125,	-0.35507,	 0.80737
   39,	 7.23724,	 6.38250,	 2.14978,	 0.42808,	-0.19706,	 0.88200
   40,	 7.23724,	 5.03080,	 1.99542,	 0.41124,	-0.00454,	 0.91152
   41,	 7.23724,	 3.55489,	 2.16409,	 0.42959,	 0.20537,	 0.87936
   42,	 7.23724,	 2.26671,	 2.59902,	 0.47172,	 0.35628,	 0.80656
   43,	 7.23724,	 1.07918,	 3.23753,	 0.52293,	 0.45622,	 0.72001
   44,	 7.23724,	 0.00000,	 4.01545,	 0.57287,	 0.51515,	 0.63753
   45,	 6.24881,	10.00000,	 4.70744,	 0.34238,	-0.64564,	 0.68259
   46,	 6.24881,	 8.92256,	 3.79813,	 0.30967,	-0.56661,	 0.76358
   47,	 6.24881,	 7.72127,	 3.04321,	 0.27824,	-0.43963,	 0.85399
   48,	 6.24881,	 6.38250,	 2.52354,	 0.25354,	-0.24476,	 0.93585
   49,	 6.24881,	 5.03080,	 2.34285,	 0.24421,	-0.00565,	 0.96971
   50,	 6.24881,	 3.55489,	 2.54029,	 0.25438,	 0.25503,	 0.93287
   51,	 6.24881,	 2.26671,	 3.04941,	 0.27852,	 0.44113,	 0.85313
   52,	 6.24881,	 1.07918,	 3.79683,	 0.30961,	 0.56646,	 0.76371
   53,	 6.24881,	 0.00000,	 4.70744,	 0.34238,	 0.64564,	 0.68259
   54,	 5.03080,	10.00000,	 5.02044,	 0.00871,	-0.70997,	 0.70418
   55,	 5.03080,	 8.92256,	 4.05120,	 0.00784,	-0.62034,	 0.78429
   56,	 5.03080,	 7.72127,	 3.24652,	 0.00704,	-0.48105,	 0.87667
   57,	 5.03080,	 6.38250,	 2.69260,	 0.00643,	-0.26853,	 0.96325
   58,	 5.03080,	 5.03080,	 2.50000,	 0.00621,	-0.00621,	 0.99996
   59,	 5.03080,	 3.55489,	 2.71046,	 0.00646,	 0.27976,	 0.96005
   60,	 5.03080,	 2.26671,	 3.25313,	 0.00705,	 0.48268,	 0.87577
   61,	 5.03080,	 1.07918,	 4.04982,	 0.00784,	 0.62017,	 0.78443
   62,	 5.03080,	 0.00000,	 5.02044,	 0.00871,	 0.70997,	 0.70418
   63,	 3.85177,	10.00000,	 4.75586,	-0.31632,	-0.65537,	 0.68588
   64,	 3.85177,	 8.92256,	 3.83727,	-0.28591,	-0.57477,	 0.76675
   65,	 3.85177,	 7.72127,	 3.07466,	-0.25686,	-0.44590,	 0.85743
   66,	 3.85177,	 6.38250,	 2.54970,	-0.23414,	-0.24834,	 0.93995
   67,	 3.85177,	 5.03080,	 2.36716,	-0.22558,	-0.00573,	 0.97421
   68,	 3.85177,	 3.55489,	 2.56661,	-0.23492,	 0.25875,	 0.93694
   69,	 3.85177,	 2.26671,	 3.08092,	-0.25711,	 0.44742,	 0.85657
   70,	 3.85177,	 1.07918,	 3.83597,	-0.28586,	 0.57461,	 0.76688
   71,	 3.85177,	-0.00000,	 4.75586,	-0.31632,	 0.65537,	 0.68588
   72,	 2.83339,	10.00000,	 4.07792,	-0.55819,	-0.52629,	 0.64144
   73,	 2.83339,	 8.92256,	 3.28915,	-0.50918,	-0.46583,	 0.72369
   74,	 2.83339,	 7.72127,	 2.63430,	-0.45864,	-0.36233,	 0.81139
   75,	 2.83339,	 6.38250,	 2.18353,	-0.41669,	-0.20112,	 0.88652
   76,	 2.83339,	 5.03080,	 2.02678,	-0.40037,	-0.00463,	 0.91634
   77,	 2.83339,	 3.55489,	 2.19805,	-0.41815,	 0.20960,	 0.88387
   78,	 2.83339,	 2.26671,	 2.63968,	-0.45910,	 0.36357,	 0.81058
   79,	 2.83339,	 1.07918,	 3.28802,	-0.50911,	 0.46571,	 0.72383
   80,	 2.83339,	-0.00000,	 4.07792,	-0.55819,	 0.52629,	 0.64144
   81,	 1.95504,	10.00000,	 3.15863,	-0.71793,	-0.37415,	 0.58702
   82,	 1.95504,	 8.92256,	 2.54588,	-0.66249,	-0.33501,	 0.66998
   83,	 1.95504,	 7.72127,	 2.03717,	-0.60027,	-0.26212,	 0.75562
   84,	 1.95504,	 6.38250,	 1.68699,	-0.54531,	-0.14549,	 0.82551
   85,	 1.95504,	 5.03080,	 1.56523,	-0.52326,	-0.00334,	 0.85216
   86,	 1.95504,	 3.55489,	 1.69828,	-0.54727,	 0.15163,	 0.82310
   87,	 1.95504,	 2.26671,	 2.04135,	-0.60086,	 0.26301,	 0.75484
   88,	 1.95504,	 1.07918,	 2.54501,	-0.66240,	 0.33493,	 0.67011
   89,	 1.95504,	-0.00000,	 3.15862,	-0.71793,	 0.37415,	 0.58702
   90,	 1.25417,	10.00000,	 2.20281,	-0.80844,	-0.24019,	 0.53734
   91,	 1.25417,	 8.92256,	 1.77308,	-0.75401,	-0.21737,	 0.61985
   92,	 1.25417,	 7.72127,	 1.41632,	-0.68858,	-0.17142,	 0.70461
   93,	 1.25417,	 6.38250,	 1.17073,	-0.62777,	-0.09548,	 0.77252
   94,	 1.25417,	 5.03080,	 1.08534,	-0.60274,	-0.00220,	 0.79793
   95,	 1.25417,	 3.55489,	 1.17864,	-0.62998,	 0.09951,	 0.77021
   96,	 1.25417,	 2.26671,	 1.41925,	-0.68922,	 0.17199,	 0.70384
   97,	 1.25417,	 1.07918,	 1.77247,	-0.75392,	 0.21732,	 0.61999
   98,	 1.25417,	-0.00000,	 2.20281,	-0.80844,	 0.24019,	 0.53734
   99,	 0.60243,	10.00000,	 1.13695,	-0.86445,	-0.11487,	 0.48942
  100,	 0.60243,	 8.92256,	 0.91131,	-0.81461,	-0.10503,	 0.57042
  101,	 0.60243,	 7.72127,	 0.72398,	-0.75120,	-0.08364,	 0.65475
  102,	 0.60243,	 6.38250,	 0.59503,	-0.68951,	-0.04690,	 0.72275
  103,	 0.60243,	 5.03080,	 0.55020,	-0.66349,	-0.00108,	 0.74818
  104,	 0.60243,	 3.55489,	 0.59919,	-0.69180,	 0.04887,	 0.72044
  105,	 0.60243,	 2.26671,	 0.72552,	-0.75183,	 0.08391,	 0.65399
  106,	 0.60243,	 1.07918,	 0.91099,	-0.81452,	 0.10501,	 0.57055
  107,	 0.60243,	-0.00000,	 1.13695,	-0.86445,	 0.11487,	 0.48942
  108,	 0.00000,	10.00000,	 0.00000,	-0.89516,	-0.00368,	 0.44574
  109,	-0.00000,	 8.92256,	-0.00793,	-0.85147,	-0.00340,	 0.52439
  110,	-0.00000,	 7.72127,	-0.01452,	-0.79363,	-0.00273,	 0.60839
  111,	-0.00000,	 6.38250,	-0.01906,	-0.73523,	-0.00155,	 0.67781
  112,	-0.00000,	 5.03080,	-0.02064,	-0.71002,	-0.00004,	 0.70418
  113,	 0.00000,	 3.55489,	-0.01891,	-0.73742,	 0.00161,	 0.67543
  114,	 0.00000,	 2.26671,	-0.01447,	-0.79422,	 0.00274,	 0.60762
  115,	 0.00000,	 1.07918,	-0.00795,	-0.85139,	 0.00340,	 0.52452
  116,	 0.00000,	-0.00000,	 0.00000,	-0.89516,	 0.00368,	 0.44574
*SHELL SECTION, ELSET=EL1, MATERIAL=MAT1
0.3
*MATERIAL, NAME=MAT1
*ELASTIC
31900,	0.2
*ELEMENT, TYPE=SH4, ELSET=EL1
0,    10,     1,     0,     9
1,    11,     2,     1,    10
2,    12,     3,     2,    11
3,    13,     4,     3,    12
4,    14,     5,     4,    13
5,    15,     6,     5,    14
6,    16,     7,     6,    15
7,    17,     8,     7,    16
8,    19,    10,     9,    18
9,    20,    11,    10,    19
10,    21,    12,    11,    20
11,    22,    13,    12,    21
12,    23,    14,    13,    22
13,    24,    15,    14,    23
14,    25,    16,    15,    24
15,    26,    17,    16,    25
16,    28,    19,    18,    27
17,    29,    20,    19,    28
18,    30,    21,    20,    29
19,    31,    22,    21,    30
20,    32,    23,    22,    31
21,    33,    24,    23,    32
22,    34,    25,    24,    33
23,    35,    26,    25,    34
24,    37,    28,    27,    36
25,    38,    29,    28,    37
26,    39,    30,    29,    38
27,    40,    31,    30,    39
28,    41,    32,    31,    40
29,    42,    33,    32,    41
30,    43,    34,    33,    42
31,    44,    35,    34,    43
32,    46,    37,    36,    45
33,    47,    38,    37,    46
34,    48,    39,    38,    47
35,    49,    40,    39,    48
36,    50,    41,    40,    49
37,    51,    42,    41,    50
38,    52,    43,    42,    51
39,    53,    44,    43,    52
40,    55,    46,    45,    54
41,    56,    47,    46,    55
42,    57,    48,    47,    56
43,    58,    49,    48,    57
44,    59,    50,    49,    58
45,    60,    51,    50,    59
46,    61,    52,    51,    60
47,    62,    53,    52,    61
48,    64,    55,    54,    63
49,    65,    56,    55,    64
50,    66,    57,    56,    65
51,    67,    58,    57,    66
52,    68,    59,    58,    67
53,    69,    60,    59,    68
54,    70,    61,    60,    69
55,    71,    62,    61,    70
56,    73,    64,    63,    72
57,    74,    65,    64,    73
58,    75,    66,    65,    74
59,    76,    67,    66,    75
60,    77,    68,    67,    76
61,    78,    69,    68,    77
62,    79,    70,    69,    78
63,    80,    71,    70,    79
64,    82,    73,    72,    81
65,    83,    74,    73,    82
66,    84,    75,    74,    83
67,    85,    76,    75,    84
68,    86,    77,    76,    85
69,    87,    78,    77,    86
70,    88,    79,    78,    87
71,    89,    80,    79,    88
72,    91,    82,    81,    90
73,    92,    83,    82,    91
74,    93,    84,    83,    92
75,    94,    85,    84,    93
76,    95,    86,    85,    94
77,    96,    87,    86,    95
78,    97,    88,    87,    96
79,    98,    89,    88,    97
80,   100,    91,    90,    99
81,   101,    92,    91,   100
82,   102,    93,    92,   101
83,   103,    94,    93,   102
84,   104,    95,    94,   103
85,   105,    96,    95,   104
86,   106,    97,    96,   105
87,   107,    98,    97,   106
88,   109,   100,    99,   108
89,   110,   101,   100,   109
90,   111,   102,   101,   110
91,   112,   103,   102,   111
92,   113,   104,   103,   112
93,   114,   105,   104,   113
94,   115,   106,   105,   114
95,   116,   107,   106,   115
*STEP
*STATIC
   1.0,   1.0
*AMPLITUDE, NAME=AMPL0
 0.0, 0.0,  1.0, 1.0         
*BOUNDARY, OP=NEW, AMPLITUDE=AMPL0
    0,	1,  3,  0.
  116,	1,  3,  0.
    8,	1,  3,  0.
  108,	1,  3,  0.
*CLOAD
   58,	3,	  -5.00
*EL FILE, FREQUENCY=1
S
E
*NODE FILE, FREQUENCY=1
U
*END STEP