Time   1.0000
El      1   SH4                                     EL1      0      9     10      1           5      0
    0.1057    0.1057    0.0000        Z  -2.9507e-01  -6.5884e+00  -1.5910e+00  -1.3602e-03   1.6240e-02  -2.3735e-02  -1.1459e-01  -6.3023e-02     1.0000  0.0000 -0.0000  -0.0000  1.0000 -0.0000
    0.1057    0.3943    0.0000        Z  -2.0763e+00  -7.7641e+00   1.7682e-01   9.0982e-03   4.5795e-05  -2.9024e-02  -2.7378e-02  -7.3902e-02     1.0000  0.0000 -0.0000  -0.0000  1.0000 -0.0000
    0.3943    0.1057    0.0000        Z   3.0750e+00  -1.2688e+00  -3.3472e+00  -1.6029e-02   2.8569e-02  -1.5112e-02  -2.0372e-01  -2.1293e-02     1.0000  0.0000 -0.0000  -0.0000  1.0000 -0.0000
    0.3943    0.3943    0.0000        Z   1.3389e+00  -3.1452e+00  -1.0124e+00   2.4643e-02   1.7890e-02  -7.4147e-02  -5.3933e-02  -3.1378e-02     1.0000  0.0000 -0.0000  -0.0000  1.0000 -0.0000
El      2   SH4                                     EL1      1     10     11      2           5      0
    0.1057    0.6057    0.0000        Z  -2.4192e-01  -4.4852e+00  -1.3796e+00   2.8334e-02   1.9129e-02  -6.6066e-02   7.4304e-02  -4.3314e-01     1.0000  0.0000 -0.0000  -0.0000  1.0000 -0.0000
    0.1057    0.8943    0.0000        Z  -4.7718e-01  -4.5323e+00  -4.8644e-01   2.5865e-02   1.8635e-02  -6.3987e-02   1.2444e-01  -4.3314e-01     1.0000  0.0000 -0.0000  -0.0000  1.0000 -0.0000
    0.3943    0.6057    0.0000        Z   2.0468e-01  -2.2522e+00  -1.4737e+00   2.9373e-02   2.4326e-02  -6.7053e-02   7.4304e-02  -3.7256e-02     1.0000  0.0000 -0.0000  -0.0000  1.0000 -0.0000
    0.3943    0.8943    0.0000        Z  -3.0582e-02  -2.2993e+00  -5.8055e-01   2.6905e-02   2.3832e-02  -6.4974e-02   1.2444e-01  -3.7256e-02     1.0000  0.0000 -0.0000  -0.0000  1.0000 -0.0000
El      3   SH4                                     EL1      2     11     12      3           5      0
    0.1057    1.1057    0.0000        Z  -2.1616e-01  -2.7785e+00  -7.7809e-01   2.3093e-02   4.9534e-03  -5.6223e-02   1.3920e-01  -2.2964e-01     1.0000  0.0000 -0.0000  -0.0000  1.0000 -0.0000
    0.1057    1.3943    0.0000        Z  -2.3629e-01  -2.7825e+00  -4.4284e-01   2.5460e-02   5.4268e-03  -5.2180e-02   1.2941e-01  -2.2964e-01     1.0000  0.0000 -0.0000  -0.0000  1.0000 -0.0000
    0.3943    1.1057    0.0000        Z  -4.8531e-02  -1.9403e+00  -7.8614e-01   2.5115e-02   1.5061e-02  -5.5277e-02   1.3920e-01   3.3840e-03     1.0000  0.0000 -0.0000  -0.0000  1.0000 -0.0000
    0.3943    1.3943    0.0000        Z  -6.8662e-02  -1.9444e+00  -4.5089e-01   2.7482e-02   1.5534e-02  -5.1233e-02   1.2941e-01   3.3840e-03     1.0000  0.0000 -0.0000  -0.0000  1.0000 -0.0000
El      4   SH4                                     EL1      3     12     13      4           5      0
    0.1057    1.6057    0.0000        Z  -4.2994e-02  -1.6634e+00  -4.7504e-01   2.7982e-02   1.0377e-02  -4.4374e-02   1.2940e-01  -2.3663e-01     1.0000  0.0000 -0.0000  -0.0000  1.0000 -0.0000
    0.1057    1.8943    0.0000        Z  -1.0973e-01  -1.6767e+00  -3.7660e-01   2.9975e-02   1.0775e-02  -4.2289e-02   1.3916e-01  -2.3663e-01     1.0000  0.0000 -0.0000  -0.0000  1.0000 -0.0000
    0.3943    1.6057    0.0000        Z   6.2266e-03  -1.4173e+00  -5.0173e-01   2.9025e-02   1.5589e-02  -4.3577e-02   1.2940e-01   2.1049e-04     1.0000  0.0000 -0.0000  -0.0000  1.0000 -0.0000
    0.3943    1.8943    0.0000        Z  -6.0511e-02  -1.4306e+00  -4.0329e-01   3.1017e-02   1.5988e-02  -4.1492e-02   1.3916e-01   2.1049e-04     1.0000  0.0000 -0.0000  -0.0000  1.0000 -0.0000
El      5   SH4                                     EL1      4     13     14      5           5      0
    0.1057    2.1057    0.0000        Z   5.1528e-03  -8.4172e-01  -3.1731e-01   3.0796e-02   8.2392e-03  -3.6197e-02   1.4295e-01  -1.6729e-01     1.0000  0.0000 -0.0000  -0.0000  1.0000 -0.0000
    0.1057    2.3943    0.0000        Z  -7.6438e-02  -8.5803e-01  -3.4950e-01   3.2585e-02   8.5970e-03  -3.3963e-02   1.4353e-01  -1.6729e-01     1.0000  0.0000 -0.0000  -0.0000  1.0000 -0.0000
    0.3943    2.1057    0.0000        Z  -1.0942e-02  -9.2219e-01  -3.4995e-01   3.1913e-02   1.3825e-02  -3.5482e-02   1.4295e-01  -2.7934e-03     1.0000  0.0000 -0.0000  -0.0000  1.0000 -0.0000
    0.3943    2.3943    0.0000        Z  -9.2533e-02  -9.3851e-01  -3.8214e-01   3.3702e-02   1.4183e-02  -3.3247e-02   1.4353e-01  -2.7934e-03     1.0000  0.0000 -0.0000  -0.0000  1.0000 -0.0000
El      6   SH4                                     EL1      5     14     15      6           5      0
    0.1057    2.6057    0.0000        Z  -8.9065e-03  -2.4425e-01  -1.7973e-01   3.3638e-02   8.1780e-03  -2.9537e-02   1.4688e-01  -1.5387e-01     1.0000  0.0000 -0.0000  -0.0000  1.0000 -0.0000
    0.1057    2.8943    0.0000        Z  -8.4476e-02  -2.5937e-01  -2.6248e-01   3.5086e-02   8.4674e-03  -2.8469e-02   1.5545e-01  -1.5387e-01     1.0000  0.0000 -0.0000  -0.0000  1.0000 -0.0000
    0.3943    2.6057    0.0000        Z  -5.0283e-02  -4.5114e-01  -2.0996e-01   3.4172e-02   1.0848e-02  -2.8958e-02   1.4688e-01  -6.4170e-03     1.0000  0.0000 -0.0000  -0.0000  1.0000 -0.0000
    0.3943    2.8943    0.0000        Z  -1.2585e-01  -4.6625e-01  -2.9271e-01   3.5620e-02   1.1138e-02  -2.7890e-02   1.5545e-01  -6.4170e-03     1.0000  0.0000 -0.0000  -0.0000  1.0000 -0.0000
El      7   SH4                                     EL1      6     15     16      7           5      0
    0.1057    3.1057    0.0000        Z  -5.3039e-02   4.9082e-02  -2.4065e-02   3.5934e-02   7.1255e-03  -2.8055e-02   1.4326e-01  -1.3614e-01     1.0000  0.0000 -0.0000  -0.0000  1.0000 -0.0000
    0.1057    3.3943    0.0000        Z  -6.3563e-02   4.6977e-02  -1.0151e-01   3.7665e-02   7.4717e-03  -2.8460e-02   1.0139e-01  -1.3614e-01     1.0000  0.0000 -0.0000  -0.0000  1.0000 -0.0000
    0.3943    3.1057    0.0000        Z  -9.1761e-02  -1.4453e-01  -2.8275e-02   3.5732e-02   6.1132e-03  -2.7363e-02   1.4326e-01  -9.1049e-03     1.0000  0.0000 -0.0000  -0.0000  1.0000 -0.0000
    0.3943    3.3943    0.0000        Z  -1.0229e-01  -1.4663e-01  -1.0572e-01   3.7462e-02   6.4593e-03  -2.7768e-02   1.0139e-01  -9.1049e-03     1.0000  0.0000 -0.0000  -0.0000  1.0000 -0.0000
El      8   SH4                                     EL1      7     16     17      8           5      0
    0.1057    3.6057    0.0000        Z  -3.4607e-02   4.2140e-02   3.7490e-02   3.8465e-02   4.1308e-03  -2.9553e-02   1.4785e-01  -1.7017e-01     1.0000  0.0000 -0.0000  -0.0000  1.0000 -0.0000
    0.1057    3.8943    0.0000        Z   6.1076e-02   6.1277e-02   1.8600e-02   4.0913e-02   4.6205e-03  -3.1561e-02   3.1665e-01  -1.7017e-01     1.0000  0.0000 -0.0000  -0.0000  1.0000 -0.0000
    0.3943    3.6057    0.0000        Z  -4.4052e-02  -5.0833e-03   7.5763e-02   3.7461e-02  -8.8914e-04  -2.8573e-02   1.4785e-01  -7.7268e-03     1.0000  0.0000 -0.0000  -0.0000  1.0000 -0.0000
    0.3943    3.8943    0.0000        Z   5.1631e-02   1.4053e-02   5.6874e-02   3.9909e-02  -3.9944e-04  -3.0581e-02   3.1665e-01  -7.7268e-03     1.0000  0.0000 -0.0000  -0.0000  1.0000 -0.0000
El      9   SH4                                     EL1      9     18     19     10           5      0
    0.6057    0.1057    0.0000        Z   2.8438e+00   1.1845e+00   9.4346e-01   9.3168e-03   2.2127e-02  -6.3733e-02  -2.7107e-01   5.7279e-02     1.0000  0.0000 -0.0000  -0.0000  1.0000 -0.0000
    0.6057    0.3943    0.0000        Z   5.9396e-01   7.3450e-01   6.3053e-01   2.8309e-02   2.5925e-02  -6.5855e-02  -1.6946e-02   5.7279e-02     1.0000  0.0000 -0.0000  -0.0000  1.0000 -0.0000
    0.8943    0.1057    0.0000        Z   2.6873e+00   4.0214e-01   4.3525e-02   8.2555e-03   1.6820e-02  -5.6136e-02  -2.7107e-01   1.1922e-01     1.0000  0.0000 -0.0000  -0.0000  1.0000 -0.0000
    0.8943    0.3943    0.0000        Z   4.3749e-01  -4.7828e-02  -2.6941e-01   2.7247e-02   2.0619e-02  -5.8259e-02  -1.6946e-02   1.1922e-01     1.0000  0.0000 -0.0000  -0.0000  1.0000 -0.0000
El     10   SH4                                     EL1     10     19     20     11           5      0
    0.6057    0.6057    0.0000        Z  -5.5295e-01  -1.2797e+00  -1.0971e+00   4.0583e-02   3.0687e-02  -6.6165e-02   6.6572e-02   9.3169e-02     1.0000  0.0000 -0.0000  -0.0000  1.0000 -0.0000
    0.6057    0.8943    0.0000        Z  -4.2063e-01  -1.2532e+00  -7.1069e-01   5.3813e-02   3.3333e-02  -6.3555e-02   4.0625e-02   9.3169e-02     1.0000  0.0000 -0.0000  -0.0000  1.0000 -0.0000
    0.8943    0.6057    0.0000        Z  -3.5974e-01  -3.1363e-01  -1.0442e+00   4.1888e-02   3.7211e-02  -6.0873e-02   6.6572e-02   5.3612e-02     1.0000  0.0000 -0.0000  -0.0000  1.0000 -0.0000
    0.8943    0.8943    0.0000        Z  -2.2742e-01  -2.8716e-01  -6.5777e-01   5.5118e-02   3.9857e-02  -5.8263e-02   4.0625e-02   5.3612e-02     1.0000  0.0000 -0.0000  -0.0000  1.0000 -0.0000
El     11   SH4                                     EL1     11     20     21     12           5      0
    0.6057    1.1057    0.0000        Z  -3.9350e-01  -1.4772e+00  -1.1028e+00   6.0216e-02   2.8808e-02  -5.3940e-02   4.4880e-02   7.1640e-02     1.0000  0.0000 -0.0000  -0.0000  1.0000 -0.0000
    0.6057    1.3943    0.0000        Z  -3.2113e-01  -1.4627e+00  -8.3222e-01   6.7786e-02   3.0322e-02  -5.0326e-02   8.2454e-02   7.1640e-02     1.0000  0.0000 -0.0000  -0.0000  1.0000 -0.0000
    0.8943    1.1057    0.0000        Z  -2.5823e-01  -8.0084e-01  -1.0738e+00   6.2023e-02   3.7844e-02  -5.0912e-02   4.4880e-02   2.5090e-02     1.0000  0.0000 -0.0000  -0.0000  1.0000 -0.0000
    0.8943    1.3943    0.0000        Z  -1.8586e-01  -7.8637e-01  -8.0328e-01   6.9593e-02   3.9358e-02  -4.7298e-02   8.2454e-02   2.5090e-02     1.0000  0.0000 -0.0000  -0.0000  1.0000 -0.0000
El     12   SH4                                     EL1     12     21     22     13           5      0
    0.6057    1.6057    0.0000        Z  -2.3924e-01  -1.2759e+00  -9.0890e-01   7.2431e-02   2.8499e-02  -4.2775e-02   9.5463e-02   6.9320e-02     1.0000  0.0000 -0.0000  -0.0000  1.0000 -0.0000
    0.6057    1.8943    0.0000        Z  -1.8490e-01  -1.2650e+00  -7.9047e-01   7.9116e-02   2.9836e-02  -4.0046e-02   9.3430e-02   6.9320e-02     1.0000  0.0000 -0.0000  -0.0000  1.0000 -0.0000
    0.8943    1.6057    0.0000        Z  -1.8002e-01  -9.7977e-01  -8.8716e-01   7.3795e-02   3.5320e-02  -4.0101e-02   9.5463e-02   2.1295e-02     1.0000  0.0000 -0.0000  -0.0000  1.0000 -0.0000
    0.8943    1.8943    0.0000        Z  -1.2568e-01  -9.6891e-01  -7.6873e-01   8.0481e-02   3.6657e-02  -3.7372e-02   9.3430e-02   2.1295e-02     1.0000  0.0000 -0.0000  -0.0000  1.0000 -0.0000
El     13   SH4                                     EL1     13     22     23     14           5      0
    0.6057    2.1057    0.0000        Z  -1.1515e-01  -9.7495e-01  -7.3274e-01   8.2888e-02   2.7649e-02  -3.4158e-02   9.4334e-02   4.5051e-02     1.0000  0.0000 -0.0000  -0.0000  1.0000 -0.0000
    0.6057    2.3943    0.0000        Z  -1.3610e-01  -9.7914e-01  -7.3689e-01   8.8180e-02   2.8707e-02  -3.2261e-02   9.8836e-02   4.5051e-02     1.0000  0.0000 -0.0000  -0.0000  1.0000 -0.0000
    0.8943    2.1057    0.0000        Z  -1.1723e-01  -9.8532e-01  -7.4112e-01   8.3836e-02   3.2390e-02  -3.2041e-02   9.4334e-02   1.1266e-02     1.0000  0.0000 -0.0000  -0.0000  1.0000 -0.0000
    0.8943    2.3943    0.0000        Z  -1.3817e-01  -9.8951e-01  -7.4527e-01   8.9128e-02   3.3449e-02  -3.0145e-02   9.8836e-02   1.1266e-02     1.0000  0.0000 -0.0000  -0.0000  1.0000 -0.0000
El     14   SH4                                     EL1     14     23     24     15           5      0
    0.6057    2.6057    0.0000        Z  -1.3581e-01  -6.1376e-01  -5.7781e-01   9.0542e-02   2.4023e-02  -2.8310e-02   1.0287e-01   3.5101e-02     1.0000  0.0000 -0.0000  -0.0000  1.0000 -0.0000
    0.6057    2.8943    0.0000        Z  -3.2201e-01  -6.5100e-01  -6.6071e-01   9.4640e-02   2.4842e-02  -2.7215e-02   1.0937e-01   3.5101e-02     1.0000  0.0000 -0.0000  -0.0000  1.0000 -0.0000
    0.8943    2.6057    0.0000        Z  -1.7726e-01  -8.2101e-01  -6.5229e-01   9.1090e-02   2.6762e-02  -2.6671e-02   1.0287e-01   1.0748e-03     1.0000  0.0000 -0.0000  -0.0000  1.0000 -0.0000
    0.8943    2.8943    0.0000        Z  -3.6346e-01  -8.5825e-01  -7.3519e-01   9.5188e-02   2.7581e-02  -2.5575e-02   1.0937e-01   1.0748e-03     1.0000  0.0000 -0.0000  -0.0000  1.0000 -0.0000
El     15   SH4                                     EL1     15     24     25     16           5      0
    0.6057    3.1057    0.0000        Z  -3.2434e-01  -2.5858e-01  -3.3740e-01   9.6027e-02   1.7626e-02  -2.6588e-02   9.7925e-02   2.4086e-02     1.0000  0.0000 -0.0000  -0.0000  1.0000 -0.0000
    0.6057    3.3943    0.0000        Z  -3.6813e-01  -2.6734e-01  -3.3683e-01   9.9983e-02   1.8417e-02  -2.6806e-02   6.0152e-02   2.4086e-02     1.0000  0.0000 -0.0000  -0.0000  1.0000 -0.0000
    0.8943    3.1057    0.0000        Z  -3.2406e-01  -2.5716e-01  -3.5492e-01   9.5918e-02   1.7082e-02  -2.5006e-02   9.7925e-02  -1.2270e-02     1.0000  0.0000 -0.0000  -0.0000  1.0000 -0.0000
    0.8943    3.3943    0.0000        Z  -3.6785e-01  -2.6592e-01  -3.5435e-01   9.9874e-02   1.7873e-02  -2.5223e-02   6.0152e-02  -1.2270e-02     1.0000  0.0000 -0.0000  -0.0000  1.0000 -0.0000
El     16   SH4                                     EL1     16     25     26     17           5      0
    0.6057    3.6057    0.0000        Z  -2.2368e-01  -9.0000e-02  -5.9599e-02   1.0136e-01   8.7278e-03  -2.7064e-02   9.7973e-02   3.1831e-02     1.0000  0.0000 -0.0000  -0.0000  1.0000 -0.0000
    0.6057    3.8943    0.0000        Z   1.3026e-01  -1.9211e-02  -9.6478e-02   1.0682e-01   9.8214e-03  -2.8655e-02   2.3908e-01   3.1831e-02     1.0000  0.0000 -0.0000  -0.0000  1.0000 -0.0000
    0.8943    3.6057    0.0000        Z  -2.4212e-01  -1.8220e-01   8.1979e-02   1.0056e-01   4.7485e-03  -2.4876e-02   9.7973e-02  -2.2543e-02     1.0000  0.0000 -0.0000  -0.0000  1.0000 -0.0000
    0.8943    3.8943    0.0000        Z   1.1182e-01  -1.1141e-01   4.5100e-02   1.0603e-01   5.8422e-03  -2.6468e-02   2.3908e-01  -2.2543e-02     1.0000  0.0000 -0.0000  -0.0000  1.0000 -0.0000
El     17   SH4                                     EL1     18     27     28     19           5      0
    1.1057    0.1057    0.0000        Z   2.1811e+00   5.7844e-02   3.1562e-01   1.2802e-02   1.6257e-02  -4.1096e-02  -2.0757e-01   1.3723e-01     1.0000  0.0000 -0.0000  -0.0000  1.0000 -0.0000
    1.1057    0.3943    0.0000        Z   1.1298e+00  -1.5242e-01   3.5187e-01   2.7637e-02   1.9224e-02  -4.0650e-02   1.8037e-03   1.3723e-01     1.0000  0.0000 -0.0000  -0.0000  1.0000 -0.0000
    1.3943    0.1057    0.0000        Z   2.1992e+00   1.4848e-01  -1.0491e-01   1.3025e-02   1.7373e-02  -3.5162e-02  -2.0757e-01   1.2447e-01     1.0000  0.0000 -0.0000  -0.0000  1.0000 -0.0000
    1.3943    0.3943    0.0000        Z   1.1479e+00  -6.1786e-02  -6.8656e-02   2.7860e-02   2.0340e-02  -3.4716e-02   1.8037e-03   1.2447e-01     1.0000  0.0000 -0.0000  -0.0000  1.0000 -0.0000
El     18   SH4                                     EL1     19     28     29     20           5      0
    1.1057    0.6057    0.0000        Z   6.2490e-01   1.8342e-01  -3.4653e-02   4.3671e-02   4.0518e-02  -4.3286e-02   6.4279e-02   4.9489e-02     1.0000  0.0000 -0.0000  -0.0000  1.0000 -0.0000
    1.1057    0.8943    0.0000        Z   4.8220e-02   6.8084e-02  -7.9428e-02   6.2351e-02   4.4253e-02  -4.2538e-02   2.5592e-02   4.9489e-02     1.0000  0.0000 -0.0000  -0.0000  1.0000 -0.0000
    1.3943    0.6057    0.0000        Z   6.0251e-01   7.1484e-02  -2.6532e-01   4.4045e-02   4.2387e-02  -3.5814e-02   6.4279e-02   7.7785e-02     1.0000  0.0000 -0.0000  -0.0000  1.0000 -0.0000
    1.3943    0.8943    0.0000        Z   2.5832e-02  -4.3851e-02  -3.1010e-01   6.2724e-02   4.6123e-02  -3.5067e-02   2.5592e-02   7.7785e-02     1.0000  0.0000 -0.0000  -0.0000  1.0000 -0.0000
El     19   SH4                                     EL1     20     29     30     21           5      0
    1.1057    1.1057    0.0000        Z  -2.6230e-01  -4.9441e-01  -6.4574e-01   7.4404e-02   4.5193e-02  -3.7839e-02   1.8844e-02   1.8511e-02     1.0000  0.0000 -0.0000  -0.0000  1.0000 -0.0000
    1.1057    1.3943    0.0000        Z  -2.4915e-01  -4.9179e-01  -5.6652e-01   8.9491e-02   4.8211e-02  -3.5905e-02   3.9095e-02   1.8511e-02     1.0000  0.0000 -0.0000  -0.0000  1.0000 -0.0000
    1.3943    1.1057    0.0000        Z  -2.2269e-01  -2.9637e-01  -6.4048e-01   7.5371e-02   5.0028e-02  -3.1804e-02   1.8844e-02   4.7086e-02     1.0000  0.0000 -0.0000  -0.0000  1.0000 -0.0000
    1.3943    1.3943    0.0000        Z  -2.0955e-01  -2.9374e-01  -5.6127e-01   9.0458e-02   5.3046e-02  -2.9870e-02   3.9095e-02   4.7086e-02     1.0000  0.0000 -0.0000  -0.0000  1.0000 -0.0000
El     20   SH4                                     EL1     21     30     31     22           5      0
    1.1057    1.6057    0.0000        Z  -2.8373e-01  -8.4977e-01  -7.3538e-01   9.7889e-02   4.4262e-02  -3.0321e-02   4.8557e-02   9.6173e-03     1.0000  0.0000 -0.0000  -0.0000  1.0000 -0.0000
    1.1057    1.8943    0.0000        Z  -1.9151e-01  -8.3132e-01  -6.8221e-01   1.0895e-01   4.6474e-02  -2.8355e-02   5.4155e-02   9.6173e-03     1.0000  0.0000 -0.0000  -0.0000  1.0000 -0.0000
    1.3943    1.6057    0.0000        Z  -2.5714e-01  -7.1684e-01  -6.9850e-01   9.8872e-02   4.9175e-02  -2.5897e-02   4.8557e-02   2.5740e-02     1.0000  0.0000 -0.0000  -0.0000  1.0000 -0.0000
    1.3943    1.8943    0.0000        Z  -1.6492e-01  -6.9839e-01  -6.4532e-01   1.0993e-01   5.1387e-02  -2.3931e-02   5.4155e-02   2.5740e-02     1.0000  0.0000 -0.0000  -0.0000  1.0000 -0.0000
El     21   SH4                                     EL1     22     31     32     23           5      0
    1.1057    2.1057    0.0000        Z  -1.7587e-01  -1.0262e+00  -7.0287e-01   1.1493e-01   4.1276e-02  -2.4100e-02   5.6567e-02   3.0576e-03     1.0000  0.0000 -0.0000  -0.0000  1.0000 -0.0000
    1.1057    2.3943    0.0000        Z  -1.1267e-01  -1.0136e+00  -7.3190e-01   1.2384e-01   4.3059e-02  -2.2960e-02   5.7559e-02   3.0576e-03     1.0000  0.0000 -0.0000  -0.0000  1.0000 -0.0000
    1.3943    2.1057    0.0000        Z  -1.9038e-01  -1.0988e+00  -6.7759e-01   1.1550e-01   4.4124e-02  -2.0534e-02   5.6567e-02   1.4418e-02     1.0000  0.0000 -0.0000  -0.0000  1.0000 -0.0000
    1.3943    2.3943    0.0000        Z  -1.2718e-01  -1.0861e+00  -7.0661e-01   1.2441e-01   4.5907e-02  -1.9394e-02   5.7559e-02   1.4418e-02     1.0000  0.0000 -0.0000  -0.0000  1.0000 -0.0000
El     22   SH4                                     EL1     23     32     33     24           5      0
    1.1057    2.6057    0.0000        Z  -1.1139e-01  -1.0264e+00  -7.1951e-01   1.2796e-01   3.5586e-02  -2.0407e-02   6.1946e-02  -6.6344e-03     1.0000  0.0000 -0.0000  -0.0000  1.0000 -0.0000
    1.1057    2.8943    0.0000        Z  -1.6365e-01  -1.0368e+00  -8.8539e-01   1.3503e-01   3.6999e-02  -1.9853e-02   7.2940e-02  -6.6344e-03     1.0000  0.0000 -0.0000  -0.0000  1.0000 -0.0000
    1.3943    2.6057    0.0000        Z  -1.9433e-01  -1.4411e+00  -7.4041e-01   1.2824e-01   3.6971e-02  -1.7581e-02   6.1946e-02   6.3297e-03     1.0000  0.0000 -0.0000  -0.0000  1.0000 -0.0000
    1.3943    2.8943    0.0000        Z  -2.4660e-01  -1.4515e+00  -9.0629e-01   1.3531e-01   3.8384e-02  -1.7027e-02   7.2940e-02   6.3297e-03     1.0000  0.0000 -0.0000  -0.0000  1.0000 -0.0000
El     23   SH4                                     EL1     24     33     34     25           5      0
    1.1057    3.1057    0.0000        Z  -3.4192e-01  -5.8501e-01  -7.4679e-01   1.3695e-01   2.4681e-02  -1.9841e-02   6.5143e-02  -2.3334e-02     1.0000  0.0000 -0.0000  -0.0000  1.0000 -0.0000
    1.1057    3.3943    0.0000        Z  -1.0541e+00  -7.2746e-01  -1.1165e+00   1.4234e-01   2.5761e-02  -2.0315e-02   3.2847e-02  -2.3334e-02     1.0000  0.0000 -0.0000  -0.0000  1.0000 -0.0000
    1.3943    3.1057    0.0000        Z  -5.2677e-01  -1.5093e+00  -1.0317e+00   1.3671e-01   2.3497e-02  -1.7682e-02   6.5143e-02  -1.7203e-02     1.0000  0.0000 -0.0000  -0.0000  1.0000 -0.0000
    1.3943    3.3943    0.0000        Z  -1.2390e+00  -1.6517e+00  -1.4014e+00   1.4211e-01   2.4577e-02  -1.8156e-02   3.2847e-02  -1.7203e-02     1.0000  0.0000 -0.0000  -0.0000  1.0000 -0.0000
El     24   SH4                                     EL1     25     34     35     26           5      0
    1.1057    3.6057    0.0000        Z  -8.8968e-01  -1.4119e-01  -4.3120e-01   1.4054e-01   9.4926e-03  -2.1006e-02   5.2056e-02  -3.4105e-02     1.0000  0.0000 -0.0000  -0.0000  1.0000 -0.0000
    1.1057    3.8943    0.0000        Z  -4.3137e-02   2.8117e-02  -2.0021e-01   1.3927e-01   9.2389e-03  -2.3116e-02   1.3683e-01  -3.4105e-02     1.0000  0.0000 -0.0000  -0.0000  1.0000 -0.0000
    1.3943    3.6057    0.0000        Z  -7.7419e-01   4.3628e-01  -9.2585e-02   1.3949e-01   4.2168e-03  -2.1513e-02   5.2056e-02  -1.1321e-02     1.0000  0.0000 -0.0000  -0.0000  1.0000 -0.0000
    1.3943    3.8943    0.0000        Z   7.2357e-02   6.0559e-01   1.3840e-01   1.3822e-01   3.9631e-03  -2.3623e-02   1.3683e-01  -1.1321e-02     1.0000  0.0000 -0.0000  -0.0000  1.0000 -0.0000
El     25   SH4                                     EL1     27     36     37     28           5      0
    1.6057    0.1057    0.0000        Z   2.0053e+00   1.3103e-01   1.8165e-01   1.2246e-02   1.7561e-02  -1.6671e-02  -5.3894e-02   1.2282e-01     1.0000  0.0000 -0.0000  -0.0000  1.0000 -0.0000
    1.6057    0.3943    0.0000        Z   1.2886e+00  -1.2308e-02   1.6969e-01   3.0334e-02   2.1178e-02  -1.6726e-02   1.9055e-03   1.2282e-01     1.0000  0.0000 -0.0000  -0.0000  1.0000 -0.0000
    1.8943    0.1057    0.0000        Z   1.9993e+00   1.0113e-01  -1.0503e-01   1.2219e-02   1.7424e-02  -9.4361e-03  -5.3894e-02   1.3105e-01     1.0000  0.0000 -0.0000  -0.0000  1.0000 -0.0000
    1.8943    0.3943    0.0000        Z   1.2826e+00  -4.2206e-02  -1.1699e-01   3.0307e-02   2.1042e-02  -9.4908e-03   1.9055e-03   1.3105e-01     1.0000  0.0000 -0.0000  -0.0000  1.0000 -0.0000
El     26   SH4                                     EL1     28     37     38     29           5      0
    1.6057    0.6057    0.0000        Z   8.6679e-01   8.2439e-02   6.6397e-02   4.8117e-02   4.4066e-02  -1.7426e-02   1.8606e-02   8.7424e-02     1.0000  0.0000 -0.0000  -0.0000  1.0000 -0.0000
    1.6057    0.8943    0.0000        Z   3.2917e-01  -2.5086e-02   6.3472e-02   6.7609e-02   4.7965e-02  -1.7189e-02   8.4313e-03   8.7424e-02     1.0000  0.0000 -0.0000  -0.0000  1.0000 -0.0000
    1.8943    0.6057    0.0000        Z   8.6533e-01   7.5128e-02  -1.4865e-01   4.8235e-02   4.4659e-02  -9.6296e-03   1.8606e-02   8.5462e-02     1.0000  0.0000 -0.0000  -0.0000  1.0000 -0.0000
    1.8943    0.8943    0.0000        Z   3.2771e-01  -3.2397e-02  -1.5158e-01   6.7727e-02   4.8557e-02  -9.3925e-03   8.4313e-03   8.5462e-02     1.0000  0.0000 -0.0000  -0.0000  1.0000 -0.0000
El     27   SH4                                     EL1     29     38     39     30           5      0
    1.6057    1.1057    0.0000        Z   5.1728e-02  -1.7396e-01  -1.4086e-01   8.1512e-02   5.3443e-02  -1.5515e-02   6.8268e-03   5.6583e-02     1.0000  0.0000 -0.0000  -0.0000  1.0000 -0.0000
    1.6057    1.3943    0.0000        Z  -1.1547e-01  -2.0741e-01  -1.4321e-01   9.8470e-02   5.6834e-02  -1.4960e-02   1.2618e-02   5.6583e-02     1.0000  0.0000 -0.0000  -0.0000  1.0000 -0.0000
    1.8943    1.1057    0.0000        Z   5.0552e-02  -1.7985e-01  -2.0774e-01   8.1789e-02   5.4830e-02  -8.7317e-03   6.8268e-03   5.3953e-02     1.0000  0.0000 -0.0000  -0.0000  1.0000 -0.0000
    1.8943    1.3943    0.0000        Z  -1.1665e-01  -2.1329e-01  -2.1010e-01   9.8747e-02   5.8221e-02  -8.1769e-03   1.2618e-02   5.3953e-02     1.0000  0.0000 -0.0000  -0.0000  1.0000 -0.0000
El     28   SH4                                     EL1     30     39     40     31           5      0
    1.6057    1.6057    0.0000        Z  -2.3468e-01  -6.5745e-01  -2.7798e-01   1.0872e-01   5.3450e-02  -1.2973e-02   1.5593e-02   3.1752e-02     1.0000  0.0000 -0.0000  -0.0000  1.0000 -0.0000
    1.6057    1.8943    0.0000        Z  -1.5058e-01  -6.4063e-01  -2.6867e-01   1.2285e-01   5.6277e-02  -1.2313e-02   1.7931e-02   3.1752e-02     1.0000  0.0000 -0.0000  -0.0000  1.0000 -0.0000
    1.8943    1.6057    0.0000        Z  -2.3003e-01  -6.3416e-01  -2.4434e-01   1.0905e-01   5.5100e-02  -7.3190e-03   1.5593e-02   3.2053e-02     1.0000  0.0000 -0.0000  -0.0000  1.0000 -0.0000
    1.8943    1.8943    0.0000        Z  -1.4592e-01  -6.1734e-01  -2.3503e-01   1.2318e-01   5.7927e-02  -6.6592e-03   1.7931e-02   3.2053e-02     1.0000  0.0000 -0.0000  -0.0000  1.0000 -0.0000
El     29   SH4                                     EL1     31     40     41     32           5      0
    1.6057    2.1057    0.0000        Z  -1.6824e-01  -1.1394e+00  -3.0919e-01   1.3025e-01   4.8521e-02  -1.0350e-02   1.7629e-02   1.7883e-02     1.0000  0.0000 -0.0000  -0.0000  1.0000 -0.0000
    1.6057    2.3943    0.0000        Z  -1.8677e-02  -1.1095e+00  -3.3151e-01   1.4157e-01   5.0786e-02  -9.8413e-03   1.4467e-02   1.7883e-02     1.0000  0.0000 -0.0000  -0.0000  1.0000 -0.0000
    1.8943    2.1057    0.0000        Z  -1.7940e-01  -1.1952e+00  -2.4937e-01   1.3050e-01   4.9792e-02  -5.8202e-03   1.7629e-02   1.5987e-02     1.0000  0.0000 -0.0000  -0.0000  1.0000 -0.0000
    1.8943    2.3943    0.0000        Z  -2.9836e-02  -1.1653e+00  -2.7169e-01   1.4182e-01   5.2057e-02  -5.3118e-03   1.4467e-02   1.5987e-02     1.0000  0.0000 -0.0000  -0.0000  1.0000 -0.0000
El     30   SH4                                     EL1     32     41     42     33           5      0
    1.6057    2.6057    0.0000        Z  -3.0151e-02  -1.6401e+00  -3.5929e-01   1.4709e-01   4.0961e-02  -9.0383e-03   2.0127e-02   9.3348e-03     1.0000  0.0000 -0.0000  -0.0000  1.0000 -0.0000
    1.6057    2.8943    0.0000        Z   8.9619e-02  -1.6161e+00  -4.5733e-01   1.5709e-01   4.2959e-02  -9.3422e-03   3.8752e-02   9.3348e-03     1.0000  0.0000 -0.0000  -0.0000  1.0000 -0.0000
    1.8943    2.6057    0.0000        Z  -7.9173e-02  -1.8852e+00  -3.1138e-01   1.4694e-01   4.0201e-02  -5.0418e-03   2.0127e-02   4.5805e-03     1.0000  0.0000 -0.0000  -0.0000  1.0000 -0.0000
    1.8943    2.8943    0.0000        Z   4.0597e-02  -1.8612e+00  -4.0942e-01   1.5693e-01   4.2200e-02  -5.3458e-03   3.8752e-02   4.5805e-03     1.0000  0.0000 -0.0000  -0.0000  1.0000 -0.0000
El     31   SH4                                     EL1     33     42     43     34           5      0
    1.6057    3.1057    0.0000        Z   8.9067e-02  -2.1056e+00  -6.7815e-01   1.6177e-01   2.8892e-02  -9.8533e-03   3.2240e-02  -5.4799e-03     1.0000  0.0000 -0.0000  -0.0000  1.0000 -0.0000
    1.6057    3.3943    0.0000        Z   2.4631e-01  -2.0741e+00  -1.1274e+00   1.7310e-01   3.1158e-02  -8.9434e-03  -4.1775e-03  -5.4799e-03     1.0000  0.0000 -0.0000  -0.0000  1.0000 -0.0000
    1.8943    3.1057    0.0000        Z  -1.3558e-01  -3.2288e+00  -6.1525e-01   1.6222e-01   3.1167e-02  -5.3203e-03   3.2240e-02   2.0418e-02     1.0000  0.0000 -0.0000  -0.0000  1.0000 -0.0000
    1.8943    3.3943    0.0000        Z   2.1664e-02  -3.1974e+00  -1.0645e+00   1.7355e-01   3.3433e-02  -4.4103e-03  -4.1775e-03   2.0418e-02     1.0000  0.0000 -0.0000  -0.0000  1.0000 -0.0000
El     32   SH4                                     EL1     34     43     44     35           5      0
    1.6057    3.6057    0.0000        Z  -3.9047e-01  -1.7841e+00  -1.0813e+00   1.7770e-01   5.7658e-03  -1.3048e-02   6.4126e-03  -1.0094e-02     1.0000  0.0000 -0.0000  -0.0000  1.0000 -0.0000
    1.6057    3.8943    0.0000        Z  -2.2854e+00  -2.0924e+00  -3.4674e+00   1.6456e-01   1.4001e-02  -2.0437e-02   6.3208e-02  -8.8946e-03     1.0000  0.0000 -0.0000  -0.0000  1.0000 -0.0000
    1.8943    3.6057    0.0000        Z  -2.0784e+00  -7.0164e+00  -1.3729e+00   1.3207e-01   2.6994e-02   1.5270e-03   4.5333e-03  -2.0884e-02     1.0000  0.0000 -0.0000  -0.0000  1.0000 -0.0000
    1.8943    3.8943    0.0000        Z  -3.1656e+00  -6.0690e+00  -2.4483e+00   1.1418e-01   1.0635e-02  -8.9860e-03   3.8919e-02  -1.5690e-02     1.0000  0.0000 -0.0000  -0.0000  1.0000 -0.0000
El     33   SH4                                     EL1     36     45     46     37           5      0
    2.1057    0.1057    0.0000        Z   1.9993e+00   1.0113e-01   1.0503e-01   1.2219e-02   1.7424e-02   9.4361e-03   5.3894e-02   1.3105e-01     1.0000  0.0000 -0.0000  -0.0000  1.0000 -0.0000
    2.1057    0.3943    0.0000        Z   1.2826e+00  -4.2206e-02   1.1699e-01   3.0307e-02   2.1042e-02   9.4908e-03  -1.9055e-03   1.3105e-01     1.0000  0.0000 -0.0000  -0.0000  1.0000 -0.0000
    2.3943    0.1057    0.0000        Z   2.0053e+00   1.3103e-01  -1.8165e-01   1.2246e-02   1.7561e-02   1.6671e-02   5.3894e-02   1.2282e-01     1.0000  0.0000 -0.0000  -0.0000  1.0000 -0.0000
    2.3943    0.3943    0.0000        Z   1.2886e+00  -1.2308e-02  -1.6969e-01   3.0334e-02   2.1178e-02   1.6726e-02  -1.9055e-03   1.2282e-01     1.0000  0.0000 -0.0000  -0.0000  1.0000 -0.0000
El     34   SH4                                     EL1     37     46     47     38           5      0
    2.1057    0.6057    0.0000        Z   8.6533e-01   7.5128e-02   1.4865e-01   4.8235e-02   4.4659e-02   9.6296e-03  -1.8606e-02   8.5462e-02     1.0000  0.0000 -0.0000  -0.0000  1.0000 -0.0000
    2.1057    0.8943    0.0000        Z   3.2771e-01  -3.2397e-02   1.5158e-01   6.7727e-02   4.8557e-02   9.3925e-03  -8.4313e-03   8.5462e-02     1.0000  0.0000 -0.0000  -0.0000  1.0000 -0.0000
    2.3943    0.6057    0.0000        Z   8.6679e-01   8.2439e-02  -6.6397e-02   4.8117e-02   4.4066e-02   1.7426e-02  -1.8606e-02   8.7424e-02     1.0000  0.0000 -0.0000  -0.0000  1.0000 -0.0000
    2.3943    0.8943    0.0000        Z   3.2917e-01  -2.5086e-02  -6.3472e-02   6.7609e-02   4.7965e-02   1.7189e-02  -8.4313e-03   8.7424e-02     1.0000  0.0000 -0.0000  -0.0000  1.0000 -0.0000
El     35   SH4                                     EL1     38     47     48     39           5      0
    2.1057    1.1057    0.0000        Z   5.0552e-02  -1.7985e-01   2.0774e-01   8.1789e-02   5.4830e-02   8.7317e-03  -6.8268e-03   5.3953e-02     1.0000  0.0000 -0.0000  -0.0000  1.0000 -0.0000
    2.1057    1.3943    0.0000        Z  -1.1665e-01  -2.1329e-01   2.1010e-01   9.8747e-02   5.8221e-02   8.1769e-03  -1.2618e-02   5.3953e-02     1.0000  0.0000 -0.0000  -0.0000  1.0000 -0.0000
    2.3943    1.1057    0.0000        Z   5.1728e-02  -1.7396e-01   1.4086e-01   8.1512e-02   5.3443e-02   1.5515e-02  -6.8268e-03   5.6583e-02     1.0000  0.0000 -0.0000  -0.0000  1.0000 -0.0000
    2.3943    1.3943    0.0000        Z  -1.1547e-01  -2.0741e-01   1.4321e-01   9.8470e-02   5.6834e-02   1.4960e-02  -1.2618e-02   5.6583e-02     1.0000  0.0000 -0.0000  -0.0000  1.0000 -0.0000
El     36   SH4                                     EL1     39     48     49     40           5      0
    2.1057    1.6057    0.0000        Z  -2.3003e-01  -6.3416e-01   2.4434e-01   1.0905e-01   5.5100e-02   7.3190e-03  -1.5593e-02   3.2053e-02     1.0000  0.0000 -0.0000  -0.0000  1.0000 -0.0000
    2.1057    1.8943    0.0000        Z  -1.4592e-01  -6.1734e-01   2.3503e-01   1.2318e-01   5.7927e-02   6.6592e-03  -1.7931e-02   3.2053e-02     1.0000  0.0000 -0.0000  -0.0000  1.0000 -0.0000
    2.3943    1.6057    0.0000        Z  -2.3468e-01  -6.5745e-01   2.7798e-01   1.0872e-01   5.3450e-02   1.2973e-02  -1.5593e-02   3.1752e-02     1.0000  0.0000 -0.0000  -0.0000  1.0000 -0.0000
    2.3943    1.8943    0.0000        Z  -1.5058e-01  -6.4063e-01   2.6867e-01   1.2285e-01   5.6277e-02   1.2313e-02  -1.7931e-02   3.1752e-02     1.0000  0.0000 -0.0000  -0.0000  1.0000 -0.0000
El     37   SH4                                     EL1     40     49     50     41           5      0
    2.1057    2.1057    0.0000        Z  -1.7940e-01  -1.1952e+00   2.4937e-01   1.3050e-01   4.9792e-02   5.8202e-03  -1.7629e-02   1.5987e-02     1.0000  0.0000 -0.0000  -0.0000  1.0000 -0.0000
    2.1057    2.3943    0.0000        Z  -2.9836e-02  -1.1653e+00   2.7169e-01   1.4182e-01   5.2057e-02   5.3118e-03  -1.4467e-02   1.5987e-02     1.0000  0.0000 -0.0000  -0.0000  1.0000 -0.0000
    2.3943    2.1057    0.0000        Z  -1.6824e-01  -1.1394e+00   3.0919e-01   1.3025e-01   4.8521e-02   1.0350e-02  -1.7629e-02   1.7883e-02     1.0000  0.0000 -0.0000  -0.0000  1.0000 -0.0000
    2.3943    2.3943    0.0000        Z  -1.8677e-02  -1.1095e+00   3.3151e-01   1.4157e-01   5.0786e-02   9.8413e-03  -1.4467e-02   1.7883e-02     1.0000  0.0000 -0.0000  -0.0000  1.0000 -0.0000
El     38   SH4                                     EL1     41     50     51     42           5      0
    2.1057    2.6057    0.0000        Z  -7.9173e-02  -1.8852e+00   3.1138e-01   1.4694e-01   4.0201e-02   5.0418e-03  -2.0127e-02   4.5805e-03     1.0000  0.0000 -0.0000  -0.0000  1.0000 -0.0000
    2.1057    2.8943    0.0000        Z   4.0597e-02  -1.8612e+00   4.0942e-01   1.5693e-01   4.2200e-02   5.3458e-03  -3.8752e-02   4.5805e-03     1.0000  0.0000 -0.0000  -0.0000  1.0000 -0.0000
    2.3943    2.6057    0.0000        Z  -3.0151e-02  -1.6401e+00   3.5929e-01   1.4709e-01   4.0961e-02   9.0383e-03  -2.0127e-02   9.3348e-03     1.0000  0.0000 -0.0000  -0.0000  1.0000 -0.0000
    2.3943    2.8943    0.0000        Z   8.9619e-02  -1.6161e+00   4.5733e-01   1.5709e-01   4.2959e-02   9.3422e-03  -3.8752e-02   9.3348e-03     1.0000  0.0000 -0.0000  -0.0000  1.0000 -0.0000
El     39   SH4                                     EL1     42     51     52     43           5      0
    2.1057    3.1057    0.0000        Z  -1.3558e-01  -3.2288e+00   6.1525e-01   1.6222e-01   3.1167e-02   5.3203e-03  -3.2240e-02   2.0418e-02     1.0000  0.0000 -0.0000  -0.0000  1.0000 -0.0000
    2.1057    3.3943    0.0000        Z   2.1664e-02  -3.1974e+00   1.0645e+00   1.7355e-01   3.3433e-02   4.4103e-03   4.1775e-03   2.0418e-02     1.0000  0.0000 -0.0000  -0.0000  1.0000 -0.0000
    2.3943    3.1057    0.0000        Z   8.9067e-02  -2.1056e+00   6.7815e-01   1.6177e-01   2.8892e-02   9.8533e-03  -3.2240e-02  -5.4799e-03     1.0000  0.0000 -0.0000  -0.0000  1.0000 -0.0000
    2.3943    3.3943    0.0000        Z   2.4631e-01  -2.0741e+00   1.1274e+00   1.7310e-01   3.1158e-02   8.9434e-03   4.1775e-03  -5.4799e-03     1.0000  0.0000 -0.0000  -0.0000  1.0000 -0.0000
El     40   SH4                                     EL1     43     52     53     44           5      0
    2.1057    3.6057    0.0000        Z  -2.0784e+00  -7.0164e+00   1.3729e+00   1.3207e-01   2.6994e-02  -1.5270e-03  -4.5333e-03  -2.0884e-02     1.0000  0.0000 -0.0000  -0.0000  1.0000 -0.0000
    2.1057    3.8943    0.0000        Z  -3.1656e+00  -6.0690e+00   2.4483e+00   1.1418e-01   1.0635e-02   8.9860e-03  -3.8919e-02  -1.5690e-02     1.0000  0.0000 -0.0000  -0.0000  1.0000 -0.0000
    2.3943    3.6057    0.0000        Z  -3.9047e-01  -1.7841e+00   1.0813e+00   1.7770e-01   5.7658e-03   1.3048e-02  -6.4126e-03  -1.0094e-02     1.0000  0.0000 -0.0000  -0.0000  1.0000 -0.0000
    2.3943    3.8943    0.0000        Z  -2.2854e+00  -2.0924e+00   3.4674e+00   1.6456e-01   1.4001e-02   2.0437e-02  -6.3208e-02  -8.8946e-03     1.0000  0.0000 -0.0000  -0.0000  1.0000 -0.0000
El     41   SH4                                     EL1     45     54     55     46           5      0
    2.6057    0.1057    0.0000        Z   2.1992e+00   1.4848e-01   1.0491e-01   1.3025e-02   1.7373e-02   3.5162e-02   2.0757e-01   1.2447e-01     1.0000  0.0000 -0.0000  -0.0000  1.0000 -0.0000
    2.6057    0.3943    0.0000        Z   1.1479e+00  -6.1786e-02   6.8656e-02   2.7860e-02   2.0340e-02   3.4716e-02  -1.8037e-03   1.2447e-01     1.0000  0.0000 -0.0000  -0.0000  1.0000 -0.0000
    2.8943    0.1057    0.0000        Z   2.1811e+00   5.7844e-02  -3.1562e-01   1.2802e-02   1.6257e-02   4.1096e-02   2.0757e-01   1.3723e-01     1.0000  0.0000 -0.0000  -0.0000  1.0000 -0.0000
    2.8943    0.3943    0.0000        Z   1.1298e+00  -1.5242e-01  -3.5187e-01   2.7637e-02   1.9224e-02   4.0650e-02  -1.8037e-03   1.3723e-01     1.0000  0.0000 -0.0000  -0.0000  1.0000 -0.0000
El     42   SH4                                     EL1     46     55     56     47           5      0
    2.6057    0.6057    0.0000        Z   6.0251e-01   7.1484e-02   2.6532e-01   4.4045e-02   4.2387e-02   3.5814e-02  -6.4279e-02   7.7785e-02     1.0000  0.0000 -0.0000  -0.0000  1.0000 -0.0000
    2.6057    0.8943    0.0000        Z   2.5832e-02  -4.3851e-02   3.1010e-01   6.2724e-02   4.6123e-02   3.5067e-02  -2.5592e-02   7.7785e-02     1.0000  0.0000 -0.0000  -0.0000  1.0000 -0.0000
    2.8943    0.6057    0.0000        Z   6.2490e-01   1.8342e-01   3.4653e-02   4.3671e-02   4.0518e-02   4.3286e-02  -6.4279e-02   4.9489e-02     1.0000  0.0000 -0.0000  -0.0000  1.0000 -0.0000
    2.8943    0.8943    0.0000        Z   4.8220e-02   6.8084e-02   7.9428e-02   6.2351e-02   4.4253e-02   4.2538e-02  -2.5592e-02   4.9489e-02     1.0000  0.0000 -0.0000  -0.0000  1.0000 -0.0000
El     43   SH4                                     EL1     47     56     57     48           5      0
    2.6057    1.1057    0.0000        Z  -2.2269e-01  -2.9637e-01   6.4048e-01   7.5371e-02   5.0028e-02   3.1804e-02  -1.8844e-02   4.7086e-02     1.0000  0.0000 -0.0000  -0.0000  1.0000 -0.0000
    2.6057    1.3943    0.0000        Z  -2.0955e-01  -2.9374e-01   5.6127e-01   9.0458e-02   5.3046e-02   2.9870e-02  -3.9095e-02   4.7086e-02     1.0000  0.0000 -0.0000  -0.0000  1.0000 -0.0000
    2.8943    1.1057    0.0000        Z  -2.6230e-01  -4.9441e-01   6.4574e-01   7.4404e-02   4.5193e-02   3.7839e-02  -1.8844e-02   1.8511e-02     1.0000  0.0000 -0.0000  -0.0000  1.0000 -0.0000
    2.8943    1.3943    0.0000        Z  -2.4915e-01  -4.9179e-01   5.6652e-01   8.9491e-02   4.8211e-02   3.5905e-02  -3.9095e-02   1.8511e-02     1.0000  0.0000 -0.0000  -0.0000  1.0000 -0.0000
El     44   SH4                                     EL1     48     57     58     49           5      0
    2.6057    1.6057    0.0000        Z  -2.5714e-01  -7.1684e-01   6.9850e-01   9.8872e-02   4.9175e-02   2.5897e-02  -4.8557e-02   2.5740e-02     1.0000  0.0000 -0.0000  -0.0000  1.0000 -0.0000
    2.6057    1.8943    0.0000        Z  -1.6492e-01  -6.9839e-01   6.4532e-01   1.0993e-01   5.1387e-02   2.3931e-02  -5.4155e-02   2.5740e-02     1.0000  0.0000 -0.0000  -0.0000  1.0000 -0.0000
    2.8943    1.6057    0.0000        Z  -2.8373e-01  -8.4977e-01   7.3538e-01   9.7889e-02   4.4262e-02   3.0321e-02  -4.8557e-02   9.6173e-03     1.0000  0.0000 -0.0000  -0.0000  1.0000 -0.0000
    2.8943    1.8943    0.0000        Z  -1.9151e-01  -8.3132e-01   6.8221e-01   1.0895e-01   4.6474e-02   2.8355e-02  -5.4155e-02   9.6173e-03     1.0000  0.0000 -0.0000  -0.0000  1.0000 -0.0000
El     45   SH4                                     EL1     49     58     59     50           5      0
    2.6057    2.1057    0.0000        Z  -1.9038e-01  -1.0988e+00   6.7759e-01   1.1550e-01   4.4124e-02   2.0534e-02  -5.6567e-02   1.4418e-02     1.0000  0.0000 -0.0000  -0.0000  1.0000 -0.0000
    2.6057    2.3943    0.0000        Z  -1.2718e-01  -1.0861e+00   7.0661e-01   1.2441e-01   4.5907e-02   1.9394e-02  -5.7559e-02   1.4418e-02     1.0000  0.0000 -0.0000  -0.0000  1.0000 -0.0000
    2.8943    2.1057    0.0000        Z  -1.7587e-01  -1.0262e+00   7.0287e-01   1.1493e-01   4.1276e-02   2.4100e-02  -5.6567e-02   3.0576e-03     1.0000  0.0000 -0.0000  -0.0000  1.0000 -0.0000
    2.8943    2.3943    0.0000        Z  -1.1267e-01  -1.0136e+00   7.3190e-01   1.2384e-01   4.3059e-02   2.2960e-02  -5.7559e-02   3.0576e-03     1.0000  0.0000 -0.0000  -0.0000  1.0000 -0.0000
El     46   SH4                                     EL1     50     59     60     51           5      0
    2.6057    2.6057    0.0000        Z  -1.9433e-01  -1.4411e+00   7.4041e-01   1.2824e-01   3.6971e-02   1.7581e-02  -6.1946e-02   6.3297e-03     1.0000  0.0000 -0.0000  -0.0000  1.0000 -0.0000
    2.6057    2.8943    0.0000        Z  -2.4660e-01  -1.4515e+00   9.0629e-01   1.3531e-01   3.8384e-02   1.7027e-02  -7.2940e-02   6.3297e-03     1.0000  0.0000 -0.0000  -0.0000  1.0000 -0.0000
    2.8943    2.6057    0.0000        Z  -1.1139e-01  -1.0264e+00   7.1951e-01   1.2796e-01   3.5586e-02   2.0407e-02  -6.1946e-02  -6.6344e-03     1.0000  0.0000 -0.0000  -0.0000  1.0000 -0.0000
    2.8943    2.8943    0.0000        Z  -1.6365e-01  -1.0368e+00   8.8539e-01   1.3503e-01   3.6999e-02   1.9853e-02  -7.2940e-02  -6.6344e-03     1.0000  0.0000 -0.0000  -0.0000  1.0000 -0.0000
El     47   SH4                                     EL1     51     60     61     52           5      0
    2.6057    3.1057    0.0000        Z  -5.2677e-01  -1.5093e+00   1.0317e+00   1.3671e-01   2.3497e-02   1.7682e-02  -6.5143e-02  -1.7203e-02     1.0000  0.0000 -0.0000  -0.0000  1.0000 -0.0000
    2.6057    3.3943    0.0000        Z  -1.2390e+00  -1.6517e+00   1.4014e+00   1.4211e-01   2.4577e-02   1.8156e-02  -3.2847e-02  -1.7203e-02     1.0000  0.0000 -0.0000  -0.0000  1.0000 -0.0000
    2.8943    3.1057    0.0000        Z  -3.4192e-01  -5.8501e-01   7.4679e-01   1.3695e-01   2.4681e-02   1.9841e-02  -6.5143e-02  -2.3334e-02     1.0000  0.0000 -0.0000  -0.0000  1.0000 -0.0000
    2.8943    3.3943    0.0000        Z  -1.0541e+00  -7.2746e-01   1.1165e+00   1.4234e-01   2.5761e-02   2.0315e-02  -3.2847e-02  -2.3334e-02     1.0000  0.0000 -0.0000  -0.0000  1.0000 -0.0000
El     48   SH4                                     EL1     52     61     62     53           5      0
    2.6057    3.6057    0.0000        Z  -7.7419e-01   4.3628e-01   9.2585e-02   1.3949e-01   4.2168e-03   2.1513e-02  -5.2056e-02  -1.1321e-02     1.0000  0.0000 -0.0000  -0.0000  1.0000 -0.0000
    2.6057    3.8943    0.0000        Z   7.2357e-02   6.0559e-01  -1.3840e-01   1.3822e-01   3.9631e-03   2.3623e-02  -1.3683e-01  -1.1321e-02     1.0000  0.0000 -0.0000  -0.0000  1.0000 -0.0000
    2.8943    3.6057    0.0000        Z  -8.8968e-01  -1.4119e-01   4.3120e-01   1.4054e-01   9.4926e-03   2.1006e-02  -5.2056e-02  -3.4105e-02     1.0000  0.0000 -0.0000  -0.0000  1.0000 -0.0000
    2.8943    3.8943    0.0000        Z  -4.3137e-02   2.8117e-02   2.0021e-01   1.3927e-01   9.2389e-03   2.3116e-02  -1.3683e-01  -3.4105e-02     1.0000  0.0000 -0.0000  -0.0000  1.0000 -0.0000
El     49   SH4                                     EL1     54     63     64     55           5      0
    3.1057    0.1057    0.0000        Z   2.6873e+00   4.0214e-01  -4.3525e-02   8.2555e-03   1.6820e-02   5.6136e-02   2.7107e-01   1.1922e-01     1.0000  0.0000 -0.0000  -0.0000  1.0000 -0.0000
    3.1057    0.3943    0.0000        Z   4.3749e-01  -4.7828e-02   2.6941e-01   2.7247e-02   2.0619e-02   5.8259e-02   1.6946e-02   1.1922e-01     1.0000  0.0000 -0.0000  -0.0000  1.0000 -0.0000
    3.3943    0.1057    0.0000        Z   2.8438e+00   1.1845e+00  -9.4346e-01   9.3168e-03   2.2127e-02   6.3733e-02   2.7107e-01   5.7279e-02     1.0000  0.0000 -0.0000  -0.0000  1.0000 -0.0000
    3.3943    0.3943    0.0000        Z   5.9396e-01   7.3450e-01  -6.3053e-01   2.8309e-02   2.5925e-02   6.5855e-02   1.6946e-02   5.7279e-02     1.0000  0.0000 -0.0000  -0.0000  1.0000 -0.0000
El     50   SH4                                     EL1     55     64     65     56           5      0
    3.1057    0.6057    0.0000        Z  -3.5974e-01  -3.1363e-01   1.0442e+00   4.1888e-02   3.7211e-02   6.0873e-02  -6.6572e-02   5.3612e-02     1.0000  0.0000 -0.0000  -0.0000  1.0000 -0.0000
    3.1057    0.8943    0.0000        Z  -2.2742e-01  -2.8716e-01   6.5777e-01   5.5118e-02   3.9857e-02   5.8263e-02  -4.0625e-02   5.3612e-02     1.0000  0.0000 -0.0000  -0.0000  1.0000 -0.0000
    3.3943    0.6057    0.0000        Z  -5.5295e-01  -1.2797e+00   1.0971e+00   4.0583e-02   3.0687e-02   6.6165e-02  -6.6572e-02   9.3169e-02     1.0000  0.0000 -0.0000  -0.0000  1.0000 -0.0000
    3.3943    0.8943    0.0000        Z  -4.2063e-01  -1.2532e+00   7.1069e-01   5.3813e-02   3.3333e-02   6.3555e-02  -4.0625e-02   9.3169e-02     1.0000  0.0000 -0.0000  -0.0000  1.0000 -0.0000
El     51   SH4                                     EL1     56     65     66     57           5      0
    3.1057    1.1057    0.0000        Z  -2.5823e-01  -8.0084e-01   1.0738e+00   6.2023e-02   3.7844e-02   5.0912e-02  -4.4880e-02   2.5090e-02     1.0000  0.0000 -0.0000  -0.0000  1.0000 -0.0000
    3.1057    1.3943    0.0000        Z  -1.8586e-01  -7.8637e-01   8.0328e-01   6.9593e-02   3.9358e-02   4.7298e-02  -8.2454e-02   2.5090e-02     1.0000  0.0000 -0.0000  -0.0000  1.0000 -0.0000
    3.3943    1.1057    0.0000        Z  -3.9350e-01  -1.4772e+00   1.1028e+00   6.0216e-02   2.8808e-02   5.3940e-02  -4.4880e-02   7.1640e-02     1.0000  0.0000 -0.0000  -0.0000  1.0000 -0.0000
    3.3943    1.3943    0.0000        Z  -3.2113e-01  -1.4627e+00   8.3222e-01   6.7786e-02   3.0322e-02   5.0326e-02  -8.2454e-02   7.1640e-02     1.0000  0.0000 -0.0000  -0.0000  1.0000 -0.0000
El     52   SH4                                     EL1     57     66     67     58           5      0
    3.1057    1.6057    0.0000        Z  -1.8002e-01  -9.7977e-01   8.8716e-01   7.3795e-02   3.5320e-02   4.0101e-02  -9.5463e-02   2.1295e-02     1.0000  0.0000 -0.0000  -0.0000  1.0000 -0.0000
    3.1057    1.8943    0.0000        Z  -1.2568e-01  -9.6891e-01   7.6873e-01   8.0481e-02   3.6657e-02   3.7372e-02  -9.3430e-02   2.1295e-02     1.0000  0.0000 -0.0000  -0.0000  1.0000 -0.0000
    3.3943    1.6057    0.0000        Z  -2.3924e-01  -1.2759e+00   9.0890e-01   7.2431e-02   2.8499e-02   4.2775e-02  -9.5463e-02   6.9320e-02     1.0000  0.0000 -0.0000  -0.0000  1.0000 -0.0000
    3.3943    1.8943    0.0000        Z  -1.8490e-01  -1.2650e+00   7.9047e-01   7.9116e-02   2.9836e-02   4.0046e-02  -9.3430e-02   6.9320e-02     1.0000  0.0000 -0.0000  -0.0000  1.0000 -0.0000
El     53   SH4                                     EL1     58     67     68     59           5      0
    3.1057    2.1057    0.0000        Z  -1.1723e-01  -9.8532e-01   7.4112e-01   8.3836e-02   3.2390e-02   3.2041e-02  -9.4334e-02   1.1266e-02     1.0000  0.0000 -0.0000  -0.0000  1.0000 -0.0000
    3.1057    2.3943    0.0000        Z  -1.3817e-01  -9.8951e-01   7.4527e-01   8.9128e-02   3.3449e-02   3.0145e-02  -9.8836e-02   1.1266e-02     1.0000  0.0000 -0.0000  -0.0000  1.0000 -0.0000
    3.3943    2.1057    0.0000        Z  -1.1515e-01  -9.7495e-01   7.3274e-01   8.2888e-02   2.7649e-02   3.4158e-02  -9.4334e-02   4.5051e-02     1.0000  0.0000 -0.0000  -0.0000  1.0000 -0.0000
    3.3943    2.3943    0.0000        Z  -1.3610e-01  -9.7914e-01   7.3689e-01   8.8180e-02   2.8707e-02   3.2261e-02  -9.8836e-02   4.5051e-02     1.0000  0.0000 -0.0000  -0.0000  1.0000 -0.0000
El     54   SH4                                     EL1     59     68     69     60           5      0
    3.1057    2.6057    0.0000        Z  -1.7726e-01  -8.2101e-01   6.5229e-01   9.1090e-02   2.6762e-02   2.6671e-02  -1.0287e-01   1.0748e-03     1.0000  0.0000 -0.0000  -0.0000  1.0000 -0.0000
    3.1057    2.8943    0.0000        Z  -3.6346e-01  -8.5825e-01   7.3519e-01   9.5188e-02   2.7581e-02   2.5575e-02  -1.0937e-01   1.0748e-03     1.0000  0.0000 -0.0000  -0.0000  1.0000 -0.0000
    3.3943    2.6057    0.0000        Z  -1.3581e-01  -6.1376e-01   5.7781e-01   9.0542e-02   2.4023e-02   2.8310e-02  -1.0287e-01   3.5101e-02     1.0000  0.0000 -0.0000  -0.0000  1.0000 -0.0000
    3.3943    2.8943    0.0000        Z  -3.2201e-01  -6.5100e-01   6.6071e-01   9.4640e-02   2.4842e-02   2.7215e-02  -1.0937e-01   3.5101e-02     1.0000  0.0000 -0.0000  -0.0000  1.0000 -0.0000
El     55   SH4                                     EL1     60     69     70     61           5      0
    3.1057    3.1057    0.0000        Z  -3.2406e-01  -2.5716e-01   3.5492e-01   9.5918e-02   1.7082e-02   2.5006e-02  -9.7925e-02  -1.2270e-02     1.0000  0.0000 -0.0000  -0.0000  1.0000 -0.0000
    3.1057    3.3943    0.0000        Z  -3.6785e-01  -2.6592e-01   3.5435e-01   9.9874e-02   1.7873e-02   2.5223e-02  -6.0152e-02  -1.2270e-02     1.0000  0.0000 -0.0000  -0.0000  1.0000 -0.0000
    3.3943    3.1057    0.0000        Z  -3.2434e-01  -2.5858e-01   3.3740e-01   9.6027e-02   1.7626e-02   2.6588e-02  -9.7925e-02   2.4086e-02     1.0000  0.0000 -0.0000  -0.0000  1.0000 -0.0000
    3.3943    3.3943    0.0000        Z  -3.6813e-01  -2.6734e-01   3.3683e-01   9.9983e-02   1.8417e-02   2.6806e-02  -6.0152e-02   2.4086e-02     1.0000  0.0000 -0.0000  -0.0000  1.0000 -0.0000
El     56   SH4                                     EL1     61     70     71     62           5      0
    3.1057    3.6057    0.0000        Z  -2.4212e-01  -1.8220e-01  -8.1979e-02   1.0056e-01   4.7485e-03   2.4876e-02  -9.7973e-02  -2.2543e-02     1.0000  0.0000 -0.0000  -0.0000  1.0000 -0.0000
    3.1057    3.8943    0.0000        Z   1.1182e-01  -1.1141e-01  -4.5100e-02   1.0603e-01   5.8422e-03   2.6468e-02  -2.3908e-01  -2.2543e-02     1.0000  0.0000 -0.0000  -0.0000  1.0000 -0.0000
    3.3943    3.6057    0.0000        Z  -2.2368e-01  -9.0000e-02   5.9599e-02   1.0136e-01   8.7278e-03   2.7064e-02  -9.7973e-02   3.1831e-02     1.0000  0.0000 -0.0000  -0.0000  1.0000 -0.0000
    3.3943    3.8943    0.0000        Z   1.3026e-01  -1.9211e-02   9.6478e-02   1.0682e-01   9.8214e-03   2.8655e-02  -2.3908e-01   3.1831e-02     1.0000  0.0000 -0.0000  -0.0000  1.0000 -0.0000
El     57   SH4                                     EL1     63     72     73     64           5      0
    3.6057    0.1057    0.0000        Z   3.0750e+00  -1.2688e+00   3.3472e+00  -1.6029e-02   2.8569e-02   1.5112e-02   2.0372e-01  -2.1293e-02     1.0000  0.0000 -0.0000  -0.0000  1.0000 -0.0000
    3.6057    0.3943    0.0000        Z   1.3389e+00  -3.1452e+00   1.0124e+00   2.4643e-02   1.7890e-02   7.4147e-02   5.3933e-02  -3.1378e-02     1.0000  0.0000 -0.0000  -0.0000  1.0000 -0.0000
    3.8943    0.1057    0.0000        Z  -2.9507e-01  -6.5884e+00   1.5910e+00  -1.3602e-03   1.6240e-02   2.3735e-02   1.1459e-01  -6.3023e-02     1.0000  0.0000 -0.0000  -0.0000  1.0000 -0.0000
    3.8943    0.3943    0.0000        Z  -2.0763e+00  -7.7641e+00  -1.7682e-01   9.0982e-03   4.5795e-05   2.9024e-02   2.7378e-02  -7.3902e-02     1.0000  0.0000 -0.0000  -0.0000  1.0000 -0.0000
El     58   SH4                                     EL1     64     73     74     65           5      0
    3.6057    0.6057    0.0000        Z   2.0468e-01  -2.2522e+00   1.4737e+00   2.9373e-02   2.4326e-02   6.7053e-02  -7.4304e-02  -3.7256e-02     1.0000  0.0000 -0.0000  -0.0000  1.0000 -0.0000
    3.6057    0.8943    0.0000        Z  -3.0582e-02  -2.2993e+00   5.8055e-01   2.6905e-02   2.3832e-02   6.4974e-02  -1.2444e-01  -3.7256e-02     1.0000  0.0000 -0.0000  -0.0000  1.0000 -0.0000
    3.8943    0.6057    0.0000        Z  -2.4192e-01  -4.4852e+00   1.3796e+00   2.8334e-02   1.9129e-02   6.6066e-02  -7.4304e-02  -4.3314e-01     1.0000  0.0000 -0.0000  -0.0000  1.0000 -0.0000
    3.8943    0.8943    0.0000        Z  -4.7718e-01  -4.5323e+00   4.8644e-01   2.5865e-02   1.8635e-02   6.3987e-02  -1.2444e-01  -4.3314e-01     1.0000  0.0000 -0.0000  -0.0000  1.0000 -0.0000
El     59   SH4                                     EL1     65     74     75     66           5      0
    3.6057    1.1057    0.0000        Z  -4.8531e-02  -1.9403e+00   7.8614e-01   2.5115e-02   1.5061e-02   5.5277e-02  -1.3920e-01   3.3840e-03     1.0000  0.0000 -0.0000  -0.0000  1.0000 -0.0000
    3.6057    1.3943    0.0000        Z  -6.8662e-02  -1.9444e+00   4.5089e-01   2.7482e-02   1.5534e-02   5.1233e-02  -1.2941e-01   3.3840e-03     1.0000  0.0000 -0.0000  -0.0000  1.0000 -0.0000
    3.8943    1.1057    0.0000        Z  -2.1616e-01  -2.7785e+00   7.7809e-01   2.3093e-02   4.9534e-03   5.6223e-02  -1.3920e-01  -2.2964e-01     1.0000  0.0000 -0.0000  -0.0000  1.0000 -0.0000
    3.8943    1.3943    0.0000        Z  -2.3629e-01  -2.7825e+00   4.4284e-01   2.5460e-02   5.4268e-03   5.2180e-02  -1.2941e-01  -2.2964e-01     1.0000  0.0000 -0.0000  -0.0000  1.0000 -0.0000
El     60   SH4                                     EL1     66     75     76     67           5      0
    3.6057    1.6057    0.0000        Z   6.2266e-03  -1.4173e+00   5.0173e-01   2.9025e-02   1.5589e-02   4.3577e-02  -1.2940e-01   2.1049e-04     1.0000  0.0000 -0.0000  -0.0000  1.0000 -0.0000
    3.6057    1.8943    0.0000        Z  -6.0511e-02  -1.4306e+00   4.0329e-01   3.1017e-02   1.5988e-02   4.1492e-02  -1.3916e-01   2.1049e-04     1.0000  0.0000 -0.0000  -0.0000  1.0000 -0.0000
    3.8943    1.6057    0.0000        Z  -4.2994e-02  -1.6634e+00   4.7504e-01   2.7982e-02   1.0377e-02   4.4374e-02  -1.2940e-01  -2.3663e-01     1.0000  0.0000 -0.0000  -0.0000  1.0000 -0.0000
    3.8943    1.8943    0.0000        Z  -1.0973e-01  -1.6767e+00   3.7660e-01   2.9975e-02   1.0775e-02   4.2289e-02  -1.3916e-01  -2.3663e-01     1.0000  0.0000 -0.0000  -0.0000  1.0000 -0.0000
El     61   SH4                                     EL1     67     76     77     68           5      0
    3.6057    2.1057    0.0000        Z  -1.0942e-02  -9.2219e-01   3.4995e-01   3.1913e-02   1.3825e-02   3.5482e-02  -1.4295e-01  -2.7934e-03     1.0000  0.0000 -0.0000  -0.0000  1.0000 -0.0000
    3.6057    2.3943    0.0000        Z  -9.2533e-02  -9.3851e-01   3.8214e-01   3.3702e-02   1.4183e-02   3.3247e-02  -1.4353e-01  -2.7934e-03     1.0000  0.0000 -0.0000  -0.0000  1.0000 -0.0000
    3.8943    2.1057    0.0000        Z   5.1528e-03  -8.4172e-01   3.1731e-01   3.0796e-02   8.2392e-03   3.6197e-02  -1.4295e-01  -1.6729e-01     1.0000  0.0000 -0.0000  -0.0000  1.0000 -0.0000
    3.8943    2.3943    0.0000        Z  -7.6438e-02  -8.5803e-01   3.4950e-01   3.2585e-02   8.5970e-03   3.3963e-02  -1.4353e-01  -1.6729e-01     1.0000  0.0000 -0.0000  -0.0000  1.0000 -0.0000
El     62   SH4                                     EL1     68     77     78     69           5      0
    3.6057    2.6057    0.0000        Z  -5.0283e-02  -4.5114e-01   2.0996e-01   3.4172e-02   1.0848e-02   2.8958e-02  -1.4688e-01  -6.4170e-03     1.0000  0.0000 -0.0000  -0.0000  1.0000 -0.0000
    3.6057    2.8943    0.0000        Z  -1.2585e-01  -4.6625e-01   2.9271e-01   3.5620e-02   1.1138e-02   2.7890e-02  -1.5545e-01  -6.4170e-03     1.0000  0.0000 -0.0000  -0.0000  1.0000 -0.0000
    3.8943    2.6057    0.0000        Z  -8.9065e-03  -2.4425e-01   1.7973e-01   3.3638e-02   8.1780e-03   2.9537e-02  -1.4688e-01  -1.5387e-01     1.0000  0.0000 -0.0000  -0.0000  1.0000 -0.0000
    3.8943    2.8943    0.0000        Z  -8.4476e-02  -2.5937e-01   2.6248e-01   3.5086e-02   8.4674e-03   2.8469e-02  -1.5545e-01  -1.5387e-01     1.0000  0.0000 -0.0000  -0.0000  1.0000 -0.0000
El     63   SH4                                     EL1     69     78     79     70           5      0
    3.6057    3.1057    0.0000        Z  -9.1761e-02  -1.4453e-01   2.8275e-02   3.5732e-02   6.1132e-03   2.7363e-02  -1.4326e-01  -9.1049e-03     1.0000  0.0000 -0.0000  -0.0000  1.0000 -0.0000
    3.6057    3.3943    0.0000        Z  -1.0229e-01  -1.4663e-01   1.0572e-01   3.7462e-02   6.4593e-03   2.7768e-02  -1.0139e-01  -9.1049e-03     1.0000  0.0000 -0.0000  -0.0000  1.0000 -0.0000
    3.8943    3.1057    0.0000        Z  -5.3039e-02   4.9082e-02   2.4065e-02   3.5934e-02   7.1255e-03   2.8055e-02  -1.4326e-01  -1.3614e-01     1.0000  0.0000 -0.0000  -0.0000  1.0000 -0.0000
    3.8943    3.3943    0.0000        Z  -6.3563e-02   4.6977e-02   1.0151e-01   3.7665e-02   7.4717e-03   2.8460e-02  -1.0139e-01  -1.3614e-01     1.0000  0.0000 -0.0000  -0.0000  1.0000 -0.0000
El     64   SH4                                     EL1     70     79     80     71           5      0
    3.6057    3.6057    0.0000        Z  -4.4052e-02  -5.0833e-03  -7.5763e-02   3.7461e-02  -8.8914e-04   2.8573e-02  -1.4785e-01  -7.7268e-03     1.0000  0.0000 -0.0000  -0.0000  1.0000 -0.0000
    3.6057    3.8943    0.0000        Z   5.1631e-02   1.4053e-02  -5.6874e-02   3.9909e-02  -3.9944e-04   3.0581e-02  -3.1665e-01  -7.7268e-03     1.0000  0.0000 -0.0000  -0.0000  1.0000 -0.0000
    3.8943    3.6057    0.0000        Z  -3.4607e-02   4.2140e-02  -3.7490e-02   3.8465e-02   4.1308e-03   2.9553e-02  -1.4785e-01  -1.7017e-01     1.0000  0.0000 -0.0000  -0.0000  1.0000 -0.0000
    3.8943    3.8943    0.0000        Z   6.1076e-02   6.1277e-02  -1.8600e-02   4.0913e-02   4.6205e-03   3.1561e-02  -3.1665e-01  -1.7017e-01     1.0000  0.0000 -0.0000  -0.0000  1.0000 -0.0000
