  1.0000
    1   0.0000   0.0000   0.0000  0.0000e+00 -4.2651e-07 -4.2651e-07    8.2140e-04  8.2140e-04 -5.6792e-03   -1.0600e-02 -1.4826e-17 -3.5779e-18
    2   0.2500   0.2500   0.0000 -2.0246e-05 -9.7569e-06 -9.7569e-06    6.5471e-04  6.5471e-04 -5.6195e-03    1.9093e-16  2.8731e-18 -2.2684e-17
    3   0.5000   0.0000   0.0000  0.0000e+00 -2.4559e-07 -2.0002e-05    9.7100e-05  1.0899e-04 -5.0446e-03    5.2701e-03 -1.3844e-17 -2.1684e-19
    4   0.7500   0.2500   0.0000 -5.5750e-05 -7.6996e-06 -2.7360e-05    1.2402e-03  1.4218e-03 -4.3181e-03    2.4297e-16  1.0869e-16 -6.6052e-17
    5   1.0000   0.0000   0.0000  0.0000e+00 -9.5193e-08 -3.5729e-05    1.9073e-04  2.2407e-04 -3.6176e-03    7.3719e-03 -3.9980e-19 -2.6780e-16
    6   1.2500   0.2500   0.0000 -8.1056e-05 -4.8338e-06 -3.9846e-05    1.4919e-03  1.8827e-03 -2.7138e-03   -7.4051e-17 -3.2689e-17 -2.4039e-16
    7   1.5000   0.0000   0.0000  0.0000e+00 -5.2525e-08 -4.5539e-05    2.1213e-04  2.8955e-04 -1.8583e-03    8.3288e-03 -2.5096e-16 -3.7513e-17
    8   1.7500   0.2500   0.0000 -9.4107e-05 -1.6395e-06 -4.6282e-05    1.6020e-03  2.1007e-03 -9.2221e-04    1.6361e-16  4.1742e-18 -3.4708e-16
    9   2.0000   0.0000   0.0000  0.0000e+00 -6.3358e-20 -4.8866e-05    2.0112e-04  2.9986e-04 -1.8280e-16    8.6586e-03 -1.2964e-16 -1.3910e-16
   10   2.2500   0.2500   0.0000 -9.4107e-05  1.6395e-06 -4.6282e-05    1.6020e-03  2.1007e-03  9.2221e-04    5.9902e-16  1.9022e-16  7.9015e-17
   11   2.5000   0.0000   0.0000  0.0000e+00  5.2525e-08 -4.5539e-05    2.1213e-04  2.8955e-04  1.8583e-03    8.3288e-03  3.0392e-17 -2.1099e-16
   12   2.7500   0.2500   0.0000 -8.1056e-05  4.8338e-06 -3.9846e-05    1.4919e-03  1.8827e-03  2.7138e-03    7.1742e-16  2.5788e-16 -2.2825e-16
   13   3.0000   0.0000   0.0000  0.0000e+00  9.5193e-08 -3.5729e-05    1.9073e-04  2.2407e-04  3.6176e-03    7.3719e-03  1.7686e-18 -2.3440e-16
   14   3.2500   0.2500   0.0000 -5.5750e-05  7.6996e-06 -2.7360e-05    1.2402e-03  1.4218e-03  4.3181e-03    4.5092e-16 -6.2179e-17 -5.3909e-17
   15   3.5000   0.0000   0.0000  0.0000e+00  2.4559e-07 -2.0002e-05    9.7100e-05  1.0899e-04  5.0446e-03    5.2701e-03 -7.9763e-17 -9.3025e-17
   16   3.7500   0.2500   0.0000 -2.0246e-05  9.7569e-06 -9.7569e-06    6.5471e-04  6.5471e-04  5.6195e-03    2.7159e-16 -3.7459e-17  4.8440e-17
   17   4.0000   0.0000   0.0000  0.0000e+00  4.2651e-07 -4.2651e-07    8.2140e-04  8.2140e-04  5.6792e-03   -1.0600e-02  3.6538e-17 -5.5674e-17
   18   0.0000   0.5000   0.0000  0.0000e+00 -2.0002e-05 -2.4559e-07    1.0899e-04  9.7100e-05 -5.0446e-03    5.2701e-03 -4.7868e-17  2.0356e-17
   19   0.2500   0.7500   0.0000 -5.5750e-05 -2.7360e-05 -7.6996e-06    1.4218e-03  1.2402e-03 -4.3181e-03    9.0314e-17  9.3946e-17 -7.1256e-17
   20   0.5000   0.5000   0.0000 -7.5593e-05 -1.7547e-05 -1.7547e-05    1.8090e-03  1.8090e-03 -4.5418e-03   -2.6888e-16 -3.9237e-16 -4.8274e-17
   21   0.7500   0.7500   0.0000 -1.5489e-04 -2.1788e-05 -2.1788e-05    3.0509e-03  3.0509e-03 -3.4748e-03    3.8088e-16 -2.2264e-16 -2.8029e-16
   22   1.0000   0.5000   0.0000 -1.3565e-04 -1.2522e-05 -3.1727e-05    2.5534e-03  2.9278e-03 -3.2961e-03    1.3496e-15 -2.3667e-16 -5.1752e-16
   23   1.2500   0.7500   0.0000 -2.2625e-04 -1.3729e-05 -3.2033e-05    3.8362e-03  4.2576e-03 -2.2245e-03    1.1654e-15  3.0905e-16 -6.7407e-16
   24   1.5000   0.5000   0.0000 -1.7347e-04 -6.4512e-06 -4.0671e-05    2.9012e-03  3.5691e-03 -1.7038e-03    4.8420e-16  1.5581e-16 -4.2818e-16
   25   1.7500   0.7500   0.0000 -2.6314e-04 -4.6657e-06 -3.7375e-05    4.1530e-03  4.8461e-03 -7.5955e-04    2.1447e-15  8.2600e-16 -8.9612e-16
   26   2.0000   0.5000   0.0000 -1.8632e-04 -7.0264e-19 -4.3712e-05    3.0023e-03  3.7778e-03 -1.4487e-16    2.6758e-16 -5.3852e-16  2.8653e-16
   27   2.2500   0.7500   0.0000 -2.6314e-04  4.6657e-06 -3.7375e-05    4.1530e-03  4.8461e-03  7.5955e-04    4.6024e-16  7.0110e-16 -7.8650e-16
   28   2.5000   0.5000   0.0000 -1.7347e-04  6.4512e-06 -4.0671e-05    2.9012e-03  3.5691e-03  1.7038e-03   -4.3737e-16 -6.1658e-16  2.0760e-16
   29   2.7500   0.7500   0.0000 -2.2625e-04  1.3729e-05 -3.2033e-05    3.8362e-03  4.2576e-03  2.2245e-03    1.5497e-15 -3.0157e-16 -3.6963e-16
   30   3.0000   0.5000   0.0000 -1.3565e-04  1.2522e-05 -3.1727e-05    2.5534e-03  2.9278e-03  3.2961e-03   -1.8778e-16 -2.4869e-18 -3.2887e-16
   31   3.2500   0.7500   0.0000 -1.5489e-04  2.1788e-05 -2.1788e-05    3.0509e-03  3.0509e-03  3.4748e-03    9.1474e-16  4.4870e-16 -2.4820e-16
   32   3.5000   0.5000   0.0000 -7.5593e-05  1.7547e-05 -1.7547e-05    1.8090e-03  1.8090e-03  4.5418e-03   -1.0885e-16 -3.1214e-16 -9.0775e-17
   33   3.7500   0.7500   0.0000 -5.5750e-05  2.7360e-05 -7.6996e-06    1.4218e-03  1.2402e-03  4.3181e-03    5.5186e-17 -5.8710e-17 -8.6868e-17
   34   4.0000   0.5000   0.0000  0.0000e+00  2.0002e-05 -2.4559e-07    1.0899e-04  9.7100e-05  5.0446e-03    5.2701e-03 -9.5139e-17 -3.6321e-18
   35   0.0000   1.0000   0.0000  0.0000e+00 -3.5729e-05 -9.5193e-08    2.2407e-04  1.9073e-04 -3.6176e-03    7.3719e-03  5.1879e-17 -2.0451e-16
   36   0.2500   1.2500   0.0000 -8.1056e-05 -3.9846e-05 -4.8338e-06    1.8827e-03  1.4919e-03 -2.7138e-03    2.6292e-16  1.4252e-16 -1.2937e-16
   37   0.5000   1.0000   0.0000 -1.3565e-04 -3.1727e-05 -1.2522e-05    2.9278e-03  2.5534e-03 -3.2961e-03   -3.6863e-17 -2.7310e-16 -1.1159e-16
   38   0.7500   1.2500   0.0000 -2.2625e-04 -3.2033e-05 -1.3729e-05    4.2576e-03  3.8362e-03 -2.2245e-03    1.4215e-15 -2.1483e-16 -9.2040e-16
   39   1.0000   1.0000   0.0000 -2.4473e-04 -2.2849e-05 -2.2849e-05    4.3252e-03  4.3252e-03 -2.4304e-03    5.2996e-16 -2.3147e-16 -1.1766e-16
   40   1.2500   1.2500   0.0000 -3.3155e-04 -2.0311e-05 -2.0311e-05    5.4539e-03  5.4539e-03 -1.4411e-03    6.2418e-16  9.2211e-17 -7.4433e-16
   41   1.5000   1.0000   0.0000 -3.1385e-04 -1.1819e-05 -2.9476e-05    4.9818e-03  5.4018e-03 -1.2714e-03    1.7670e-15 -7.3974e-16 -5.2793e-16
   42   1.7500   1.2500   0.0000 -3.8621e-04 -6.9205e-06 -2.3778e-05    5.9435e-03  6.2686e-03 -4.9543e-04    3.4136e-15  1.0515e-15 -2.5687e-16
   43   2.0000   1.0000   0.0000 -3.3739e-04 -9.4545e-19 -3.1748e-05    5.1719e-03  5.7599e-03  1.7442e-17    1.7356e-15 -2.8091e-16  8.4598e-16
   44   2.2500   1.2500   0.0000 -3.8621e-04  6.9205e-06 -2.3778e-05    5.9435e-03  6.2686e-03  4.9543e-04    3.0901e-15 -3.9178e-16  1.0823e-16
   45   2.5000   1.0000   0.0000 -3.1385e-04  1.1819e-05 -2.9476e-05    4.9818e-03  5.4018e-03  1.2714e-03    8.4286e-16  2.2910e-16  1.4948e-15
   46   2.7500   1.2500   0.0000 -3.3155e-04  2.0311e-05 -2.0311e-05    5.4539e-03  5.4539e-03  1.4411e-03   -1.5938e-17  3.9579e-16  7.2404e-18
   47   3.0000   1.0000   0.0000 -2.4473e-04  2.2849e-05 -2.2849e-05    4.3252e-03  4.3252e-03  2.4304e-03   -1.4572e-16 -1.1264e-16 -3.2063e-16
   48   3.2500   1.2500   0.0000 -2.2625e-04  3.2033e-05 -1.3729e-05    4.2576e-03  3.8362e-03  2.2245e-03    9.6331e-16 -1.6540e-16 -2.0081e-17
   49   3.5000   1.0000   0.0000 -1.3565e-04  3.1727e-05 -1.2522e-05    2.9278e-03  2.5534e-03  3.2961e-03    4.1655e-16 -8.1694e-16 -2.3562e-16
   50   3.7500   1.2500   0.0000 -8.1056e-05  3.9846e-05 -4.8338e-06    1.8827e-03  1.4919e-03  2.7138e-03   -3.2038e-16 -1.8404e-16  1.3691e-16
   51   4.0000   1.0000   0.0000  0.0000e+00  3.5729e-05 -9.5193e-08    2.2407e-04  1.9073e-04  3.6176e-03    7.3719e-03 -4.0739e-16 -1.0555e-16
   52   0.0000   1.5000   0.0000  0.0000e+00 -4.5539e-05 -5.2525e-08    2.8955e-04  2.1213e-04 -1.8583e-03    8.3288e-03  4.0620e-16 -3.6782e-17
   53   0.2500   1.7500   0.0000 -9.4107e-05 -4.6282e-05 -1.6395e-06    2.1007e-03  1.6020e-03 -9.2221e-04   -6.6125e-16 -1.6019e-16 -4.7610e-16
   54   0.5000   1.5000   0.0000 -1.7347e-04 -4.0671e-05 -6.4512e-06    3.5691e-03  2.9012e-03 -1.7038e-03    4.9136e-16 -1.0093e-16 -5.0364e-16
   55   0.7500   1.7500   0.0000 -2.6314e-04 -3.7375e-05 -4.6657e-06    4.8461e-03  4.1530e-03 -7.5955e-04    1.1246e-15  2.0670e-16  2.0803e-16
   56   1.0000   1.5000   0.0000 -3.1385e-04 -2.9476e-05 -1.1819e-05    5.4018e-03  4.9818e-03 -1.2714e-03   -1.6523e-16  3.1340e-17  7.7919e-16
   57   1.2500   1.7500   0.0000 -3.8621e-04 -2.3778e-05 -6.9205e-06    6.2686e-03  5.9435e-03 -4.9543e-04    4.4637e-16 -3.0678e-16 -1.3467e-15
   58   1.5000   1.5000   0.0000 -4.0322e-04 -1.5303e-05 -1.5303e-05    6.2738e-03  6.2738e-03 -6.7090e-04    9.7947e-16 -1.3937e-15  5.8490e-16
   59   1.7500   1.7500   0.0000 -4.5027e-04 -8.1148e-06 -8.1148e-06    6.8586e-03  6.8586e-03 -1.7100e-04   -9.6396e-16 -6.6239e-16 -2.1875e-15
   60   2.0000   1.5000   0.0000 -4.3373e-04 -7.5995e-19 -1.6504e-05    6.5273e-03  6.7098e-03  3.7388e-17   -2.4009e-15 -7.0418e-16 -1.6970e-16
   61   2.2500   1.7500   0.0000 -4.5027e-04  8.1148e-06 -8.1148e-06    6.8586e-03  6.8586e-03  1.7100e-04    2.3112e-15  3.4895e-16 -1.4939e-15
   62   2.5000   1.5000   0.0000 -4.0322e-04  1.5303e-05 -1.5303e-05    6.2738e-03  6.2738e-03  6.7090e-04    1.7022e-15 -1.8897e-16  2.8522e-15
   63   2.7500   1.7500   0.0000 -3.8621e-04  2.3778e-05 -6.9205e-06    6.2686e-03  5.9435e-03  4.9543e-04   -1.1253e-15  1.1823e-16 -4.7696e-16
   64   3.0000   1.5000   0.0000 -3.1385e-04  2.9476e-05 -1.1819e-05    5.4018e-03  4.9818e-03  1.2714e-03    2.2538e-15 -4.7867e-16  1.3040e-16
   65   3.2500   1.7500   0.0000 -2.6314e-04  3.7375e-05 -4.6657e-06    4.8461e-03  4.1530e-03  7.5955e-04    1.7439e-15 -2.6514e-16 -3.8914e-16
   66   3.5000   1.5000   0.0000 -1.7347e-04  4.0671e-05 -6.4512e-06    3.5691e-03  2.9012e-03  1.7038e-03    2.6541e-16 -1.6054e-15  3.7676e-18
   67   3.7500   1.7500   0.0000 -9.4107e-05  4.6282e-05 -1.6395e-06    2.1007e-03  1.6020e-03  9.2221e-04    8.5229e-16 -1.5238e-16 -2.2088e-16
   68   4.0000   1.5000   0.0000  0.0000e+00  4.5539e-05 -5.2525e-08    2.8955e-04  2.1213e-04  1.8583e-03    8.3288e-03  8.8742e-17  2.8027e-17
   69   0.0000   2.0000   0.0000  0.0000e+00 -4.8866e-05 -6.9371e-21    2.9986e-04  2.0112e-04 -1.3010e-17    8.6586e-03  8.9501e-17 -4.9659e-16
   70   0.2500   2.2500   0.0000 -9.4107e-05 -4.6282e-05  1.6395e-06    2.1007e-03  1.6020e-03  9.2221e-04    1.1715e-15  3.1496e-17  2.4588e-17
   71   0.5000   2.0000   0.0000 -1.8632e-04 -4.3712e-05 -1.1076e-19    3.7778e-03  3.0023e-03 -3.6416e-17    6.0802e-16 -9.0524e-17 -3.6757e-16
   72   0.7500   2.2500   0.0000 -2.6314e-04 -3.7375e-05  4.6657e-06    4.8461e-03  4.1530e-03  7.5955e-04    4.3769e-16  2.6395e-16  2.0066e-16
   73   1.0000   2.0000   0.0000 -3.3739e-04 -3.1748e-05 -1.2483e-19    5.7599e-03  5.1719e-03  2.5614e-17    2.2885e-15  9.3340e-16 -3.3364e-16
   74   1.2500   2.2500   0.0000 -3.8621e-04 -2.3778e-05  6.9205e-06    6.2686e-03  5.9435e-03  4.9543e-04    4.2237e-15  6.9660e-17  4.3203e-16
   75   1.5000   2.0000   0.0000 -4.3373e-04 -1.6504e-05 -1.1530e-19    6.7098e-03  6.5273e-03 -3.9790e-17    1.3561e-15 -1.6555e-16 -3.2496e-16
   76   1.7500   2.2500   0.0000 -4.5027e-04 -8.1148e-06  8.1148e-06    6.8586e-03  6.8586e-03  1.7100e-04    3.9262e-15  1.0394e-15 -2.5622e-16
   77   2.0000   2.0000   0.0000 -4.6665e-04 -8.0767e-19 -3.6055e-19    6.9867e-03  6.9867e-03 -1.0982e-16    1.2488e-15  1.5726e-15 -3.0068e-16
   78   2.2500   2.2500   0.0000 -4.5027e-04  8.1148e-06  8.1148e-06    6.8586e-03  6.8586e-03 -1.7100e-04    9.7199e-16  1.3211e-16  3.4402e-16
   79   2.5000   2.0000   0.0000 -4.3373e-04  1.6504e-05 -6.0583e-19    6.7098e-03  6.5273e-03  1.5999e-17    7.4203e-16 -5.7495e-16  7.1587e-16
   80   2.7500   2.2500   0.0000 -3.8621e-04  2.3778e-05  6.9205e-06    6.2686e-03  5.9435e-03 -4.9543e-04    3.1886e-16  3.9579e-16  1.2423e-16
   81   3.0000   2.0000   0.0000 -3.3739e-04  3.1748e-05 -4.5159e-19    5.7599e-03  5.1719e-03  1.8431e-17    3.2461e-16 -8.8373e-16  1.4419e-15
   82   3.2500   2.2500   0.0000 -2.6314e-04  3.7375e-05  4.6657e-06    4.8461e-03  4.1530e-03 -7.5955e-04    7.0484e-16  7.5141e-16 -7.3826e-16
   83   3.5000   2.0000   0.0000 -1.8632e-04  4.3712e-05 -3.8813e-19    3.7778e-03  3.0023e-03  7.0311e-17   -4.5667e-16  1.2258e-17 -1.0986e-16
   84   3.7500   2.2500   0.0000 -9.4107e-05  4.6282e-05  1.6395e-06    2.1007e-03  1.6020e-03 -9.2221e-04   -2.8482e-16 -1.5152e-16 -4.5885e-17
   85   4.0000   2.0000   0.0000  0.0000e+00  4.8866e-05 -5.4064e-20    2.9986e-04  2.0112e-04  8.8119e-17    8.6586e-03 -1.8415e-16  1.3992e-16
   86   0.0000   2.5000   0.0000  0.0000e+00 -4.5539e-05  5.2525e-08    2.8955e-04  2.1213e-04  1.8583e-03    8.3288e-03 -8.6248e-17  1.0406e-16
   87   0.2500   2.7500   0.0000 -8.1056e-05 -3.9846e-05  4.8338e-06    1.8827e-03  1.4919e-03  2.7138e-03    1.0965e-15  4.8843e-17 -1.4758e-16
   88   0.5000   2.5000   0.0000 -1.7347e-04 -4.0671e-05  6.4512e-06    3.5691e-03  2.9012e-03  1.7038e-03   -6.9215e-16  6.0033e-16  6.4345e-16
   89   0.7500   2.7500   0.0000 -2.2625e-04 -3.2033e-05  1.3729e-05    4.2576e-03  3.8362e-03  2.2245e-03    4.8453e-16  2.0058e-18 -1.5539e-16
   90   1.0000   2.5000   0.0000 -3.1385e-04 -2.9476e-05  1.1819e-05    5.4018e-03  4.9818e-03  1.2714e-03   -2.9490e-17 -9.1929e-16  8.7460e-16
   91   1.2500   2.7500   0.0000 -3.3155e-04 -2.0311e-05  2.0311e-05    5.4539e-03  5.4539e-03  1.4411e-03   -8.5034e-16 -3.4667e-16 -1.6091e-15
   92   1.5000   2.5000   0.0000 -4.0322e-04 -1.5303e-05  1.5303e-05    6.2738e-03  6.2738e-03  6.7090e-04   -9.5887e-16 -1.8560e-15  1.5884e-15
   93   1.7500   2.7500   0.0000 -3.8621e-04 -6.9205e-06  2.3778e-05    5.9435e-03  6.2686e-03  4.9543e-04    3.9696e-15 -3.4320e-16  1.0959e-16
   94   2.0000   2.5000   0.0000 -4.3373e-04 -1.1542e-18  1.6504e-05    6.5273e-03  6.7098e-03 -1.8794e-17   -1.4960e-15  7.4084e-16  7.6705e-16
   95   2.2500   2.7500   0.0000 -3.8621e-04  6.9205e-06  2.3778e-05    5.9435e-03  6.2686e-03 -4.9543e-04    1.3901e-15 -3.7963e-16 -1.1256e-15
   96   2.5000   2.5000   0.0000 -4.0322e-04  1.5303e-05  1.5303e-05    6.2738e-03  6.2738e-03 -6.7090e-04    2.0077e-15 -6.7903e-16  8.0087e-16
   97   2.7500   2.7500   0.0000 -3.3155e-04  2.0311e-05  2.0311e-05    5.4539e-03  5.4539e-03 -1.4411e-03    1.7734e-15  5.5538e-16  5.7319e-16
   98   3.0000   2.5000   0.0000 -3.1385e-04  2.9476e-05  1.1819e-05    5.4018e-03  4.9818e-03 -1.2714e-03    1.5890e-15  1.2415e-16 -1.1672e-15
   99   3.2500   2.7500   0.0000 -2.2625e-04  3.2033e-05  1.3729e-05    4.2576e-03  3.8362e-03 -2.2245e-03   -2.2064e-16  5.6839e-16 -2.0570e-16
  100   3.5000   2.5000   0.0000 -1.7347e-04  4.0671e-05  6.4512e-06    3.5691e-03  2.9012e-03 -1.7038e-03    4.7358e-16 -5.9793e-16  4.3138e-16
  101   3.7500   2.7500   0.0000 -8.1056e-05  3.9846e-05  4.8338e-06    1.8827e-03  1.4919e-03 -2.7138e-03    2.8330e-16  2.5354e-16 -1.5973e-16
  102   4.0000   2.5000   0.0000  0.0000e+00  4.5539e-05  5.2525e-08    2.8955e-04  2.1213e-04 -1.8583e-03    8.3288e-03 -5.4942e-16 -3.4320e-16
  103   0.0000   3.0000   0.0000  0.0000e+00 -3.5729e-05  9.5193e-08    2.2407e-04  1.9073e-04  3.6176e-03    7.3719e-03  1.6117e-16  4.4666e-16
  104   0.2500   3.2500   0.0000 -5.5750e-05 -2.7360e-05  7.6996e-06    1.4218e-03  1.2402e-03  4.3181e-03    3.5096e-16  5.4915e-17  1.7507e-16
  105   0.5000   3.0000   0.0000 -1.3565e-04 -3.1727e-05  1.2522e-05    2.9278e-03  2.5534e-03  3.2961e-03    5.5511e-16  3.5053e-16  1.4385e-16
  106   0.7500   3.2500   0.0000 -1.5489e-04 -2.1788e-05  2.1788e-05    3.0509e-03  3.0509e-03  3.4748e-03    1.0596e-15  4.3048e-16  3.3373e-18
  107   1.0000   3.0000   0.0000 -2.4473e-04 -2.2849e-05  2.2849e-05    4.3252e-03  4.3252e-03  2.4304e-03    4.9266e-16  4.8931e-16 -9.5770e-16
  108   1.2500   3.2500   0.0000 -2.2625e-04 -1.3729e-05  3.2033e-05    3.8362e-03  4.2576e-03  2.2245e-03    3.6500e-15  4.9120e-16  4.2834e-16
  109   1.5000   3.0000   0.0000 -3.1385e-04 -1.1819e-05  2.9476e-05    4.9818e-03  5.4018e-03  1.2714e-03    5.3234e-16 -1.1309e-15 -8.2066e-16
  110   1.7500   3.2500   0.0000 -2.6314e-04 -4.6657e-06  3.7375e-05    4.1530e-03  4.8461e-03  7.5955e-04    1.4681e-15  1.8936e-16  2.3287e-17
  111   2.0000   3.0000   0.0000 -3.3739e-04 -1.2218e-18  3.1748e-05    5.1719e-03  5.7599e-03  7.3380e-17    7.6089e-16 -1.1654e-16  7.3495e-16
  112   2.2500   3.2500   0.0000 -2.6314e-04  4.6657e-06  3.7375e-05    4.1530e-03  4.8461e-03 -7.5955e-04    1.1923e-15  1.4149e-17 -2.8246e-16
  113   2.5000   3.0000   0.0000 -3.1385e-04  1.1819e-05  2.9476e-05    4.9818e-03  5.4018e-03 -1.2714e-03   -1.5131e-15 -1.8461e-15  7.3756e-16
  114   2.7500   3.2500   0.0000 -2.2625e-04  1.3729e-05  3.2033e-05    3.8362e-03  4.2576e-03 -2.2245e-03    2.1429e-15  1.7461e-16 -1.7794e-16
  115   3.0000   3.0000   0.0000 -2.4473e-04  2.2849e-05  2.2849e-05    4.3252e-03  4.3252e-03 -2.4304e-03   -9.7838e-16  5.3571e-16 -3.2149e-16
  116   3.2500   3.2500   0.0000 -1.5489e-04  2.1788e-05  2.1788e-05    3.0509e-03  3.0509e-03 -3.4748e-03    9.7979e-16  2.1538e-16 -2.0309e-16
  117   3.5000   3.0000   0.0000 -1.3565e-04  3.1727e-05  1.2522e-05    2.9278e-03  2.5534e-03 -3.2961e-03    1.1042e-15  1.7315e-16  4.7301e-16
  118   3.7500   3.2500   0.0000 -5.5750e-05  2.7360e-05  7.6996e-06    1.4218e-03  1.2402e-03 -4.3181e-03    2.3094e-17  2.1088e-17 -1.3371e-16
  119   4.0000   3.0000   0.0000  0.0000e+00  3.5729e-05  9.5193e-08    2.2407e-04  1.9073e-04 -3.6176e-03    7.3719e-03  2.2752e-16  1.7201e-16
  120   0.0000   3.5000   0.0000  0.0000e+00 -2.0002e-05  2.4559e-07    1.0899e-04  9.7100e-05  5.0446e-03    5.2701e-03 -2.0920e-16  2.3156e-16
  121   0.2500   3.7500   0.0000 -2.0246e-05 -9.7569e-06  9.7569e-06    6.5471e-04  6.5471e-04  5.6195e-03    9.2916e-17  4.7542e-17  3.6297e-17
  122   0.5000   3.5000   0.0000 -7.5593e-05 -1.7547e-05  1.7547e-05    1.8090e-03  1.8090e-03  4.5418e-03    5.0220e-16  2.2667e-17  4.9990e-16
  123   0.7500   3.7500   0.0000 -5.5750e-05 -7.6996e-06  2.7360e-05    1.2402e-03  1.4218e-03  4.3181e-03    2.5251e-16  4.1904e-17 -2.9622e-17
  124   1.0000   3.5000   0.0000 -1.3565e-04 -1.2522e-05  3.1727e-05    2.5534e-03  2.9278e-03  3.2961e-03   -1.0764e-15  7.2106e-17  7.4363e-16
  125   1.2500   3.7500   0.0000 -8.1056e-05 -4.8338e-06  3.9846e-05    1.4919e-03  1.8827e-03  2.7138e-03    1.1764e-16  1.3281e-17 -1.6406e-16
  126   1.5000   3.5000   0.0000 -1.7347e-04 -6.4512e-06  4.0671e-05    2.9012e-03  3.5691e-03  1.7038e-03    5.5988e-16  5.0579e-16  6.4757e-16
  127   1.7500   3.7500   0.0000 -9.4107e-05 -1.6395e-06  4.6282e-05    1.6020e-03  2.1007e-03  9.2221e-04    1.1276e-17 -3.5291e-17 -1.8669e-18
  128   2.0000   3.5000   0.0000 -1.8632e-04 -7.6694e-19  4.3712e-05    3.0023e-03  3.7778e-03  1.7618e-16   -1.9299e-16 -1.6447e-16 -3.3884e-16
  129   2.2500   3.7500   0.0000 -9.4107e-05  1.6395e-06  4.6282e-05    1.6020e-03  2.1007e-03 -9.2221e-04    3.3491e-16  8.6140e-17  3.0279e-16
  130   2.5000   3.5000   0.0000 -1.7347e-04  6.4512e-06  4.0671e-05    2.9012e-03  3.5691e-03 -1.7038e-03   -5.5945e-16 -6.9312e-16  6.7085e-17
  131   2.7500   3.7500   0.0000 -8.1056e-05  4.8338e-06  3.9846e-05    1.4919e-03  1.8827e-03 -2.7138e-03    1.3672e-16  3.9302e-17 -3.4827e-17
  132   3.0000   3.5000   0.0000 -1.3565e-04  1.2522e-05  3.1727e-05    2.5534e-03  2.9278e-03 -3.2961e-03    7.0863e-16  5.0752e-16  5.8577e-16
  133   3.2500   3.7500   0.0000 -5.5750e-05  7.6996e-06  2.7360e-05    1.2402e-03  1.4218e-03 -4.3181e-03   -2.1576e-17  4.4506e-17  1.1523e-16
  134   3.5000   3.5000   0.0000 -7.5593e-05  1.7547e-05  1.7547e-05    1.8090e-03  1.8090e-03 -4.5418e-03    3.3220e-16 -2.6660e-16  4.3138e-16
  135   3.7500   3.7500   0.0000 -2.0246e-05  9.7569e-06  9.7569e-06    6.5471e-04  6.5471e-04 -5.6195e-03    1.3520e-16  1.9353e-17 -1.1636e-16
  136   4.0000   3.5000   0.0000  0.0000e+00  2.0002e-05  2.4559e-07    1.0899e-04  9.7100e-05 -5.0446e-03    5.2701e-03 -1.3070e-16  1.5884e-17
  137   0.0000   4.0000   0.0000  0.0000e+00 -4.2651e-07  4.2651e-07    8.2140e-04  8.2140e-04  5.6792e-03   -1.0600e-02 -4.6946e-17  1.5694e-17
  138   0.5000   4.0000   0.0000  0.0000e+00 -2.4559e-07  2.0002e-05    9.7100e-05  1.0899e-04  5.0446e-03    5.2701e-03  7.8157e-17  5.7463e-18
  139   1.0000   4.0000   0.0000  0.0000e+00 -9.5193e-08  3.5729e-05    1.9073e-04  2.2407e-04  3.6176e-03    7.3719e-03  1.6359e-16 -5.6704e-17
  140   1.5000   4.0000   0.0000  0.0000e+00 -5.2525e-08  4.5539e-05    2.1213e-04  2.8955e-04  1.8583e-03    8.3288e-03  8.6723e-17  4.9548e-17
  141   2.0000   4.0000   0.0000  0.0000e+00 -4.9788e-20  4.8866e-05    2.0112e-04  2.9986e-04  2.0508e-16    8.6586e-03 -3.0696e-17  2.1597e-16
  142   2.5000   4.0000   0.0000  0.0000e+00  5.2525e-08  4.5539e-05    2.1213e-04  2.8955e-04 -1.8583e-03    8.3288e-03  3.6612e-16 -8.3592e-17
  143   3.0000   4.0000   0.0000  0.0000e+00  9.5193e-08  3.5729e-05    1.9073e-04  2.2407e-04 -3.6176e-03    7.3719e-03  5.2137e-17 -2.0275e-17
  144   3.5000   4.0000   0.0000  0.0000e+00  2.4559e-07  2.0002e-05    9.7100e-05  1.0899e-04 -5.0446e-03    5.2701e-03  5.2990e-18  6.9931e-17
  145   4.0000   4.0000   0.0000  0.0000e+00  4.2651e-07  4.2651e-07    8.2140e-04  8.2140e-04 -5.6792e-03   -1.0600e-02  3.3149e-17  4.1200e-17
