  1.0000
    1   0.0000   0.0000   0.0000  0.0000e+00  0.0000e+00  0.0000e+00 -1.4536e-04 -2.3311e-04  1.5188e-06  2.0404e+00  4.2168e-02  2.5981e-07  5.7721e-08
    2   0.0000   0.5000   0.0000  9.7976e-04 -1.5262e-03  0.0000e+00  3.5424e-04 -2.7421e-03 -8.2696e-07  8.4353e-07  5.5179e-02  2.2265e-07 -3.9814e-09
    3   0.0000   1.0000   0.0000  1.1384e-03 -1.9354e-03  0.0000e+00  8.0656e-05 -4.6550e-03  8.3267e-17  3.3307e-16 -1.1751e-01  1.4311e-17  2.4286e-17
    4   0.0000   1.5000   0.0000  1.1517e-03 -2.1729e-03  0.0000e+00  1.5629e-04 -6.2962e-03  5.4123e-16 -3.3307e-16 -7.6690e-02  8.6736e-18 -9.7145e-17
    5   0.0000   2.0000   0.0000  1.1303e-03 -2.3093e-03  0.0000e+00  8.6958e-05 -7.6204e-03  3.8858e-16 -5.5511e-17 -9.6054e-02 -6.9823e-17 -2.9490e-17
    6   0.0000   2.5000   0.0000  1.1159e-03 -2.3731e-03  0.0000e+00  8.4205e-05 -8.6884e-03  4.0246e-16 -2.2204e-16 -8.7981e-02 -1.7347e-18  1.1276e-16
    7   0.0000   3.0000   0.0000  1.1412e-03 -2.3865e-03  0.0000e+00  7.2166e-05 -9.5720e-03  9.5063e-16 -1.1813e-15 -8.7868e-02  2.4937e-17  3.5562e-17
    8   0.0000   3.5000   0.0000  1.2206e-03 -2.3764e-03  0.0000e+00  6.5244e-05 -1.0448e-02 -2.3332e-16  7.0430e-16 -7.9302e-02  2.2118e-17 -7.8063e-17
    9   0.0000   4.0000   0.0000  1.3299e-03 -2.3713e-03  0.0000e+00  1.0752e-04 -1.1342e-02 -3.4694e-18  1.0408e-16 -1.1045e-01  3.8923e-17 -1.4637e-16
   10   0.5000   0.0000   0.0000  5.1401e-04 -2.0691e-03  0.0000e+00  2.7120e-03 -1.1601e-04 -3.8486e-07 -7.1476e-07 -4.6861e-04  9.9911e-08  2.5307e-08
   11   0.5000   0.5000   0.0000  1.0376e-03 -1.9993e-03  1.2324e-03  2.1917e-03 -2.1455e-03 -3.0696e-07 -4.1917e-07 -2.8623e-07  8.5404e-08  4.5870e-09
   12   0.5000   1.0000   0.0000  1.1655e-03 -2.1176e-03  2.2293e-03  1.7150e-03 -4.1549e-03 -7.2164e-16  5.5511e-16  7.9797e-16  6.9389e-18 -1.6740e-16
   13   0.5000   1.5000   0.0000  1.1762e-03 -2.2458e-03  3.0236e-03  1.3955e-03 -5.7036e-03 -1.5543e-15  6.6613e-16 -1.2212e-15 -2.2551e-17  5.3343e-17
   14   0.5000   2.0000   0.0000  1.1461e-03 -2.3502e-03  3.6694e-03  1.1224e-03 -6.9499e-03  0.0000e+00  1.4988e-15 -9.6104e-16 -2.6801e-16  2.2551e-17
   15   0.5000   2.5000   0.0000  1.1211e-03 -2.4245e-03  4.1861e-03  9.0124e-04 -7.9480e-03  6.1062e-16  8.8818e-16  3.4833e-15  3.6429e-17 -1.1449e-16
   16   0.5000   3.0000   0.0000  1.1366e-03 -2.4648e-03  4.6166e-03  7.8482e-04 -8.7750e-03 -4.1633e-16 -1.0270e-15 -4.0593e-16  1.5873e-16 -1.6133e-16
   17   0.5000   3.5000   0.0000  1.2146e-03 -2.4800e-03  5.0242e-03  8.1747e-04 -9.5837e-03 -2.8449e-16 -2.0574e-15  1.0929e-15 -9.5410e-17 -2.6021e-16
   18   0.5000   4.0000   0.0000  1.3363e-03 -2.4810e-03  5.5023e-03  1.0560e-03 -1.0382e-02 -3.4694e-17  1.7313e-15 -1.2022e-15  3.4694e-17 -1.7347e-17
   19   1.0000   0.0000   0.0000  7.8027e-04 -2.3317e-03  0.0000e+00  4.3917e-03 -1.5791e-04 -1.1102e-16  2.5674e-16 -8.6176e-02  5.8981e-17 -5.2042e-18
   20   1.0000   0.5000   0.0000  1.0107e-03 -2.3639e-03  2.1444e-03  4.0789e-03 -1.4450e-03  8.1879e-16  1.0582e-16 -1.1206e-15  6.1149e-17  8.6736e-19
   21   1.0000   1.0000   0.0000  1.1559e-03 -2.3562e-03  4.0082e-03  3.3471e-03 -2.9372e-03  1.5821e-15 -1.8319e-15 -2.9976e-15 -2.7062e-16  1.4051e-16
   22   1.0000   1.5000   0.0000  1.1759e-03 -2.3963e-03  5.5151e-03  2.6744e-03 -4.1899e-03  1.3323e-15  2.2204e-15  1.5890e-15 -1.4919e-16  3.0531e-16
   23   1.0000   2.0000   0.0000  1.1530e-03 -2.4621e-03  6.7181e-03  2.1346e-03 -5.1749e-03 -4.7184e-16 -2.6090e-15 -3.4001e-16  3.7297e-17 -2.0817e-17
   24   1.0000   2.5000   0.0000  1.1252e-03 -2.5378e-03  7.6835e-03  1.7281e-03 -5.9660e-03 -1.7764e-15 -5.5511e-16  7.2164e-16  2.5500e-16 -2.7062e-16
   25   1.0000   3.0000   0.0000  1.1164e-03 -2.6051e-03  8.4896e-03  1.5046e-03 -6.6329e-03 -7.7716e-16  1.7764e-15 -5.1001e-15  9.5410e-17  2.2204e-16
   26   1.0000   3.5000   0.0000  1.1888e-03 -2.6201e-03  9.2506e-03  1.5585e-03 -7.2869e-03  1.3878e-16 -8.9512e-16 -3.8858e-15 -7.4832e-16  3.2266e-16
   27   1.0000   4.0000   0.0000  1.3566e-03 -2.6331e-03  1.0120e-02  1.9526e-03 -7.8715e-03  5.8981e-17  6.6613e-16  2.0955e-15 -5.1435e-16  2.4286e-16
   28   1.5000   0.0000   0.0000  9.7925e-04 -2.4763e-03  0.0000e+00  5.5554e-03 -5.5913e-05  3.3307e-16 -4.8919e-16 -1.0574e-01  1.0408e-16  1.3010e-18
   29   1.5000   0.5000   0.0000  1.0726e-03 -2.4967e-03  2.7111e-03  5.1989e-03 -7.6304e-04 -1.8596e-15 -4.7315e-16 -6.7307e-16 -6.2016e-17  1.1449e-16
   30   1.5000   1.0000   0.0000  1.1427e-03 -2.5036e-03  5.1259e-03  4.3940e-03 -1.5250e-03 -1.5751e-15  4.1633e-17  1.3704e-15 -3.2439e-16  3.6429e-16
   31   1.5000   1.5000   0.0000  1.1645e-03 -2.5179e-03  7.1183e-03  3.5323e-03 -2.1880e-03 -1.7208e-15  6.6613e-16  3.1294e-15  1.2143e-16 -1.9429e-16
   32   1.5000   2.0000   0.0000  1.1535e-03 -2.5664e-03  8.7075e-03  2.8005e-03 -2.7405e-03  3.4694e-16 -1.6653e-16 -1.0859e-15  1.8388e-16 -1.2490e-16
   33   1.5000   2.5000   0.0000  1.1340e-03 -2.6515e-03  9.9817e-03  2.2826e-03 -3.1832e-03  1.7902e-15  2.2204e-16 -2.1858e-15 -5.8981e-17  5.2042e-16
   34   1.5000   3.0000   0.0000  1.1184e-03 -2.7728e-03  1.1056e-02  2.0050e-03 -3.5738e-03 -4.1633e-16 -1.7764e-15  1.4468e-15 -1.0669e-16  4.9266e-16
   35   1.5000   3.5000   0.0000  1.0979e-03 -2.9083e-03  1.2080e-02  2.1051e-03 -4.0168e-03  9.5848e-07  4.8777e-07 -4.7837e-09  4.0689e-09  1.3092e-08
   36   1.5000   4.0000   0.0000  1.3761e-03 -2.8460e-03  1.3283e-02  2.7055e-03 -4.6510e-03 -6.4794e-07  4.9302e-07 -1.7343e-08 -4.8162e-09  2.6871e-08
   37   2.0000   0.0000   0.0000  1.1541e-03 -2.5150e-03  0.0000e+00  5.9372e-03 -4.1069e-19 -5.5511e-16 -5.8981e-16 -9.8205e-02  1.4374e-16  1.6480e-17
   38   2.0000   0.5000   0.0000  1.1541e-03 -2.5392e-03  2.9061e-03  5.5862e-03  5.6588e-19  1.3878e-15  8.1532e-16 -1.8492e-15 -1.7000e-16  2.4286e-17
   39   2.0000   1.0000   0.0000  1.1541e-03 -2.5471e-03  5.5081e-03  4.7581e-03  8.1073e-19  4.1633e-16 -3.1398e-16  3.5874e-15 -7.9797e-17 -2.3245e-16
   40   2.0000   1.5000   0.0000  1.1541e-03 -2.5621e-03  7.6681e-03  3.8421e-03  1.0095e-19  2.4980e-16  5.9674e-16 -2.1996e-15  2.9317e-16 -2.6715e-16
   41   2.0000   2.0000   0.0000  1.1541e-03 -2.6076e-03  9.3961e-03  3.0458e-03  7.0681e-19  1.7070e-15  1.6653e-15 -3.2474e-15 -5.0307e-16  1.4572e-16
   42   2.0000   2.5000   0.0000  1.1541e-03 -2.7000e-03  1.0780e-02  2.4783e-03  1.5739e-19  4.0246e-16 -7.2164e-16  6.8695e-15 -3.4521e-16  1.0408e-16
   43   2.0000   3.0000   0.0000  1.1541e-03 -2.8532e-03  1.1958e-02  2.2304e-03 -6.4393e-19 -8.3267e-17  3.3307e-16  1.8735e-16  4.1113e-16  3.4694e-17
   44   2.0000   3.5000   0.0000  1.1541e-03 -3.1351e-03  1.3081e-02  2.2416e-03  4.5142e-19  1.5682e-15  4.2259e-07  1.0573e-08  1.8803e-08  2.0123e-16
   45   2.0000   4.0000   0.0000  1.1541e-03 -4.0000e-03  1.4463e-02  3.3137e-03 -1.3343e-18  4.4409e-16 -4.0809e+00  3.3680e-08 -1.6806e-08 -8.3267e-17
   46   2.5000   0.0000   0.0000  1.3289e-03 -2.4763e-03  0.0000e+00  5.5554e-03  5.5913e-05 -2.7756e-16  5.8287e-16 -1.0574e-01  8.5001e-17  9.1073e-18
   47   2.5000   0.5000   0.0000  1.2355e-03 -2.4967e-03  2.7111e-03  5.1989e-03  7.6304e-04 -1.0547e-15 -7.0777e-16  2.5674e-16  1.5266e-16 -3.1225e-17
   48   2.5000   1.0000   0.0000  1.1655e-03 -2.5036e-03  5.1259e-03  4.3940e-03  1.5250e-03  1.1102e-15  1.2351e-15 -1.9845e-15 -4.8572e-17 -2.6715e-16
   49   2.5000   1.5000   0.0000  1.1437e-03 -2.5179e-03  7.1183e-03  3.5323e-03  2.1880e-03  3.0531e-16  4.4235e-16 -5.1695e-16 -2.3939e-16  9.7145e-17
   50   2.5000   2.0000   0.0000  1.1546e-03 -2.5664e-03  8.7075e-03  2.8005e-03  2.7405e-03 -1.6376e-15  3.3307e-16  2.5674e-16 -2.4633e-16  3.6776e-16
   51   2.5000   2.5000   0.0000  1.1741e-03 -2.6515e-03  9.9817e-03  2.2826e-03  3.1832e-03 -7.7716e-16  4.1633e-16 -1.9186e-15 -1.6653e-16 -4.3021e-16
   52   2.5000   3.0000   0.0000  1.1897e-03 -2.7728e-03  1.1056e-02  2.0050e-03  3.5738e-03 -3.3307e-16 -2.3176e-15  9.4716e-16 -2.1684e-16 -2.2898e-16
   53   2.5000   3.5000   0.0000  1.2102e-03 -2.9083e-03  1.2080e-02  2.1051e-03  4.0168e-03 -9.5848e-07  4.8777e-07 -4.7837e-09  4.0689e-09 -1.3092e-08
   54   2.5000   4.0000   0.0000  9.3208e-04 -2.8460e-03  1.3283e-02  2.7055e-03  4.6510e-03  6.4794e-07  4.9302e-07 -1.7343e-08 -4.8162e-09 -2.6871e-08
   55   3.0000   0.0000   0.0000  1.5279e-03 -2.3317e-03  0.0000e+00  4.3917e-03  1.5791e-04  6.6613e-16 -1.3184e-16 -8.6176e-02  6.9389e-17  1.2143e-17
   56   3.0000   0.5000   0.0000  1.2975e-03 -2.3639e-03  2.1444e-03  4.0789e-03  1.4450e-03  1.7347e-15 -2.5119e-15 -8.7430e-16  1.1796e-16  5.5511e-17
   57   3.0000   1.0000   0.0000  1.1523e-03 -2.3562e-03  4.0082e-03  3.3471e-03  2.9372e-03 -9.7145e-16  2.7235e-15 -4.5450e-16  7.9797e-17  1.8041e-16
   58   3.0000   1.5000   0.0000  1.1322e-03 -2.3963e-03  5.5151e-03  2.6744e-03  4.1899e-03 -1.3323e-15 -1.2837e-15 -1.8666e-15 -3.0878e-16  2.7756e-16
   59   3.0000   2.0000   0.0000  1.1552e-03 -2.4621e-03  6.7181e-03  2.1346e-03  5.1749e-03  7.4940e-16  1.7347e-16  3.0670e-15 -1.2663e-16  2.0817e-16
   60   3.0000   2.5000   0.0000  1.1829e-03 -2.5378e-03  7.6835e-03  1.7281e-03  5.9660e-03 -6.2450e-16  2.1233e-15 -2.1858e-15  2.0817e-17  1.7347e-16
   61   3.0000   3.0000   0.0000  1.1917e-03 -2.6051e-03  8.4896e-03  1.5046e-03  6.6329e-03  4.2154e-16 -3.1086e-15 -1.4225e-15 -2.0817e-16  2.7756e-17
   62   3.0000   3.5000   0.0000  1.1194e-03 -2.6201e-03  9.2506e-03  1.5585e-03  7.2869e-03  4.1633e-16  2.8866e-15 -2.6923e-15 -2.9837e-16 -2.0817e-17
   63   3.0000   4.0000   0.0000  9.5157e-04 -2.6331e-03  1.0120e-02  1.9526e-03  7.8715e-03 -5.2042e-16 -1.1796e-15  1.1033e-15 -2.6455e-16 -3.4694e-17
   64   3.5000   0.0000   0.0000  1.7942e-03 -2.0691e-03  0.0000e+00  2.7120e-03  1.1601e-04  3.8486e-07 -7.1476e-07 -4.6861e-04  9.9911e-08 -2.5307e-08
   65   3.5000   0.5000   0.0000  1.2706e-03 -1.9993e-03  1.2324e-03  2.1917e-03  2.1455e-03  3.0696e-07 -4.1917e-07 -2.8623e-07  8.5404e-08 -4.5870e-09
   66   3.5000   1.0000   0.0000  1.1426e-03 -2.1176e-03  2.2293e-03  1.7150e-03  4.1549e-03  8.1879e-16  4.4409e-16  3.1572e-16  9.3675e-17  1.9776e-16
   67   3.5000   1.5000   0.0000  1.1320e-03 -2.2458e-03  3.0236e-03  1.3955e-03  5.7036e-03  7.4940e-16 -1.2212e-15 -2.2204e-16 -1.1796e-16  2.3939e-16
   68   3.5000   2.0000   0.0000  1.1620e-03 -2.3502e-03  3.6694e-03  1.1224e-03  6.9499e-03  4.4409e-16  6.3838e-16  1.7868e-15  8.5001e-17 -1.0061e-16
   69   3.5000   2.5000   0.0000  1.1870e-03 -2.4245e-03  4.1861e-03  9.0124e-04  7.9480e-03 -1.8735e-16 -1.4017e-15 -2.0192e-15  4.6838e-17  4.4409e-16
   70   3.5000   3.0000   0.0000  1.1716e-03 -2.4648e-03  4.6166e-03  7.8482e-04  8.7750e-03 -6.2884e-16  2.5830e-15  2.1268e-15 -9.0206e-17  2.8449e-16
   71   3.5000   3.5000   0.0000  1.0935e-03 -2.4800e-03  5.0242e-03  8.1747e-04  9.5837e-03  1.8735e-16 -3.0392e-15 -4.6838e-16 -2.6021e-17  2.4980e-16
   72   3.5000   4.0000   0.0000  9.7182e-04 -2.4810e-03  5.5023e-03  1.0560e-03  1.0382e-02 -4.6491e-16  7.3379e-16  4.9787e-16 -1.4398e-16  3.1225e-17
   73   4.0000   0.0000   0.0000  2.3082e-03  0.0000e+00  0.0000e+00 -1.4536e-04  2.3311e-04 -1.5188e-06  2.0404e+00  4.2168e-02  2.5981e-07 -5.7721e-08
   74   4.0000   0.5000   0.0000  1.3284e-03 -1.5262e-03  0.0000e+00  3.5424e-04  2.7421e-03  8.2696e-07  8.4353e-07  5.5179e-02  2.2265e-07  3.9814e-09
   75   4.0000   1.0000   0.0000  1.1698e-03 -1.9354e-03  0.0000e+00  8.0656e-05  4.6550e-03  3.0531e-16 -3.3307e-16 -1.1751e-01  1.3010e-17  5.5511e-17
   76   4.0000   1.5000   0.0000  1.1565e-03 -2.1729e-03  0.0000e+00  1.5629e-04  6.2962e-03 -6.5226e-16  1.1102e-16 -7.6690e-02 -1.7347e-17  2.9490e-17
   77   4.0000   2.0000   0.0000  1.1779e-03 -2.3093e-03  0.0000e+00  8.6958e-05  7.6204e-03 -4.3021e-16  4.9960e-16 -9.6054e-02  2.4937e-17 -7.9797e-17
   78   4.0000   2.5000   0.0000  1.1922e-03 -2.3731e-03  0.0000e+00  8.4205e-05  8.6884e-03  3.6082e-16 -4.4409e-16 -8.7981e-02  5.2042e-18  2.5500e-16
   79   4.0000   3.0000   0.0000  1.1669e-03 -2.3865e-03  0.0000e+00  7.2166e-05  9.5720e-03  4.8572e-17 -3.0878e-16 -8.7868e-02 -2.0383e-17  4.5970e-17
   80   4.0000   3.5000   0.0000  1.0875e-03 -2.3764e-03  0.0000e+00  6.5244e-05  1.0448e-02 -3.4694e-17  4.4409e-16 -7.9302e-02  5.6379e-18  6.7654e-17
   81   4.0000   4.0000   0.0000  9.7828e-04 -2.3713e-03  0.0000e+00  1.0752e-04  1.1342e-02  6.2450e-16  4.1113e-16 -1.1045e-01 -2.1467e-17  2.4286e-17
