  1.0000
    1   0.0000   0.0000   0.0000  0.0000e+00 -4.8876e-03  0.0000e+00    2.1332e-03 -4.6627e-03 -9.1682e-04    1.8322e-02 -1.7971e-16  4.4324e-03
    2   0.5000   0.5000   0.0000 -4.8439e-03 -4.7849e-03 -2.2922e-06    1.7397e-02  4.2079e-04 -1.8692e-04   -6.5620e-15 -1.1964e-15 -2.6026e-16
    3   1.0000   0.0000   0.0000 -9.4806e-03 -4.4869e-03 -7.1090e-06    3.2931e-02  7.8444e-04 -6.5967e-04    2.5869e-15  4.1293e-16 -1.4680e-15
    4   1.5000   0.5000   0.0000 -1.3751e-02 -4.0311e-03 -6.0918e-06    4.4880e-02  5.3577e-04 -1.3194e-04   -1.3348e-14 -1.0299e-15 -3.2026e-15
    5   2.0000   0.0000   0.0000 -1.7482e-02 -3.4402e-03 -1.0524e-05    5.5425e-02  8.2433e-04 -3.9713e-04    5.3798e-15 -3.1988e-15 -5.2150e-15
    6   2.5000   0.5000   0.0000 -2.0588e-02 -2.7486e-03 -8.4682e-06    6.2379e-02  5.6955e-04 -7.5315e-05    1.2999e-14  1.0622e-15 -1.5667e-15
    7   3.0000   0.0000   0.0000 -2.2945e-02 -1.9819e-03 -1.2414e-05    6.7924e-02  8.3075e-04 -1.8196e-04   -1.8228e-15  2.4009e-15 -2.3354e-15
    8   3.5000   0.5000   0.0000 -2.4534e-02 -1.1723e-03 -9.7700e-06    6.9878e-02  5.8325e-04 -3.7453e-05   -5.3004e-14 -7.8890e-15 -5.2253e-15
    9   4.0000   0.0000   0.0000 -2.5282e-02 -3.4715e-04 -1.3344e-05    7.0422e-02  8.3259e-04  1.8345e-05    1.9480e-14 -5.9882e-15 -9.7578e-17
   10   4.5000   0.5000   0.0000 -2.5235e-02  4.6273e-04 -1.0292e-05    6.7375e-02  5.8826e-04 -7.7155e-06    9.9456e-15 -4.8706e-15  6.1563e-15
   11   5.0000   0.0000   0.0000 -2.4376e-02  1.2288e-03 -1.3536e-05    6.2917e-02  8.3296e-04  2.1334e-04   -1.1485e-14 -5.3423e-16 -9.7322e-15
   12   5.5000   0.5000   0.0000 -2.2810e-02  1.9213e-03 -1.0146e-05    5.4870e-02  5.8715e-04  2.0283e-05   -3.4187e-15 -5.7726e-15 -1.5884e-15
   13   6.0000   0.0000   0.0000 -2.0579e-02  2.5108e-03 -1.3036e-05    4.5411e-02  8.3239e-04  4.0941e-04    4.0059e-15  3.2162e-15 -4.1117e-15
   14   6.5000   0.5000   0.0000 -1.7846e-02  2.9683e-03 -9.3071e-06    3.2361e-02  5.7999e-04  5.2083e-05   -6.9506e-15 -8.3213e-16  1.4526e-15
   15   7.0000   0.0000   0.0000 -1.4714e-02  3.2634e-03 -1.1749e-05    1.7901e-02  8.3026e-04  6.1254e-04   -2.2161e-16 -3.1392e-16  7.0690e-17
   16   7.5000   0.5000   0.0000 -1.1402e-02  3.3686e-03 -7.6200e-06   -1.4772e-04  5.6454e-04  9.3163e-05   -2.6796e-14 -5.3920e-15  2.9865e-15
   17   8.0000   0.0000   0.0000 -8.0757e-03  3.2517e-03 -9.4283e-06   -1.9605e-02  8.2071e-04  8.3099e-04    5.7719e-15 -1.8075e-15  1.2026e-15
   18   8.5000   0.5000   0.0000 -5.0055e-03  2.8870e-03 -4.8566e-06   -4.2643e-02  5.2881e-04  1.4097e-04   -9.2335e-15 -1.9458e-15 -8.5635e-16
   19   9.0000   0.0000   0.0000 -2.4274e-03  2.2408e-03 -5.5350e-06   -6.7113e-02  7.5841e-04  1.0681e-03    2.1879e-15  6.5232e-16  6.9693e-16
   20   9.5000   0.5000   0.0000 -6.5566e-04  1.2895e-03 -8.7005e-07   -9.5059e-02  4.1669e-04  1.8226e-04    4.9483e-16  1.6014e-16  2.9290e-16
   21  10.0000   0.0000   0.0000  0.0000e+00  1.0239e-15  0.0000e+00   -1.2146e-01 -8.0492e-03 -1.7136e-15    6.1367e-02  6.9457e-17  1.4182e-02
   22  10.5000   0.5000   0.0000 -6.5566e-04 -1.2895e-03 -8.7005e-07   -9.5059e-02  4.1669e-04 -1.8226e-04   -1.1566e-15 -1.2436e-16  1.8818e-17
   23  11.0000   0.0000   0.0000 -2.4274e-03 -2.2408e-03 -5.5350e-06   -6.7113e-02  7.5841e-04 -1.0681e-03    1.1319e-16 -5.8974e-16 -8.2963e-16
   24  11.5000   0.5000   0.0000 -5.0055e-03 -2.8870e-03 -4.8566e-06   -4.2643e-02  5.2881e-04 -1.4097e-04    2.3406e-15  2.9891e-16 -1.0506e-15
   25  12.0000   0.0000   0.0000 -8.0757e-03 -3.2517e-03 -9.4283e-06   -1.9605e-02  8.2071e-04 -8.3099e-04   -3.6911e-15  5.0834e-16 -4.1629e-15
   26  12.5000   0.5000   0.0000 -1.1402e-02 -3.3686e-03 -7.6200e-06   -1.4772e-04  5.6454e-04 -9.3163e-05    1.2492e-14 -2.1412e-15 -3.9269e-15
   27  13.0000   0.0000   0.0000 -1.4714e-02 -3.2634e-03 -1.1749e-05    1.7901e-02  8.3026e-04 -6.1254e-04   -5.8699e-15  4.6630e-15 -3.0917e-15
   28  13.5000   0.5000   0.0000 -1.7846e-02 -2.9683e-03 -9.3071e-06    3.2361e-02  5.7999e-04 -5.2083e-05   -5.0270e-14 -1.1608e-14 -4.3995e-15
   29  14.0000   0.0000   0.0000 -2.0579e-02 -2.5108e-03 -1.3036e-05    4.5411e-02  8.3239e-04 -4.0941e-04    1.9736e-14 -1.6161e-14  4.0549e-16
   30  14.5000   0.5000   0.0000 -2.2810e-02 -1.9213e-03 -1.0146e-05    5.4870e-02  5.8715e-04 -2.0283e-05    7.5435e-14  3.4839e-15  3.7953e-15
   31  15.0000   0.0000   0.0000 -2.4376e-02 -1.2288e-03 -1.3536e-05    6.2917e-02  8.3296e-04 -2.1334e-04   -2.3635e-14  1.2046e-14 -1.2903e-14
   32  15.5000   0.5000   0.0000 -2.5235e-02 -4.6273e-04 -1.0292e-05    6.7375e-02  5.8826e-04  7.7155e-06   -4.0875e-14 -2.6085e-15  5.7566e-16
   33  16.0000   0.0000   0.0000 -2.5282e-02  3.4715e-04 -1.3344e-05    7.0422e-02  8.3259e-04 -1.8345e-05   -2.6762e-15 -4.3708e-16 -1.9190e-15
   34  16.5000   0.5000   0.0000 -2.4534e-02  1.1723e-03 -9.7700e-06    6.9878e-02  5.8325e-04  3.7453e-05   -3.7544e-14 -1.1199e-14 -1.8131e-15
   35  17.0000   0.0000   0.0000 -2.2945e-02  1.9819e-03 -1.2414e-05    6.7924e-02  8.3075e-04  1.8196e-04    2.0422e-15 -5.3776e-15  2.9521e-15
   36  17.5000   0.5000   0.0000 -2.0588e-02  2.7486e-03 -8.4682e-06    6.2379e-02  5.6955e-04  7.5315e-05   -3.3103e-14 -1.7319e-14 -1.4730e-15
   37  18.0000   0.0000   0.0000 -1.7482e-02  3.4402e-03 -1.0524e-05    5.5425e-02  8.2433e-04  3.9713e-04    2.3115e-16 -6.0715e-15  5.2141e-15
   38  18.5000   0.5000   0.0000 -1.3751e-02  4.0311e-03 -6.0918e-06    4.4880e-02  5.3577e-04  1.3194e-04   -2.4985e-14 -1.0091e-15 -4.9119e-16
   39  19.0000   0.0000   0.0000 -9.4806e-03  4.4869e-03 -7.1090e-06    3.2931e-02  7.8444e-04  6.5967e-04   -2.8202e-15  2.1442e-15  6.0065e-16
   40  19.5000   0.5000   0.0000 -4.8439e-03  4.7849e-03 -2.2922e-06    1.7397e-02  4.2079e-04  1.8692e-04    3.4161e-15  2.5436e-15 -2.3836e-16
   41  20.0000   0.0000   0.0000  0.0000e+00  4.8876e-03  0.0000e+00    2.1332e-03 -4.6627e-03  9.1682e-04    1.8322e-02  1.2050e-15  4.4324e-03
   42   0.0000   1.0000   0.0000  0.0000e+00 -4.8925e-03  0.0000e+00    2.1320e-03 -4.6940e-03 -1.2706e-04    3.7751e-02  1.5345e-15 -2.4333e-05
   43   0.5000   1.5000   0.0000 -4.8470e-03 -4.7878e-03 -8.5605e-07    1.7419e-02  3.7333e-04 -7.4265e-05    4.1117e-15  9.4423e-16  6.1166e-16
   44   1.0000   1.0000   0.0000 -9.4897e-03 -4.4907e-03 -2.8412e-06    3.2946e-02  6.4587e-04 -1.1163e-04    3.0115e-15  4.9719e-15  3.2672e-16
   45   1.5000   1.5000   0.0000 -1.3759e-02 -4.0334e-03 -2.4648e-06    4.4921e-02  4.4982e-04 -6.2389e-05   -4.5289e-15 -4.9212e-16  2.2002e-15
   46   2.0000   1.0000   0.0000 -1.7497e-02 -3.4425e-03 -5.1167e-06    5.5439e-02  7.2436e-04 -7.8064e-05   -1.4551e-14 -9.1660e-15  1.0909e-14
   47   2.5000   1.5000   0.0000 -2.0600e-02 -2.7500e-03 -3.7153e-06    6.2412e-02  5.0279e-04 -4.2023e-05   -2.4473e-15 -6.6816e-15 -2.3185e-16
   48   3.0000   1.0000   0.0000 -2.2963e-02 -1.9832e-03 -6.5580e-06    6.7935e-02  7.6187e-04 -4.5195e-05    4.9263e-14 -1.1100e-15  8.9518e-15
   49   3.5000   1.5000   0.0000 -2.4548e-02 -1.1730e-03 -4.4722e-06    6.9904e-02  5.3244e-04 -2.2056e-05   -3.5171e-14 -1.2191e-14 -1.3557e-16
   50   4.0000   1.0000   0.0000 -2.5302e-02 -3.4766e-04 -7.2932e-06    7.0431e-02  7.7857e-04 -1.8353e-05    4.6702e-14 -8.4444e-15  1.4770e-14
   51   4.5000   1.5000   0.0000 -2.5250e-02  4.6258e-04 -4.7844e-06    6.7398e-02  5.4435e-04 -4.5160e-06    1.3235e-14 -3.2399e-15  3.7346e-15
   52   5.0000   1.0000   0.0000 -2.4396e-02  1.2290e-03 -7.4443e-06    6.2927e-02  7.8205e-04  5.2876e-06   -1.2965e-14  2.7085e-16  1.5953e-14
   53   5.5000   1.5000   0.0000 -2.2825e-02  1.9217e-03 -4.6913e-06    5.4893e-02  5.4105e-04  1.2496e-05   -4.4580e-14 -5.7886e-16  8.7219e-15
   54   6.0000   1.0000   0.0000 -2.0598e-02  2.5116e-03 -7.0371e-06    4.5421e-02  7.7392e-04  3.0033e-05   -3.0771e-14 -2.3451e-15  1.3859e-14
   55   6.5000   1.5000   0.0000 -1.7859e-02  2.9694e-03 -4.1717e-06    3.2390e-02  5.2197e-04  3.1761e-05    3.0457e-14  2.0094e-15 -3.8062e-15
   56   7.0000   1.0000   0.0000 -1.4731e-02  3.2651e-03 -5.9935e-06    1.7915e-02  7.5233e-04  6.0006e-05   -4.5587e-14  3.9051e-15 -1.3941e-14
   57   7.5000   1.5000   0.0000 -1.1412e-02  3.3704e-03 -3.1477e-06   -1.1281e-04  4.8337e-04  5.4554e-05    1.4949e-14 -9.3686e-16  5.2500e-15
   58   8.0000   1.0000   0.0000 -8.0887e-03  3.2544e-03 -4.1561e-06   -1.9591e-02  7.0971e-04  9.6227e-05   -2.2029e-14  2.8937e-15 -1.4295e-14
   59   8.5000   1.5000   0.0000 -5.0116e-03  2.8897e-03 -1.6277e-06   -4.2620e-02  4.1844e-04  6.8608e-05   -4.5914e-15 -9.7437e-16 -5.8378e-17
   60   9.0000   1.0000   0.0000 -2.4338e-03  2.2446e-03 -1.4598e-06   -6.7073e-02  6.3173e-04  1.0729e-04   -7.9346e-15 -2.3590e-15 -1.7688e-15
   61   9.5000   1.5000   0.0000 -6.5667e-04  1.2916e-03 -1.6453e-07   -9.5174e-02  3.5419e-04  3.9861e-05   -1.5868e-15 -5.5457e-16  3.4668e-16
   62  10.0000   1.0000   0.0000  0.0000e+00  9.7941e-16  0.0000e+00   -1.2183e-01 -8.2607e-03 -2.0154e-15    1.2566e-01 -4.1403e-17 -1.5599e-04
   63  10.5000   1.5000   0.0000 -6.5667e-04 -1.2916e-03 -1.6453e-07   -9.5174e-02  3.5419e-04 -3.9861e-05   -1.2967e-16  1.0463e-16  1.4704e-18
   64  11.0000   1.0000   0.0000 -2.4338e-03 -2.2446e-03 -1.4598e-06   -6.7073e-02  6.3173e-04 -1.0729e-04   -3.7158e-15 -9.6914e-17  1.8637e-15
   65  11.5000   1.5000   0.0000 -5.0116e-03 -2.8897e-03 -1.6277e-06   -4.2620e-02  4.1844e-04 -6.8608e-05    7.4060e-15  1.1836e-15  3.9879e-15
   66  12.0000   1.0000   0.0000 -8.0887e-03 -3.2544e-03 -4.1561e-06   -1.9591e-02  7.0971e-04 -9.6227e-05   -2.2480e-14 -2.7181e-15  4.1606e-16
   67  12.5000   1.5000   0.0000 -1.1412e-02 -3.3704e-03 -3.1477e-06   -1.1281e-04  4.8337e-04 -5.4554e-05   -6.3365e-15 -3.9856e-15 -1.9228e-16
   68  13.0000   1.0000   0.0000 -1.4731e-02 -3.2651e-03 -5.9935e-06    1.7915e-02  7.5233e-04 -6.0006e-05   -2.5318e-14  5.7005e-15  8.3673e-16
   69  13.5000   1.5000   0.0000 -1.7859e-02 -2.9694e-03 -4.1717e-06    3.2390e-02  5.2197e-04 -3.1761e-05   -1.3168e-14 -1.8903e-15 -6.2210e-15
   70  14.0000   1.0000   0.0000 -2.0598e-02 -2.5116e-03 -7.0371e-06    4.5421e-02  7.7392e-04 -3.0033e-05   -3.1048e-14 -1.7167e-14  2.2857e-14
   71  14.5000   1.5000   0.0000 -2.2825e-02 -1.9217e-03 -4.6913e-06    5.4893e-02  5.4105e-04 -1.2496e-05   -5.1061e-14 -1.3780e-14  1.1517e-14
   72  15.0000   1.0000   0.0000 -2.4396e-02 -1.2290e-03 -7.4443e-06    6.2927e-02  7.8205e-04 -5.2876e-06    3.9281e-14  5.1489e-15  3.4064e-14
   73  15.5000   1.5000   0.0000 -2.5250e-02 -4.6258e-04 -4.7844e-06    6.7398e-02  5.4435e-04  4.5160e-06   -8.9976e-15  9.8587e-16  4.2307e-15
   74  16.0000   1.0000   0.0000 -2.5302e-02  3.4766e-04 -7.2932e-06    7.0431e-02  7.7857e-04  1.8353e-05    7.1641e-14  4.3648e-15  1.0593e-14
   75  16.5000   1.5000   0.0000 -2.4548e-02  1.1730e-03 -4.4722e-06    6.9904e-02  5.3244e-04  2.2056e-05    5.1135e-14 -1.7342e-15  5.7174e-15
   76  17.0000   1.0000   0.0000 -2.2963e-02  1.9832e-03 -6.5580e-06    6.7935e-02  7.6187e-04  4.5195e-05   -9.4091e-15  7.5844e-15 -5.1445e-17
   77  17.5000   1.5000   0.0000 -2.0600e-02  2.7500e-03 -3.7153e-06    6.2412e-02  5.0279e-04  4.2023e-05   -1.8643e-14 -2.4836e-15  4.8119e-15
   78  18.0000   1.0000   0.0000 -1.7497e-02  3.4425e-03 -5.1167e-06    5.5439e-02  7.2436e-04  7.8064e-05    3.7605e-14 -9.9363e-15 -1.2023e-14
   79  18.5000   1.5000   0.0000 -1.3759e-02  4.0334e-03 -2.4648e-06    4.4921e-02  4.4982e-04  6.2389e-05   -1.7950e-15  2.2953e-16  1.5159e-15
   80  19.0000   1.0000   0.0000 -9.4897e-03  4.4907e-03 -2.8412e-06    3.2946e-02  6.4587e-04  1.1163e-04   -6.5330e-15 -2.5810e-15  1.9400e-15
   81  19.5000   1.5000   0.0000 -4.8470e-03  4.7878e-03 -8.5605e-07    1.7419e-02  3.7333e-04  7.4265e-05   -3.8489e-15  1.7995e-15 -2.9430e-16
   82  20.0000   1.0000   0.0000  0.0000e+00  4.8925e-03  0.0000e+00    2.1320e-03 -4.6940e-03  1.2706e-04    3.7751e-02  1.2521e-15 -2.4333e-05
   83   0.0000   2.0000   0.0000  0.0000e+00 -4.8942e-03  0.0000e+00    2.1361e-03 -4.7108e-03 -3.4555e-05    3.7664e-02 -9.1832e-17 -4.7637e-06
   84   0.5000   2.5000   0.0000 -4.8478e-03 -4.7886e-03 -1.6059e-16    1.7421e-02  3.6425e-04 -1.3580e-14   -1.1353e-14 -6.8641e-16  7.9185e-16
   85   1.0000   2.0000   0.0000 -9.4932e-03 -4.4924e-03 -8.0459e-07    3.2967e-02  6.1875e-04 -3.3066e-05   -2.7301e-14 -5.5281e-17  5.2516e-15
   86   1.5000   2.5000   0.0000 -1.3761e-02 -4.0341e-03 -4.8204e-16    4.4928e-02  4.2890e-04 -1.3994e-14   -1.9177e-14 -4.7526e-15 -4.0873e-15
   87   2.0000   2.0000   0.0000 -1.7503e-02 -3.4438e-03 -1.5201e-06    5.5464e-02  6.7843e-04 -2.6596e-05    1.8353e-15 -1.2809e-14 -7.0197e-16
   88   2.5000   2.5000   0.0000 -2.0604e-02 -2.7505e-03 -7.8491e-16    6.2422e-02  4.8106e-04 -1.3053e-14    4.2808e-14 -2.7889e-15  4.1466e-15
   89   3.0000   2.0000   0.0000 -2.2972e-02 -1.9840e-03 -2.0309e-06    6.7955e-02  7.2147e-04 -1.6477e-05    4.4645e-14  5.0309e-15 -1.0193e-14
   90   3.5000   2.5000   0.0000 -2.4552e-02 -1.1733e-03 -8.9624e-16    6.9914e-02  5.1432e-04  3.3509e-15   -7.4710e-15  6.8284e-15  3.6704e-15
   91   4.0000   2.0000   0.0000 -2.5312e-02 -3.4798e-04 -2.3021e-06    7.0447e-02  7.4472e-04 -6.8263e-06   -5.4578e-14 -8.5277e-15 -2.4211e-15
   92   4.5000   2.5000   0.0000 -2.5255e-02  4.6252e-04 -7.4060e-16    6.7407e-02  5.2821e-04  7.7464e-15   -1.7588e-14 -1.7293e-16  4.0191e-15
   93   5.0000   2.0000   0.0000 -2.4406e-02  1.2291e-03 -2.3574e-06    6.2942e-02  7.4949e-04  2.0823e-06   -2.6049e-14  6.1481e-15  1.5065e-14
   94   5.5000   2.5000   0.0000 -2.2829e-02  1.9219e-03 -4.8774e-16    5.4902e-02  5.2390e-04  9.2890e-15   -8.8656e-14 -9.5231e-15 -1.0272e-15
   95   6.0000   2.0000   0.0000 -2.0607e-02  2.5121e-03 -2.2010e-06    4.5438e-02  7.3607e-04  1.1503e-05    2.4005e-14 -8.9440e-15  7.7062e-15
   96   6.5000   2.5000   0.0000 -1.7863e-02  2.9697e-03 -2.3145e-16    3.2401e-02  5.0037e-04  1.0935e-14    1.4477e-14  2.4049e-15 -8.8584e-16
   97   7.0000   2.0000   0.0000 -1.4739e-02  3.2661e-03 -1.8041e-06    1.7937e-02  7.0251e-04  2.2511e-05    1.3581e-14  5.3241e-15  1.0739e-14
   98   7.5000   2.5000   0.0000 -1.1415e-02  3.3710e-03 -3.3871e-17   -1.0119e-04  4.5504e-04  5.7802e-15   -2.3462e-14 -3.6775e-15 -8.1813e-16
   99   8.0000   2.0000   0.0000 -8.0938e-03  3.2560e-03 -1.1351e-06   -1.9567e-02  6.4801e-04  3.2892e-05   -3.5055e-14 -1.1724e-15  1.6282e-14
  100   8.5000   2.5000   0.0000 -5.0131e-03  2.8905e-03  4.4880e-17   -4.2621e-02  3.9206e-04  1.4331e-15    2.6667e-15 -1.9770e-15 -2.0208e-15
  101   9.0000   2.0000   0.0000 -2.4356e-03  2.2462e-03 -3.2341e-07   -6.7094e-02  5.9114e-04  2.9513e-05   -6.4289e-15  2.4635e-15 -2.6709e-15
  102   9.5000   2.5000   0.0000 -6.5685e-04  1.2920e-03  3.7591e-17   -9.5207e-02  3.4378e-04 -2.0912e-15    1.6176e-16 -1.3109e-15  4.3168e-16
  103  10.0000   2.0000   0.0000  0.0000e+00  9.1961e-16  0.0000e+00   -1.2193e-01 -8.2723e-03 -3.1081e-15    1.2550e-01 -5.5488e-16 -5.9332e-05
  104  10.5000   2.5000   0.0000 -6.5685e-04 -1.2920e-03 -5.2580e-17   -9.5207e-02  3.4378e-04 -5.4540e-15   -7.4159e-17 -1.2436e-16 -3.7150e-16
  105  11.0000   2.0000   0.0000 -2.4356e-03 -2.2462e-03 -3.2341e-07   -6.7094e-02  5.9114e-04 -2.9513e-05   -3.4105e-15 -8.5325e-16  2.5715e-15
  106  11.5000   2.5000   0.0000 -5.0131e-03 -2.8905e-03 -2.1044e-16   -4.2621e-02  3.9206e-04 -8.2691e-15    6.6566e-15  4.0115e-18  1.1915e-15
  107  12.0000   2.0000   0.0000 -8.0938e-03 -3.2560e-03 -1.1351e-06   -1.9567e-02  6.4801e-04 -3.2892e-05   -7.8774e-15  2.2450e-15  3.8690e-15
  108  12.5000   2.5000   0.0000 -1.1415e-02 -3.3710e-03 -4.2227e-16   -1.0119e-04  4.5504e-04 -9.4272e-15   -3.7031e-14 -5.8956e-15 -8.3233e-15
  109  13.0000   2.0000   0.0000 -1.4739e-02 -3.2661e-03 -1.8041e-06    1.7937e-02  7.0251e-04 -2.2511e-05    2.0499e-14 -1.9059e-16 -4.0812e-15
  110  13.5000   2.5000   0.0000 -1.7863e-02 -2.9697e-03 -6.5209e-16    3.2401e-02  5.0037e-04 -9.9486e-15    1.1181e-14  1.0622e-15 -2.8552e-15
  111  14.0000   2.0000   0.0000 -2.0607e-02 -2.5121e-03 -2.2010e-06    4.5438e-02  7.3607e-04 -1.1503e-05   -3.5458e-14 -1.0385e-16 -1.5988e-15
  112  14.5000   2.5000   0.0000 -2.2829e-02 -1.9219e-03 -8.6011e-16    5.4902e-02  5.2390e-04 -7.9949e-15   -4.9036e-15 -7.8355e-16  7.2066e-15
  113  15.0000   2.0000   0.0000 -2.4406e-02 -1.2291e-03 -2.3574e-06    6.2942e-02  7.4949e-04 -2.0823e-06    1.2421e-14 -5.9603e-15  2.9184e-15
  114  15.5000   2.5000   0.0000 -2.5255e-02 -4.6252e-04 -1.0341e-15    6.7407e-02  5.2821e-04 -5.6254e-15   -2.4208e-14 -8.7355e-15 -3.2182e-15
  115  16.0000   2.0000   0.0000 -2.5312e-02  3.4798e-04 -2.3021e-06    7.0447e-02  7.4472e-04  6.8263e-06   -3.5662e-14 -2.0143e-14  1.1422e-14
  116  16.5000   2.5000   0.0000 -2.4552e-02  1.1733e-03 -9.9806e-16    6.9914e-02  5.1432e-04  5.9128e-15   -6.9755e-14 -1.0817e-14 -7.5116e-15
  117  17.0000   2.0000   0.0000 -2.2972e-02  1.9840e-03 -2.0309e-06    6.7955e-02  7.2147e-04  1.6477e-05   -2.7759e-14 -2.5741e-15  2.4602e-14
  118  17.5000   2.5000   0.0000 -2.0604e-02  2.7505e-03 -7.7452e-16    6.2422e-02  4.8106e-04  8.1687e-15   -1.0816e-14 -1.2554e-15  1.2262e-14
  119  18.0000   2.0000   0.0000 -1.7503e-02  3.4438e-03 -1.5201e-06    5.5464e-02  6.7843e-04  2.6596e-05    1.7899e-14 -7.7693e-16  7.5224e-15
  120  18.5000   2.5000   0.0000 -1.3761e-02  4.0341e-03 -5.0251e-16    4.4928e-02  4.2890e-04  1.3368e-14    7.8431e-15  9.4217e-17  1.8888e-15
  121  19.0000   2.0000   0.0000 -9.4932e-03  4.4924e-03 -8.0459e-07    3.2967e-02  6.1875e-04  3.3066e-05   -8.8089e-15 -4.6870e-15 -4.6207e-15
  122  19.5000   2.5000   0.0000 -4.8478e-03  4.7886e-03 -1.5893e-16    1.7421e-02  3.6425e-04  1.3189e-14   -4.1750e-15  1.1420e-15 -1.0775e-15
  123  20.0000   2.0000   0.0000  0.0000e+00  4.8942e-03  0.0000e+00    2.1361e-03 -4.7108e-03  3.4555e-05    3.7664e-02  8.5186e-16 -4.7637e-06
  124   0.0000   3.0000   0.0000  0.0000e+00 -4.8942e-03  0.0000e+00    2.1361e-03 -4.7108e-03  3.4555e-05    3.7664e-02  4.3813e-16  4.7637e-06
  125   0.5000   3.5000   0.0000 -4.8470e-03 -4.7878e-03  8.5605e-07    1.7419e-02  3.7333e-04  7.4265e-05   -4.3398e-15  1.4178e-15  2.2293e-15
  126   1.0000   3.0000   0.0000 -9.4932e-03 -4.4924e-03  8.0459e-07    3.2967e-02  6.1875e-04  3.3066e-05   -1.7535e-14  4.2850e-15 -5.2643e-15
  127   1.5000   3.5000   0.0000 -1.3759e-02 -4.0334e-03  2.4648e-06    4.4921e-02  4.4982e-04  6.2389e-05   -1.7484e-14 -2.6883e-15 -2.4957e-15
  128   2.0000   3.0000   0.0000 -1.7503e-02 -3.4438e-03  1.5201e-06    5.5464e-02  6.7843e-04  2.6596e-05   -1.9616e-14 -1.8797e-14 -1.0692e-14
  129   2.5000   3.5000   0.0000 -2.0600e-02 -2.7500e-03  3.7153e-06    6.2412e-02  5.0279e-04  4.2023e-05   -8.2204e-15 -1.1761e-14  8.9052e-16
  130   3.0000   3.0000   0.0000 -2.2972e-02 -1.9840e-03  2.0309e-06    6.7955e-02  7.2147e-04  1.6477e-05   -9.5344e-14 -6.2427e-16  6.5856e-15
  131   3.5000   3.5000   0.0000 -2.4548e-02 -1.1730e-03  4.4722e-06    6.9904e-02  5.3244e-04  2.2056e-05   -4.2290e-14 -1.8582e-14 -3.7507e-15
  132   4.0000   3.0000   0.0000 -2.5312e-02 -3.4798e-04  2.3021e-06    7.0447e-02  7.4472e-04  6.8263e-06   -4.3448e-14 -7.4223e-16  2.5171e-14
  133   4.5000   3.5000   0.0000 -2.5250e-02  4.6258e-04  4.7844e-06    6.7398e-02  5.4435e-04  4.5160e-06   -6.3192e-15  7.7076e-16  7.3237e-15
  134   5.0000   3.0000   0.0000 -2.4406e-02  1.2291e-03  2.3574e-06    6.2942e-02  7.4949e-04 -2.0823e-06   -3.2994e-14  7.0710e-15 -1.8903e-15
  135   5.5000   3.5000   0.0000 -2.2825e-02  1.9217e-03  4.6913e-06    5.4893e-02  5.4105e-04 -1.2496e-05    2.8818e-15 -9.2212e-15  3.4024e-15
  136   6.0000   3.0000   0.0000 -2.0607e-02  2.5121e-03  2.2010e-06    4.5438e-02  7.3607e-04 -1.1503e-05   -3.1322e-14 -1.4839e-14 -1.4491e-14
  137   6.5000   3.5000   0.0000 -1.7859e-02  2.9694e-03  4.1717e-06    3.2390e-02  5.2197e-04 -3.1761e-05   -1.1440e-14 -4.4681e-15  2.7770e-15
  138   7.0000   3.0000   0.0000 -1.4739e-02  3.2661e-03  1.8041e-06    1.7937e-02  7.0251e-04 -2.2511e-05    1.8598e-14 -5.2976e-15 -1.2597e-15
  139   7.5000   3.5000   0.0000 -1.1412e-02  3.3704e-03  3.1477e-06   -1.1281e-04  4.8337e-04 -5.4554e-05   -2.6022e-14 -6.9351e-15 -2.2715e-15
  140   8.0000   3.0000   0.0000 -8.0938e-03  3.2560e-03  1.1351e-06   -1.9567e-02  6.4801e-04 -3.2892e-05   -2.1207e-14 -1.3579e-14  2.6427e-16
  141   8.5000   3.5000   0.0000 -5.0116e-03  2.8897e-03  1.6277e-06   -4.2620e-02  4.1844e-04 -6.8608e-05   -1.0850e-14  3.9953e-16 -2.0173e-15
  142   9.0000   3.0000   0.0000 -2.4356e-03  2.2462e-03  3.2341e-07   -6.7094e-02  5.9114e-04 -2.9513e-05   -7.8583e-15  5.1371e-16  3.8343e-15
  143   9.5000   3.5000   0.0000 -6.5667e-04  1.2916e-03  1.6453e-07   -9.5174e-02  3.5419e-04 -3.9861e-05   -4.4886e-16 -3.6028e-16 -8.9379e-18
  144  10.0000   3.0000   0.0000  0.0000e+00  8.2840e-16  0.0000e+00   -1.2193e-01 -8.2723e-03 -4.5467e-15    1.2550e-01  1.3901e-16  5.9332e-05
  145  10.5000   3.5000   0.0000 -6.5667e-04 -1.2916e-03  1.6453e-07   -9.5174e-02  3.5419e-04  3.9861e-05   -1.8505e-15 -8.9664e-17 -4.4609e-16
  146  11.0000   3.0000   0.0000 -2.4356e-03 -2.2462e-03  3.2341e-07   -6.7094e-02  5.9114e-04  2.9513e-05    6.7654e-16  4.1864e-17 -9.4309e-16
  147  11.5000   3.5000   0.0000 -5.0116e-03 -2.8897e-03  1.6277e-06   -4.2620e-02  4.1844e-04  6.8608e-05    4.6859e-15 -1.3005e-15  9.0006e-16
  148  12.0000   3.0000   0.0000 -8.0938e-03 -3.2560e-03  1.1351e-06   -1.9567e-02  6.4801e-04  3.2892e-05   -5.5008e-15  5.5791e-15 -8.6054e-15
  149  12.5000   3.5000   0.0000 -1.1412e-02 -3.3704e-03  3.1477e-06   -1.1281e-04  4.8337e-04  5.4554e-05   -3.3717e-14 -4.7349e-15  9.7544e-16
  150  13.0000   3.0000   0.0000 -1.4739e-02 -3.2661e-03  1.8041e-06    1.7937e-02  7.0251e-04  2.2511e-05    1.5725e-14 -1.9904e-14 -4.7578e-15
  151  13.5000   3.5000   0.0000 -1.7859e-02 -2.9694e-03  4.1717e-06    3.2390e-02  5.2197e-04  3.1761e-05   -4.3713e-14 -6.3867e-15 -2.0698e-15
  152  14.0000   3.0000   0.0000 -2.0607e-02 -2.5121e-03  2.2010e-06    4.5438e-02  7.3607e-04  1.1503e-05   -3.6960e-14 -9.4783e-15  2.2177e-14
  153  14.5000   3.5000   0.0000 -2.2825e-02 -1.9217e-03  4.6913e-06    5.4893e-02  5.4105e-04  1.2496e-05   -1.6603e-14 -7.4969e-15 -5.9788e-16
  154  15.0000   3.0000   0.0000 -2.4406e-02 -1.2291e-03  2.3574e-06    6.2942e-02  7.4949e-04  2.0823e-06    1.6515e-14  6.5575e-15 -5.4534e-15
  155  15.5000   3.5000   0.0000 -2.5250e-02 -4.6258e-04  4.7844e-06    6.7398e-02  5.4435e-04 -4.5160e-06    1.7855e-15 -3.1844e-15 -5.4074e-15
  156  16.0000   3.0000   0.0000 -2.5312e-02  3.4798e-04  2.3021e-06    7.0447e-02  7.4472e-04 -6.8263e-06   -4.9193e-14  7.0432e-15 -2.1198e-14
  157  16.5000   3.5000   0.0000 -2.4548e-02  1.1730e-03  4.4722e-06    6.9904e-02  5.3244e-04 -2.2056e-05   -4.7161e-14 -2.6779e-15 -1.2915e-14
  158  17.0000   3.0000   0.0000 -2.2972e-02  1.9840e-03  2.0309e-06    6.7955e-02  7.2147e-04 -1.6477e-05    1.1359e-14 -1.0054e-14 -2.0903e-14
  159  17.5000   3.5000   0.0000 -2.0600e-02  2.7500e-03  3.7153e-06    6.2412e-02  5.0279e-04 -4.2023e-05   -7.6707e-14 -8.6037e-15 -1.6851e-14
  160  18.0000   3.0000   0.0000 -1.7503e-02  3.4438e-03  1.5201e-06    5.5464e-02  6.7843e-04 -2.6596e-05   -1.5658e-14 -5.2317e-15  7.5173e-16
  161  18.5000   3.5000   0.0000 -1.3759e-02  4.0334e-03  2.4648e-06    4.4921e-02  4.4982e-04 -6.2389e-05   -1.8074e-14 -1.6856e-15  2.0450e-15
  162  19.0000   3.0000   0.0000 -9.4932e-03  4.4924e-03  8.0459e-07    3.2967e-02  6.1875e-04 -3.3066e-05   -1.9677e-14  7.5151e-15  5.5760e-15
  163  19.5000   3.5000   0.0000 -4.8470e-03  4.7878e-03  8.5605e-07    1.7419e-02  3.7333e-04 -7.4265e-05   -3.7518e-15 -2.2164e-15  1.2552e-15
  164  20.0000   3.0000   0.0000  0.0000e+00  4.8942e-03  0.0000e+00    2.1361e-03 -4.7108e-03 -3.4555e-05    3.7664e-02  1.6307e-15  4.7637e-06
  165   0.0000   4.0000   0.0000  0.0000e+00 -4.8925e-03  0.0000e+00    2.1320e-03 -4.6940e-03  1.2706e-04    3.7751e-02  1.8789e-16  2.4333e-05
  166   0.5000   4.5000   0.0000 -4.8439e-03 -4.7849e-03  2.2922e-06    1.7397e-02  4.2079e-04  1.8692e-04   -1.0925e-14 -1.6426e-16  1.0123e-15
  167   1.0000   4.0000   0.0000 -9.4897e-03 -4.4907e-03  2.8412e-06    3.2946e-02  6.4587e-04  1.1163e-04    5.6899e-15  3.1748e-15 -4.1766e-15
  168   1.5000   4.5000   0.0000 -1.3751e-02 -4.0311e-03  6.0918e-06    4.4880e-02  5.3577e-04  1.3194e-04   -2.1682e-14 -1.3130e-16  5.0027e-15
  169   2.0000   4.0000   0.0000 -1.7497e-02 -3.4425e-03  5.1167e-06    5.5439e-02  7.2436e-04  7.8064e-05    2.3117e-14 -1.9496e-15 -9.4918e-15
  170   2.5000   4.5000   0.0000 -2.0588e-02 -2.7486e-03  8.4682e-06    6.2379e-02  5.6955e-04  7.5315e-05   -4.0848e-15 -1.0334e-15  6.3393e-15
  171   3.0000   4.0000   0.0000 -2.2963e-02 -1.9832e-03  6.5580e-06    6.7935e-02  7.6187e-04  4.5195e-05    5.7097e-14 -7.6881e-15 -2.5198e-14
  172   3.5000   4.5000   0.0000 -2.4534e-02 -1.1723e-03  9.7700e-06    6.9878e-02  5.8325e-04  3.7453e-05   -7.2724e-14 -6.5428e-15  2.5290e-15
  173   4.0000   4.0000   0.0000 -2.5302e-02 -3.4766e-04  7.2932e-06    7.0431e-02  7.7857e-04  1.8353e-05    1.4353e-14 -1.4807e-14 -3.3162e-15
  174   4.5000   4.5000   0.0000 -2.5235e-02  4.6273e-04  1.0292e-05    6.7375e-02  5.8826e-04  7.7155e-06   -5.7403e-14 -1.0706e-14 -3.7334e-15
  175   5.0000   4.0000   0.0000 -2.4396e-02  1.2290e-03  7.4443e-06    6.2927e-02  7.8205e-04 -5.2876e-06   -2.1202e-14 -8.9648e-15  1.0628e-14
  176   5.5000   4.5000   0.0000 -2.2810e-02  1.9213e-03  1.0146e-05    5.4870e-02  5.8715e-04 -2.0283e-05   -4.2027e-14 -6.9175e-15 -6.0466e-15
  177   6.0000   4.0000   0.0000 -2.0598e-02  2.5116e-03  7.0371e-06    4.5421e-02  7.7392e-04 -3.0033e-05    5.8599e-14 -4.6974e-15  2.7428e-14
  178   6.5000   4.5000   0.0000 -1.7846e-02  2.9683e-03  9.3071e-06    3.2361e-02  5.7999e-04 -5.2083e-05   -3.8134e-14 -6.8294e-16 -4.1567e-15
  179   7.0000   4.0000   0.0000 -1.4731e-02  3.2651e-03  5.9935e-06    1.7915e-02  7.5233e-04 -6.0006e-05    2.9301e-14 -5.9343e-15 -3.0681e-15
  180   7.5000   4.5000   0.0000 -1.1402e-02  3.3686e-03  7.6200e-06   -1.4772e-04  5.6454e-04 -9.3163e-05   -7.8735e-15  4.4516e-15  9.4370e-16
  181   8.0000   4.0000   0.0000 -8.0887e-03  3.2544e-03  4.1561e-06   -1.9591e-02  7.0971e-04 -9.6227e-05   -8.8991e-16  2.0646e-15 -7.6070e-15
  182   8.5000   4.5000   0.0000 -5.0055e-03  2.8870e-03  4.8566e-06   -4.2643e-02  5.2881e-04 -1.4097e-04   -2.3375e-16  1.4542e-15  3.3204e-15
  183   9.0000   4.0000   0.0000 -2.4338e-03  2.2446e-03  1.4598e-06   -6.7073e-02  6.3173e-04 -1.0729e-04   -1.5578e-15 -4.7161e-16  5.9631e-19
  184   9.5000   4.5000   0.0000 -6.5566e-04  1.2895e-03  8.7005e-07   -9.5059e-02  4.1669e-04 -1.8226e-04    1.8965e-15  4.3075e-16 -2.4550e-17
  185  10.0000   4.0000   0.0000  0.0000e+00  7.1427e-16  0.0000e+00   -1.2183e-01 -8.2607e-03 -4.8880e-15    1.2566e-01  5.2759e-16  1.5599e-04
  186  10.5000   4.5000   0.0000 -6.5566e-04 -1.2895e-03  8.7005e-07   -9.5059e-02  4.1669e-04  1.8226e-04   -1.4619e-15 -2.7701e-16  5.8716e-17
  187  11.0000   4.0000   0.0000 -2.4338e-03 -2.2446e-03  1.4598e-06   -6.7073e-02  6.3173e-04  1.0729e-04   -1.7313e-15 -4.5309e-15  1.6729e-15
  188  11.5000   4.5000   0.0000 -5.0055e-03 -2.8870e-03  4.8566e-06   -4.2643e-02  5.2881e-04  1.4097e-04   -2.9191e-15 -1.5905e-16 -2.1081e-17
  189  12.0000   4.0000   0.0000 -8.0887e-03 -3.2544e-03  4.1561e-06   -1.9591e-02  7.0971e-04  9.6227e-05    1.1036e-14  4.9685e-15 -4.1792e-15
  190  12.5000   4.5000   0.0000 -1.1402e-02 -3.3686e-03  7.6200e-06   -1.4772e-04  5.6454e-04  9.3163e-05   -2.2133e-14 -1.9875e-15 -8.7164e-16
  191  13.0000   4.0000   0.0000 -1.4731e-02 -3.2651e-03  5.9935e-06    1.7915e-02  7.5233e-04  6.0006e-05    2.4578e-14 -7.8442e-15  1.5445e-15
  192  13.5000   4.5000   0.0000 -1.7846e-02 -2.9683e-03  9.3071e-06    3.2361e-02  5.7999e-04  5.2083e-05   -2.4679e-14 -5.7310e-15  4.7208e-15
  193  14.0000   4.0000   0.0000 -2.0598e-02 -2.5116e-03  7.0371e-06    4.5421e-02  7.7392e-04  3.0033e-05    2.5469e-14 -9.7697e-15 -1.7248e-14
  194  14.5000   4.5000   0.0000 -2.2810e-02 -1.9213e-03  1.0146e-05    5.4870e-02  5.8715e-04  2.0283e-05   -2.2993e-14 -2.0777e-15  1.5066e-16
  195  15.0000   4.0000   0.0000 -2.4396e-02 -1.2290e-03  7.4443e-06    6.2927e-02  7.8205e-04  5.2876e-06   -3.3164e-14  5.9698e-16 -5.0908e-15
  196  15.5000   4.5000   0.0000 -2.5235e-02 -4.6273e-04  1.0292e-05    6.7375e-02  5.8826e-04 -7.7155e-06   -1.5534e-14 -7.6878e-15 -4.5400e-15
  197  16.0000   4.0000   0.0000 -2.5302e-02  3.4766e-04  7.2932e-06    7.0431e-02  7.7857e-04 -1.8353e-05    1.8114e-14  3.5411e-16  1.6338e-14
  198  16.5000   4.5000   0.0000 -2.4534e-02  1.1723e-03  9.7700e-06    6.9878e-02  5.8325e-04 -3.7453e-05    5.6435e-15  3.9141e-15  1.0137e-14
  199  17.0000   4.0000   0.0000 -2.2963e-02  1.9832e-03  6.5580e-06    6.7935e-02  7.6187e-04 -4.5195e-05   -3.1433e-15 -1.6790e-15 -2.1756e-14
  200  17.5000   4.5000   0.0000 -2.0588e-02  2.7486e-03  8.4682e-06    6.2379e-02  5.6955e-04 -7.5315e-05    1.7884e-14 -9.6602e-17  5.7191e-15
  201  18.0000   4.0000   0.0000 -1.7497e-02  3.4425e-03  5.1167e-06    5.5439e-02  7.2436e-04 -7.8064e-05    2.9907e-15 -1.1095e-14 -1.9314e-14
  202  18.5000   4.5000   0.0000 -1.3751e-02  4.0311e-03  6.0918e-06    4.4880e-02  5.3577e-04 -1.3194e-04    3.4690e-14 -1.4219e-15  1.1039e-15
  203  19.0000   4.0000   0.0000 -9.4897e-03  4.4907e-03  2.8412e-06    3.2946e-02  6.4587e-04 -1.1163e-04    4.5398e-15  5.3536e-15 -2.1782e-15
  204  19.5000   4.5000   0.0000 -4.8439e-03  4.7849e-03  2.2922e-06    1.7397e-02  4.2079e-04 -1.8692e-04    1.1382e-14  3.7524e-16  1.2444e-15
  205  20.0000   4.0000   0.0000  0.0000e+00  4.8925e-03  0.0000e+00    2.1320e-03 -4.6940e-03 -1.2706e-04    3.7751e-02 -2.6189e-15  2.4333e-05
  206   0.0000   5.0000   0.0000  0.0000e+00 -4.8876e-03  0.0000e+00    2.1332e-03 -4.6627e-03  9.1682e-04    1.8322e-02 -2.7430e-16 -4.4324e-03
  207   1.0000   5.0000   0.0000 -9.4806e-03 -4.4869e-03  7.1090e-06    3.2931e-02  7.8444e-04  6.5967e-04    8.6970e-15  1.7366e-16 -1.6972e-15
  208   2.0000   5.0000   0.0000 -1.7482e-02 -3.4402e-03  1.0524e-05    5.5425e-02  8.2433e-04  3.9713e-04    7.0092e-15 -2.9697e-15  1.3073e-15
  209   3.0000   5.0000   0.0000 -2.2945e-02 -1.9819e-03  1.2414e-05    6.7924e-02  8.3075e-04  1.8196e-04    4.7922e-15  8.4518e-15 -9.8244e-15
  210   4.0000   5.0000   0.0000 -2.5282e-02 -3.4715e-04  1.3344e-05    7.0422e-02  8.3259e-04 -1.8345e-05   -6.9996e-16 -2.0884e-15 -7.4825e-15
  211   5.0000   5.0000   0.0000 -2.4376e-02  1.2288e-03  1.3536e-05    6.2917e-02  8.3296e-04 -2.1334e-04    7.8522e-15 -1.5333e-15 -8.8235e-15
  212   6.0000   5.0000   0.0000 -2.0579e-02  2.5108e-03  1.3036e-05    4.5411e-02  8.3239e-04 -4.0941e-04    1.5457e-14 -3.6497e-15 -8.7332e-15
  213   7.0000   5.0000   0.0000 -1.4714e-02  3.2634e-03  1.1749e-05    1.7901e-02  8.3026e-04 -6.1254e-04    5.1981e-15  5.0499e-16 -6.7546e-16
  214   8.0000   5.0000   0.0000 -8.0757e-03  3.2517e-03  9.4283e-06   -1.9605e-02  8.2071e-04 -8.3099e-04   -2.1120e-15  1.6239e-15  4.5461e-15
  215   9.0000   5.0000   0.0000 -2.4274e-03  2.2408e-03  5.5350e-06   -6.7113e-02  7.5841e-04 -1.0681e-03   -3.1425e-15  1.3394e-15  2.4054e-15
  216  10.0000   5.0000   0.0000  0.0000e+00  6.0259e-16  0.0000e+00   -1.2146e-01 -8.0492e-03 -4.7164e-15    6.1367e-02  1.1121e-16 -1.4182e-02
  217  11.0000   5.0000   0.0000 -2.4274e-03 -2.2408e-03  5.5350e-06   -6.7113e-02  7.5841e-04  1.0681e-03   -2.2543e-15 -1.6513e-15  1.2258e-15
  218  12.0000   5.0000   0.0000 -8.0757e-03 -3.2517e-03  9.4283e-06   -1.9605e-02  8.2071e-04  8.3099e-04   -1.9021e-15  3.8287e-15  2.8547e-15
  219  13.0000   5.0000   0.0000 -1.4714e-02 -3.2634e-03  1.1749e-05    1.7901e-02  8.3026e-04  6.1254e-04    1.6280e-15 -9.4350e-16  2.3898e-15
  220  14.0000   5.0000   0.0000 -2.0579e-02 -2.5108e-03  1.3036e-05    4.5411e-02  8.3239e-04  4.0941e-04   -1.3800e-15 -2.5325e-15  1.4982e-15
  221  15.0000   5.0000   0.0000 -2.4376e-02 -1.2288e-03  1.3536e-05    6.2917e-02  8.3296e-04  2.1334e-04   -3.0245e-15  2.2692e-15 -3.1440e-15
  222  16.0000   5.0000   0.0000 -2.5282e-02  3.4715e-04  1.3344e-05    7.0422e-02  8.3259e-04  1.8345e-05   -6.5356e-15 -3.3652e-15  3.2936e-15
  223  17.0000   5.0000   0.0000 -2.2945e-02  1.9819e-03  1.2414e-05    6.7924e-02  8.3075e-04 -1.8196e-04   -2.5035e-14 -3.2264e-15  1.5579e-14
  224  18.0000   5.0000   0.0000 -1.7482e-02  3.4402e-03  1.0524e-05    5.5425e-02  8.2433e-04 -3.9713e-04   -2.4212e-14  1.7765e-15  1.8122e-14
  225  19.0000   5.0000   0.0000 -9.4806e-03  4.4869e-03  7.1090e-06    3.2931e-02  7.8444e-04 -6.5967e-04   -1.8141e-14  5.0413e-15  1.0560e-14
  226  20.0000   5.0000   0.0000  0.0000e+00  4.8876e-03  0.0000e+00    2.1332e-03 -4.6627e-03 -9.1682e-04    1.8322e-02  2.2403e-15 -4.4324e-03
