ConFem  ../DataExamples/E08/E8-03B23E
symmetric system True, used LinAlg2 True, used ConFemMatC True, used CaeFemElemC True
ndofs 307, elems 130, active nodes 153, abs.size 6.46 MItems, rel.size 0.0702 (abs.size/(ndofs**2)
used element CP*4 [char. length, scaling type, scaling factor] span from el 1,1.999,-1,1.000 to el 100,1.999,-1,1.000
used material MAT1, spec. inertial mass 2.50e-09, type ELASTIC
used material FIBER, spec. inertial mass 1.06e-09, type ELASTIC
0 step starts, solution type NR
0   1 1.000 0.00000 iter 0 0.000000e+00 1.000000e+00    0.000000e+00
0   1 1.000 0.02000 iter 1 3.479553e-02 1.000000e+00    7.848028e-02
0   1 1.000 0.02000 iter 2 3.018529e-03 1.381004e-02    8.563583e-02
0   1 1.000 0.02000 iter 3 4.093148e-05 1.979698e-05    8.637074e-02
0   1 1.000 0.02000 iter 4 8.789520e-09 6.174288e-11    8.637965e-02
0   2 1.000 0.02000 iter 0 8.789520e-09 1.000000e+00    0.000000e+00
0   2 1.000 0.04000 iter 1 8.142195e-03 1.000000e+00    9.099142e-02
0   2 1.000 0.04000 iter 2 1.194022e-04 6.623148e-05    9.303320e-02
0   2 1.000 0.04000 iter 3 2.818266e-08 2.329759e-10    9.306277e-02
0   3 1.000 0.04000 iter 0 2.818266e-08 1.000000e+00    0.000000e+00
0   3 1.000 0.06000 iter 1 4.552814e-03 1.000000e+00    9.467637e-02
0   3 1.000 0.06000 iter 2 2.591901e-05 6.570271e-06    9.572733e-02
0   3 1.000 0.06000 iter 3 8.914430e-10 1.311243e-12    9.573307e-02
0   4 1.000 0.06000 iter 0 8.914430e-10 1.000000e+00    0.000000e+00
0   4 1.000 0.08000 iter 1 3.101384e-03 1.000000e+00    9.662815e-02
0   4 1.000 0.08000 iter 2 8.991887e-06 1.355844e-06    9.729111e-02
0   4 1.000 0.08000 iter 3 8.637190e-11 3.713707e-14    9.729292e-02
0   5 1.000 0.08000 iter 0 8.637190e-11 1.000000e+00    0.000000e+00
0   5 1.000 0.10000 iter 1 2.311188e-03 1.000000e+00    9.787891e-02
0   5 1.000 0.10000 iter 2 3.927523e-06 3.986057e-07    9.834226e-02
0   5 1.000 0.10000 iter 3 3.377416e-11 2.355681e-15    9.834300e-02
0   6 1.000 0.10000 iter 0 3.377416e-11 1.000000e+00    0.000000e+00
0   6 1.000 0.12000 iter 1 1.811260e-03 1.000000e+00    9.876155e-02
0   6 1.000 0.12000 iter 2 1.965593e-06 1.441598e-07    9.910564e-02
0   6 1.000 0.12000 iter 3 3.663927e-11 2.269455e-16    9.910598e-02
0   7 1.000 0.12000 iter 0 3.663927e-11 1.000000e+00    0.000000e+00
0   7 1.000 0.14000 iter 1 1.464382e-03 1.000000e+00    9.942114e-02
0   7 1.000 0.14000 iter 2 1.074803e-06 5.957787e-08    9.968679e-02
0   7 1.000 0.14000 iter 3 3.999363e-11 2.671660e-17    9.968696e-02
0   8 1.000 0.14000 iter 0 3.999363e-11 1.000000e+00    0.000000e+00
0   8 1.000 0.16000 iter 1 1.208009e-03 1.000000e+00    9.993252e-02
0   8 1.000 0.16000 iter 2 6.247545e-07 2.695494e-08    1.001429e-01
0   9 1.000 0.16000 iter 0 6.247545e-07 1.000000e+00    0.000000e+00
0   9 1.000 0.18000 iter 1 1.009532e-03 1.000000e+00    1.003388e-01
0   9 1.000 0.18000 iter 2 3.794385e-07 1.298701e-08    1.005083e-01
0  10 1.000 0.18000 iter 0 3.794385e-07 1.000000e+00    0.000000e+00
0  10 1.000 0.20000 iter 1 8.503989e-04 1.000000e+00    1.006666e-01
0  10 1.000 0.20000 iter 2 2.381223e-07 6.540654e-09    1.008045e-01
0  11 1.000 0.20000 iter 0 2.381223e-07 1.000000e+00    0.000000e+00
0  11 1.000 0.22000 iter 1 7.192015e-04 1.000000e+00    1.009334e-01
0  11 1.000 0.22000 iter 2 1.532862e-07 3.396970e-09    1.010461e-01
0  12 1.000 0.22000 iter 0 1.532862e-07 1.000000e+00    0.000000e+00
0  12 1.000 0.24000 iter 1 6.086945e-04 1.000000e+00    1.011514e-01
0  12 1.000 0.24000 iter 2 1.007561e-07 1.802286e-09    1.012433e-01
0  13 1.000 0.24000 iter 0 1.007561e-07 1.000000e+00    0.000000e+00
0  13 1.000 0.26000 iter 1 5.141720e-04 1.000000e+00    1.013290e-01
0  13 1.000 0.26000 iter 2 6.745086e-08 9.713861e-10    1.014033e-01
0  14 1.000 0.26000 iter 0 6.745086e-08 1.000000e+00    0.000000e+00
0  14 1.000 0.28000 iter 1 4.326753e-04 1.000000e+00    1.014722e-01
0  14 1.000 0.28000 iter 2 4.592585e-08 5.306479e-10    1.015313e-01
0  15 1.000 0.28000 iter 0 4.592585e-08 1.000000e+00    0.000000e+00
0  15 1.000 0.30000 iter 1 3.626592e-04 1.000000e+00    1.015856e-01
0  15 1.000 0.30000 iter 2 3.174743e-08 2.942099e-10    1.016311e-01
0  16 1.000 0.30000 iter 0 3.174743e-08 1.000000e+00    0.000000e+00
0  16 1.000 0.32000 iter 1 3.040008e-04 1.000000e+00    1.016723e-01
0  16 1.000 0.32000 iter 2 2.221147e-08 1.660707e-10    1.017055e-01
0  17 1.000 0.32000 iter 0 2.221147e-08 1.000000e+00    0.000000e+00
0  17 1.000 0.34000 iter 1 2.582721e-04 1.000000e+00    1.017347e-01
0  17 1.000 0.34000 iter 2 1.568246e-08 9.548630e-11    1.017564e-01
0  18 1.000 0.34000 iter 0 1.568246e-08 1.000000e+00    0.000000e+00
0  18 1.000 0.36000 iter 1 2.288951e-04 1.000000e+00    1.017744e-01
0  18 1.000 0.36000 iter 2 1.106449e-08 5.559530e-11    1.017851e-01
0  19 1.000 0.36000 iter 0 1.106449e-08 1.000000e+00    0.000000e+00
0  19 1.000 0.38000 iter 1 2.199789e-04 1.000000e+00    1.017923e-01
0  19 1.000 0.38000 iter 2 7.768478e-09 3.343902e-11    1.017924e-01
0  20 1.000 0.38000 iter 0 7.768478e-09 1.000000e+00    0.000000e+00
0  20 1.000 0.40000 iter 1 2.331514e-04 1.000000e+00    1.017889e-01
0  20 1.000 0.40000 iter 2 5.743274e-09 2.550752e-11    1.017784e-01
0  21 1.000 0.40000 iter 0 5.743274e-09 1.000000e+00    0.000000e+00
0  21 1.000 0.42000 iter 1 2.658507e-04 1.000000e+00    1.017642e-01
0  21 1.000 0.42000 iter 2 6.353016e-09 3.702117e-11    1.017427e-01
0  22 1.000 0.42000 iter 0 6.353016e-09 1.000000e+00    0.000000e+00
0  22 1.000 0.44000 iter 1 3.138450e-04 1.000000e+00    1.017175e-01
0  22 1.000 0.44000 iter 2 1.144705e-08 8.506597e-11    1.016845e-01
0  23 1.000 0.44000 iter 0 1.144705e-08 1.000000e+00    0.000000e+00
0  23 1.000 0.46000 iter 1 3.740980e-04 1.000000e+00    1.016476e-01
0  23 1.000 0.46000 iter 2 2.181249e-08 2.070200e-10    1.016024e-01
0  24 1.000 0.46000 iter 0 2.181249e-08 1.000000e+00    0.000000e+00
0  24 1.000 0.48000 iter 1 4.455111e-04 1.000000e+00    1.015528e-01
0  24 1.000 0.48000 iter 2 3.980639e-08 4.802185e-10    1.014939e-01
0  25 1.000 0.48000 iter 0 3.980639e-08 1.000000e+00    0.000000e+00
0  25 1.000 0.50000 iter 1 5.286929e-04 1.000000e+00    1.014302e-01
0  25 1.000 0.50000 iter 2 7.018538e-08 1.064536e-09    1.013559e-01
Element data written 0.500000
Nodal data written 0.500000
0  26 1.000 0.50000 iter 0 7.018538e-08 1.000000e+00    0.000000e+00
0  26 1.000 0.52000 iter 1 6.257856e-04 1.000000e+00    1.012760e-01
0  26 1.000 0.52000 iter 2 1.215161e-07 2.303473e-09    1.011837e-01
0  27 1.000 0.52000 iter 0 1.215161e-07 1.000000e+00    0.000000e+00
0  27 1.000 0.54000 iter 1 7.406366e-04 1.000000e+00    1.010847e-01
0  27 1.000 0.54000 iter 2 2.096937e-07 4.969660e-09    1.009708e-01
0  28 1.000 0.54000 iter 0 2.096937e-07 1.000000e+00    0.000000e+00
0  28 1.000 0.56000 iter 1 8.794411e-04 1.000000e+00    1.008485e-01
0  28 1.000 0.56000 iter 2 3.658690e-07 1.092350e-08    1.007076e-01
0  29 1.000 0.56000 iter 0 3.658690e-07 1.000000e+00    0.000000e+00
0  29 1.000 0.58000 iter 1 1.052133e-03 1.000000e+00    1.005559e-01
0  29 1.000 0.58000 iter 2 6.555711e-07 2.503427e-08    1.003797e-01
0  30 1.000 0.58000 iter 0 6.555711e-07 1.000000e+00    0.000000e+00
0  30 1.000 0.60000 iter 1 1.275249e-03 1.000000e+00    1.001891e-01
0  30 1.000 0.60000 iter 2 1.229731e-06 6.155970e-08    9.996477e-02
0  30 1.000 0.60000 iter 3 2.059484e-10 1.731145e-16    9.996457e-02
0  31 1.000 0.60000 iter 0 2.059484e-10 1.000000e+00    0.000000e+00
0  31 1.000 0.62000 iter 1 1.578059e-03 1.000000e+00    9.971997e-02
0  31 1.000 0.62000 iter 2 2.480186e-06 1.690084e-07    9.942515e-02
0  31 1.000 0.62000 iter 3 1.998792e-10 7.235245e-16    9.942473e-02
0  32 1.000 0.62000 iter 0 1.998792e-10 1.000000e+00    0.000000e+00
0  32 1.000 0.64000 iter 1 2.017754e-03 1.000000e+00    9.909845e-02
0  32 1.000 0.64000 iter 2 5.611285e-06 5.518926e-07    9.869072e-02
0  32 1.000 0.64000 iter 3 2.696752e-10 1.250558e-14    9.868968e-02
0  33 1.000 0.64000 iter 0 2.696752e-10 1.000000e+00    0.000000e+00
0  33 1.000 0.66000 iter 1 2.068754e-03 1.000000e+00    9.822734e-02
0  33 1.000 0.66000 iter 2 5.467331e-06 5.174224e-07    9.781610e-02
0  33 1.000 0.66000 iter 3 2.143122e-10 6.784569e-15    9.781514e-02
0  34 1.000 0.66000 iter 0 2.143122e-10 1.000000e+00    0.000000e+00
0  34 1.000 0.68000 iter 1 2.684359e-03 1.000000e+00    9.738502e-02
0  34 1.000 0.68000 iter 2 1.268584e-05 1.745239e-06    9.682210e-02
0  34 1.000 0.68000 iter 3 3.960458e-10 2.108726e-13    9.681959e-02
0  35 1.000 0.68000 iter 0 3.960458e-10 1.000000e+00    0.000000e+00
0  35 1.000 0.70000 iter 1 3.308294e-03 1.000000e+00    9.615906e-02
0  35 1.000 0.70000 iter 2 2.323831e-05 4.171311e-06    9.540282e-02
0  35 1.000 0.70000 iter 3 1.117466e-09 1.321943e-12    9.539824e-02
0  36 1.000 0.70000 iter 0 1.117466e-09 1.000000e+00    0.000000e+00
0  36 1.000 0.72000 iter 1 4.490004e-03 1.000000e+00    9.463659e-02
0  36 1.000 0.72000 iter 2 6.871140e-05 2.018670e-05    9.351367e-02
0  36 1.000 0.72000 iter 3 1.806986e-08 8.576163e-11    9.349674e-02
0  37 1.000 0.72000 iter 0 1.806986e-08 1.000000e+00    0.000000e+00
0  37 1.000 0.74000 iter 1 7.367410e-03 1.000000e+00    9.201372e-02
0  37 1.000 0.74000 iter 2 3.717041e-04 2.487437e-04    8.956878e-02
0  37 1.000 0.74000 iter 3 1.085545e-06 3.894241e-08    8.944626e-02
0  37 1.000 0.74000 iter 4 2.365376e-10 2.268771e-15    8.944590e-02
0  38 1.000 0.74000 iter 0 2.365376e-10 1.000000e+00    0.000000e+00
0  38 1.000 0.76000 iter 1 1.499553e-02 1.000000e+00    8.596251e-02
0  38 1.000 0.76000 iter 2 5.491504e-03 1.981924e-02    7.658912e-02
0  38 1.000 0.76000 iter 3 1.852303e-05 4.512903e-05    7.280829e-02
0  38 1.000 0.76000 iter 4 2.770006e-10 1.427653e-12    7.280040e-02
0  39 1.000 0.76000 iter 0 2.770006e-10 1.000000e+00    0.000000e+00
0  39 1.000 0.78000 iter 1 1.172833e-03 1.000000e+00    9.598440e-02
0  39 1.000 0.78000 iter 2 1.100437e-06 8.248559e-03    9.896657e-02
0  39 1.000 0.78000 iter 3 2.305064e-10 9.186152e-11    9.896951e-02
0  40 1.000 0.78000 iter 0 2.305064e-10 1.000000e+00    0.000000e+00
0  40 1.000 0.80000 iter 1 1.238321e-03 1.000000e+00    1.022233e-01
0  40 1.000 0.80000 iter 2 1.457285e-06 2.344096e-05    1.059608e-01
0  40 1.000 0.80000 iter 3 3.156265e-10 2.427676e-14    1.059652e-01
0  41 1.000 0.80000 iter 0 3.156265e-10 1.000000e+00    0.000000e+00
0  41 1.000 0.82000 iter 1 1.363782e-03 1.000000e+00    1.100479e-01
0  41 1.000 0.82000 iter 2 1.966568e-06 1.738187e-05    1.147688e-01
0  41 1.000 0.82000 iter 3 2.454790e-10 2.157645e-14    1.147758e-01
0  42 1.000 0.82000 iter 0 2.454790e-10 1.000000e+00    0.000000e+00
0  42 1.000 0.84000 iter 1 1.516513e-03 1.000000e+00    1.199454e-01
0  42 1.000 0.84000 iter 2 2.737882e-06 1.791681e-05    1.259769e-01
0  42 1.000 0.84000 iter 3 2.482781e-10 1.904200e-14    1.259879e-01
0  43 1.000 0.84000 iter 0 2.482781e-10 1.000000e+00    0.000000e+00
0  43 1.000 0.86000 iter 1 1.706166e-03 1.000000e+00    1.326189e-01
0  43 1.000 0.86000 iter 2 3.959548e-06 2.188164e-05    1.404488e-01
0  43 1.000 0.86000 iter 3 2.441997e-10 3.359458e-13    1.404673e-01
0  44 1.000 0.86000 iter 0 2.441997e-10 1.000000e+00    0.000000e+00
0  44 1.000 0.88000 iter 1 1.947361e-03 1.000000e+00    1.491274e-01
0  44 1.000 0.88000 iter 2 6.003640e-06 3.042066e-05    1.595208e-01
0  44 1.000 0.88000 iter 3 2.730450e-10 7.021839e-13    1.595532e-01
0  45 1.000 0.88000 iter 0 2.730450e-10 1.000000e+00    0.000000e+00
0  45 1.000 0.90000 iter 1 2.263149e-03 1.000000e+00    1.711522e-01
0  45 1.000 0.90000 iter 2 9.665401e-06 4.788147e-05    1.853845e-01
0  45 1.000 0.90000 iter 3 2.913565e-10 4.105792e-12    1.854462e-01
0  46 1.000 0.90000 iter 0 2.913565e-10 1.000000e+00    0.000000e+00
0  46 1.000 0.92000 iter 1 2.691505e-03 1.000000e+00    2.015423e-01
0  46 1.000 0.92000 iter 2 1.681318e-05 8.645210e-05    2.219115e-01
0  46 1.000 0.92000 iter 3 6.995295e-10 2.210863e-11    2.220410e-01
0  47 1.000 0.92000 iter 0 6.995295e-10 1.000000e+00    0.000000e+00
0  47 1.000 0.94000 iter 1 3.297501e-03 1.000000e+00    2.455418e-01
0  47 1.000 0.94000 iter 2 3.233994e-05 1.841564e-04    2.766128e-01
0  47 1.000 0.94000 iter 3 3.206632e-09 1.828748e-10    2.769247e-01
0  48 1.000 0.94000 iter 0 3.206632e-09 1.000000e+00    0.000000e+00
0  48 1.000 0.96000 iter 1 4.191891e-03 1.000000e+00    3.138828e-01
0  48 1.000 0.96000 iter 2 7.027787e-05 4.788319e-04    3.658786e-01
0  48 1.000 0.96000 iter 3 2.065384e-08 2.438010e-09    3.667825e-01
0  49 1.000 0.96000 iter 0 2.065384e-08 1.000000e+00    0.000000e+00
0  49 1.000 0.98000 iter 1 5.501714e-03 1.000000e+00    4.315642e-01
0  49 1.000 0.98000 iter 2 1.626109e-04 1.434345e-03    5.296427e-01
0  49 1.000 0.98000 iter 3 1.503062e-07 4.155151e-08    5.327235e-01
0  50 1.000 0.98000 iter 0 1.503062e-07 1.000000e+00    0.000000e+00
0  50 1.000 1.00000 iter 1 6.426302e-03 1.000000e+00    6.607438e-01
0  50 1.000 1.00000 iter 2 1.195869e-04 1.124975e-03    8.321915e-01
0  50 1.000 1.00000 iter 3 2.539735e-08 4.518770e-09    8.354671e-01
Element data written 1.000000
Nodal data written 1.000000
Restart data written 1.000000
last iteration data
   47, 0.9400,    3
   48, 0.9600,    3
   49, 0.9800,    3
   50, 1.0000,    3
last timeout data
   50, 0.400000, 0.02
   50, 0.400000, 0.09
   50, 0.400000, 0.15
   50, 0.400000, 0.13
total comp time 4 seconds
