Time,   0.5000
      1,  20.0000,   9.9900,   0.0000,    2,    9.8470e-08, -2.3268e-09,      2.7376e-18,  5.9631e-19,     -2.7376e-18, -5.9631e-19,
      2,  20.0000,   0.0000,   0.0000,    2,    0.0000e+00,  0.0000e+00,      1.0332e-02, -2.1354e-02,      0.0000e+00,  0.0000e+00,
      3,   0.0000,   0.0000,   0.0000,    2,    0.0000e+00,  0.0000e+00,     -1.6111e-02, -3.5910e-02,      0.0000e+00,  0.0000e+00,
      4,   0.0000,   9.9900,   0.0000,    2,   -2.0359e-07,  5.2199e-09,      5.3126e-18, -6.4510e-18,     -5.3126e-18,  6.4510e-18,
      5,   0.0000,   8.9910,   0.0000,    0,          
      6,   0.0000,   7.9920,   0.0000,    2,   -4.3317e-08,  1.6039e-08,      1.3010e-18,  0.0000e+00,     -1.3010e-18,  0.0000e+00,
      7,   0.0000,   6.9930,   0.0000,    0,          
      8,   0.0000,   5.9940,   0.0000,    2,    8.8839e-08,  4.9190e-08,      3.0358e-18,  3.4694e-18,     -3.0358e-18, -3.4694e-18,
      9,   0.0000,   4.9950,   0.0000,    0,          
     10,   0.0000,   3.9960,   0.0000,    2,    1.4035e-07,  8.3027e-08,     -8.6736e-19, -6.7221e-18,      8.6736e-19,  6.7221e-18,
     11,   0.0000,   2.9970,   0.0000,    0,          
     12,   0.0000,   1.9980,   0.0000,    2,    1.0300e-07,  8.0850e-08,     -1.7347e-18,  6.9389e-18,      1.7347e-18, -6.9389e-18,
     13,   0.0000,   0.9990,   0.0000,    0,          
     14,   1.0000,   0.0000,   0.0000,    0,          
     15,   2.0000,   0.0000,   0.0000,    2,    0.0000e+00,  0.0000e+00,     -2.7929e-02, -5.0599e-02,      0.0000e+00,  0.0000e+00,
     16,   3.0000,   0.0000,   0.0000,    0,          
     17,   4.0000,   0.0000,   0.0000,    2,    0.0000e+00,  0.0000e+00,     -2.9915e-02, -7.0065e-02,      0.0000e+00,  0.0000e+00,
     18,   5.0000,   0.0000,   0.0000,    0,          
     19,   6.0000,   0.0000,   0.0000,    2,    0.0000e+00,  0.0000e+00,     -2.2160e-02, -9.4256e-02,      0.0000e+00,  0.0000e+00,
     20,   7.0000,   0.0000,   0.0000,    0,          
     21,   8.0000,   0.0000,   0.0000,    2,    0.0000e+00,  0.0000e+00,     -8.0337e-03, -1.0773e-01,      0.0000e+00,  0.0000e+00,
     22,   9.0000,   0.0000,   0.0000,    0,          
     23,  10.0000,   0.0000,   0.0000,    2,    0.0000e+00,  0.0000e+00,      7.4895e-03, -1.0500e-01,      0.0000e+00,  0.0000e+00,
     24,  11.0000,   0.0000,   0.0000,    0,          
     25,  12.0000,   0.0000,   0.0000,    2,    0.0000e+00,  0.0000e+00,      1.8967e-02, -8.8431e-02,      0.0000e+00,  0.0000e+00,
     26,  13.0000,   0.0000,   0.0000,    0,          
     27,  14.0000,   0.0000,   0.0000,    2,    0.0000e+00,  0.0000e+00,      2.4056e-02, -6.5282e-02,      0.0000e+00,  0.0000e+00,
     28,  15.0000,   0.0000,   0.0000,    0,          
     29,  16.0000,   0.0000,   0.0000,    2,    0.0000e+00,  0.0000e+00,      2.3914e-02, -4.2744e-02,      0.0000e+00,  0.0000e+00,
     30,  17.0000,   0.0000,   0.0000,    0,          
     31,  18.0000,   0.0000,   0.0000,    2,    0.0000e+00,  0.0000e+00,      1.9390e-02, -2.8709e-02,      0.0000e+00,  0.0000e+00,
     32,  19.0000,   0.0000,   0.0000,    0,          
     33,  20.0000,   0.9990,   0.0000,    0,          
     34,  20.0000,   1.9980,   0.0000,    2,   -6.7134e-08,  4.6260e-08,      6.0715e-18, -2.6021e-18,     -6.0715e-18,  2.6021e-18,
     35,  20.0000,   2.9970,   0.0000,    0,          
     36,  20.0000,   3.9960,   0.0000,    2,   -9.2234e-08,  4.3344e-08,      2.1684e-18, -2.6021e-18,     -2.1684e-18,  2.6021e-18,
     37,  20.0000,   4.9950,   0.0000,    0,          
     38,  20.0000,   5.9940,   0.0000,    2,   -6.2913e-08,  2.1832e-08,     -2.4395e-19,  4.3368e-18,      2.4395e-19, -4.3368e-18,
     39,  20.0000,   6.9930,   0.0000,    0,          
     40,  20.0000,   7.9920,   0.0000,    2,    1.0671e-08,  3.4317e-09,      0.0000e+00, -5.2042e-18,      0.0000e+00,  5.2042e-18,
     41,  20.0000,   8.9910,   0.0000,    0,          
     42,  19.0000,   9.9900,   0.0000,    0,          
     43,  18.0000,   9.9900,   0.0000,    2,    1.0452e-07,  8.2278e-08,     -7.3726e-18,  2.8189e-18,      7.3726e-18, -2.8189e-18,
     44,  17.0000,   9.9900,   0.0000,    0,          
     45,  16.0000,   9.9900,   0.0000,    2,    1.2627e-07,  1.8317e-07,     -5.2042e-18, -9.7578e-18,      5.2042e-18,  9.7578e-18,
     46,  15.0000,   9.9900,   0.0000,    0,          
     47,  14.0000,   9.9900,   0.0000,    2,    1.5626e-07,  3.5277e-07,     -2.1684e-18, -3.1225e-17,      2.1684e-18,  3.1225e-17,
     48,  13.0000,   9.9900,   0.0000,    0,          
     49,  12.0000,   9.9900,   0.0000,    2,    1.4285e-07,  6.4795e-07,      0.0000e+00, -6.9389e-18,      0.0000e+00,  6.9389e-18,
     50,  11.0000,   9.9900,   0.0000,    0,          
     51,  10.0000,   9.9900,   0.0000,    2,   -1.5912e-07,  1.2965e-06,      3.6349e-11,  4.8508e-11,     -3.6349e-11, -4.8508e-11,
     52,   9.0000,   9.9900,   0.0000,    0,          
     53,   8.0000,   9.9900,   0.0000,    2,   -3.4001e-07,  1.3725e-06,      9.4865e-11,  1.2659e-10,     -9.4865e-11, -1.2659e-10,
     54,   7.0000,   9.9900,   0.0000,    0,          
     55,   6.0000,   9.9900,   0.0000,    2,   -3.4248e-07,  6.8039e-07,     -1.9082e-17,  1.1709e-17,      1.9082e-17, -1.1709e-17,
     56,   5.0000,   9.9900,   0.0000,    0,          
     57,   4.0000,   9.9900,   0.0000,    2,   -2.6220e-07,  3.4864e-07,     -1.0408e-17, -2.1684e-18,      1.0408e-17,  2.1684e-18,
     58,   3.0000,   9.9900,   0.0000,    0,          
     59,   2.0000,   9.9900,   0.0000,    2,   -2.1563e-07,  1.5924e-07,      4.3368e-18, -9.9747e-18,     -4.3368e-18,  9.9747e-18,
     60,   1.0000,   9.9900,   0.0000,    0,          
     61,  19.0000,   0.9990,   0.0000,    0,          
     62,  18.0000,   0.9990,   0.0000,    0,          
     63,  17.0000,   0.9990,   0.0000,    0,          
     64,  16.0000,   0.9990,   0.0000,    0,          
     65,  15.0000,   0.9990,   0.0000,    0,          
     66,  14.0000,   0.9990,   0.0000,    0,          
     67,  13.0000,   0.9990,   0.0000,    0,          
     68,  12.0000,   0.9990,   0.0000,    0,          
     69,  11.0000,   0.9990,   0.0000,    0,          
     70,  10.0000,   0.9990,   0.0000,    0,          
     71,   9.0000,   0.9990,   0.0000,    0,          
     72,   8.0000,   0.9990,   0.0000,    0,          
     73,   7.0000,   0.9990,   0.0000,    0,          
     74,   6.0000,   0.9990,   0.0000,    0,          
     75,   5.0000,   0.9990,   0.0000,    0,          
     76,   4.0000,   0.9990,   0.0000,    0,          
     77,   3.0000,   0.9990,   0.0000,    0,          
     78,   2.0000,   0.9990,   0.0000,    0,          
     79,   1.0000,   0.9990,   0.0000,    0,          
     80,  19.0000,   1.9980,   0.0000,    0,          
     81,  18.0000,   1.9980,   0.0000,    2,   -6.7247e-08,  3.5845e-08,     -3.4694e-18,  0.0000e+00,      3.4694e-18,  0.0000e+00,
     82,  17.0000,   1.9980,   0.0000,    0,          
     83,  16.0000,   1.9980,   0.0000,    2,   -7.3089e-08,  6.4674e-08,     -2.6021e-18,  1.7347e-18,      2.6021e-18, -1.7347e-18,
     84,  15.0000,   1.9980,   0.0000,    0,          
     85,  14.0000,   1.9980,   0.0000,    2,   -7.2568e-08,  1.0573e-07,      6.9389e-18,  1.3878e-17,     -6.9389e-18, -1.3878e-17,
     86,  13.0000,   1.9980,   0.0000,    0,          
     87,  12.0000,   1.9980,   0.0000,    2,   -5.6744e-08,  1.5136e-07,      5.2042e-18, -2.7756e-17,     -5.2042e-18,  2.7756e-17,
     88,  11.0000,   1.9980,   0.0000,    0,          
     89,  10.0000,   1.9980,   0.0000,    2,   -2.1394e-08,  1.8693e-07,     -6.9389e-18,  0.0000e+00,      6.9389e-18,  0.0000e+00,
     90,   9.0000,   1.9980,   0.0000,    0,          
     91,   8.0000,   1.9980,   0.0000,    2,    2.6961e-08,  1.9437e-07,      0.0000e+00,  1.3878e-17,      0.0000e+00, -1.3878e-17,
     92,   7.0000,   1.9980,   0.0000,    0,          
     93,   6.0000,   1.9980,   0.0000,    2,    7.0592e-08,  1.6586e-07,     -1.7347e-17, -4.1633e-17,      1.7347e-17,  4.1633e-17,
     94,   5.0000,   1.9980,   0.0000,    0,          
     95,   4.0000,   1.9980,   0.0000,    2,    9.4278e-08,  1.1542e-07,      1.7347e-17,  6.9389e-18,     -1.7347e-17, -6.9389e-18,
     96,   3.0000,   1.9980,   0.0000,    0,          
     97,   2.0000,   1.9980,   0.0000,    2,    9.8553e-08,  6.8244e-08,     -6.9389e-18,  0.0000e+00,      6.9389e-18,  0.0000e+00,
     98,   1.0000,   1.9980,   0.0000,    0,          
     99,  19.0000,   2.9970,   0.0000,    0,          
    100,  18.0000,   2.9970,   0.0000,    0,          
    101,  17.0000,   2.9970,   0.0000,    0,          
    102,  16.0000,   2.9970,   0.0000,    0,          
    103,  15.0000,   2.9970,   0.0000,    0,          
    104,  14.0000,   2.9970,   0.0000,    0,          
    105,  13.0000,   2.9970,   0.0000,    0,          
    106,  12.0000,   2.9970,   0.0000,    0,          
    107,  11.0000,   2.9970,   0.0000,    0,          
    108,  10.0000,   2.9970,   0.0000,    0,          
    109,   9.0000,   2.9970,   0.0000,    0,          
    110,   8.0000,   2.9970,   0.0000,    0,          
    111,   7.0000,   2.9970,   0.0000,    0,          
    112,   6.0000,   2.9970,   0.0000,    0,          
    113,   5.0000,   2.9970,   0.0000,    0,          
    114,   4.0000,   2.9970,   0.0000,    0,          
    115,   3.0000,   2.9970,   0.0000,    0,          
    116,   2.0000,   2.9970,   0.0000,    0,          
    117,   1.0000,   2.9970,   0.0000,    0,          
    118,  19.0000,   3.9960,   0.0000,    0,          
    119,  18.0000,   3.9960,   0.0000,    2,   -9.5950e-08,  6.4367e-08,     -1.0950e-17,  6.6678e-18,      1.0950e-17, -6.6678e-18,
    120,  17.0000,   3.9960,   0.0000,    0,          
    121,  16.0000,   3.9960,   0.0000,    2,   -1.0248e-07,  1.2152e-07,      2.1684e-19, -2.7756e-17,     -2.1684e-19,  2.7756e-17,
    122,  15.0000,   3.9960,   0.0000,    0,          
    123,  14.0000,   3.9960,   0.0000,    2,   -1.0487e-07,  2.1004e-07,      1.1276e-17, -2.0817e-17,     -1.1276e-17,  2.0817e-17,
    124,  13.0000,   3.9960,   0.0000,    0,          
    125,  12.0000,   3.9960,   0.0000,    2,   -8.5836e-08,  3.1664e-07,     -3.4694e-18,  3.1225e-17,      3.4694e-18, -3.1225e-17,
    126,  11.0000,   3.9960,   0.0000,    0,          
    127,  10.0000,   3.9960,   0.0000,    2,   -3.1763e-08,  4.0766e-07,     -3.4694e-18,  7.6328e-17,      3.4694e-18, -7.6328e-17,
    128,   9.0000,   3.9960,   0.0000,    0,          
    129,   8.0000,   3.9960,   0.0000,    2,    4.7426e-08,  4.3130e-07,      6.9389e-18, -2.7756e-17,     -6.9389e-18,  2.7756e-17,
    130,   7.0000,   3.9960,   0.0000,    0,          
    131,   6.0000,   3.9960,   0.0000,    2,    1.1597e-07,  3.5699e-07,     -6.9389e-18,  1.3878e-17,      6.9389e-18, -1.3878e-17,
    132,   5.0000,   3.9960,   0.0000,    0,          
    133,   4.0000,   3.9960,   0.0000,    2,    1.4388e-07,  2.3000e-07,      3.4694e-18,  1.3878e-17,     -3.4694e-18, -1.3878e-17,
    134,   3.0000,   3.9960,   0.0000,    0,          
    135,   2.0000,   3.9960,   0.0000,    2,    1.4394e-07,  1.2552e-07,     -3.4694e-18,  6.9389e-18,      3.4694e-18, -6.9389e-18,
    136,   1.0000,   3.9960,   0.0000,    0,          
    137,  19.0000,   4.9950,   0.0000,    0,          
    138,  18.0000,   4.9950,   0.0000,    0,          
    139,  17.0000,   4.9950,   0.0000,    0,          
    140,  16.0000,   4.9950,   0.0000,    0,          
    141,  15.0000,   4.9950,   0.0000,    0,          
    142,  14.0000,   4.9950,   0.0000,    0,          
    143,  13.0000,   4.9950,   0.0000,    0,          
    144,  12.0000,   4.9950,   0.0000,    0,          
    145,  11.0000,   4.9950,   0.0000,    0,          
    146,  10.0000,   4.9950,   0.0000,    0,          
    147,   9.0000,   4.9950,   0.0000,    0,          
    148,   8.0000,   4.9950,   0.0000,    0,          
    149,   7.0000,   4.9950,   0.0000,    0,          
    150,   6.0000,   4.9950,   0.0000,    0,          
    151,   5.0000,   4.9950,   0.0000,    0,          
    152,   4.0000,   4.9950,   0.0000,    0,          
    153,   3.0000,   4.9950,   0.0000,    0,          
    154,   2.0000,   4.9950,   0.0000,    0,          
    155,   1.0000,   4.9950,   0.0000,    0,          
    156,  19.0000,   5.9940,   0.0000,    0,          
    157,  18.0000,   5.9940,   0.0000,    2,   -6.8503e-08,  7.8274e-08,      5.6379e-18,  9.9747e-18,     -5.6379e-18, -9.9747e-18,
    158,  17.0000,   5.9940,   0.0000,    0,          
    159,  16.0000,   5.9940,   0.0000,    2,   -8.0706e-08,  1.6095e-07,      2.6021e-18, -1.5613e-17,     -2.6021e-18,  1.5613e-17,
    160,  15.0000,   5.9940,   0.0000,    0,          
    161,  14.0000,   5.9940,   0.0000,    2,   -1.0004e-07,  2.9827e-07,      1.4311e-17,  1.0842e-17,     -1.4311e-17, -1.0842e-17,
    162,  13.0000,   5.9940,   0.0000,    0,          
    163,  12.0000,   5.9940,   0.0000,    2,   -9.3860e-08,  4.8624e-07,     -1.3878e-17,  1.0061e-16,      1.3878e-17, -1.0061e-16,
    164,  11.0000,   5.9940,   0.0000,    0,          
    165,  10.0000,   5.9940,   0.0000,    2,   -3.7463e-08,  6.6856e-07,     -6.9389e-18,  0.0000e+00,      6.9389e-18,  0.0000e+00,
    166,   9.0000,   5.9940,   0.0000,    0,          
    167,   8.0000,   5.9940,   0.0000,    2,    7.9116e-08,  7.4467e-07,      4.9289e-11,  6.5740e-11,     -4.9289e-11, -6.5740e-11,
    168,   7.0000,   5.9940,   0.0000,    0,          
    169,   6.0000,   5.9940,   0.0000,    2,    1.5084e-07,  5.6257e-07,      3.0372e-11,  4.0526e-11,     -3.0372e-11, -4.0526e-11,
    170,   5.0000,   5.9940,   0.0000,    0,          
    171,   4.0000,   5.9940,   0.0000,    2,    1.2583e-07,  3.1199e-07,     -2.0817e-17, -3.4694e-17,      2.0817e-17,  3.4694e-17,
    172,   3.0000,   5.9940,   0.0000,    0,          
    173,   2.0000,   5.9940,   0.0000,    2,    9.9690e-08,  1.5356e-07,     -5.2042e-18, -2.7756e-17,      5.2042e-18,  2.7756e-17,
    174,   1.0000,   5.9940,   0.0000,    0,          
    175,  19.0000,   6.9930,   0.0000,    0,          
    176,  18.0000,   6.9930,   0.0000,    0,          
    177,  17.0000,   6.9930,   0.0000,    0,          
    178,  16.0000,   6.9930,   0.0000,    0,          
    179,  15.0000,   6.9930,   0.0000,    0,          
    180,  14.0000,   6.9930,   0.0000,    0,          
    181,  13.0000,   6.9930,   0.0000,    0,          
    182,  12.0000,   6.9930,   0.0000,    0,          
    183,  11.0000,   6.9930,   0.0000,    0,          
    184,  10.0000,   6.9930,   0.0000,    0,          
    185,   9.0000,   6.9930,   0.0000,    0,          
    186,   8.0000,   6.9930,   0.0000,    0,          
    187,   7.0000,   6.9930,   0.0000,    0,          
    188,   6.0000,   6.9930,   0.0000,    0,          
    189,   5.0000,   6.9930,   0.0000,    0,          
    190,   4.0000,   6.9930,   0.0000,    0,          
    191,   3.0000,   6.9930,   0.0000,    0,          
    192,   2.0000,   6.9930,   0.0000,    0,          
    193,   1.0000,   6.9930,   0.0000,    0,          
    194,  19.0000,   7.9920,   0.0000,    0,          
    195,  18.0000,   7.9920,   0.0000,    2,    8.5220e-09,  8.1175e-08,     -4.3368e-19, -1.0842e-17,      4.3368e-19,  1.0842e-17,
    196,  17.0000,   7.9920,   0.0000,    0,          
    197,  16.0000,   7.9920,   0.0000,    2,    1.1937e-09,  1.7804e-07,     -4.3368e-18,  1.6914e-17,      4.3368e-18, -1.6914e-17,
    198,  15.0000,   7.9920,   0.0000,    0,          
    199,  14.0000,   7.9920,   0.0000,    2,   -2.4861e-08,  3.3935e-07,      3.0358e-18,  1.6263e-17,     -3.0358e-18, -1.6263e-17,
    200,  13.0000,   7.9920,   0.0000,    0,          
    201,  12.0000,   7.9920,   0.0000,    2,   -8.3447e-08,  6.3424e-07,      8.6736e-18, -1.5613e-17,     -8.6736e-18,  1.5613e-17,
    202,  11.0000,   7.9920,   0.0000,    0,          
    203,  10.0000,   7.9920,   0.0000,    2,   -3.8459e-08,  9.8000e-07,      2.4037e-11,  3.2083e-11,     -2.4037e-11, -3.2083e-11,
    204,   9.0000,   7.9920,   0.0000,    0,          
    205,   8.0000,   7.9920,   0.0000,    2,    1.2036e-07,  1.1912e-06,      3.6389e-10,  4.8490e-10,     -3.6389e-10, -4.8490e-10,
    206,   7.0000,   7.9920,   0.0000,    0,          
    207,   6.0000,   7.9920,   0.0000,    2,    6.5394e-08,  6.7480e-07,      7.8022e-11,  1.0399e-10,     -7.8022e-11, -1.0399e-10,
    208,   5.0000,   7.9920,   0.0000,    0,          
    209,   4.0000,   7.9920,   0.0000,    2,   -1.6771e-08,  3.3912e-07,      0.0000e+00,  2.2551e-17,      0.0000e+00, -2.2551e-17,
    210,   3.0000,   7.9920,   0.0000,    0,          
    211,   2.0000,   7.9920,   0.0000,    2,   -3.7954e-08,  1.5838e-07,     -1.7347e-18,  3.5562e-17,      1.7347e-18, -3.5562e-17,
    212,   1.0000,   7.9920,   0.0000,    0,          
    213,  19.0000,   8.9910,   0.0000,    0,          
    214,  18.0000,   8.9910,   0.0000,    0,          
    215,  17.0000,   8.9910,   0.0000,    0,          
    216,  16.0000,   8.9910,   0.0000,    0,          
    217,  15.0000,   8.9910,   0.0000,    0,          
    218,  14.0000,   8.9910,   0.0000,    0,          
    219,  13.0000,   8.9910,   0.0000,    0,          
    220,  12.0000,   8.9910,   0.0000,    0,          
    221,  11.0000,   8.9910,   0.0000,    0,          
    222,  10.0000,   8.9910,   0.0000,    0,          
    223,   9.0000,   8.9910,   0.0000,    0,          
    224,   8.0000,   8.9910,   0.0000,    0,          
    225,   7.0000,   8.9910,   0.0000,    0,          
    226,   6.0000,   8.9910,   0.0000,    0,          
    227,   5.0000,   8.9910,   0.0000,    0,          
    228,   4.0000,   8.9910,   0.0000,    0,          
    229,   3.0000,   8.9910,   0.0000,    0,          
    230,   2.0000,   8.9910,   0.0000,    0,          
    231,   1.0000,   8.9910,   0.0000,    0,          
    232,  20.0000,  20.0000,   0.0000,    2,    7.4593e-02,  1.0000e-01,      1.5012e-13, -4.0739e-03,      0.0000e+00,  0.0000e+00,
    233,  20.0000,  10.0100,   0.0000,    2,    7.4593e-02,  1.0000e-01,     -2.1696e-12, -9.4475e-13,      2.1696e-12,  9.4475e-13,
    234,   0.0000,  10.0100,   0.0000,    2,    7.4593e-02,  1.0000e-01,     -3.9712e-12,  3.4666e-13,      3.9712e-12, -3.4666e-13,
    235,   0.0000,  20.0000,   0.0000,    2,    7.4593e-02,  1.0000e-01,      1.6145e-12,  1.4591e-02,     -1.8190e-12,  0.0000e+00,
    236,   0.0000,  19.0010,   0.0000,    0,          
    237,   0.0000,  18.0020,   0.0000,    2,    7.4593e-02,  1.0000e-01,      2.7008e-12,  8.5294e-13,     -1.8190e-12,  0.0000e+00,
    238,   0.0000,  17.0030,   0.0000,    0,          
    239,   0.0000,  16.0040,   0.0000,    2,    7.4593e-02,  1.0000e-01,     -3.2402e-12, -2.1841e-13,      3.2402e-12,  2.1841e-13,
    240,   0.0000,  15.0050,   0.0000,    0,          
    241,   0.0000,  14.0060,   0.0000,    2,    7.4593e-02,  1.0000e-01,     -1.1036e-11,  1.6347e-12,      1.1036e-11, -1.6347e-12,
    242,   0.0000,  13.0070,   0.0000,    0,          
    243,   0.0000,  12.0080,   0.0000,    2,    7.4593e-02,  1.0000e-01,     -3.3982e-12,  1.6602e-12,      3.3982e-12, -1.6602e-12,
    244,   0.0000,  11.0090,   0.0000,    0,          
    245,   1.0000,  10.0100,   0.0000,    0,          
    246,   2.0000,  10.0100,   0.0000,    2,    7.4593e-02,  1.0000e-01,      8.4631e-12,  5.3842e-12,     -8.4631e-12, -5.3842e-12,
    247,   3.0000,  10.0100,   0.0000,    0,          
    248,   4.0000,  10.0100,   0.0000,    2,    7.4593e-02,  1.0000e-01,     -8.0243e-13,  5.5935e-12,      8.0243e-13, -5.5935e-12,
    249,   5.0000,  10.0100,   0.0000,    0,          
    250,   6.0000,  10.0100,   0.0000,    2,    7.4593e-02,  9.9999e-02,      2.4483e-13,  4.0826e-12,     -2.4483e-13, -4.0826e-12,
    251,   7.0000,  10.0100,   0.0000,    0,          
    252,   8.0000,  10.0100,   0.0000,    2,    7.4593e-02,  9.9999e-02,     -5.7281e-12, -8.7113e-12,      5.7281e-12,  8.7113e-12,
    253,   9.0000,  10.0100,   0.0000,    0,          
    254,  10.0000,  10.0100,   0.0000,    2,    7.4594e-02,  9.9998e-02,      3.8845e-12,  3.4096e-12,     -3.8845e-12, -3.4096e-12,
    255,  11.0000,  10.0100,   0.0000,    0,          
    256,  12.0000,  10.0100,   0.0000,    2,    7.4594e-02,  9.9999e-02,     -6.0944e-12,  4.0336e-13,      6.0944e-12, -4.0336e-13,
    257,  13.0000,  10.0100,   0.0000,    0,          
    258,  14.0000,  10.0100,   0.0000,    2,    7.4593e-02,  1.0000e-01,      6.2821e-12, -1.1917e-11,     -6.2821e-12,  1.1917e-11,
    259,  15.0000,  10.0100,   0.0000,    0,          
    260,  16.0000,  10.0100,   0.0000,    2,    7.4593e-02,  1.0000e-01,     -2.7536e-12,  2.9973e-12,      2.7536e-12, -2.9973e-12,
    261,  17.0000,  10.0100,   0.0000,    0,          
    262,  18.0000,  10.0100,   0.0000,    2,    7.4593e-02,  1.0000e-01,      4.4045e-12,  6.6684e-12,     -4.4045e-12, -6.6684e-12,
    263,  19.0000,  10.0100,   0.0000,    0,          
    264,  20.0000,  11.0090,   0.0000,    0,          
    265,  20.0000,  12.0080,   0.0000,    2,    7.4593e-02,  1.0000e-01,      2.6994e-12,  4.4535e-12,     -2.6994e-12, -4.4535e-12,
    266,  20.0000,  13.0070,   0.0000,    0,          
    267,  20.0000,  14.0060,   0.0000,    2,    7.4593e-02,  1.0000e-01,      5.4278e-12, -2.4703e-12,     -5.4278e-12,  2.4703e-12,
    268,  20.0000,  15.0050,   0.0000,    0,          
    269,  20.0000,  16.0040,   0.0000,    2,    7.4593e-02,  1.0000e-01,      5.2108e-12,  7.6461e-12,     -5.2108e-12, -7.6461e-12,
    270,  20.0000,  17.0030,   0.0000,    0,          
    271,  20.0000,  18.0020,   0.0000,    2,    7.4593e-02,  1.0000e-01,     -4.6031e-12, -1.9242e-12,      3.6380e-12,  7.2760e-12,
    272,  20.0000,  19.0010,   0.0000,    0,          
    273,  19.0000,  20.0000,   0.0000,    0,          
    274,  18.0000,  20.0000,   0.0000,    2,    7.4593e-02,  1.0000e-01,     -1.9029e-12,  1.3160e-02,      1.8190e-12,  0.0000e+00,
    275,  17.0000,  20.0000,   0.0000,    0,          
    276,  16.0000,  20.0000,   0.0000,    2,    7.4593e-02,  1.0000e-01,      2.1870e-12,  4.6505e-02,     -2.2737e-12,  0.0000e+00,
    277,  15.0000,  20.0000,   0.0000,    0,          
    278,  14.0000,  20.0000,   0.0000,    2,    7.4593e-02,  1.0000e-01,      3.5582e-12,  8.1357e-02,     -3.6380e-12,  0.0000e+00,
    279,  13.0000,  20.0000,   0.0000,    0,          
    280,  12.0000,  20.0000,   0.0000,    2,    7.4593e-02,  1.0000e-01,      1.1640e-12,  1.0963e-01,     -9.0949e-13,  0.0000e+00,
    281,  11.0000,  20.0000,   0.0000,    0,          
    282,  10.0000,  20.0000,   0.0000,    2,    7.4593e-02,  1.0000e-01,     -5.2089e-12,  1.2266e-01,      5.0022e-12,  0.0000e+00,
    283,   9.0000,  20.0000,   0.0000,    0,          
    284,   8.0000,  20.0000,   0.0000,    2,    7.4593e-02,  1.0000e-01,      1.3126e-12,  1.1717e-01,     -1.3642e-12,  0.0000e+00,
    285,   7.0000,  20.0000,   0.0000,    0,          
    286,   6.0000,  20.0000,   0.0000,    2,    7.4593e-02,  1.0000e-01,      6.0550e-13,  9.6772e-02,     -4.5475e-13,  0.0000e+00,
    287,   5.0000,  20.0000,   0.0000,    0,          
    288,   4.0000,  20.0000,   0.0000,    2,    7.4593e-02,  1.0000e-01,     -2.5106e-12,  6.9219e-02,      2.7285e-12,  0.0000e+00,
    289,   3.0000,  20.0000,   0.0000,    0,          
    290,   2.0000,  20.0000,   0.0000,    2,    7.4593e-02,  1.0000e-01,     -4.8727e-12,  4.3087e-02,      5.0022e-12,  0.0000e+00,
    291,   1.0000,  20.0000,   0.0000,    0,          
    292,  19.0000,  11.0090,   0.0000,    0,          
    293,  18.0000,  11.0090,   0.0000,    0,          
    294,  17.0000,  11.0090,   0.0000,    0,          
    295,  16.0000,  11.0090,   0.0000,    0,          
    296,  15.0000,  11.0090,   0.0000,    0,          
    297,  14.0000,  11.0090,   0.0000,    0,          
    298,  13.0000,  11.0090,   0.0000,    0,          
    299,  12.0000,  11.0090,   0.0000,    0,          
    300,  11.0000,  11.0090,   0.0000,    0,          
    301,  10.0000,  11.0090,   0.0000,    0,          
    302,   9.0000,  11.0090,   0.0000,    0,          
    303,   8.0000,  11.0090,   0.0000,    0,          
    304,   7.0000,  11.0090,   0.0000,    0,          
    305,   6.0000,  11.0090,   0.0000,    0,          
    306,   5.0000,  11.0090,   0.0000,    0,          
    307,   4.0000,  11.0090,   0.0000,    0,          
    308,   3.0000,  11.0090,   0.0000,    0,          
    309,   2.0000,  11.0090,   0.0000,    0,          
    310,   1.0000,  11.0090,   0.0000,    0,          
    311,  19.0000,  12.0080,   0.0000,    0,          
    312,  18.0000,  12.0080,   0.0000,    2,    7.4593e-02,  1.0000e-01,     -6.7119e-12, -7.5887e-12,      6.7119e-12,  7.5887e-12,
    313,  17.0000,  12.0080,   0.0000,    0,          
    314,  16.0000,  12.0080,   0.0000,    2,    7.4593e-02,  1.0000e-01,      3.7591e-12,  8.6114e-12,     -3.7591e-12, -8.6114e-12,
    315,  15.0000,  12.0080,   0.0000,    0,          
    316,  14.0000,  12.0080,   0.0000,    2,    7.4593e-02,  1.0000e-01,      1.3585e-12,  9.1006e-12,     -1.3585e-12, -9.1006e-12,
    317,  13.0000,  12.0080,   0.0000,    0,          
    318,  12.0000,  12.0080,   0.0000,    2,    7.4593e-02,  9.9999e-02,     -1.0432e-11, -2.9688e-12,      1.0432e-11,  2.9688e-12,
    319,  11.0000,  12.0080,   0.0000,    0,          
    320,  10.0000,  12.0080,   0.0000,    2,    7.4593e-02,  9.9999e-02,      2.1307e-12, -7.8443e-12,     -2.1307e-12,  7.8443e-12,
    321,   9.0000,  12.0080,   0.0000,    0,          
    322,   8.0000,  12.0080,   0.0000,    2,    7.4593e-02,  9.9999e-02,      1.0746e-12,  3.7330e-12,     -1.0746e-12, -3.7330e-12,
    323,   7.0000,  12.0080,   0.0000,    0,          
    324,   6.0000,  12.0080,   0.0000,    2,    7.4593e-02,  9.9999e-02,     -2.8024e-12,  3.4884e-12,      2.8024e-12, -3.4884e-12,
    325,   5.0000,  12.0080,   0.0000,    0,          
    326,   4.0000,  12.0080,   0.0000,    2,    7.4593e-02,  1.0000e-01,     -2.6037e-13, -5.6491e-12,      2.6037e-13,  5.6491e-12,
    327,   3.0000,  12.0080,   0.0000,    0,          
    328,   2.0000,  12.0080,   0.0000,    2,    7.4593e-02,  1.0000e-01,      6.9416e-12, -8.1556e-12,     -6.9416e-12,  8.1556e-12,
    329,   1.0000,  12.0080,   0.0000,    0,          
    330,  19.0000,  13.0070,   0.0000,    0,          
    331,  18.0000,  13.0070,   0.0000,    0,          
    332,  17.0000,  13.0070,   0.0000,    0,          
    333,  16.0000,  13.0070,   0.0000,    0,          
    334,  15.0000,  13.0070,   0.0000,    0,          
    335,  14.0000,  13.0070,   0.0000,    0,          
    336,  13.0000,  13.0070,   0.0000,    0,          
    337,  12.0000,  13.0070,   0.0000,    0,          
    338,  11.0000,  13.0070,   0.0000,    0,          
    339,  10.0000,  13.0070,   0.0000,    0,          
    340,   9.0000,  13.0070,   0.0000,    0,          
    341,   8.0000,  13.0070,   0.0000,    0,          
    342,   7.0000,  13.0070,   0.0000,    0,          
    343,   6.0000,  13.0070,   0.0000,    0,          
    344,   5.0000,  13.0070,   0.0000,    0,          
    345,   4.0000,  13.0070,   0.0000,    0,          
    346,   3.0000,  13.0070,   0.0000,    0,          
    347,   2.0000,  13.0070,   0.0000,    0,          
    348,   1.0000,  13.0070,   0.0000,    0,          
    349,  19.0000,  14.0060,   0.0000,    0,          
    350,  18.0000,  14.0060,   0.0000,    2,    7.4593e-02,  1.0000e-01,     -1.1258e-11, -1.3363e-11,      1.1258e-11,  1.3363e-11,
    351,  17.0000,  14.0060,   0.0000,    0,          
    352,  16.0000,  14.0060,   0.0000,    2,    7.4593e-02,  1.0000e-01,      8.7728e-12, -1.3542e-11,     -8.7728e-12,  1.3542e-11,
    353,  15.0000,  14.0060,   0.0000,    0,          
    354,  14.0000,  14.0060,   0.0000,    2,    7.4593e-02,  1.0000e-01,      3.8300e-12,  7.4978e-12,     -3.8300e-12, -7.4978e-12,
    355,  13.0000,  14.0060,   0.0000,    0,          
    356,  12.0000,  14.0060,   0.0000,    2,    7.4593e-02,  9.9999e-02,      6.0985e-12, -3.7466e-13,     -6.0985e-12,  3.7466e-13,
    357,  11.0000,  14.0060,   0.0000,    0,          
    358,  10.0000,  14.0060,   0.0000,    2,    7.4593e-02,  9.9999e-02,      1.6211e-12,  2.5443e-12,     -1.6211e-12, -2.5443e-12,
    359,   9.0000,  14.0060,   0.0000,    0,          
    360,   8.0000,  14.0060,   0.0000,    2,    7.4593e-02,  9.9999e-02,     -4.1440e-12,  5.4445e-12,      4.1440e-12, -5.4445e-12,
    361,   7.0000,  14.0060,   0.0000,    0,          
    362,   6.0000,  14.0060,   0.0000,    2,    7.4593e-02,  9.9999e-02,     -8.7650e-13, -8.0052e-12,      8.7650e-13,  8.0052e-12,
    363,   5.0000,  14.0060,   0.0000,    0,          
    364,   4.0000,  14.0060,   0.0000,    2,    7.4593e-02,  1.0000e-01,      2.7728e-12, -8.6203e-12,     -2.7728e-12,  8.6203e-12,
    365,   3.0000,  14.0060,   0.0000,    0,          
    366,   2.0000,  14.0060,   0.0000,    2,    7.4593e-02,  1.0000e-01,      7.8977e-12, -3.4737e-13,     -7.8977e-12,  3.4737e-13,
    367,   1.0000,  14.0060,   0.0000,    0,          
    368,  19.0000,  15.0050,   0.0000,    0,          
    369,  18.0000,  15.0050,   0.0000,    0,          
    370,  17.0000,  15.0050,   0.0000,    0,          
    371,  16.0000,  15.0050,   0.0000,    0,          
    372,  15.0000,  15.0050,   0.0000,    0,          
    373,  14.0000,  15.0050,   0.0000,    0,          
    374,  13.0000,  15.0050,   0.0000,    0,          
    375,  12.0000,  15.0050,   0.0000,    0,          
    376,  11.0000,  15.0050,   0.0000,    0,          
    377,  10.0000,  15.0050,   0.0000,    0,          
    378,   9.0000,  15.0050,   0.0000,    0,          
    379,   8.0000,  15.0050,   0.0000,    0,          
    380,   7.0000,  15.0050,   0.0000,    0,          
    381,   6.0000,  15.0050,   0.0000,    0,          
    382,   5.0000,  15.0050,   0.0000,    0,          
    383,   4.0000,  15.0050,   0.0000,    0,          
    384,   3.0000,  15.0050,   0.0000,    0,          
    385,   2.0000,  15.0050,   0.0000,    0,          
    386,   1.0000,  15.0050,   0.0000,    0,          
    387,  19.0000,  16.0040,   0.0000,    0,          
    388,  18.0000,  16.0040,   0.0000,    2,    7.4593e-02,  1.0000e-01,     -4.3376e-12, -5.3903e-12,      4.3376e-12,  5.3903e-12,
    389,  17.0000,  16.0040,   0.0000,    0,          
    390,  16.0000,  16.0040,   0.0000,    2,    7.4593e-02,  1.0000e-01,     -3.6828e-12, -6.7830e-12,      3.6828e-12,  6.7830e-12,
    391,  15.0000,  16.0040,   0.0000,    0,          
    392,  14.0000,  16.0040,   0.0000,    2,    7.4593e-02,  1.0000e-01,     -2.8250e-12,  5.2619e-12,      2.8250e-12, -5.2619e-12,
    393,  13.0000,  16.0040,   0.0000,    0,          
    394,  12.0000,  16.0040,   0.0000,    2,    7.4593e-02,  1.0000e-01,      6.6343e-12,  7.6905e-12,     -6.6343e-12, -7.6905e-12,
    395,  11.0000,  16.0040,   0.0000,    0,          
    396,  10.0000,  16.0040,   0.0000,    2,    7.4593e-02,  1.0000e-01,     -1.0261e-11, -9.2211e-12,      1.0261e-11,  9.2211e-12,
    397,   9.0000,  16.0040,   0.0000,    0,          
    398,   8.0000,  16.0040,   0.0000,    2,    7.4593e-02,  1.0000e-01,      7.5566e-12,  4.0828e-12,     -7.5566e-12, -4.0828e-12,
    399,   7.0000,  16.0040,   0.0000,    0,          
    400,   6.0000,  16.0040,   0.0000,    2,    7.4593e-02,  1.0000e-01,     -7.1807e-12,  1.1051e-11,      7.1807e-12, -1.1051e-11,
    401,   5.0000,  16.0040,   0.0000,    0,          
    402,   4.0000,  16.0040,   0.0000,    2,    7.4593e-02,  1.0000e-01,      1.7306e-12,  2.7734e-12,     -1.7306e-12, -2.7734e-12,
    403,   3.0000,  16.0040,   0.0000,    0,          
    404,   2.0000,  16.0040,   0.0000,    2,    7.4593e-02,  1.0000e-01,      6.0789e-12,  7.3849e-13,     -6.0789e-12, -7.3849e-13,
    405,   1.0000,  16.0040,   0.0000,    0,          
    406,  19.0000,  17.0030,   0.0000,    0,          
    407,  18.0000,  17.0030,   0.0000,    0,          
    408,  17.0000,  17.0030,   0.0000,    0,          
    409,  16.0000,  17.0030,   0.0000,    0,          
    410,  15.0000,  17.0030,   0.0000,    0,          
    411,  14.0000,  17.0030,   0.0000,    0,          
    412,  13.0000,  17.0030,   0.0000,    0,          
    413,  12.0000,  17.0030,   0.0000,    0,          
    414,  11.0000,  17.0030,   0.0000,    0,          
    415,  10.0000,  17.0030,   0.0000,    0,          
    416,   9.0000,  17.0030,   0.0000,    0,          
    417,   8.0000,  17.0030,   0.0000,    0,          
    418,   7.0000,  17.0030,   0.0000,    0,          
    419,   6.0000,  17.0030,   0.0000,    0,          
    420,   5.0000,  17.0030,   0.0000,    0,          
    421,   4.0000,  17.0030,   0.0000,    0,          
    422,   3.0000,  17.0030,   0.0000,    0,          
    423,   2.0000,  17.0030,   0.0000,    0,          
    424,   1.0000,  17.0030,   0.0000,    0,          
    425,  19.0000,  18.0020,   0.0000,    0,          
    426,  18.0000,  18.0020,   0.0000,    2,    7.4593e-02,  1.0000e-01,      3.9920e-12,  1.0648e-11,     -3.6380e-12, -7.2760e-12,
    427,  17.0000,  18.0020,   0.0000,    0,          
    428,  16.0000,  18.0020,   0.0000,    2,    7.4593e-02,  1.0000e-01,     -5.9239e-13,  1.9935e-11,      0.0000e+00, -1.4552e-11,
    429,  15.0000,  18.0020,   0.0000,    0,          
    430,  14.0000,  18.0020,   0.0000,    2,    7.4593e-02,  1.0000e-01,     -5.0326e-12,  1.1090e-11,      5.4570e-12, -7.2760e-12,
    431,  13.0000,  18.0020,   0.0000,    0,          
    432,  12.0000,  18.0020,   0.0000,    2,    7.4593e-02,  1.0000e-01,      4.3831e-12, -4.9025e-12,     -5.4570e-12,  7.2760e-12,
    433,  11.0000,  18.0020,   0.0000,    0,          
    434,  10.0000,  18.0020,   0.0000,    2,    7.4593e-02,  1.0000e-01,     -8.7125e-12,  8.1297e-13,      9.0949e-12,  0.0000e+00,
    435,   9.0000,  18.0020,   0.0000,    0,          
    436,   8.0000,  18.0020,   0.0000,    2,    7.4593e-02,  1.0000e-01,      4.8862e-12,  3.9987e-13,     -5.4570e-12,  0.0000e+00,
    437,   7.0000,  18.0020,   0.0000,    0,          
    438,   6.0000,  18.0020,   0.0000,    2,    7.4593e-02,  1.0000e-01,      5.0270e-12, -1.3788e-11,     -5.4570e-12,  1.4552e-11,
    439,   5.0000,  18.0020,   0.0000,    0,          
    440,   4.0000,  18.0020,   0.0000,    2,    7.4593e-02,  1.0000e-01,     -1.4715e-12, -5.5330e-12,      1.8190e-12,  7.2760e-12,
    441,   3.0000,  18.0020,   0.0000,    0,          
    442,   2.0000,  18.0020,   0.0000,    2,    7.4593e-02,  1.0000e-01,      4.6272e-12,  9.9461e-12,     -5.4570e-12, -7.2760e-12,
    443,   1.0000,  18.0020,   0.0000,    0,          
    444,  19.0000,  19.0010,   0.0000,    0,          
    445,  18.0000,  19.0010,   0.0000,    0,          
    446,  17.0000,  19.0010,   0.0000,    0,          
    447,  16.0000,  19.0010,   0.0000,    0,          
    448,  15.0000,  19.0010,   0.0000,    0,          
    449,  14.0000,  19.0010,   0.0000,    0,          
    450,  13.0000,  19.0010,   0.0000,    0,          
    451,  12.0000,  19.0010,   0.0000,    0,          
    452,  11.0000,  19.0010,   0.0000,    0,          
    453,  10.0000,  19.0010,   0.0000,    0,          
    454,   9.0000,  19.0010,   0.0000,    0,          
    455,   8.0000,  19.0010,   0.0000,    0,          
    456,   7.0000,  19.0010,   0.0000,    0,          
    457,   6.0000,  19.0010,   0.0000,    0,          
    458,   5.0000,  19.0010,   0.0000,    0,          
    459,   4.0000,  19.0010,   0.0000,    0,          
    460,   3.0000,  19.0010,   0.0000,    0,          
    461,   2.0000,  19.0010,   0.0000,    0,          
    462,   1.0000,  19.0010,   0.0000,    0,          
   4630,   7.0000,   7.0000,   0.0000,    2,    2.0705e-02,  2.7610e-02,     -4.5442e-11, -6.0722e-11,      4.5442e-11,  6.0722e-11,
   4635,   7.6000,   7.8000,   0.0000,    2,    2.2657e-02,  3.0204e-02,     -8.3607e-11, -1.1105e-10,      8.3607e-11,  1.1105e-10,
   4640,   8.2000,   8.6000,   0.0000,    2,    2.8485e-02,  3.8001e-02,     -6.2943e-11, -8.3991e-11,      6.2943e-11,  8.3991e-11,
   4645,   8.8000,   9.4000,   0.0000,    2,    3.8248e-02,  5.0927e-02,     -3.9413e-11, -5.2428e-11,      3.9413e-11,  5.2428e-11,
   4650,   9.4000,  10.2000,   0.0000,    2,    5.0674e-02,  6.8178e-02,      5.1125e-12,  7.9210e-12,     -5.1125e-12, -7.9210e-12,
   4655,  10.0000,  11.0000,   0.0000,    2,    6.0408e-02,  8.1066e-02,      2.9511e-13, -2.2152e-13,     -2.9511e-13,  2.2152e-13,
   4660,  10.6000,  11.8000,   0.0000,    2,    6.6288e-02,  8.8930e-02,     -1.0193e-13,  7.7219e-14,      1.0193e-13, -7.7219e-14,
   4665,  11.2000,  12.6000,   0.0000,    2,    6.9417e-02,  9.3097e-02,     -4.8188e-13,  3.6163e-13,      4.8188e-13, -3.6163e-13,
   4670,  11.8000,  13.4000,   0.0000,    2,    7.1045e-02,  9.5268e-02,     -2.6305e-13,  1.9676e-13,      2.6305e-13, -1.9676e-13,
   4675,  12.4000,  14.2000,   0.0000,    2,    7.1838e-02,  9.6326e-02,     -9.3125e-15,  6.0266e-15,      9.3125e-15, -6.0266e-15,
   4680,  13.0000,  15.0000,   0.0000,    2,    7.2077e-02,  9.6645e-02,      8.1046e-14, -6.0972e-14,     -8.1046e-14,  6.0972e-14,
  10010,   0.0000,   0.0000,   0.0000,    1,    3.5323e-02,     -2.9091e-10,      2.9091e-10,
  10015,   0.0000,   0.0000,   0.0000,    1,    4.1815e-02,     -2.4413e-10,      2.4413e-10,
  10020,   0.0000,   0.0000,   0.0000,    1,    5.4785e-02,     -1.6556e-10,      1.6556e-10,
  10025,   0.0000,   0.0000,   0.0000,    1,    7.4323e-02,     -5.1385e-11,      5.1385e-11,
  10030,   0.0000,   0.0000,   0.0000,    1,    9.3832e-02,      1.6653e-16,     -1.6653e-16,
  10035,   0.0000,   0.0000,   0.0000,    1,    1.0673e-01,     -7.1471e-16,      7.1471e-16,
  10040,   0.0000,   0.0000,   0.0000,    1,    1.1395e-01,     -3.9552e-16,      3.9552e-16,
  10045,   0.0000,   0.0000,   0.0000,    1,    1.1771e-01,      4.5450e-16,     -4.5450e-16,
  10050,   0.0000,   0.0000,   0.0000,    1,    1.1964e-01,      6.7654e-17,     -6.7654e-17,
  10055,   0.0000,   0.0000,   0.0000,    1,    1.2047e-01,      7.9797e-16,     -7.9797e-16,
Time,   1.0000
      1,  20.0000,   9.9900,   0.0000,    2,    8.0468e-08, -1.5187e-09,     -3.5237e-18, -1.5992e-18,      3.5237e-18,  1.5992e-18,
      2,  20.0000,   0.0000,   0.0000,    2,    0.0000e+00,  0.0000e+00,      8.5248e-03, -1.7645e-02,      0.0000e+00,  0.0000e+00,
      3,   0.0000,   0.0000,   0.0000,    2,    0.0000e+00,  0.0000e+00,     -1.3294e-02, -2.9625e-02,      0.0000e+00,  0.0000e+00,
      4,   0.0000,   9.9900,   0.0000,    2,   -1.6809e-07,  4.1799e-09,     -6.8305e-18,  2.8731e-18,      6.8305e-18, -2.8731e-18,
      5,   0.0000,   8.9910,   0.0000,    0,          
      6,   0.0000,   7.9920,   0.0000,    2,   -3.5812e-08,  1.3111e-08,      3.9031e-18, -4.3368e-18,     -3.9031e-18,  4.3368e-18,
      7,   0.0000,   6.9930,   0.0000,    0,          
      8,   0.0000,   5.9940,   0.0000,    2,    7.3278e-08,  4.0487e-08,     -2.6563e-18,  8.6736e-19,      2.6563e-18, -8.6736e-19,
      9,   0.0000,   4.9950,   0.0000,    0,          
     10,   0.0000,   3.9960,   0.0000,    2,    1.1581e-07,  6.8447e-08,     -1.3010e-18, -4.3368e-19,      1.3010e-18,  4.3368e-19,
     11,   0.0000,   2.9970,   0.0000,    0,          
     12,   0.0000,   1.9980,   0.0000,    2,    8.4997e-08,  6.6688e-08,      2.6021e-18, -5.2042e-18,     -2.6021e-18,  5.2042e-18,
     13,   0.0000,   0.9990,   0.0000,    0,          
     14,   1.0000,   0.0000,   0.0000,    0,          
     15,   2.0000,   0.0000,   0.0000,    2,    0.0000e+00,  0.0000e+00,     -2.3047e-02, -4.1741e-02,      0.0000e+00,  0.0000e+00,
     16,   3.0000,   0.0000,   0.0000,    0,          
     17,   4.0000,   0.0000,   0.0000,    2,    0.0000e+00,  0.0000e+00,     -2.4678e-02, -5.7800e-02,      0.0000e+00,  0.0000e+00,
     18,   5.0000,   0.0000,   0.0000,    0,          
     19,   6.0000,   0.0000,   0.0000,    2,    0.0000e+00,  0.0000e+00,     -1.8266e-02, -7.7741e-02,      0.0000e+00,  0.0000e+00,
     20,   7.0000,   0.0000,   0.0000,    0,          
     21,   8.0000,   0.0000,   0.0000,    2,    0.0000e+00,  0.0000e+00,     -6.6053e-03, -8.8826e-02,      0.0000e+00,  0.0000e+00,
     22,   9.0000,   0.0000,   0.0000,    0,          
     23,  10.0000,   0.0000,   0.0000,    2,    0.0000e+00,  0.0000e+00,      6.1925e-03, -8.6538e-02,      0.0000e+00,  0.0000e+00,
     24,  11.0000,   0.0000,   0.0000,    0,          
     25,  12.0000,   0.0000,   0.0000,    2,    0.0000e+00,  0.0000e+00,      1.5644e-02, -7.2868e-02,      0.0000e+00,  0.0000e+00,
     26,  13.0000,   0.0000,   0.0000,    0,          
     27,  14.0000,   0.0000,   0.0000,    2,    0.0000e+00,  0.0000e+00,      1.9831e-02, -5.3799e-02,      0.0000e+00,  0.0000e+00,
     28,  15.0000,   0.0000,   0.0000,    0,          
     29,  16.0000,   0.0000,   0.0000,    2,    0.0000e+00,  0.0000e+00,      1.9713e-02, -3.5248e-02,      0.0000e+00,  0.0000e+00,
     30,  17.0000,   0.0000,   0.0000,    0,          
     31,  18.0000,   0.0000,   0.0000,    2,    0.0000e+00,  0.0000e+00,      1.5986e-02, -2.3713e-02,      0.0000e+00,  0.0000e+00,
     32,  19.0000,   0.0000,   0.0000,    0,          
     33,  20.0000,   0.9990,   0.0000,    0,          
     34,  20.0000,   1.9980,   0.0000,    2,   -5.5416e-08,  3.8282e-08,      2.6021e-18,  0.0000e+00,     -2.6021e-18,  0.0000e+00,
     35,  20.0000,   2.9970,   0.0000,    0,          
     36,  20.0000,   3.9960,   0.0000,    2,   -7.6228e-08,  3.6001e-08,      5.2042e-18, -1.7347e-18,     -5.2042e-18,  1.7347e-18,
     37,  20.0000,   4.9950,   0.0000,    0,          
     38,  20.0000,   5.9940,   0.0000,    2,   -5.2229e-08,  1.8354e-08,      2.0735e-18, -1.7347e-18,     -2.0735e-18,  1.7347e-18,
     39,  20.0000,   6.9930,   0.0000,    0,          
     40,  20.0000,   7.9920,   0.0000,    2,    8.2468e-09,  3.2225e-09,      1.0842e-18, -2.1684e-18,     -1.0842e-18,  2.1684e-18,
     41,  20.0000,   8.9910,   0.0000,    0,          
     42,  19.0000,   9.9900,   0.0000,    0,          
     43,  18.0000,   9.9900,   0.0000,    2,    8.5448e-08,  6.8088e-08,      2.6021e-18, -4.3368e-19,     -2.6021e-18,  4.3368e-19,
     44,  17.0000,   9.9900,   0.0000,    0,          
     45,  16.0000,   9.9900,   0.0000,    2,    1.0332e-07,  1.5116e-07,     -7.8063e-18, -3.1442e-18,      7.8063e-18,  3.1442e-18,
     46,  15.0000,   9.9900,   0.0000,    0,          
     47,  14.0000,   9.9900,   0.0000,    2,    1.2788e-07,  2.9086e-07,     -2.1684e-18, -2.0817e-17,      2.1684e-18,  2.0817e-17,
     48,  13.0000,   9.9900,   0.0000,    0,          
     49,  12.0000,   9.9900,   0.0000,    2,    1.1639e-07,  5.3392e-07,      1.0408e-17,  8.6736e-18,     -1.0408e-17, -8.6736e-18,
     50,  11.0000,   9.9900,   0.0000,    0,          
     51,  10.0000,   9.9900,   0.0000,    2,   -1.3334e-07,  1.0671e-06,      1.0336e-11,  1.4045e-11,     -1.0336e-11, -1.4045e-11,
     52,   9.0000,   9.9900,   0.0000,    0,          
     53,   8.0000,   9.9900,   0.0000,    2,   -2.8241e-07,  1.1296e-06,      2.7749e-11,  3.7396e-11,     -2.7749e-11, -3.7396e-11,
     54,   7.0000,   9.9900,   0.0000,    0,          
     55,   6.0000,   9.9900,   0.0000,    2,   -2.8291e-07,  5.6117e-07,      1.3878e-17,  1.5613e-17,     -1.3878e-17, -1.5613e-17,
     56,   5.0000,   9.9900,   0.0000,    0,          
     57,   4.0000,   9.9900,   0.0000,    2,   -2.1649e-07,  2.8756e-07,     -6.9389e-18,  1.4745e-17,      6.9389e-18, -1.4745e-17,
     58,   3.0000,   9.9900,   0.0000,    0,          
     59,   2.0000,   9.9900,   0.0000,    2,   -1.7803e-07,  1.3128e-07,      5.2042e-18,  8.6736e-19,     -5.2042e-18, -8.6736e-19,
     60,   1.0000,   9.9900,   0.0000,    0,          
     61,  19.0000,   0.9990,   0.0000,    0,          
     62,  18.0000,   0.9990,   0.0000,    0,          
     63,  17.0000,   0.9990,   0.0000,    0,          
     64,  16.0000,   0.9990,   0.0000,    0,          
     65,  15.0000,   0.9990,   0.0000,    0,          
     66,  14.0000,   0.9990,   0.0000,    0,          
     67,  13.0000,   0.9990,   0.0000,    0,          
     68,  12.0000,   0.9990,   0.0000,    0,          
     69,  11.0000,   0.9990,   0.0000,    0,          
     70,  10.0000,   0.9990,   0.0000,    0,          
     71,   9.0000,   0.9990,   0.0000,    0,          
     72,   8.0000,   0.9990,   0.0000,    0,          
     73,   7.0000,   0.9990,   0.0000,    0,          
     74,   6.0000,   0.9990,   0.0000,    0,          
     75,   5.0000,   0.9990,   0.0000,    0,          
     76,   4.0000,   0.9990,   0.0000,    0,          
     77,   3.0000,   0.9990,   0.0000,    0,          
     78,   2.0000,   0.9990,   0.0000,    0,          
     79,   1.0000,   0.9990,   0.0000,    0,          
     80,  19.0000,   1.9980,   0.0000,    0,          
     81,  18.0000,   1.9980,   0.0000,    2,   -5.5485e-08,  2.9624e-08,     -3.4694e-18,  4.3368e-19,      3.4694e-18, -4.3368e-19,
     82,  17.0000,   1.9980,   0.0000,    0,          
     83,  16.0000,   1.9980,   0.0000,    2,   -6.0283e-08,  5.3338e-08,     -5.2042e-18,  1.3878e-17,      5.2042e-18, -1.3878e-17,
     84,  15.0000,   1.9980,   0.0000,    0,          
     85,  14.0000,   1.9980,   0.0000,    2,   -5.9843e-08,  8.7126e-08,     -1.2143e-17, -8.6736e-18,      1.2143e-17,  8.6736e-18,
     86,  13.0000,   1.9980,   0.0000,    0,          
     87,  12.0000,   1.9980,   0.0000,    2,   -4.6809e-08,  1.2471e-07,      5.2042e-18,  1.3878e-17,     -5.2042e-18, -1.3878e-17,
     88,  11.0000,   1.9980,   0.0000,    0,          
     89,  10.0000,   1.9980,   0.0000,    2,   -1.7690e-08,  1.5406e-07,      1.7347e-18,  5.5511e-17,     -1.7347e-18, -5.5511e-17,
     90,   9.0000,   1.9980,   0.0000,    0,          
     91,   8.0000,   1.9980,   0.0000,    2,    2.2185e-08,  1.6027e-07,     -3.0358e-18, -6.9389e-18,      3.0358e-18,  6.9389e-18,
     92,   7.0000,   1.9980,   0.0000,    0,          
     93,   6.0000,   1.9980,   0.0000,    2,    5.8207e-08,  1.3683e-07,     -1.2143e-17,  1.3878e-17,      1.2143e-17, -1.3878e-17,
     94,   5.0000,   1.9980,   0.0000,    0,          
     95,   4.0000,   1.9980,   0.0000,    2,    7.7786e-08,  9.5232e-08,     -1.0408e-17,  6.9389e-18,      1.0408e-17, -6.9389e-18,
     96,   3.0000,   1.9980,   0.0000,    0,          
     97,   2.0000,   1.9980,   0.0000,    2,    8.1329e-08,  5.6295e-08,     -3.4694e-18,  6.9389e-18,      3.4694e-18, -6.9389e-18,
     98,   1.0000,   1.9980,   0.0000,    0,          
     99,  19.0000,   2.9970,   0.0000,    0,          
    100,  18.0000,   2.9970,   0.0000,    0,          
    101,  17.0000,   2.9970,   0.0000,    0,          
    102,  16.0000,   2.9970,   0.0000,    0,          
    103,  15.0000,   2.9970,   0.0000,    0,          
    104,  14.0000,   2.9970,   0.0000,    0,          
    105,  13.0000,   2.9970,   0.0000,    0,          
    106,  12.0000,   2.9970,   0.0000,    0,          
    107,  11.0000,   2.9970,   0.0000,    0,          
    108,  10.0000,   2.9970,   0.0000,    0,          
    109,   9.0000,   2.9970,   0.0000,    0,          
    110,   8.0000,   2.9970,   0.0000,    0,          
    111,   7.0000,   2.9970,   0.0000,    0,          
    112,   6.0000,   2.9970,   0.0000,    0,          
    113,   5.0000,   2.9970,   0.0000,    0,          
    114,   4.0000,   2.9970,   0.0000,    0,          
    115,   3.0000,   2.9970,   0.0000,    0,          
    116,   2.0000,   2.9970,   0.0000,    0,          
    117,   1.0000,   2.9970,   0.0000,    0,          
    118,  19.0000,   3.9960,   0.0000,    0,          
    119,  18.0000,   3.9960,   0.0000,    2,   -7.9269e-08,  5.3214e-08,     -8.8905e-18, -1.8974e-18,      8.8905e-18,  1.8974e-18,
    120,  17.0000,   3.9960,   0.0000,    0,          
    121,  16.0000,   3.9960,   0.0000,    2,   -8.4619e-08,  1.0024e-07,     -1.0625e-17, -2.6021e-18,      1.0625e-17,  2.6021e-18,
    122,  15.0000,   3.9960,   0.0000,    0,          
    123,  14.0000,   3.9960,   0.0000,    2,   -8.6538e-08,  1.7310e-07,      0.0000e+00,  5.2042e-18,      0.0000e+00, -5.2042e-18,
    124,  13.0000,   3.9960,   0.0000,    0,          
    125,  12.0000,   3.9960,   0.0000,    2,   -7.0817e-08,  2.6086e-07,      3.4694e-18, -1.0408e-17,     -3.4694e-18,  1.0408e-17,
    126,  11.0000,   3.9960,   0.0000,    0,          
    127,  10.0000,   3.9960,   0.0000,    2,   -2.6254e-08,  3.3592e-07,      3.4694e-18, -2.7756e-17,     -3.4694e-18,  2.7756e-17,
    128,   9.0000,   3.9960,   0.0000,    0,          
    129,   8.0000,   3.9960,   0.0000,    2,    3.9060e-08,  3.5567e-07,     -6.9389e-18,  2.7756e-17,      6.9389e-18, -2.7756e-17,
    130,   7.0000,   3.9960,   0.0000,    0,          
    131,   6.0000,   3.9960,   0.0000,    2,    9.5686e-08,  2.9456e-07,     -1.7347e-18,  0.0000e+00,      1.7347e-18,  0.0000e+00,
    132,   5.0000,   3.9960,   0.0000,    0,          
    133,   4.0000,   3.9960,   0.0000,    2,    1.1876e-07,  1.8979e-07,      1.0408e-17, -2.0817e-17,     -1.0408e-17,  2.0817e-17,
    134,   3.0000,   3.9960,   0.0000,    0,          
    135,   2.0000,   3.9960,   0.0000,    2,    1.1879e-07,  1.0353e-07,      1.2143e-17,  0.0000e+00,     -1.2143e-17,  0.0000e+00,
    136,   1.0000,   3.9960,   0.0000,    0,          
    137,  19.0000,   4.9950,   0.0000,    0,          
    138,  18.0000,   4.9950,   0.0000,    0,          
    139,  17.0000,   4.9950,   0.0000,    0,          
    140,  16.0000,   4.9950,   0.0000,    0,          
    141,  15.0000,   4.9950,   0.0000,    0,          
    142,  14.0000,   4.9950,   0.0000,    0,          
    143,  13.0000,   4.9950,   0.0000,    0,          
    144,  12.0000,   4.9950,   0.0000,    0,          
    145,  11.0000,   4.9950,   0.0000,    0,          
    146,  10.0000,   4.9950,   0.0000,    0,          
    147,   9.0000,   4.9950,   0.0000,    0,          
    148,   8.0000,   4.9950,   0.0000,    0,          
    149,   7.0000,   4.9950,   0.0000,    0,          
    150,   6.0000,   4.9950,   0.0000,    0,          
    151,   5.0000,   4.9950,   0.0000,    0,          
    152,   4.0000,   4.9950,   0.0000,    0,          
    153,   3.0000,   4.9950,   0.0000,    0,          
    154,   2.0000,   4.9950,   0.0000,    0,          
    155,   1.0000,   4.9950,   0.0000,    0,          
    156,  19.0000,   5.9940,   0.0000,    0,          
    157,  18.0000,   5.9940,   0.0000,    2,   -5.6824e-08,  6.4742e-08,      6.5052e-18,  9.3783e-18,     -6.5052e-18, -9.3783e-18,
    158,  17.0000,   5.9940,   0.0000,    0,          
    159,  16.0000,   5.9940,   0.0000,    2,   -6.6859e-08,  1.3280e-07,     -8.6736e-19, -1.6046e-17,      8.6736e-19,  1.6046e-17,
    160,  15.0000,   5.9940,   0.0000,    0,          
    161,  14.0000,   5.9940,   0.0000,    2,   -8.2731e-08,  2.4587e-07,      1.3010e-17, -1.6480e-17,     -1.3010e-17,  1.6480e-17,
    162,  13.0000,   5.9940,   0.0000,    0,          
    163,  12.0000,   5.9940,   0.0000,    2,   -7.7513e-08,  4.0058e-07,     -1.0408e-17, -1.0408e-17,      1.0408e-17,  1.0408e-17,
    164,  11.0000,   5.9940,   0.0000,    0,          
    165,  10.0000,   5.9940,   0.0000,    2,   -3.0922e-08,  5.5075e-07,      2.0817e-17, -5.5511e-17,     -2.0817e-17,  5.5511e-17,
    166,   9.0000,   5.9940,   0.0000,    0,          
    167,   8.0000,   5.9940,   0.0000,    2,    6.5407e-08,  6.1428e-07,      1.5508e-11,  2.0843e-11,     -1.5508e-11, -2.0843e-11,
    168,   7.0000,   5.9940,   0.0000,    0,          
    169,   6.0000,   5.9940,   0.0000,    2,    1.2465e-07,  4.6431e-07,      9.5544e-12,  1.2877e-11,     -9.5544e-12, -1.2877e-11,
    170,   5.0000,   5.9940,   0.0000,    0,          
    171,   4.0000,   5.9940,   0.0000,    2,    1.0386e-07,  2.5738e-07,     -6.9389e-18,  4.8572e-17,      6.9389e-18, -4.8572e-17,
    172,   3.0000,   5.9940,   0.0000,    0,          
    173,   2.0000,   5.9940,   0.0000,    2,    8.2244e-08,  1.2663e-07,      1.7347e-18,  2.8623e-17,     -1.7347e-18, -2.8623e-17,
    174,   1.0000,   5.9940,   0.0000,    0,          
    175,  19.0000,   6.9930,   0.0000,    0,          
    176,  18.0000,   6.9930,   0.0000,    0,          
    177,  17.0000,   6.9930,   0.0000,    0,          
    178,  16.0000,   6.9930,   0.0000,    0,          
    179,  15.0000,   6.9930,   0.0000,    0,          
    180,  14.0000,   6.9930,   0.0000,    0,          
    181,  13.0000,   6.9930,   0.0000,    0,          
    182,  12.0000,   6.9930,   0.0000,    0,          
    183,  11.0000,   6.9930,   0.0000,    0,          
    184,  10.0000,   6.9930,   0.0000,    0,          
    185,   9.0000,   6.9930,   0.0000,    0,          
    186,   8.0000,   6.9930,   0.0000,    0,          
    187,   7.0000,   6.9930,   0.0000,    0,          
    188,   6.0000,   6.9930,   0.0000,    0,          
    189,   5.0000,   6.9930,   0.0000,    0,          
    190,   4.0000,   6.9930,   0.0000,    0,          
    191,   3.0000,   6.9930,   0.0000,    0,          
    192,   2.0000,   6.9930,   0.0000,    0,          
    193,   1.0000,   6.9930,   0.0000,    0,          
    194,  19.0000,   7.9920,   0.0000,    0,          
    195,  18.0000,   7.9920,   0.0000,    2,    6.4706e-09,  6.7171e-08,      2.8189e-18,  4.2284e-18,     -2.8189e-18, -4.2284e-18,
    196,  17.0000,   7.9920,   0.0000,    0,          
    197,  16.0000,   7.9920,   0.0000,    2,    4.0643e-10,  1.4692e-07,     -5.6379e-18,  1.3444e-17,      5.6379e-18, -1.3444e-17,
    198,  15.0000,   7.9920,   0.0000,    0,          
    199,  14.0000,   7.9920,   0.0000,    2,   -2.1104e-08,  2.7980e-07,      1.8215e-17,  2.1901e-17,     -1.8215e-17, -2.1901e-17,
    200,  13.0000,   7.9920,   0.0000,    0,          
    201,  12.0000,   7.9920,   0.0000,    2,   -6.9359e-08,  5.2261e-07,     -1.3010e-17,  7.1991e-17,      1.3010e-17, -7.1991e-17,
    202,  11.0000,   7.9920,   0.0000,    0,          
    203,  10.0000,   7.9920,   0.0000,    2,   -3.2155e-08,  8.0687e-07,      7.0178e-12,  9.4420e-12,     -7.0178e-12, -9.4420e-12,
    204,   9.0000,   7.9920,   0.0000,    0,          
    205,   8.0000,   7.9920,   0.0000,    2,    9.9506e-08,  9.8230e-07,      1.1229e-10,  1.4981e-10,     -1.1229e-10, -1.4981e-10,
    206,   7.0000,   7.9920,   0.0000,    0,          
    207,   6.0000,   7.9920,   0.0000,    2,    5.3913e-08,  5.5673e-07,      2.4538e-11,  3.2819e-11,     -2.4538e-11, -3.2819e-11,
    208,   5.0000,   7.9920,   0.0000,    0,          
    209,   4.0000,   7.9920,   0.0000,    2,   -1.3925e-08,  2.7970e-07,     -1.2143e-17, -3.0791e-17,      1.2143e-17,  3.0791e-17,
    210,   3.0000,   7.9920,   0.0000,    0,          
    211,   2.0000,   7.9920,   0.0000,    2,   -3.1389e-08,  1.3058e-07,      3.0358e-18, -2.0817e-17,     -3.0358e-18,  2.0817e-17,
    212,   1.0000,   7.9920,   0.0000,    0,          
    213,  19.0000,   8.9910,   0.0000,    0,          
    214,  18.0000,   8.9910,   0.0000,    0,          
    215,  17.0000,   8.9910,   0.0000,    0,          
    216,  16.0000,   8.9910,   0.0000,    0,          
    217,  15.0000,   8.9910,   0.0000,    0,          
    218,  14.0000,   8.9910,   0.0000,    0,          
    219,  13.0000,   8.9910,   0.0000,    0,          
    220,  12.0000,   8.9910,   0.0000,    0,          
    221,  11.0000,   8.9910,   0.0000,    0,          
    222,  10.0000,   8.9910,   0.0000,    0,          
    223,   9.0000,   8.9910,   0.0000,    0,          
    224,   8.0000,   8.9910,   0.0000,    0,          
    225,   7.0000,   8.9910,   0.0000,    0,          
    226,   6.0000,   8.9910,   0.0000,    0,          
    227,   5.0000,   8.9910,   0.0000,    0,          
    228,   4.0000,   8.9910,   0.0000,    0,          
    229,   3.0000,   8.9910,   0.0000,    0,          
    230,   2.0000,   8.9910,   0.0000,    0,          
    231,   1.0000,   8.9910,   0.0000,    0,          
    232,  20.0000,  20.0000,   0.0000,    2,    1.4966e-01,  2.0000e-01,     -3.0976e-12, -3.3594e-03,      3.6380e-12,  0.0000e+00,
    233,  20.0000,  10.0100,   0.0000,    2,    1.4966e-01,  2.0000e-01,     -4.3168e-12,  4.9855e-12,      4.3168e-12, -4.9855e-12,
    234,   0.0000,  10.0100,   0.0000,    2,    1.4966e-01,  2.0000e-01,     -6.9014e-12,  6.0398e-12,      6.9014e-12, -6.0398e-12,
    235,   0.0000,  20.0000,   0.0000,    2,    1.4966e-01,  2.0000e-01,     -4.4745e-12,  1.2032e-02,      5.4570e-12,  0.0000e+00,
    236,   0.0000,  19.0010,   0.0000,    0,          
    237,   0.0000,  18.0020,   0.0000,    2,    1.4966e-01,  2.0000e-01,      1.3507e-11, -5.5004e-12,     -1.4552e-11,  7.2760e-12,
    238,   0.0000,  17.0030,   0.0000,    0,          
    239,   0.0000,  16.0040,   0.0000,    2,    1.4966e-01,  2.0000e-01,      2.3225e-12,  8.8355e-12,     -2.3225e-12, -8.8355e-12,
    240,   0.0000,  15.0050,   0.0000,    0,          
    241,   0.0000,  14.0060,   0.0000,    2,    1.4966e-01,  2.0000e-01,     -7.7557e-12, -8.3006e-12,      7.7557e-12,  8.3006e-12,
    242,   0.0000,  13.0070,   0.0000,    0,          
    243,   0.0000,  12.0080,   0.0000,    2,    1.4966e-01,  2.0000e-01,     -4.0630e-12, -1.8706e-11,      4.0630e-12,  1.8706e-11,
    244,   0.0000,  11.0090,   0.0000,    0,          
    245,   1.0000,  10.0100,   0.0000,    0,          
    246,   2.0000,  10.0100,   0.0000,    2,    1.4966e-01,  2.0000e-01,      3.9779e-12,  2.1654e-11,     -3.9779e-12, -2.1654e-11,
    247,   3.0000,  10.0100,   0.0000,    0,          
    248,   4.0000,  10.0100,   0.0000,    2,    1.4966e-01,  2.0000e-01,      7.7255e-12,  6.1319e-12,     -7.7255e-12, -6.1319e-12,
    249,   5.0000,  10.0100,   0.0000,    0,          
    250,   6.0000,  10.0100,   0.0000,    2,    1.4966e-01,  2.0000e-01,      5.0058e-13,  2.0698e-12,     -5.0058e-13, -2.0698e-12,
    251,   7.0000,  10.0100,   0.0000,    0,          
    252,   8.0000,  10.0100,   0.0000,    2,    1.4966e-01,  2.0000e-01,     -8.5953e-13,  1.1338e-11,      8.5953e-13, -1.1338e-11,
    253,   9.0000,  10.0100,   0.0000,    0,          
    254,  10.0000,  10.0100,   0.0000,    2,    1.4966e-01,  2.0000e-01,     -3.0846e-12,  1.4310e-11,      3.0846e-12, -1.4310e-11,
    255,  11.0000,  10.0100,   0.0000,    0,          
    256,  12.0000,  10.0100,   0.0000,    2,    1.4966e-01,  2.0000e-01,     -2.1579e-12, -4.2492e-12,      2.1579e-12,  4.2492e-12,
    257,  13.0000,  10.0100,   0.0000,    0,          
    258,  14.0000,  10.0100,   0.0000,    2,    1.4966e-01,  2.0000e-01,     -1.3050e-12, -1.0564e-11,      1.3050e-12,  1.0564e-11,
    259,  15.0000,  10.0100,   0.0000,    0,          
    260,  16.0000,  10.0100,   0.0000,    2,    1.4966e-01,  2.0000e-01,     -3.7781e-12, -1.1403e-11,      3.7781e-12,  1.1403e-11,
    261,  17.0000,  10.0100,   0.0000,    0,          
    262,  18.0000,  10.0100,   0.0000,    2,    1.4966e-01,  2.0000e-01,      8.5727e-12,  4.0383e-12,     -8.5727e-12, -4.0383e-12,
    263,  19.0000,  10.0100,   0.0000,    0,          
    264,  20.0000,  11.0090,   0.0000,    0,          
    265,  20.0000,  12.0080,   0.0000,    2,    1.4966e-01,  2.0000e-01,     -2.4630e-12, -1.1669e-11,      2.4630e-12,  1.1669e-11,
    266,  20.0000,  13.0070,   0.0000,    0,          
    267,  20.0000,  14.0060,   0.0000,    2,    1.4966e-01,  2.0000e-01,      1.0383e-12, -9.4952e-13,     -1.0383e-12,  9.4952e-13,
    268,  20.0000,  15.0050,   0.0000,    0,          
    269,  20.0000,  16.0040,   0.0000,    2,    1.4966e-01,  2.0000e-01,     -1.4706e-11,  9.7861e-12,      1.4706e-11, -9.7861e-12,
    270,  20.0000,  17.0030,   0.0000,    0,          
    271,  20.0000,  18.0020,   0.0000,    2,    1.4966e-01,  2.0000e-01,     -1.0249e-11, -2.9703e-12,      9.0949e-12,  0.0000e+00,
    272,  20.0000,  19.0010,   0.0000,    0,          
    273,  19.0000,  20.0000,   0.0000,    0,          
    274,  18.0000,  20.0000,   0.0000,    2,    1.4966e-01,  2.0000e-01,      2.1983e-12,  1.0852e-02,     -1.8190e-12,  0.0000e+00,
    275,  17.0000,  20.0000,   0.0000,    0,          
    276,  16.0000,  20.0000,   0.0000,    2,    1.4966e-01,  2.0000e-01,     -6.1353e-12,  3.8349e-02,      6.3665e-12,  0.0000e+00,
    277,  15.0000,  20.0000,   0.0000,    0,          
    278,  14.0000,  20.0000,   0.0000,    2,    1.4966e-01,  2.0000e-01,      8.9850e-12,  6.7088e-02,     -9.0949e-12,  0.0000e+00,
    279,  13.0000,  20.0000,   0.0000,    0,          
    280,  12.0000,  20.0000,   0.0000,    2,    1.4966e-01,  2.0000e-01,     -1.7863e-12,  9.0400e-02,      1.8190e-12,  0.0000e+00,
    281,  11.0000,  20.0000,   0.0000,    0,          
    282,  10.0000,  20.0000,   0.0000,    2,    1.4966e-01,  2.0000e-01,      5.1885e-12,  1.0115e-01,     -5.4570e-12,  0.0000e+00,
    283,   9.0000,  20.0000,   0.0000,    0,          
    284,   8.0000,  20.0000,   0.0000,    2,    1.4966e-01,  2.0000e-01,     -7.3961e-12,  9.6623e-02,      7.2760e-12,  0.0000e+00,
    285,   7.0000,  20.0000,   0.0000,    0,          
    286,   6.0000,  20.0000,   0.0000,    2,    1.4966e-01,  2.0000e-01,      2.4620e-12,  7.9799e-02,     -2.7285e-12,  0.0000e+00,
    287,   5.0000,  20.0000,   0.0000,    0,          
    288,   4.0000,  20.0000,   0.0000,    2,    1.4966e-01,  2.0000e-01,     -9.7232e-12,  5.7079e-02,      1.0004e-11,  0.0000e+00,
    289,   3.0000,  20.0000,   0.0000,    0,          
    290,   2.0000,  20.0000,   0.0000,    2,    1.4966e-01,  2.0000e-01,      1.4647e-11,  3.5530e-02,     -1.4552e-11,  0.0000e+00,
    291,   1.0000,  20.0000,   0.0000,    0,          
    292,  19.0000,  11.0090,   0.0000,    0,          
    293,  18.0000,  11.0090,   0.0000,    0,          
    294,  17.0000,  11.0090,   0.0000,    0,          
    295,  16.0000,  11.0090,   0.0000,    0,          
    296,  15.0000,  11.0090,   0.0000,    0,          
    297,  14.0000,  11.0090,   0.0000,    0,          
    298,  13.0000,  11.0090,   0.0000,    0,          
    299,  12.0000,  11.0090,   0.0000,    0,          
    300,  11.0000,  11.0090,   0.0000,    0,          
    301,  10.0000,  11.0090,   0.0000,    0,          
    302,   9.0000,  11.0090,   0.0000,    0,          
    303,   8.0000,  11.0090,   0.0000,    0,          
    304,   7.0000,  11.0090,   0.0000,    0,          
    305,   6.0000,  11.0090,   0.0000,    0,          
    306,   5.0000,  11.0090,   0.0000,    0,          
    307,   4.0000,  11.0090,   0.0000,    0,          
    308,   3.0000,  11.0090,   0.0000,    0,          
    309,   2.0000,  11.0090,   0.0000,    0,          
    310,   1.0000,  11.0090,   0.0000,    0,          
    311,  19.0000,  12.0080,   0.0000,    0,          
    312,  18.0000,  12.0080,   0.0000,    2,    1.4966e-01,  2.0000e-01,      2.2437e-11,  7.4739e-12,     -2.2437e-11, -7.4739e-12,
    313,  17.0000,  12.0080,   0.0000,    0,          
    314,  16.0000,  12.0080,   0.0000,    2,    1.4966e-01,  2.0000e-01,     -8.0611e-12,  1.9556e-11,      8.0611e-12, -1.9556e-11,
    315,  15.0000,  12.0080,   0.0000,    0,          
    316,  14.0000,  12.0080,   0.0000,    2,    1.4966e-01,  2.0000e-01,      1.4818e-11,  1.0548e-11,     -1.4818e-11, -1.0548e-11,
    317,  13.0000,  12.0080,   0.0000,    0,          
    318,  12.0000,  12.0080,   0.0000,    2,    1.4966e-01,  2.0000e-01,     -5.8259e-12, -1.5317e-11,      5.8259e-12,  1.5317e-11,
    319,  11.0000,  12.0080,   0.0000,    0,          
    320,  10.0000,  12.0080,   0.0000,    2,    1.4966e-01,  2.0000e-01,      2.3303e-12, -1.1073e-11,     -2.3303e-12,  1.1073e-11,
    321,   9.0000,  12.0080,   0.0000,    0,          
    322,   8.0000,  12.0080,   0.0000,    2,    1.4966e-01,  2.0000e-01,      1.8168e-11, -1.7316e-11,     -1.8168e-11,  1.7316e-11,
    323,   7.0000,  12.0080,   0.0000,    0,          
    324,   6.0000,  12.0080,   0.0000,    2,    1.4966e-01,  2.0000e-01,     -8.8607e-12,  2.4418e-12,      8.8607e-12, -2.4418e-12,
    325,   5.0000,  12.0080,   0.0000,    0,          
    326,   4.0000,  12.0080,   0.0000,    2,    1.4966e-01,  2.0000e-01,     -1.3639e-12, -1.4269e-11,      1.3639e-12,  1.4269e-11,
    327,   3.0000,  12.0080,   0.0000,    0,          
    328,   2.0000,  12.0080,   0.0000,    2,    1.4966e-01,  2.0000e-01,      1.0211e-11, -3.5190e-12,     -1.0211e-11,  3.5190e-12,
    329,   1.0000,  12.0080,   0.0000,    0,          
    330,  19.0000,  13.0070,   0.0000,    0,          
    331,  18.0000,  13.0070,   0.0000,    0,          
    332,  17.0000,  13.0070,   0.0000,    0,          
    333,  16.0000,  13.0070,   0.0000,    0,          
    334,  15.0000,  13.0070,   0.0000,    0,          
    335,  14.0000,  13.0070,   0.0000,    0,          
    336,  13.0000,  13.0070,   0.0000,    0,          
    337,  12.0000,  13.0070,   0.0000,    0,          
    338,  11.0000,  13.0070,   0.0000,    0,          
    339,  10.0000,  13.0070,   0.0000,    0,          
    340,   9.0000,  13.0070,   0.0000,    0,          
    341,   8.0000,  13.0070,   0.0000,    0,          
    342,   7.0000,  13.0070,   0.0000,    0,          
    343,   6.0000,  13.0070,   0.0000,    0,          
    344,   5.0000,  13.0070,   0.0000,    0,          
    345,   4.0000,  13.0070,   0.0000,    0,          
    346,   3.0000,  13.0070,   0.0000,    0,          
    347,   2.0000,  13.0070,   0.0000,    0,          
    348,   1.0000,  13.0070,   0.0000,    0,          
    349,  19.0000,  14.0060,   0.0000,    0,          
    350,  18.0000,  14.0060,   0.0000,    2,    1.4966e-01,  2.0000e-01,     -9.8178e-12,  8.1704e-13,      9.8178e-12, -8.1704e-13,
    351,  17.0000,  14.0060,   0.0000,    0,          
    352,  16.0000,  14.0060,   0.0000,    2,    1.4966e-01,  2.0000e-01,     -1.9515e-11, -5.6124e-12,      1.9515e-11,  5.6124e-12,
    353,  15.0000,  14.0060,   0.0000,    0,          
    354,  14.0000,  14.0060,   0.0000,    2,    1.4966e-01,  2.0000e-01,      7.4827e-12, -8.5959e-12,     -7.4827e-12,  8.5959e-12,
    355,  13.0000,  14.0060,   0.0000,    0,          
    356,  12.0000,  14.0060,   0.0000,    2,    1.4966e-01,  2.0000e-01,     -1.4529e-11,  9.7676e-12,      1.4529e-11, -9.7676e-12,
    357,  11.0000,  14.0060,   0.0000,    0,          
    358,  10.0000,  14.0060,   0.0000,    2,    1.4966e-01,  2.0000e-01,     -1.7383e-11,  2.2062e-12,      1.7383e-11, -2.2062e-12,
    359,   9.0000,  14.0060,   0.0000,    0,          
    360,   8.0000,  14.0060,   0.0000,    2,    1.4966e-01,  2.0000e-01,      1.4229e-11, -1.0029e-12,     -1.4229e-11,  1.0029e-12,
    361,   7.0000,  14.0060,   0.0000,    0,          
    362,   6.0000,  14.0060,   0.0000,    2,    1.4966e-01,  2.0000e-01,     -2.8280e-11,  1.0882e-11,      2.8280e-11, -1.0882e-11,
    363,   5.0000,  14.0060,   0.0000,    0,          
    364,   4.0000,  14.0060,   0.0000,    2,    1.4966e-01,  2.0000e-01,      1.3904e-11,  1.0986e-11,     -1.3904e-11, -1.0986e-11,
    365,   3.0000,  14.0060,   0.0000,    0,          
    366,   2.0000,  14.0060,   0.0000,    2,    1.4966e-01,  2.0000e-01,      9.3752e-12,  2.2001e-12,     -9.3752e-12, -2.2001e-12,
    367,   1.0000,  14.0060,   0.0000,    0,          
    368,  19.0000,  15.0050,   0.0000,    0,          
    369,  18.0000,  15.0050,   0.0000,    0,          
    370,  17.0000,  15.0050,   0.0000,    0,          
    371,  16.0000,  15.0050,   0.0000,    0,          
    372,  15.0000,  15.0050,   0.0000,    0,          
    373,  14.0000,  15.0050,   0.0000,    0,          
    374,  13.0000,  15.0050,   0.0000,    0,          
    375,  12.0000,  15.0050,   0.0000,    0,          
    376,  11.0000,  15.0050,   0.0000,    0,          
    377,  10.0000,  15.0050,   0.0000,    0,          
    378,   9.0000,  15.0050,   0.0000,    0,          
    379,   8.0000,  15.0050,   0.0000,    0,          
    380,   7.0000,  15.0050,   0.0000,    0,          
    381,   6.0000,  15.0050,   0.0000,    0,          
    382,   5.0000,  15.0050,   0.0000,    0,          
    383,   4.0000,  15.0050,   0.0000,    0,          
    384,   3.0000,  15.0050,   0.0000,    0,          
    385,   2.0000,  15.0050,   0.0000,    0,          
    386,   1.0000,  15.0050,   0.0000,    0,          
    387,  19.0000,  16.0040,   0.0000,    0,          
    388,  18.0000,  16.0040,   0.0000,    2,    1.4966e-01,  2.0000e-01,      2.0195e-11, -4.1001e-12,     -2.0195e-11,  4.1001e-12,
    389,  17.0000,  16.0040,   0.0000,    0,          
    390,  16.0000,  16.0040,   0.0000,    2,    1.4966e-01,  2.0000e-01,      7.0574e-12, -2.0102e-12,     -7.0574e-12,  2.0102e-12,
    391,  15.0000,  16.0040,   0.0000,    0,          
    392,  14.0000,  16.0040,   0.0000,    2,    1.4966e-01,  2.0000e-01,      1.1786e-11,  2.7863e-11,     -1.1786e-11, -2.7863e-11,
    393,  13.0000,  16.0040,   0.0000,    0,          
    394,  12.0000,  16.0040,   0.0000,    2,    1.4966e-01,  2.0000e-01,      8.5461e-12, -5.1231e-12,     -8.5461e-12,  5.1231e-12,
    395,  11.0000,  16.0040,   0.0000,    0,          
    396,  10.0000,  16.0040,   0.0000,    2,    1.4966e-01,  2.0000e-01,     -1.1966e-11, -3.8809e-14,      1.1966e-11,  3.8809e-14,
    397,   9.0000,  16.0040,   0.0000,    0,          
    398,   8.0000,  16.0040,   0.0000,    2,    1.4966e-01,  2.0000e-01,      2.7956e-11, -8.0981e-12,     -2.7956e-11,  8.0981e-12,
    399,   7.0000,  16.0040,   0.0000,    0,          
    400,   6.0000,  16.0040,   0.0000,    2,    1.4966e-01,  2.0000e-01,     -1.4647e-11, -1.4838e-11,      1.4647e-11,  1.4838e-11,
    401,   5.0000,  16.0040,   0.0000,    0,          
    402,   4.0000,  16.0040,   0.0000,    2,    1.4966e-01,  2.0000e-01,      1.5831e-11, -2.1384e-11,     -1.5831e-11,  2.1384e-11,
    403,   3.0000,  16.0040,   0.0000,    0,          
    404,   2.0000,  16.0040,   0.0000,    2,    1.4966e-01,  2.0000e-01,     -2.8375e-11, -1.0145e-11,      2.8375e-11,  1.0145e-11,
    405,   1.0000,  16.0040,   0.0000,    0,          
    406,  19.0000,  17.0030,   0.0000,    0,          
    407,  18.0000,  17.0030,   0.0000,    0,          
    408,  17.0000,  17.0030,   0.0000,    0,          
    409,  16.0000,  17.0030,   0.0000,    0,          
    410,  15.0000,  17.0030,   0.0000,    0,          
    411,  14.0000,  17.0030,   0.0000,    0,          
    412,  13.0000,  17.0030,   0.0000,    0,          
    413,  12.0000,  17.0030,   0.0000,    0,          
    414,  11.0000,  17.0030,   0.0000,    0,          
    415,  10.0000,  17.0030,   0.0000,    0,          
    416,   9.0000,  17.0030,   0.0000,    0,          
    417,   8.0000,  17.0030,   0.0000,    0,          
    418,   7.0000,  17.0030,   0.0000,    0,          
    419,   6.0000,  17.0030,   0.0000,    0,          
    420,   5.0000,  17.0030,   0.0000,    0,          
    421,   4.0000,  17.0030,   0.0000,    0,          
    422,   3.0000,  17.0030,   0.0000,    0,          
    423,   2.0000,  17.0030,   0.0000,    0,          
    424,   1.0000,  17.0030,   0.0000,    0,          
    425,  19.0000,  18.0020,   0.0000,    0,          
    426,  18.0000,  18.0020,   0.0000,    2,    1.4966e-01,  2.0000e-01,      2.3352e-11, -2.8161e-11,     -2.1828e-11,  2.9104e-11,
    427,  17.0000,  18.0020,   0.0000,    0,          
    428,  16.0000,  18.0020,   0.0000,    2,    1.4966e-01,  2.0000e-01,     -2.7190e-11,  1.0816e-11,      2.5466e-11,  0.0000e+00,
    429,  15.0000,  18.0020,   0.0000,    0,          
    430,  14.0000,  18.0020,   0.0000,    2,    1.4966e-01,  2.0000e-01,     -1.2537e-12,  8.0879e-12,      0.0000e+00, -1.4552e-11,
    431,  13.0000,  18.0020,   0.0000,    0,          
    432,  12.0000,  18.0020,   0.0000,    2,    1.4966e-01,  2.0000e-01,      8.2610e-12, -4.6820e-11,     -7.2760e-12,  4.3656e-11,
    433,  11.0000,  18.0020,   0.0000,    0,          
    434,  10.0000,  18.0020,   0.0000,    2,    1.4966e-01,  2.0000e-01,      4.2690e-12, -4.1635e-11,     -3.6380e-12,  2.9104e-11,
    435,   9.0000,  18.0020,   0.0000,    0,          
    436,   8.0000,  18.0020,   0.0000,    2,    1.4966e-01,  2.0000e-01,     -8.5850e-12, -1.4106e-11,      7.2760e-12,  0.0000e+00,
    437,   7.0000,  18.0020,   0.0000,    0,          
    438,   6.0000,  18.0020,   0.0000,    2,    1.4966e-01,  2.0000e-01,     -3.8136e-12,  1.4473e-11,      3.6380e-12, -1.4552e-11,
    439,   5.0000,  18.0020,   0.0000,    0,          
    440,   4.0000,  18.0020,   0.0000,    2,    1.4966e-01,  2.0000e-01,      1.0885e-11,  1.3526e-11,     -1.0914e-11, -1.4552e-11,
    441,   3.0000,  18.0020,   0.0000,    0,          
    442,   2.0000,  18.0020,   0.0000,    2,    1.4966e-01,  2.0000e-01,     -1.2652e-11,  2.5718e-11,      1.0914e-11, -2.9104e-11,
    443,   1.0000,  18.0020,   0.0000,    0,          
    444,  19.0000,  19.0010,   0.0000,    0,          
    445,  18.0000,  19.0010,   0.0000,    0,          
    446,  17.0000,  19.0010,   0.0000,    0,          
    447,  16.0000,  19.0010,   0.0000,    0,          
    448,  15.0000,  19.0010,   0.0000,    0,          
    449,  14.0000,  19.0010,   0.0000,    0,          
    450,  13.0000,  19.0010,   0.0000,    0,          
    451,  12.0000,  19.0010,   0.0000,    0,          
    452,  11.0000,  19.0010,   0.0000,    0,          
    453,  10.0000,  19.0010,   0.0000,    0,          
    454,   9.0000,  19.0010,   0.0000,    0,          
    455,   8.0000,  19.0010,   0.0000,    0,          
    456,   7.0000,  19.0010,   0.0000,    0,          
    457,   6.0000,  19.0010,   0.0000,    0,          
    458,   5.0000,  19.0010,   0.0000,    0,          
    459,   4.0000,  19.0010,   0.0000,    0,          
    460,   3.0000,  19.0010,   0.0000,    0,          
    461,   2.0000,  19.0010,   0.0000,    0,          
    462,   1.0000,  19.0010,   0.0000,    0,          
   4630,   7.0000,   7.0000,   0.0000,    2,    1.0503e-01,  1.4004e-01,     -1.4171e-11, -1.9500e-11,      1.4171e-11,  1.9500e-11,
   4635,   7.6000,   7.8000,   0.0000,    2,    1.0667e-01,  1.4222e-01,     -2.6299e-11, -3.4802e-11,      2.6299e-11,  3.4802e-11,
   4640,   8.2000,   8.6000,   0.0000,    2,    1.1156e-01,  1.4876e-01,     -1.8976e-11, -2.5405e-11,      1.8976e-11,  2.5405e-11,
   4645,   8.8000,   9.4000,   0.0000,    2,    1.1968e-01,  1.5952e-01,     -1.0834e-11, -1.5053e-11,      1.0834e-11,  1.5053e-11,
   4650,   9.4000,  10.2000,   0.0000,    2,    1.2994e-01,  1.7376e-01,      1.8066e-12,  1.9546e-12,     -1.8066e-12, -1.9546e-12,
   4655,  10.0000,  11.0000,   0.0000,    2,    1.3797e-01,  1.8439e-01,      4.5366e-13, -3.3976e-13,     -4.5366e-13,  3.3976e-13,
   4660,  10.6000,  11.8000,   0.0000,    2,    1.4282e-01,  1.9087e-01,     -7.1310e-13,  5.3450e-13,      7.1310e-13, -5.3450e-13,
   4665,  11.2000,  12.6000,   0.0000,    2,    1.4540e-01,  1.9431e-01,      4.8052e-13, -3.6113e-13,     -4.8052e-13,  3.6113e-13,
   4670,  11.8000,  13.4000,   0.0000,    2,    1.4674e-01,  1.9610e-01,     -4.1611e-13,  3.0944e-13,      4.1611e-13, -3.0944e-13,
   4675,  12.4000,  14.2000,   0.0000,    2,    1.4739e-01,  1.9697e-01,     -7.8995e-13,  5.9218e-13,      7.8995e-13, -5.9218e-13,
   4680,  13.0000,  15.0000,   0.0000,    2,    1.4759e-01,  1.9723e-01,     -1.0442e-12,  7.8186e-13,      1.0442e-12, -7.8186e-13,
  10010,   0.0000,   0.0000,   0.0000,    1,    1.7574e-01,     -9.1931e-11,      9.1931e-11,
  10015,   0.0000,   0.0000,   0.0000,    1,    1.8119e-01,     -7.5386e-11,      7.5386e-11,
  10020,   0.0000,   0.0000,   0.0000,    1,    1.9203e-01,     -4.8875e-11,      4.8875e-11,
  10025,   0.0000,   0.0000,   0.0000,    1,    2.0821e-01,     -1.4468e-11,      1.4468e-11,
  10030,   0.0000,   0.0000,   0.0000,    1,    2.2430e-01,     -7.4246e-16,      7.4246e-16,
  10035,   0.0000,   0.0000,   0.0000,    1,    2.3494e-01,      7.5634e-16,     -7.5634e-16,
  10040,   0.0000,   0.0000,   0.0000,    1,    2.4088e-01,     -6.5573e-16,      6.5573e-16,
  10045,   0.0000,   0.0000,   0.0000,    1,    2.4399e-01,      2.0851e-15,     -2.0851e-15,
  10050,   0.0000,   0.0000,   0.0000,    1,    2.4558e-01,      9.4022e-16,     -9.4022e-16,
  10055,   0.0000,   0.0000,   0.0000,    1,    2.4626e-01,      1.2637e-15,     -1.2637e-15,
