    0.00400000  1.475601e-03    0.00400000 -1.526242e-04    0.00400000  5.145066e-04    0.00400000  3.714165e-03    0.00400000  4.111093e-03    0.00400000  3.905359e-03    0.00400000  3.229958e-03    0.00400000  4.373705e-04    0.00400000  1.594235e-03    0.00400000  2.783662e-03    0.00400000  2.328196e-03  0       1
    0.00800000  3.586270e-03    0.00800000 -3.594070e-04    0.00800000  1.212556e-03    0.00800000  9.141197e-03    0.00800000  1.019742e-02    0.00800000  9.736246e-03    0.00800000  8.052923e-03    0.00800000  1.081134e-03    0.00800000  3.889796e-03    0.00800000  6.805595e-03    0.00800000  5.766838e-03  0       2
    0.01200000  6.051661e-03    0.01200000 -5.952476e-04    0.01200000  2.006782e-03    0.01200000  1.554443e-02    0.01200000  1.742063e-02    0.01200000  1.668257e-02    0.01200000  1.379922e-02    0.01200000  1.842698e-03    0.01200000  6.580298e-03    0.01200000  1.152704e-02    0.01200000  9.843888e-03  0       3
    0.01600000  8.733482e-03    0.01600000 -8.485060e-04    0.01600000  2.858495e-03    0.01600000  2.254699e-02    0.01600000  2.534407e-02    0.01600000  2.431723e-02    0.01600000  2.011531e-02    0.01600000  2.676668e-03    0.01600000  9.512288e-03    0.01600000  1.667664e-02    0.01600000  1.431388e-02  0       4
    0.02000000  1.153657e-02    0.02000000 -1.111175e-03    0.02000000  3.742362e-03    0.02000000  2.988554e-02    0.02000000  3.366082e-02    0.02000000  3.233867e-02    0.02000000  2.675125e-02    0.02000000  3.551457e-03    0.02000000  1.257929e-02    0.02000000  2.206573e-02    0.02000000  1.900420e-02  0       5
    0.02400000  1.438427e-02    0.02400000 -1.376732e-03    0.02400000  4.638517e-03    0.02400000  3.734633e-02    0.02400000  4.212117e-02    0.02400000  4.050098e-02    0.02400000  3.350306e-02    0.02400000  4.441532e-03    0.02400000  1.569510e-02    0.02400000  2.754142e-02    0.02400000  2.377428e-02  0       6
    0.02800000  1.720791e-02    0.02800000 -1.639253e-03    0.02800000  5.529373e-03    0.02800000  4.473718e-02    0.02800000  5.050049e-02    0.02800000  4.858273e-02    0.02800000  4.018694e-02    0.02800000  5.324013e-03    0.02800000  1.878229e-02    0.02800000  3.296631e-02    0.02800000  2.849758e-02  0       7
    0.03200000  1.994097e-02    0.03200000 -1.892937e-03    0.03200000  6.397944e-03    0.03200000  5.187169e-02    0.03200000  5.858092e-02    0.03200000  5.636916e-02    0.03200000  4.662459e-02    0.03200000  6.176762e-03    0.03200000  2.176571e-02    0.03200000  3.820709e-02    0.03200000  3.305134e-02  0       8
    0.03600000  2.251415e-02    0.03600000 -2.131683e-03    0.03600000  7.226397e-03    0.03600000  5.855624e-02    0.03600000  6.613647e-02    0.03600000  6.363765e-02    0.03600000  5.263113e-02    0.03600000  6.976809e-03    0.03600000  2.456720e-02    0.03600000  4.312508e-02    0.03600000  3.730816e-02  0       9
    0.04000000  2.484992e-02    0.04000000 -2.348606e-03    0.04000000  7.994239e-03    0.04000000  6.457567e-02    0.04000000  7.291681e-02    0.04000000  7.014216e-02    0.04000000  5.800238e-02    0.04000000  7.698627e-03    0.04000000  2.709954e-02    0.04000000  4.756577e-02    0.04000000  4.112695e-02  0      10
    0.04400000  2.695211e-02    0.04400000 -2.544312e-03    0.04400000  8.705307e-03    0.04400000  6.993190e-02    0.04400000  7.891978e-02    0.04400000  7.587760e-02    0.04400000  6.273376e-02    0.04400000  8.342560e-03    0.04400000  2.936544e-02    0.04400000  5.153296e-02    0.04400000  4.450667e-02  0      11
    0.04800000  2.893161e-02    0.04800000 -2.729008e-03    0.04800000  9.385238e-03    0.04800000  7.494299e-02    0.04800000  8.451926e-02    0.04800000  8.121530e-02    0.04800000  6.713514e-02    0.04800000  8.945896e-03    0.04800000  3.149249e-02    0.04800000  5.525344e-02    0.04800000  4.765948e-02  0      12
    0.05200000  3.076568e-02    0.05200000 -2.900785e-03    0.05200000  1.002650e-02    0.05200000  7.955028e-02    0.05200000  8.964871e-02    0.05200000  8.609150e-02    0.05200000  7.115425e-02    0.05200000  9.501525e-03    0.05200000  3.345638e-02    0.05200000  5.868436e-02    0.05200000  5.054845e-02  0      13
    0.05600000  3.250854e-02    0.05600000 -3.064756e-03    0.05600000  1.064807e-02    0.05600000  8.388943e-02    0.05600000  9.445883e-02    0.05600000  9.064948e-02    0.05600000  7.490945e-02    0.05600000  1.002588e-02    0.05600000  3.531522e-02    0.05600000  6.192706e-02    0.05600000  5.325886e-02  0      14
    0.06000000  3.418812e-02    0.06000000 -3.222933e-03    0.06000000  1.125176e-02    0.06000000  8.805448e-02    0.06000000  9.906731e-02    0.06000000  9.501098e-02    0.06000000  7.850290e-02    0.06000000  1.053001e-02    0.06000000  3.710382e-02    0.06000000  6.504476e-02    0.06000000  5.585736e-02  0      15
    0.06400000  3.577794e-02    0.06400000 -3.372919e-03    0.06400000  1.182839e-02    0.06400000  9.197838e-02    0.06400000  1.033991e-01    0.06400000  9.910455e-02    0.06400000  8.187591e-02    0.06400000  1.100584e-02    0.06400000  3.879390e-02    0.06400000  6.798786e-02    0.06400000  5.830200e-02  0      16
    0.06800000  3.727196e-02    0.06800000 -3.514296e-03    0.06800000  1.237678e-02    0.06800000  9.564272e-02    0.06800000  1.074318e-01    0.06800000  1.029078e-01    0.06800000  8.501013e-02    0.06800000  1.145123e-02    0.06800000  4.037854e-02    0.06800000  7.074381e-02    0.06800000  6.058057e-02  0      17
    0.07200000  3.868366e-02    0.07200000 -3.648533e-03    0.07200000  1.290337e-02    0.07200000  9.907545e-02    0.07200000  1.111931e-01    0.07200000  1.064451e-01    0.07200000  8.792572e-02    0.07200000  1.186971e-02    0.07200000  4.187131e-02    0.07200000  7.333539e-02    0.07200000  6.270937e-02  0      18
    0.07600000  3.998981e-02    0.07600000 -3.773453e-03    0.07600000  1.339706e-02    0.07600000  1.022288e-01    0.07600000  1.146353e-01    0.07600000  1.096743e-01    0.07600000  9.058779e-02    0.07600000  1.225490e-02    0.07600000  4.324909e-02    0.07600000  7.572388e-02    0.07600000  6.466030e-02  0      19
    0.08000000  4.121486e-02    0.08000000 -3.891322e-03    0.08000000  1.386333e-02    0.08000000  1.051755e-01    0.08000000  1.178448e-01    0.08000000  1.126809e-01    0.08000000  9.306675e-02    0.08000000  1.261489e-02    0.08000000  4.453990e-02    0.08000000  7.796000e-02    0.08000000  6.648077e-02  0      20
    0.08400000  4.230588e-02    0.08400000 -3.997078e-03    0.08400000  1.428197e-02    0.08400000  1.077884e-01    0.08400000  1.206833e-01    0.08400000  1.153355e-01    0.08400000  9.525576e-02    0.08400000  1.293411e-02    0.08400000  4.568802e-02    0.08400000  7.994724e-02    0.08400000  6.809228e-02  0      21
    0.08800000  4.310438e-02    0.08800000 -4.075096e-03    0.08800000  1.459093e-02    0.08800000  1.096921e-01    0.08800000  1.227457e-01    0.08800000  1.172609e-01    0.08800000  9.684375e-02    0.08800000  1.316668e-02    0.08800000  4.652722e-02    0.08800000  8.139854e-02    0.08800000  6.926434e-02  0      22
    0.09200000  4.322909e-02    0.09200000 -4.087338e-03    0.09200000  1.463941e-02    0.09200000  1.099887e-01    0.09200000  1.230665e-01    0.09200000  1.175601e-01    0.09200000  9.709049e-02    0.09200000  1.320291e-02    0.09200000  4.665819e-02    0.09200000  8.162493e-02    0.09200000  6.944673e-02  0      23
    0.09600000  4.316695e-02    0.09600000 -4.081463e-03    0.09600000  1.461837e-02    0.09600000  1.098306e-01    0.09600000  1.228896e-01    0.09600000  1.173911e-01    0.09600000  9.695091e-02    0.09600000  1.318393e-02    0.09600000  4.659112e-02    0.09600000  8.150759e-02    0.09600000  6.934689e-02  0      24
    0.10000000  4.308711e-02    0.10000000 -4.073914e-03    0.10000000  1.459134e-02    0.10000000  1.096274e-01    0.10000000  1.226623e-01    0.10000000  1.171739e-01    0.10000000  9.677159e-02    0.10000000  1.315955e-02    0.10000000  4.650495e-02    0.10000000  8.135683e-02    0.10000000  6.921863e-02  0      25
    0.10400000  4.298956e-02    0.10400000 -4.064691e-03    0.10400000  1.455830e-02    0.10400000  1.093793e-01    0.10400000  1.223846e-01    0.10400000  1.169087e-01    0.10400000  9.655249e-02    0.10400000  1.312975e-02    0.10400000  4.639966e-02    0.10400000  8.117264e-02    0.10400000  6.906192e-02  0      26
    0.10800000  4.287431e-02    0.10800000 -4.053794e-03    0.10800000  1.451928e-02    0.10800000  1.090860e-01    0.10800000  1.220565e-01    0.10800000  1.165952e-01    0.10800000  9.629363e-02    0.10800000  1.309455e-02    0.10800000  4.627526e-02    0.10800000  8.095502e-02    0.10800000  6.887676e-02  0      27
    0.11200000  4.274136e-02    0.11200000 -4.041223e-03    0.11200000  1.447426e-02    0.11200000  1.087477e-01    0.11200000  1.216780e-01    0.11200000  1.162337e-01    0.11200000  9.599503e-02    0.11200000  1.305395e-02    0.11200000  4.613177e-02    0.11200000  8.070399e-02    0.11200000  6.866318e-02  0      28
    0.11600000  4.259075e-02    0.11600000 -4.026983e-03    0.11600000  1.442325e-02    0.11600000  1.083645e-01    0.11600000  1.212492e-01    0.11600000  1.158241e-01    0.11600000  9.565674e-02    0.11600000  1.300795e-02    0.11600000  4.596920e-02    0.11600000  8.041959e-02    0.11600000  6.842121e-02  0      29
    0.12000000  4.242249e-02    0.12000000 -4.011074e-03    0.12000000  1.436627e-02    0.12000000  1.079364e-01    0.12000000  1.207702e-01    0.12000000  1.153665e-01    0.12000000  9.527884e-02    0.12000000  1.295656e-02    0.12000000  4.578760e-02    0.12000000  8.010189e-02    0.12000000  6.815090e-02  0      30
    0.12400000  4.223665e-02    0.12400000 -3.993502e-03    0.12400000  1.430334e-02    0.12400000  1.074636e-01    0.12400000  1.202411e-01    0.12400000  1.148611e-01    0.12400000  9.486143e-02    0.12400000  1.289980e-02    0.12400000  4.558701e-02    0.12400000  7.975098e-02    0.12400000  6.785234e-02  0      31
    0.12800000  4.203327e-02    0.12800000 -3.974273e-03    0.12800000  1.423447e-02    0.12800000  1.069461e-01    0.12800000  1.196621e-01    0.12800000  1.143080e-01    0.12800000  9.440465e-02    0.12800000  1.283768e-02    0.12800000  4.536750e-02    0.12800000  7.936696e-02    0.12800000  6.752562e-02  0      32
    0.13200000  4.181243e-02    0.13200000 -3.953393e-03    0.13200000  1.415968e-02    0.13200000  1.063842e-01    0.13200000  1.190334e-01    0.13200000  1.137074e-01    0.13200000  9.390865e-02    0.13200000  1.277023e-02    0.13200000  4.512915e-02    0.13200000  7.894997e-02    0.13200000  6.717084e-02  0      33
    0.13600000  4.157422e-02    0.13600000 -3.930870e-03    0.13600000  1.407902e-02    0.13600000  1.057781e-01    0.13600000  1.183553e-01    0.13600000  1.130596e-01    0.13600000  9.337363e-02    0.13600000  1.269748e-02    0.13600000  4.487204e-02    0.13600000  7.850018e-02    0.13600000  6.678816e-02  0      34
    0.14000000  4.131874e-02    0.14000000 -3.906714e-03    0.14000000  1.399250e-02    0.14000000  1.051281e-01    0.14000000  1.176279e-01    0.14000000  1.123648e-01    0.14000000  9.279981e-02    0.14000000  1.261945e-02    0.14000000  4.459628e-02    0.14000000  7.801777e-02    0.14000000  6.637772e-02  0      35
    0.14400000  4.104609e-02    0.14400000 -3.880935e-03    0.14400000  1.390017e-02    0.14400000  1.044344e-01    0.14400000  1.168517e-01    0.14400000  1.116233e-01    0.14400000  9.218745e-02    0.14400000  1.253618e-02    0.14400000  4.430201e-02    0.14400000  7.750296e-02    0.14400000  6.593971e-02  0      36
    0.14800000  4.075641e-02    0.14800000 -3.853545e-03    0.14800000  1.380207e-02    0.14800000  1.036973e-01    0.14800000  1.160270e-01    0.14800000  1.108356e-01    0.14800000  9.153684e-02    0.14800000  1.244770e-02    0.14800000  4.398935e-02    0.14800000  7.695599e-02    0.14800000  6.547434e-02  0      37
    0.15200000  4.044984e-02    0.15200000 -3.824560e-03    0.15200000  1.369825e-02    0.15200000  1.029173e-01    0.15200000  1.151543e-01    0.15200000  1.100019e-01    0.15200000  9.084830e-02    0.15200000  1.235407e-02    0.15200000  4.365847e-02    0.15200000  7.637713e-02    0.15200000  6.498185e-02  0      38
    0.15600000  4.012655e-02    0.15600000 -3.793992e-03    0.15600000  1.358877e-02    0.15600000  1.020948e-01    0.15600000  1.142339e-01    0.15600000  1.091227e-01    0.15600000  9.012220e-02    0.15600000  1.225533e-02    0.15600000  4.330953e-02    0.15600000  7.576669e-02    0.15600000  6.446249e-02  0      39
    0.16000000  3.978672e-02    0.16000000 -3.761861e-03    0.16000000  1.347369e-02    0.16000000  1.012301e-01    0.16000000  1.132665e-01    0.16000000  1.081985e-01    0.16000000  8.935894e-02    0.16000000  1.215154e-02    0.16000000  4.294274e-02    0.16000000  7.512501e-02    0.16000000  6.391654e-02  0      40
    0.16400000  3.943053e-02    0.16400000 -3.728183e-03    0.16400000  1.335307e-02    0.16400000  1.003239e-01    0.16400000  1.122524e-01    0.16400000  1.072298e-01    0.16400000  8.855895e-02    0.16400000  1.204275e-02    0.16400000  4.255829e-02    0.16400000  7.445246e-02    0.16400000  6.334433e-02  0      41
    0.16800000  3.905820e-02    0.16800000 -3.692979e-03    0.16800000  1.322698e-02    0.16800000  9.937653e-02    0.16800000  1.111925e-01    0.16800000  1.062173e-01    0.16800000  8.772272e-02    0.16800000  1.192904e-02    0.16800000  4.215643e-02    0.16800000  7.374943e-02    0.16800000  6.274619e-02  0      42
    0.17200000  3.866997e-02    0.17200000 -3.656271e-03    0.17200000  1.309551e-02    0.17200000  9.838874e-02    0.17200000  1.100872e-01    0.17200000  1.051615e-01    0.17200000  8.685076e-02    0.17200000  1.181047e-02    0.17200000  4.173740e-02    0.17200000  7.301637e-02    0.17200000  6.212250e-02  0      43
    0.17600000  3.826608e-02    0.17600000 -3.618083e-03    0.17600000  1.295873e-02    0.17600000  9.736111e-02    0.17600000  1.089374e-01    0.17600000  1.040631e-01    0.17600000  8.594363e-02    0.17600000  1.168711e-02    0.17600000  4.130147e-02    0.17600000  7.225375e-02    0.17600000  6.147365e-02  0      44
    0.18000000  3.784680e-02    0.18000000 -3.578440e-03    0.18000000  1.281675e-02    0.18000000  9.629432e-02    0.18000000  1.077438e-01    0.18000000  1.029229e-01    0.18000000  8.500195e-02    0.18000000  1.155905e-02    0.18000000  4.084893e-02    0.18000000  7.146206e-02    0.18000000  6.080008e-02  0      45
    0.18400000  3.741242e-02    0.18400000 -3.537369e-03    0.18400000  1.266965e-02    0.18400000  9.518911e-02    0.18400000  1.065072e-01    0.18400000  1.017416e-01    0.18400000  8.402634e-02    0.18400000  1.142639e-02    0.18400000  4.038009e-02    0.18400000  7.064186e-02    0.18400000  6.010225e-02  0      46
    0.18800000  3.696324e-02    0.18800000 -3.494899e-03    0.18800000  1.251754e-02    0.18800000  9.404626e-02    0.18800000  1.052284e-01    0.18800000  1.005201e-01    0.18800000  8.301751e-02    0.18800000  1.128920e-02    0.18800000  3.989529e-02    0.18800000  6.979373e-02    0.18800000  5.938066e-02  0      47
    0.19200000  3.649960e-02    0.19200000 -3.451062e-03    0.19200000  1.236052e-02    0.19200000  9.286660e-02    0.19200000  1.039085e-01    0.19200000  9.925924e-02    0.19200000  8.197619e-02    0.19200000  1.114760e-02    0.19200000  3.939486e-02    0.19200000  6.891828e-02    0.19200000  5.863582e-02  0      48
    0.19600000  3.602183e-02    0.19600000 -3.405889e-03    0.19600000  1.219873e-02    0.19600000  9.165102e-02    0.19600000  1.025484e-01    0.19600000  9.795997e-02    0.19600000  8.090315e-02    0.19600000  1.100168e-02    0.19600000  3.887920e-02    0.19600000  6.801617e-02    0.19600000  5.786830e-02  0      49
    0.20000000  3.553032e-02    0.20000000 -3.359415e-03    0.20000000  1.203228e-02    0.20000000  9.040043e-02    0.20000000  1.011491e-01    0.20000000  9.662330e-02    0.20000000  7.979922e-02    0.20000000  1.085156e-02    0.20000000  3.834869e-02    0.20000000  6.708809e-02    0.20000000  5.707869e-02  0      50
