*HEADING
SingleFiber 
Simulation of a single fiber connecting a dissected continuum
 B23, B23E all bonded
*NODE     
1, 2.00000E+01, 9.99000E+00            , 0.00000E+00
2, 2.00000E+01, 0.00000E+00, 0.00000E+00
3, 0.00000E+00, 0.00000E+00, 0.00000E+00
4, 0.00000E+00, 9.99000E+00, 0.00000E+00
5, 0.00000E+00, 8.99100E+00, 0.00000E+00
6, 0.00000E+00, 7.99200E+00, 0.00000E+00
7, 0.00000E+00, 6.99300E+00, 0.00000E+00
8, 0.00000E+00, 5.99400E+00, 0.00000E+00
9, 0.00000E+00, 4.99500E+00, 0.00000E+00
10, 0.00000E+00, 3.99600E+00, 0.00000E+00
11, 0.00000E+00, 2.99700E+00, 0.00000E+00
12, 0.00000E+00, 1.99800E+00, 0.00000E+00
13, 0.00000E+00, 9.99000E-01, 0.00000E+00
14, 1.00000E+00, 0.00000E+00, 0.00000E+00
15, 2.00000E+00, 0.00000E+00, 0.00000E+00
16, 3.00000E+00, 0.00000E+00, 0.00000E+00
17, 4.00000E+00, 0.00000E+00, 0.00000E+00
18, 5.00000E+00, 0.00000E+00, 0.00000E+00
19, 6.00000E+00, 0.00000E+00, 0.00000E+00
20, 7.00000E+00, 0.00000E+00, 0.00000E+00
21, 8.00000E+00, 0.00000E+00, 0.00000E+00
22, 9.00000E+00, 0.00000E+00, 0.00000E+00
23, 1.00000E+01, 0.00000E+00, 0.00000E+00
24, 1.10000E+01, 0.00000E+00, 0.00000E+00
25, 1.20000E+01, 0.00000E+00, 0.00000E+00
26, 1.30000E+01, 0.00000E+00, 0.00000E+00
27, 1.40000E+01, 0.00000E+00, 0.00000E+00
28, 1.50000E+01, 0.00000E+00, 0.00000E+00
29, 1.60000E+01, 0.00000E+00, 0.00000E+00
30, 1.70000E+01, 0.00000E+00, 0.00000E+00
31, 1.80000E+01, 0.00000E+00, 0.00000E+00
32, 1.90000E+01, 0.00000E+00, 0.00000E+00
33, 2.00000E+01, 9.99000E-01, 0.00000E+00
34, 2.00000E+01, 1.99800E+00, 0.00000E+00
35, 2.00000E+01, 2.99700E+00, 0.00000E+00
36, 2.00000E+01, 3.99600E+00, 0.00000E+00
37, 2.00000E+01, 4.99500E+00, 0.00000E+00
38, 2.00000E+01, 5.99400E+00, 0.00000E+00
39, 2.00000E+01, 6.99300E+00, 0.00000E+00
40, 2.00000E+01, 7.99200E+00, 0.00000E+00
41, 2.00000E+01, 8.99100E+00, 0.00000E+00
42, 1.90000E+01, 9.99000E+00, 0.00000E+00
43, 1.80000E+01, 9.99000E+00, 0.00000E+00
44, 1.70000E+01, 9.99000E+00, 0.00000E+00
45, 1.60000E+01, 9.99000E+00, 0.00000E+00
46, 1.50000E+01, 9.99000E+00, 0.00000E+00
47, 1.40000E+01, 9.99000E+00, 0.00000E+00
48, 1.30000E+01, 9.99000E+00, 0.00000E+00
49, 1.20000E+01, 9.99000E+00, 0.00000E+00
50, 1.10000E+01, 9.99000E+00, 0.00000E+00
51, 1.00000E+01, 9.99000E+00, 0.00000E+00
52, 9.00000E+00, 9.99000E+00, 0.00000E+00
53, 8.00000E+00, 9.99000E+00, 0.00000E+00
54, 7.00000E+00, 9.99000E+00, 0.00000E+00
55, 6.00000E+00, 9.99000E+00, 0.00000E+00
56, 5.00000E+00, 9.99000E+00, 0.00000E+00
57, 4.00000E+00, 9.99000E+00, 0.00000E+00
58, 3.00000E+00, 9.99000E+00, 0.00000E+00
59, 2.00000E+00, 9.99000E+00, 0.00000E+00
60, 1.00000E+00, 9.99000E+00, 0.00000E+00
61, 1.90000E+01, 9.99000E-01, 0.00000E+00
62, 1.80000E+01, 9.99000E-01, 0.00000E+00
63, 1.70000E+01, 9.99000E-01, 0.00000E+00
64, 1.60000E+01, 9.99000E-01, 0.00000E+00
65, 1.50000E+01, 9.99000E-01, 0.00000E+00
66, 1.40000E+01, 9.99000E-01, 0.00000E+00
67, 1.30000E+01, 9.99000E-01, 0.00000E+00
68, 1.20000E+01, 9.99000E-01, 0.00000E+00
69, 1.10000E+01, 9.99000E-01, 0.00000E+00
70, 1.00000E+01, 9.99000E-01, 0.00000E+00
71, 9.00000E+00, 9.99000E-01, 0.00000E+00
72, 8.00000E+00, 9.99000E-01, 0.00000E+00
73, 7.00000E+00, 9.99000E-01, 0.00000E+00
74, 6.00000E+00, 9.99000E-01, 0.00000E+00
75, 5.00000E+00, 9.99000E-01, 0.00000E+00
76, 4.00000E+00, 9.99000E-01, 0.00000E+00
77, 3.00000E+00, 9.99000E-01, 0.00000E+00
78, 2.00000E+00, 9.99000E-01, 0.00000E+00
79, 1.00000E+00, 9.99000E-01, 0.00000E+00
80, 1.90000E+01, 1.99800E+00, 0.00000E+00
81, 1.80000E+01, 1.99800E+00, 0.00000E+00
82, 1.70000E+01, 1.99800E+00, 0.00000E+00
83, 1.60000E+01, 1.99800E+00, 0.00000E+00
84, 1.50000E+01, 1.99800E+00, 0.00000E+00
85, 1.40000E+01, 1.99800E+00, 0.00000E+00
86, 1.30000E+01, 1.99800E+00, 0.00000E+00
87, 1.20000E+01, 1.99800E+00, 0.00000E+00
88, 1.10000E+01, 1.99800E+00, 0.00000E+00
89, 1.00000E+01, 1.99800E+00, 0.00000E+00
90, 9.00000E+00, 1.99800E+00, 0.00000E+00
91, 8.00000E+00, 1.99800E+00, 0.00000E+00
92, 7.00000E+00, 1.99800E+00, 0.00000E+00
93, 6.00000E+00, 1.99800E+00, 0.00000E+00
94, 5.00000E+00, 1.99800E+00, 0.00000E+00
95, 4.00000E+00, 1.99800E+00, 0.00000E+00
96, 3.00000E+00, 1.99800E+00, 0.00000E+00
97, 2.00000E+00, 1.99800E+00, 0.00000E+00
98, 1.00000E+00, 1.99800E+00, 0.00000E+00
99, 1.90000E+01, 2.99700E+00, 0.00000E+00
100, 1.80000E+01, 2.99700E+00, 0.00000E+00
101, 1.70000E+01, 2.99700E+00, 0.00000E+00
102, 1.60000E+01, 2.99700E+00, 0.00000E+00
103, 1.50000E+01, 2.99700E+00, 0.00000E+00
104, 1.40000E+01, 2.99700E+00, 0.00000E+00
105, 1.30000E+01, 2.99700E+00, 0.00000E+00
106, 1.20000E+01, 2.99700E+00, 0.00000E+00
107, 1.10000E+01, 2.99700E+00, 0.00000E+00
108, 1.00000E+01, 2.99700E+00, 0.00000E+00
109, 9.00000E+00, 2.99700E+00, 0.00000E+00
110, 8.00000E+00, 2.99700E+00, 0.00000E+00
111, 7.00000E+00, 2.99700E+00, 0.00000E+00
112, 6.00000E+00, 2.99700E+00, 0.00000E+00
113, 5.00000E+00, 2.99700E+00, 0.00000E+00
114, 4.00000E+00, 2.99700E+00, 0.00000E+00
115, 3.00000E+00, 2.99700E+00, 0.00000E+00
116, 2.00000E+00, 2.99700E+00, 0.00000E+00
117, 1.00000E+00, 2.99700E+00, 0.00000E+00
118, 1.90000E+01, 3.99600E+00, 0.00000E+00
119, 1.80000E+01, 3.99600E+00, 0.00000E+00
120, 1.70000E+01, 3.99600E+00, 0.00000E+00
121, 1.60000E+01, 3.99600E+00, 0.00000E+00
122, 1.50000E+01, 3.99600E+00, 0.00000E+00
123, 1.40000E+01, 3.99600E+00, 0.00000E+00
124, 1.30000E+01, 3.99600E+00, 0.00000E+00
125, 1.20000E+01, 3.99600E+00, 0.00000E+00
126, 1.10000E+01, 3.99600E+00, 0.00000E+00
127, 1.00000E+01, 3.99600E+00, 0.00000E+00
128, 9.00000E+00, 3.99600E+00, 0.00000E+00
129, 8.00000E+00, 3.99600E+00, 0.00000E+00
130, 7.00000E+00, 3.99600E+00, 0.00000E+00
131, 6.00000E+00, 3.99600E+00, 0.00000E+00
132, 5.00000E+00, 3.99600E+00, 0.00000E+00
133, 4.00000E+00, 3.99600E+00, 0.00000E+00
134, 3.00000E+00, 3.99600E+00, 0.00000E+00
135, 2.00000E+00, 3.99600E+00, 0.00000E+00
136, 1.00000E+00, 3.99600E+00, 0.00000E+00
137, 1.90000E+01, 4.99500E+00, 0.00000E+00
138, 1.80000E+01, 4.99500E+00, 0.00000E+00
139, 1.70000E+01, 4.99500E+00, 0.00000E+00
140, 1.60000E+01, 4.99500E+00, 0.00000E+00
141, 1.50000E+01, 4.99500E+00, 0.00000E+00
142, 1.40000E+01, 4.99500E+00, 0.00000E+00
143, 1.30000E+01, 4.99500E+00, 0.00000E+00
144, 1.20000E+01, 4.99500E+00, 0.00000E+00
145, 1.10000E+01, 4.99500E+00, 0.00000E+00
146, 1.00000E+01, 4.99500E+00, 0.00000E+00
147, 9.00000E+00, 4.99500E+00, 0.00000E+00
148, 8.00000E+00, 4.99500E+00, 0.00000E+00
149, 7.00000E+00, 4.99500E+00, 0.00000E+00
150, 6.00000E+00, 4.99500E+00, 0.00000E+00
151, 5.00000E+00, 4.99500E+00, 0.00000E+00
152, 4.00000E+00, 4.99500E+00, 0.00000E+00
153, 3.00000E+00, 4.99500E+00, 0.00000E+00
154, 2.00000E+00, 4.99500E+00, 0.00000E+00
155, 1.00000E+00, 4.99500E+00, 0.00000E+00
156, 1.90000E+01, 5.99400E+00, 0.00000E+00
157, 1.80000E+01, 5.99400E+00, 0.00000E+00
158, 1.70000E+01, 5.99400E+00, 0.00000E+00
159, 1.60000E+01, 5.99400E+00, 0.00000E+00
160, 1.50000E+01, 5.99400E+00, 0.00000E+00
161, 1.40000E+01, 5.99400E+00, 0.00000E+00
162, 1.30000E+01, 5.99400E+00, 0.00000E+00
163, 1.20000E+01, 5.99400E+00, 0.00000E+00
164, 1.10000E+01, 5.99400E+00, 0.00000E+00
165, 1.00000E+01, 5.99400E+00, 0.00000E+00
166, 9.00000E+00, 5.99400E+00, 0.00000E+00
167, 8.00000E+00, 5.99400E+00, 0.00000E+00
168, 7.00000E+00, 5.99400E+00, 0.00000E+00
169, 6.00000E+00, 5.99400E+00, 0.00000E+00
170, 5.00000E+00, 5.99400E+00, 0.00000E+00
171, 4.00000E+00, 5.99400E+00, 0.00000E+00
172, 3.00000E+00, 5.99400E+00, 0.00000E+00
173, 2.00000E+00, 5.99400E+00, 0.00000E+00
174, 1.00000E+00, 5.99400E+00, 0.00000E+00
175, 1.90000E+01, 6.99300E+00, 0.00000E+00
176, 1.80000E+01, 6.99300E+00, 0.00000E+00
177, 1.70000E+01, 6.99300E+00, 0.00000E+00
178, 1.60000E+01, 6.99300E+00, 0.00000E+00
179, 1.50000E+01, 6.99300E+00, 0.00000E+00
180, 1.40000E+01, 6.99300E+00, 0.00000E+00
181, 1.30000E+01, 6.99300E+00, 0.00000E+00
182, 1.20000E+01, 6.99300E+00, 0.00000E+00
183, 1.10000E+01, 6.99300E+00, 0.00000E+00
184, 1.00000E+01, 6.99300E+00, 0.00000E+00
185, 9.00000E+00, 6.99300E+00, 0.00000E+00
186, 8.00000E+00, 6.99300E+00, 0.00000E+00
187, 7.00000E+00, 6.99300E+00, 0.00000E+00
188, 6.00000E+00, 6.99300E+00, 0.00000E+00
189, 5.00000E+00, 6.99300E+00, 0.00000E+00
190, 4.00000E+00, 6.99300E+00, 0.00000E+00
191, 3.00000E+00, 6.99300E+00, 0.00000E+00
192, 2.00000E+00, 6.99300E+00, 0.00000E+00
193, 1.00000E+00, 6.99300E+00, 0.00000E+00
194, 1.90000E+01, 7.99200E+00, 0.00000E+00
195, 1.80000E+01, 7.99200E+00, 0.00000E+00
196, 1.70000E+01, 7.99200E+00, 0.00000E+00
197, 1.60000E+01, 7.99200E+00, 0.00000E+00
198, 1.50000E+01, 7.99200E+00, 0.00000E+00
199, 1.40000E+01, 7.99200E+00, 0.00000E+00
200, 1.30000E+01, 7.99200E+00, 0.00000E+00
201, 1.20000E+01, 7.99200E+00, 0.00000E+00
202, 1.10000E+01, 7.99200E+00, 0.00000E+00
203, 1.00000E+01, 7.99200E+00, 0.00000E+00
204, 9.00000E+00, 7.99200E+00, 0.00000E+00
205, 8.00000E+00, 7.99200E+00, 0.00000E+00
206, 7.00000E+00, 7.99200E+00, 0.00000E+00
207, 6.00000E+00, 7.99200E+00, 0.00000E+00
208, 5.00000E+00, 7.99200E+00, 0.00000E+00
209, 4.00000E+00, 7.99200E+00, 0.00000E+00
210, 3.00000E+00, 7.99200E+00, 0.00000E+00
211, 2.00000E+00, 7.99200E+00, 0.00000E+00
212, 1.00000E+00, 7.99200E+00, 0.00000E+00
213, 1.90000E+01, 8.99100E+00, 0.00000E+00
214, 1.80000E+01, 8.99100E+00, 0.00000E+00
215, 1.70000E+01, 8.99100E+00, 0.00000E+00
216, 1.60000E+01, 8.99100E+00, 0.00000E+00
217, 1.50000E+01, 8.99100E+00, 0.00000E+00
218, 1.40000E+01, 8.99100E+00, 0.00000E+00
219, 1.30000E+01, 8.99100E+00, 0.00000E+00
220, 1.20000E+01, 8.99100E+00, 0.00000E+00
221, 1.10000E+01, 8.99100E+00, 0.00000E+00
222, 1.00000E+01, 8.99100E+00, 0.00000E+00
223, 9.00000E+00, 8.99100E+00, 0.00000E+00
224, 8.00000E+00, 8.99100E+00, 0.00000E+00
225, 7.00000E+00, 8.99100E+00, 0.00000E+00
226, 6.00000E+00, 8.99100E+00, 0.00000E+00
227, 5.00000E+00, 8.99100E+00, 0.00000E+00
228, 4.00000E+00, 8.99100E+00, 0.00000E+00
229, 3.00000E+00, 8.99100E+00, 0.00000E+00
230, 2.00000E+00, 8.99100E+00, 0.00000E+00
231, 1.00000E+00, 8.99100E+00, 0.00000E+00
232, 2.00000E+01, 2.00000E+01, 0.00000E+00
233, 2.00000E+01, 1.00100E+01, 0.00000E+00
234, 0.00000E+00, 1.00100E+01, 0.00000E+00
235, 0.00000E+00, 2.00000E+01, 0.00000E+00
236, 0.00000E+00, 1.90010E+01, 0.00000E+00
237, 0.00000E+00, 1.80020E+01, 0.00000E+00
238, 0.00000E+00, 1.70030E+01, 0.00000E+00
239, 0.00000E+00, 1.60040E+01, 0.00000E+00
240, 0.00000E+00, 1.50050E+01, 0.00000E+00
241, 0.00000E+00, 1.40060E+01, 0.00000E+00
242, 0.00000E+00, 1.30070E+01, 0.00000E+00
243, 0.00000E+00, 1.20080E+01, 0.00000E+00
244, 0.00000E+00, 1.10090E+01, 0.00000E+00
245, 1.00000E+00, 1.00100E+01, 0.00000E+00
246, 2.00000E+00, 1.00100E+01, 0.00000E+00
247, 3.00000E+00, 1.00100E+01, 0.00000E+00
248, 4.00000E+00, 1.00100E+01, 0.00000E+00
249, 5.00000E+00, 1.00100E+01, 0.00000E+00
250, 6.00000E+00, 1.00100E+01, 0.00000E+00
251, 7.00000E+00, 1.00100E+01, 0.00000E+00
252, 8.00000E+00, 1.00100E+01, 0.00000E+00
253, 9.00000E+00, 1.00100E+01, 0.00000E+00
254, 1.00000E+01, 1.00100E+01, 0.00000E+00
255, 1.10000E+01, 1.00100E+01, 0.00000E+00
256, 1.20000E+01, 1.00100E+01, 0.00000E+00
257, 1.30000E+01, 1.00100E+01, 0.00000E+00
258, 1.40000E+01, 1.00100E+01, 0.00000E+00
259, 1.50000E+01, 1.00100E+01, 0.00000E+00
260, 1.60000E+01, 1.00100E+01, 0.00000E+00
261, 1.70000E+01, 1.00100E+01, 0.00000E+00
262, 1.80000E+01, 1.00100E+01, 0.00000E+00
263, 1.90000E+01, 1.00100E+01, 0.00000E+00
264, 2.00000E+01, 1.10090E+01, 0.00000E+00
265, 2.00000E+01, 1.20080E+01, 0.00000E+00
266, 2.00000E+01, 1.30070E+01, 0.00000E+00
267, 2.00000E+01, 1.40060E+01, 0.00000E+00
268, 2.00000E+01, 1.50050E+01, 0.00000E+00
269, 2.00000E+01, 1.60040E+01, 0.00000E+00
270, 2.00000E+01, 1.70030E+01, 0.00000E+00
271, 2.00000E+01, 1.80020E+01, 0.00000E+00
272, 2.00000E+01, 1.90010E+01, 0.00000E+00
273, 1.90000E+01, 2.00000E+01, 0.00000E+00
274, 1.80000E+01, 2.00000E+01, 0.00000E+00
275, 1.70000E+01, 2.00000E+01, 0.00000E+00
276, 1.60000E+01, 2.00000E+01, 0.00000E+00
277, 1.50000E+01, 2.00000E+01, 0.00000E+00
278, 1.40000E+01, 2.00000E+01, 0.00000E+00
279, 1.30000E+01, 2.00000E+01, 0.00000E+00
280, 1.20000E+01, 2.00000E+01, 0.00000E+00
281, 1.10000E+01, 2.00000E+01, 0.00000E+00
282, 1.00000E+01, 2.00000E+01, 0.00000E+00
283, 9.00000E+00, 2.00000E+01, 0.00000E+00
284, 8.00000E+00, 2.00000E+01, 0.00000E+00
285, 7.00000E+00, 2.00000E+01, 0.00000E+00
286, 6.00000E+00, 2.00000E+01, 0.00000E+00
287, 5.00000E+00, 2.00000E+01, 0.00000E+00
288, 4.00000E+00, 2.00000E+01, 0.00000E+00
289, 3.00000E+00, 2.00000E+01, 0.00000E+00
290, 2.00000E+00, 2.00000E+01, 0.00000E+00
291, 1.00000E+00, 2.00000E+01, 0.00000E+00
292, 1.90000E+01, 1.10090E+01, 0.00000E+00
293, 1.80000E+01, 1.10090E+01, 0.00000E+00
294, 1.70000E+01, 1.10090E+01, 0.00000E+00
295, 1.60000E+01, 1.10090E+01, 0.00000E+00
296, 1.50000E+01, 1.10090E+01, 0.00000E+00
297, 1.40000E+01, 1.10090E+01, 0.00000E+00
298, 1.30000E+01, 1.10090E+01, 0.00000E+00
299, 1.20000E+01, 1.10090E+01, 0.00000E+00
300, 1.10000E+01, 1.10090E+01, 0.00000E+00
301, 1.00000E+01, 1.10090E+01, 0.00000E+00
302, 9.00000E+00, 1.10090E+01, 0.00000E+00
303, 8.00000E+00, 1.10090E+01, 0.00000E+00
304, 7.00000E+00, 1.10090E+01, 0.00000E+00
305, 6.00000E+00, 1.10090E+01, 0.00000E+00
306, 5.00000E+00, 1.10090E+01, 0.00000E+00
307, 4.00000E+00, 1.10090E+01, 0.00000E+00
308, 3.00000E+00, 1.10090E+01, 0.00000E+00
309, 2.00000E+00, 1.10090E+01, 0.00000E+00
310, 1.00000E+00, 1.10090E+01, 0.00000E+00
311, 1.90000E+01, 1.20080E+01, 0.00000E+00
312, 1.80000E+01, 1.20080E+01, 0.00000E+00
313, 1.70000E+01, 1.20080E+01, 0.00000E+00
314, 1.60000E+01, 1.20080E+01, 0.00000E+00
315, 1.50000E+01, 1.20080E+01, 0.00000E+00
316, 1.40000E+01, 1.20080E+01, 0.00000E+00
317, 1.30000E+01, 1.20080E+01, 0.00000E+00
318, 1.20000E+01, 1.20080E+01, 0.00000E+00
319, 1.10000E+01, 1.20080E+01, 0.00000E+00
320, 1.00000E+01, 1.20080E+01, 0.00000E+00
321, 9.00000E+00, 1.20080E+01, 0.00000E+00
322, 8.00000E+00, 1.20080E+01, 0.00000E+00
323, 7.00000E+00, 1.20080E+01, 0.00000E+00
324, 6.00000E+00, 1.20080E+01, 0.00000E+00
325, 5.00000E+00, 1.20080E+01, 0.00000E+00
326, 4.00000E+00, 1.20080E+01, 0.00000E+00
327, 3.00000E+00, 1.20080E+01, 0.00000E+00
328, 2.00000E+00, 1.20080E+01, 0.00000E+00
329, 1.00000E+00, 1.20080E+01, 0.00000E+00
330, 1.90000E+01, 1.30070E+01, 0.00000E+00
331, 1.80000E+01, 1.30070E+01, 0.00000E+00
332, 1.70000E+01, 1.30070E+01, 0.00000E+00
333, 1.60000E+01, 1.30070E+01, 0.00000E+00
334, 1.50000E+01, 1.30070E+01, 0.00000E+00
335, 1.40000E+01, 1.30070E+01, 0.00000E+00
336, 1.30000E+01, 1.30070E+01, 0.00000E+00
337, 1.20000E+01, 1.30070E+01, 0.00000E+00
338, 1.10000E+01, 1.30070E+01, 0.00000E+00
339, 1.00000E+01, 1.30070E+01, 0.00000E+00
340, 9.00000E+00, 1.30070E+01, 0.00000E+00
341, 8.00000E+00, 1.30070E+01, 0.00000E+00
342, 7.00000E+00, 1.30070E+01, 0.00000E+00
343, 6.00000E+00, 1.30070E+01, 0.00000E+00
344, 5.00000E+00, 1.30070E+01, 0.00000E+00
345, 4.00000E+00, 1.30070E+01, 0.00000E+00
346, 3.00000E+00, 1.30070E+01, 0.00000E+00
347, 2.00000E+00, 1.30070E+01, 0.00000E+00
348, 1.00000E+00, 1.30070E+01, 0.00000E+00
349, 1.90000E+01, 1.40060E+01, 0.00000E+00
350, 1.80000E+01, 1.40060E+01, 0.00000E+00
351, 1.70000E+01, 1.40060E+01, 0.00000E+00
352, 1.60000E+01, 1.40060E+01, 0.00000E+00
353, 1.50000E+01, 1.40060E+01, 0.00000E+00
354, 1.40000E+01, 1.40060E+01, 0.00000E+00
355, 1.30000E+01, 1.40060E+01, 0.00000E+00
356, 1.20000E+01, 1.40060E+01, 0.00000E+00
357, 1.10000E+01, 1.40060E+01, 0.00000E+00
358, 1.00000E+01, 1.40060E+01, 0.00000E+00
359, 9.00000E+00, 1.40060E+01, 0.00000E+00
360, 8.00000E+00, 1.40060E+01, 0.00000E+00
361, 7.00000E+00, 1.40060E+01, 0.00000E+00
362, 6.00000E+00, 1.40060E+01, 0.00000E+00
363, 5.00000E+00, 1.40060E+01, 0.00000E+00
364, 4.00000E+00, 1.40060E+01, 0.00000E+00
365, 3.00000E+00, 1.40060E+01, 0.00000E+00
366, 2.00000E+00, 1.40060E+01, 0.00000E+00
367, 1.00000E+00, 1.40060E+01, 0.00000E+00
368, 1.90000E+01, 1.50050E+01, 0.00000E+00
369, 1.80000E+01, 1.50050E+01, 0.00000E+00
370, 1.70000E+01, 1.50050E+01, 0.00000E+00
371, 1.60000E+01, 1.50050E+01, 0.00000E+00
372, 1.50000E+01, 1.50050E+01, 0.00000E+00
373, 1.40000E+01, 1.50050E+01, 0.00000E+00
374, 1.30000E+01, 1.50050E+01, 0.00000E+00
375, 1.20000E+01, 1.50050E+01, 0.00000E+00
376, 1.10000E+01, 1.50050E+01, 0.00000E+00
377, 1.00000E+01, 1.50050E+01, 0.00000E+00
378, 9.00000E+00, 1.50050E+01, 0.00000E+00
379, 8.00000E+00, 1.50050E+01, 0.00000E+00
380, 7.00000E+00, 1.50050E+01, 0.00000E+00
381, 6.00000E+00, 1.50050E+01, 0.00000E+00
382, 5.00000E+00, 1.50050E+01, 0.00000E+00
383, 4.00000E+00, 1.50050E+01, 0.00000E+00
384, 3.00000E+00, 1.50050E+01, 0.00000E+00
385, 2.00000E+00, 1.50050E+01, 0.00000E+00
386, 1.00000E+00, 1.50050E+01, 0.00000E+00
387, 1.90000E+01, 1.60040E+01, 0.00000E+00
388, 1.80000E+01, 1.60040E+01, 0.00000E+00
389, 1.70000E+01, 1.60040E+01, 0.00000E+00
390, 1.60000E+01, 1.60040E+01, 0.00000E+00
391, 1.50000E+01, 1.60040E+01, 0.00000E+00
392, 1.40000E+01, 1.60040E+01, 0.00000E+00
393, 1.30000E+01, 1.60040E+01, 0.00000E+00
394, 1.20000E+01, 1.60040E+01, 0.00000E+00
395, 1.10000E+01, 1.60040E+01, 0.00000E+00
396, 1.00000E+01, 1.60040E+01, 0.00000E+00
397, 9.00000E+00, 1.60040E+01, 0.00000E+00
398, 8.00000E+00, 1.60040E+01, 0.00000E+00
399, 7.00000E+00, 1.60040E+01, 0.00000E+00
400, 6.00000E+00, 1.60040E+01, 0.00000E+00
401, 5.00000E+00, 1.60040E+01, 0.00000E+00
402, 4.00000E+00, 1.60040E+01, 0.00000E+00
403, 3.00000E+00, 1.60040E+01, 0.00000E+00
404, 2.00000E+00, 1.60040E+01, 0.00000E+00
405, 1.00000E+00, 1.60040E+01, 0.00000E+00
406, 1.90000E+01, 1.70030E+01, 0.00000E+00
407, 1.80000E+01, 1.70030E+01, 0.00000E+00
408, 1.70000E+01, 1.70030E+01, 0.00000E+00
409, 1.60000E+01, 1.70030E+01, 0.00000E+00
410, 1.50000E+01, 1.70030E+01, 0.00000E+00
411, 1.40000E+01, 1.70030E+01, 0.00000E+00
412, 1.30000E+01, 1.70030E+01, 0.00000E+00
413, 1.20000E+01, 1.70030E+01, 0.00000E+00
414, 1.10000E+01, 1.70030E+01, 0.00000E+00
415, 1.00000E+01, 1.70030E+01, 0.00000E+00
416, 9.00000E+00, 1.70030E+01, 0.00000E+00
417, 8.00000E+00, 1.70030E+01, 0.00000E+00
418, 7.00000E+00, 1.70030E+01, 0.00000E+00
419, 6.00000E+00, 1.70030E+01, 0.00000E+00
420, 5.00000E+00, 1.70030E+01, 0.00000E+00
421, 4.00000E+00, 1.70030E+01, 0.00000E+00
422, 3.00000E+00, 1.70030E+01, 0.00000E+00
423, 2.00000E+00, 1.70030E+01, 0.00000E+00
424, 1.00000E+00, 1.70030E+01, 0.00000E+00
425, 1.90000E+01, 1.80020E+01, 0.00000E+00
426, 1.80000E+01, 1.80020E+01, 0.00000E+00
427, 1.70000E+01, 1.80020E+01, 0.00000E+00
428, 1.60000E+01, 1.80020E+01, 0.00000E+00
429, 1.50000E+01, 1.80020E+01, 0.00000E+00
430, 1.40000E+01, 1.80020E+01, 0.00000E+00
431, 1.30000E+01, 1.80020E+01, 0.00000E+00
432, 1.20000E+01, 1.80020E+01, 0.00000E+00
433, 1.10000E+01, 1.80020E+01, 0.00000E+00
434, 1.00000E+01, 1.80020E+01, 0.00000E+00
435, 9.00000E+00, 1.80020E+01, 0.00000E+00
436, 8.00000E+00, 1.80020E+01, 0.00000E+00
437, 7.00000E+00, 1.80020E+01, 0.00000E+00
438, 6.00000E+00, 1.80020E+01, 0.00000E+00
439, 5.00000E+00, 1.80020E+01, 0.00000E+00
440, 4.00000E+00, 1.80020E+01, 0.00000E+00
441, 3.00000E+00, 1.80020E+01, 0.00000E+00
442, 2.00000E+00, 1.80020E+01, 0.00000E+00
443, 1.00000E+00, 1.80020E+01, 0.00000E+00
444, 1.90000E+01, 1.90010E+01, 0.00000E+00
445, 1.80000E+01, 1.90010E+01, 0.00000E+00
446, 1.70000E+01, 1.90010E+01, 0.00000E+00
447, 1.60000E+01, 1.90010E+01, 0.00000E+00
448, 1.50000E+01, 1.90010E+01, 0.00000E+00
449, 1.40000E+01, 1.90010E+01, 0.00000E+00
450, 1.30000E+01, 1.90010E+01, 0.00000E+00
451, 1.20000E+01, 1.90010E+01, 0.00000E+00
452, 1.10000E+01, 1.90010E+01, 0.00000E+00
453, 1.00000E+01, 1.90010E+01, 0.00000E+00
454, 9.00000E+00, 1.90010E+01, 0.00000E+00
455, 8.00000E+00, 1.90010E+01, 0.00000E+00
456, 7.00000E+00, 1.90010E+01, 0.00000E+00
457, 6.00000E+00, 1.90010E+01, 0.00000E+00
458, 5.00000E+00, 1.90010E+01, 0.00000E+00
459, 4.00000E+00, 1.90010E+01, 0.00000E+00
460, 3.00000E+00, 1.90010E+01, 0.00000E+00
461, 2.00000E+00, 1.90010E+01, 0.00000E+00
462, 1.00000E+00, 1.90010E+01, 0.00000E+00
4630, 7.00000E+00, 7.00000E+00, 0.00000E+00
4635, 7.60000E+00, 7.80000E+00, 0.00000E+00
4640, 8.20000E+00, 8.60000E+00, 0.00000E+00
4645, 8.80000E+00, 9.40000E+00, 0.00000E+00
4650, 9.40000E+00, 1.02000E+01, 0.00000E+00
4655, 1.00000E+01, 1.10000E+01, 0.00000E+00
4660, 1.06000E+01, 1.18000E+01, 0.00000E+00
4665, 1.12000E+01, 1.26000E+01, 0.00000E+00
4670, 1.18000E+01, 1.34000E+01, 0.00000E+00
4675, 1.24000E+01, 1.42000E+01, 0.00000E+00
4680, 1.30000E+01, 1.50000E+01, 0.00000E+00
10010,0.00,0.00,0.00
10015,0.00,0.00,0.00
10020,0.00,0.00,0.00
10025,0.00,0.00,0.00
10030,0.00,0.00,0.00
10035,0.00,0.00,0.00
10040,0.00,0.00,0.00
10045,0.00,0.00,0.00
10050,0.00,0.00,0.00
10055,0.00,0.00,0.00
*****************************************************************
*ELEMENT, TYPE=CPS4, ELSET=E3
1,  3, 15, 97, 12
2,  15, 17, 95, 97
3,  17, 19, 93, 95
4,  19, 21, 91, 93
5,  21, 23, 89, 91
6,  23, 25, 87, 89
7,  25, 27, 85, 87
8,  27, 29, 83, 85 
9,  29, 31, 81, 83
10, 31, 2,  34, 81
11, 12, 97, 135, 10
12, 97, 95, 133, 135
13, 95, 93, 131, 133
14, 93, 91, 129, 131
15, 91, 89, 127, 129
16, 89, 87, 125, 127
17, 87, 85, 123, 125
18, 85, 83, 121, 123
19, 83, 81, 119, 121
20, 81, 34,  36, 119
21, 10,  135, 173, 8
22, 135, 133, 171, 173
23, 133, 131, 169, 171
24, 131, 129, 167, 169
25, 129, 127, 165, 167
26, 127, 125, 163, 165
27, 125, 123, 161, 163
28, 123, 121, 159, 161
29, 121, 119, 157, 159
30, 119, 36,   38, 157
31, 8,   173, 211, 6
32, 173, 171, 209, 211
33, 171, 169, 207, 209
34, 169, 167, 205, 207
35, 167, 165, 203, 205
36, 165, 163, 201, 203
37, 163, 161, 199, 201
38, 161, 159, 197, 199
39, 159, 157, 195, 197
40, 157, 38, 40, 195
41, 6, 211, 59, 4
42, 211, 209, 57, 59 
43, 209, 207, 55, 57
44, 207, 205, 53, 55
45, 205, 203, 51, 53
46, 203, 201, 49, 51
47, 201, 199, 47, 49
48, 199, 197, 45, 47
49, 197, 195, 43, 45
50, 195, 40,   1, 43
51, 234, 246, 328, 243
52, 246, 248, 326, 328
53, 248, 250, 324, 326
54, 250, 252, 322, 324
55, 252, 254, 320, 322
56, 254, 256, 318, 320
57, 256, 258, 316, 318
58, 258, 260, 314, 316
59, 260, 262, 312, 314
60, 262, 233, 265, 312
61, 243, 328, 366, 241
62, 328, 326, 364, 366
63, 326, 324, 362, 364
64, 324, 322, 360, 362
65, 322, 320, 358, 360
66, 320, 318, 356, 358
67, 318, 316, 354, 356
68, 316, 314, 352, 354
69, 314, 312, 350, 352
70, 312, 265, 267, 350
71, 241, 366, 404, 239
72, 366, 364, 402, 404
73, 364, 362, 400, 402
74, 362, 360, 398, 400
75, 360, 358, 396, 398
76, 358, 356, 394, 396
77, 356, 354, 392, 394
78, 354, 352, 390, 392
79, 352, 350, 388, 390
80, 350, 267, 269, 388
81, 239, 404, 442, 237
82, 404, 402, 440, 442
83, 402, 400, 438, 440
84, 400, 398, 436, 438
85, 398, 396, 434, 436
86, 396, 394, 432, 434
87, 394, 392, 430, 432
88, 392, 390, 428, 430
89, 390, 388, 426, 428
90, 388, 269, 271, 426
91, 237, 442, 290, 235
92, 442, 440, 288, 290
93, 440, 438, 286, 288
94, 438, 436, 284, 286
95, 436, 434, 282, 284
96, 434, 432, 280, 282
97, 432, 430, 278, 280
98, 430, 428, 276, 278
99, 428, 426, 274, 276
100,426, 271, 232, 274 
**---------------------------------------------------------------
***ELEMENT, TYPE=B23, ELSET=bar1, BONDLAW=bond2
**10010, 4630,  4635
**10015, 4635,  4640
**10020, 4640,  4645
**10025, 4645,  4650
**10030, 4650,  4655
**10035, 4655,  4660
**10040, 4660,  4665
**10045, 4665,  4670
**10050, 4670,  4675
**10055, 4675,  4680
*ELEMENT, TYPE=B23E, ELSET=bar1, BONDLAW=bond2
10010, 4630,  4635,  10010,
10015, 4635,  4640,  10015,
10020, 4640,  4645,  10020,
10025, 4645,  4650,  10025,
10030, 4650,  4655,  10030,
10035, 4655,  4660,  10035,
10040, 4660,  4665,  10040,
10045, 4665,  4670,  10045,
10050, 4670,  4675,  10050,
10055, 4675,  4680,  10055,
** units are N, mm, s *******************************************
*MATERIAL, NAME=MAT1
*DENSITY
   2.5e-9
*ELASTIC
 30000., 0.2, 1.0e-05
**---------------------------------------------------------------
*MATERIAL, NAME=MAT5
*DENSITY
   2.5e-9
*ELASTICLT, SDA
   30000.,    0.2,   3.80,   100.e-3,  0.01,  45., 0.0, 0.0, "crack energy N/mm"
**---------------------------------------------------------------
**-- fiber ------------------------------------------------------
** fiber elasticlt ************** units are N, mm *********
*MATERIAL, NAME=fiber
*DENSITY
   1.06e-9
*ELASTIC
     80000., 0.2,   1.0e-05
***ELASTICLT
**     80000., 0.2,   2000,  100.e-3,  0.0,     0.0, 0.0, 0,  10.0
**---------------------------------------------------------------
**-bond reinforcement-units N, mm--------------------------------
*MATERIAL, NAME=bond2
***BOND, LAT_BOND_TEN_FACTOR=0.001
*BOND
     7.41e03, 7.41e05
**   5.000e+04,  4.4e-02,   1.1e+0,   1e-01,   0.77e+00,   0.0,   0.380e+02 
     5.000e+04,  2.2e-02,   2.6e+0,  6.28e-01,   1.e-04,   0.0,   0.230e+02
*****************************************************************
*SOLID SECTION, ELSET=E3, MATERIAL=Mat1
   20.0
**-------yields A 3.14e-4---------------------------------------
*BEAM SECTION, SECTION=CIRCLE, ELSET=bar1, MATERIAL=fiber, nrebar=0.05
**0.02
0.07
*****************************************************************
*STEP
*STATIC
   0.02, 1.
*CONTROLS, ITOL= 1.e-6, NITER= 10
*AMPLITUDE, NAME=AMP1
**  0.0, 0.0,  1.0, 2.0
  0.0, 0.0,  1.0, 4.0
*BOUNDARY, AMPLITUDE=AMP1
2,1,2, 0.
3,1,2, 0.
15,1,2, 0.
25,1,2, 0.
27,1,2, 0.
29,1,2, 0.
31,1,2, 0.
17,1,2, 0.
19,1,2, 0.
21,1,2, 0.
23,1,2, 0.
**
290,2,2, 0.1
232,2,2, 0.1
235,2,2, 0.1
280,2,2, 0.1
282,2,2, 0.1
284,2,2, 0.1
286,2,2, 0.1
274,2,2, 0.1
276,2,2, 0.1
278,2,2, 0.1
288,2,2, 0.1
**
**290,1,1, 0.0
**232,1,1, 0.0
**235,1,1, 0.0
**280,1,1, 0.0
**282,1,1, 0.0
**284,1,1, 0.0
**286,1,1, 0.0
**274,1,1, 0.0
**276,1,1, 0.0
**278,1,1, 0.0
**288,1,1, 0.0
*EL FILE, FREQUENCY=0.5
*NODE FILE, FREQUENCY=0.5
*END STEP      
*****************************************************************
