Time,   0.5000
      1,  20.0000,   9.9900,   0.0000,    2,    2.5439e-07, -1.8155e-08,     -1.1384e-17, -1.6263e-18,      1.1384e-17,  1.6263e-18,
      2,  20.0000,   0.0000,   0.0000,    2,    0.0000e+00,  0.0000e+00,      2.4270e-02, -4.9328e-02,      0.0000e+00,  0.0000e+00,
      3,   0.0000,   0.0000,   0.0000,    2,    0.0000e+00,  0.0000e+00,     -3.7822e-02, -8.4463e-02,      0.0000e+00,  0.0000e+00,
      4,   0.0000,   9.9900,   0.0000,    2,   -4.7593e-07,  1.5523e-08,     -5.6379e-18, -1.0842e-18,      5.6379e-18,  1.0842e-18,
      5,   0.0000,   8.9910,   0.0000,    0,          
      6,   0.0000,   7.9920,   0.0000,    2,   -1.0017e-07,  4.0649e-08,     -3.4694e-18,  0.0000e+00,      3.4694e-18,  0.0000e+00,
      7,   0.0000,   6.9930,   0.0000,    0,          
      8,   0.0000,   5.9940,   0.0000,    2,    2.0920e-07,  1.1802e-07,     -6.7221e-18, -3.4694e-18,      6.7221e-18,  3.4694e-18,
      9,   0.0000,   4.9950,   0.0000,    0,          
     10,   0.0000,   3.9960,   0.0000,    2,    3.2951e-07,  1.9639e-07,     -8.6736e-18,  1.7347e-18,      8.6736e-18, -1.7347e-18,
     11,   0.0000,   2.9970,   0.0000,    0,          
     12,   0.0000,   1.9980,   0.0000,    2,    2.4179e-07,  1.9045e-07,     -3.4694e-18,  1.0408e-17,      3.4694e-18, -1.0408e-17,
     13,   0.0000,   0.9990,   0.0000,    0,          
     14,   1.0000,   0.0000,   0.0000,    0,          
     15,   2.0000,   0.0000,   0.0000,    2,    0.0000e+00,  0.0000e+00,     -6.5521e-02, -1.1905e-01,      0.0000e+00,  0.0000e+00,
     16,   3.0000,   0.0000,   0.0000,    0,          
     17,   4.0000,   0.0000,   0.0000,    2,    0.0000e+00,  0.0000e+00,     -7.0392e-02, -1.6477e-01,      0.0000e+00,  0.0000e+00,
     18,   5.0000,   0.0000,   0.0000,    0,          
     19,   6.0000,   0.0000,   0.0000,    2,    0.0000e+00,  0.0000e+00,     -5.2497e-02, -2.2201e-01,      0.0000e+00,  0.0000e+00,
     20,   7.0000,   0.0000,   0.0000,    0,          
     21,   8.0000,   0.0000,   0.0000,    2,    0.0000e+00,  0.0000e+00,     -1.9622e-02, -2.5467e-01,      0.0000e+00,  0.0000e+00,
     22,   9.0000,   0.0000,   0.0000,    0,          
     23,  10.0000,   0.0000,   0.0000,    2,    0.0000e+00,  0.0000e+00,      1.7157e-02, -2.4922e-01,      0.0000e+00,  0.0000e+00,
     24,  11.0000,   0.0000,   0.0000,    0,          
     25,  12.0000,   0.0000,   0.0000,    2,    0.0000e+00,  0.0000e+00,      4.4617e-02, -2.1045e-01,      0.0000e+00,  0.0000e+00,
     26,  13.0000,   0.0000,   0.0000,    0,          
     27,  14.0000,   0.0000,   0.0000,    2,    0.0000e+00,  0.0000e+00,      5.7062e-02, -1.5525e-01,      0.0000e+00,  0.0000e+00,
     28,  15.0000,   0.0000,   0.0000,    0,          
     29,  16.0000,   0.0000,   0.0000,    2,    0.0000e+00,  0.0000e+00,      5.6764e-02, -1.0095e-01,      0.0000e+00,  0.0000e+00,
     30,  17.0000,   0.0000,   0.0000,    0,          
     31,  18.0000,   0.0000,   0.0000,    2,    0.0000e+00,  0.0000e+00,      4.5983e-02, -6.6624e-02,      0.0000e+00,  0.0000e+00,
     32,  19.0000,   0.0000,   0.0000,    0,          
     33,  20.0000,   0.9990,   0.0000,    0,          
     34,  20.0000,   1.9980,   0.0000,    2,   -1.5709e-07,  1.0510e-07,     -6.9389e-18,  3.4694e-18,      6.9389e-18, -3.4694e-18,
     35,  20.0000,   2.9970,   0.0000,    0,          
     36,  20.0000,   3.9960,   0.0000,    2,   -2.1304e-07,  9.4261e-08,      2.6021e-18, -5.2042e-18,     -2.6021e-18,  5.2042e-18,
     37,  20.0000,   4.9950,   0.0000,    0,          
     38,  20.0000,   5.9940,   0.0000,    2,   -1.3832e-07,  4.0483e-08,     -3.8489e-18, -3.4694e-18,      3.8489e-18,  3.4694e-18,
     39,  20.0000,   6.9930,   0.0000,    0,          
     40,  20.0000,   7.9920,   0.0000,    2,    4.1673e-08, -4.3358e-09,     -1.7347e-18, -8.6736e-19,      1.7347e-18,  8.6736e-19,
     41,  20.0000,   8.9910,   0.0000,    0,          
     42,  19.0000,   9.9900,   0.0000,    0,          
     43,  18.0000,   9.9900,   0.0000,    2,    2.6894e-07,  1.8634e-07,     -5.2042e-18,  0.0000e+00,      5.2042e-18,  0.0000e+00,
     44,  17.0000,   9.9900,   0.0000,    0,          
     45,  16.0000,   9.9900,   0.0000,    2,    3.2220e-07,  4.2825e-07,      5.2042e-18,  6.5052e-18,     -5.2042e-18, -6.5052e-18,
     46,  15.0000,   9.9900,   0.0000,    0,          
     47,  14.0000,   9.9900,   0.0000,    2,    3.9941e-07,  8.3202e-07,     -3.9899e-17, -2.4286e-17,      3.9899e-17,  2.4286e-17,
     48,  13.0000,   9.9900,   0.0000,    0,          
     49,  12.0000,   9.9900,   0.0000,    2,    3.8666e-07,  1.5417e-06,     -2.0817e-17, -1.2490e-16,      2.0817e-17,  1.2490e-16,
     50,  11.0000,   9.9900,   0.0000,    0,          
     51,  10.0000,   9.9900,   0.0000,    2,   -2.8024e-07,  3.1115e-06,      1.2169e-08,  1.6226e-08,     -1.2169e-08, -1.6226e-08,
     52,   9.0000,   9.9900,   0.0000,    0,          
     53,   8.0000,   9.9900,   0.0000,    2,   -7.9648e-07,  3.3301e-06,      2.0146e-08,  2.6862e-08,     -2.0146e-08, -2.6862e-08,
     54,   7.0000,   9.9900,   0.0000,    0,          
     55,   6.0000,   9.9900,   0.0000,    2,   -7.8993e-07,  1.5838e-06,     -4.8572e-17,  1.9949e-17,      4.8572e-17, -1.9949e-17,
     56,   5.0000,   9.9900,   0.0000,    0,          
     57,   4.0000,   9.9900,   0.0000,    2,   -6.1134e-07,  8.2406e-07,      2.7756e-17,  3.0358e-17,     -2.7756e-17, -3.0358e-17,
     58,   3.0000,   9.9900,   0.0000,    0,          
     59,   2.0000,   9.9900,   0.0000,    2,   -5.0396e-07,  3.7667e-07,      2.4286e-17, -1.7347e-18,     -2.4286e-17,  1.7347e-18,
     60,   1.0000,   9.9900,   0.0000,    0,          
     61,  19.0000,   0.9990,   0.0000,    0,          
     62,  18.0000,   0.9990,   0.0000,    0,          
     63,  17.0000,   0.9990,   0.0000,    0,          
     64,  16.0000,   0.9990,   0.0000,    0,          
     65,  15.0000,   0.9990,   0.0000,    0,          
     66,  14.0000,   0.9990,   0.0000,    0,          
     67,  13.0000,   0.9990,   0.0000,    0,          
     68,  12.0000,   0.9990,   0.0000,    0,          
     69,  11.0000,   0.9990,   0.0000,    0,          
     70,  10.0000,   0.9990,   0.0000,    0,          
     71,   9.0000,   0.9990,   0.0000,    0,          
     72,   8.0000,   0.9990,   0.0000,    0,          
     73,   7.0000,   0.9990,   0.0000,    0,          
     74,   6.0000,   0.9990,   0.0000,    0,          
     75,   5.0000,   0.9990,   0.0000,    0,          
     76,   4.0000,   0.9990,   0.0000,    0,          
     77,   3.0000,   0.9990,   0.0000,    0,          
     78,   2.0000,   0.9990,   0.0000,    0,          
     79,   1.0000,   0.9990,   0.0000,    0,          
     80,  19.0000,   1.9980,   0.0000,    0,          
     81,  18.0000,   1.9980,   0.0000,    2,   -1.5816e-07,  8.2582e-08,     -3.4694e-18, -1.3010e-17,      3.4694e-18,  1.3010e-17,
     82,  17.0000,   1.9980,   0.0000,    0,          
     83,  16.0000,   1.9980,   0.0000,    2,   -1.7260e-07,  1.5263e-07,     -1.0408e-17, -3.8164e-17,      1.0408e-17,  3.8164e-17,
     84,  15.0000,   1.9980,   0.0000,    0,          
     85,  14.0000,   1.9980,   0.0000,    2,   -1.7142e-07,  2.5161e-07,     -3.4694e-18,  6.2450e-17,      3.4694e-18, -6.2450e-17,
     86,  13.0000,   1.9980,   0.0000,    0,          
     87,  12.0000,   1.9980,   0.0000,    2,   -1.3350e-07,  3.6085e-07,      3.4694e-17,  2.7756e-17,     -3.4694e-17, -2.7756e-17,
     88,  11.0000,   1.9980,   0.0000,    0,          
     89,  10.0000,   1.9980,   0.0000,    2,   -4.8717e-08,  4.4403e-07,      3.4694e-17, -6.9389e-17,     -3.4694e-17,  6.9389e-17,
     90,   9.0000,   1.9980,   0.0000,    0,          
     91,   8.0000,   1.9980,   0.0000,    2,    6.5115e-08,  4.5898e-07,     -1.0408e-17,  2.7756e-17,      1.0408e-17, -2.7756e-17,
     92,   7.0000,   1.9980,   0.0000,    0,          
     93,   6.0000,   1.9980,   0.0000,    2,    1.6696e-07,  3.8992e-07,      6.9389e-18,  1.3878e-16,     -6.9389e-18, -1.3878e-16,
     94,   5.0000,   1.9980,   0.0000,    0,          
     95,   4.0000,   1.9980,   0.0000,    2,    2.2140e-07,  2.7097e-07,     -4.8572e-17,  2.7756e-17,      4.8572e-17, -2.7756e-17,
     96,   3.0000,   1.9980,   0.0000,    0,          
     97,   2.0000,   1.9980,   0.0000,    2,    2.3121e-07,  1.6067e-07,      0.0000e+00, -4.1633e-17,      0.0000e+00,  4.1633e-17,
     98,   1.0000,   1.9980,   0.0000,    0,          
     99,  19.0000,   2.9970,   0.0000,    0,          
    100,  18.0000,   2.9970,   0.0000,    0,          
    101,  17.0000,   2.9970,   0.0000,    0,          
    102,  16.0000,   2.9970,   0.0000,    0,          
    103,  15.0000,   2.9970,   0.0000,    0,          
    104,  14.0000,   2.9970,   0.0000,    0,          
    105,  13.0000,   2.9970,   0.0000,    0,          
    106,  12.0000,   2.9970,   0.0000,    0,          
    107,  11.0000,   2.9970,   0.0000,    0,          
    108,  10.0000,   2.9970,   0.0000,    0,          
    109,   9.0000,   2.9970,   0.0000,    0,          
    110,   8.0000,   2.9970,   0.0000,    0,          
    111,   7.0000,   2.9970,   0.0000,    0,          
    112,   6.0000,   2.9970,   0.0000,    0,          
    113,   5.0000,   2.9970,   0.0000,    0,          
    114,   4.0000,   2.9970,   0.0000,    0,          
    115,   3.0000,   2.9970,   0.0000,    0,          
    116,   2.0000,   2.9970,   0.0000,    0,          
    117,   1.0000,   2.9970,   0.0000,    0,          
    118,  19.0000,   3.9960,   0.0000,    0,          
    119,  18.0000,   3.9960,   0.0000,    2,   -2.2263e-07,  1.4766e-07,      2.4449e-17,  1.3498e-17,     -2.4449e-17, -1.3498e-17,
    120,  17.0000,   3.9960,   0.0000,    0,          
    121,  16.0000,   3.9960,   0.0000,    2,   -2.3934e-07,  2.8590e-07,      8.6736e-18,  3.1225e-17,     -8.6736e-18, -3.1225e-17,
    122,  15.0000,   3.9960,   0.0000,    0,          
    123,  14.0000,   3.9960,   0.0000,    2,   -2.4683e-07,  4.9995e-07,     -8.6736e-18,  0.0000e+00,      8.6736e-18,  0.0000e+00,
    124,  13.0000,   3.9960,   0.0000,    0,          
    125,  12.0000,   3.9960,   0.0000,    2,   -2.0091e-07,  7.5571e-07,      3.4694e-17, -4.1633e-17,     -3.4694e-17,  4.1633e-17,
    126,  11.0000,   3.9960,   0.0000,    0,          
    127,  10.0000,   3.9960,   0.0000,    2,   -7.3449e-08,  9.6953e-07,     -2.7756e-17, -5.5511e-17,      2.7756e-17,  5.5511e-17,
    128,   9.0000,   3.9960,   0.0000,    0,          
    129,   8.0000,   3.9960,   0.0000,    2,    1.1464e-07,  1.0171e-06,     -1.0408e-17,  2.2204e-16,      1.0408e-17, -2.2204e-16,
    130,   7.0000,   3.9960,   0.0000,    0,          
    131,   6.0000,   3.9960,   0.0000,    2,    2.7165e-07,  8.3705e-07,      4.1633e-17, -1.3878e-16,     -4.1633e-17,  1.3878e-16,
    132,   5.0000,   3.9960,   0.0000,    0,          
    133,   4.0000,   3.9960,   0.0000,    2,    3.3713e-07,  5.4022e-07,      0.0000e+00, -8.3267e-17,      0.0000e+00,  8.3267e-17,
    134,   3.0000,   3.9960,   0.0000,    0,          
    135,   2.0000,   3.9960,   0.0000,    2,    3.3780e-07,  2.9579e-07,      2.7756e-17,  0.0000e+00,     -2.7756e-17,  0.0000e+00,
    136,   1.0000,   3.9960,   0.0000,    0,          
    137,  19.0000,   4.9950,   0.0000,    0,          
    138,  18.0000,   4.9950,   0.0000,    0,          
    139,  17.0000,   4.9950,   0.0000,    0,          
    140,  16.0000,   4.9950,   0.0000,    0,          
    141,  15.0000,   4.9950,   0.0000,    0,          
    142,  14.0000,   4.9950,   0.0000,    0,          
    143,  13.0000,   4.9950,   0.0000,    0,          
    144,  12.0000,   4.9950,   0.0000,    0,          
    145,  11.0000,   4.9950,   0.0000,    0,          
    146,  10.0000,   4.9950,   0.0000,    0,          
    147,   9.0000,   4.9950,   0.0000,    0,          
    148,   8.0000,   4.9950,   0.0000,    0,          
    149,   7.0000,   4.9950,   0.0000,    0,          
    150,   6.0000,   4.9950,   0.0000,    0,          
    151,   5.0000,   4.9950,   0.0000,    0,          
    152,   4.0000,   4.9950,   0.0000,    0,          
    153,   3.0000,   4.9950,   0.0000,    0,          
    154,   2.0000,   4.9950,   0.0000,    0,          
    155,   1.0000,   4.9950,   0.0000,    0,          
    156,  19.0000,   5.9940,   0.0000,    0,          
    157,  18.0000,   5.9940,   0.0000,    2,   -1.5203e-07,  1.7842e-07,     -5.2042e-18, -8.6736e-19,      5.2042e-18,  8.6736e-19,
    158,  17.0000,   5.9940,   0.0000,    0,          
    159,  16.0000,   5.9940,   0.0000,    2,   -1.8194e-07,  3.7730e-07,     -4.9440e-17,  1.3878e-17,      4.9440e-17, -1.3878e-17,
    160,  15.0000,   5.9940,   0.0000,    0,          
    161,  14.0000,   5.9940,   0.0000,    2,   -2.3062e-07,  7.0666e-07,      3.6429e-17,  7.9797e-17,     -3.6429e-17, -7.9797e-17,
    162,  13.0000,   5.9940,   0.0000,    0,          
    163,  12.0000,   5.9940,   0.0000,    2,   -2.2256e-07,  1.1650e-06,      0.0000e+00, -1.1102e-16,      0.0000e+00,  1.1102e-16,
    164,  11.0000,   5.9940,   0.0000,    0,          
    165,  10.0000,   5.9940,   0.0000,    2,   -7.9358e-08,  1.5937e-06,      2.7756e-17,  1.2490e-16,     -2.7756e-17, -1.2490e-16,
    166,   9.0000,   5.9940,   0.0000,    0,          
    167,   8.0000,   5.9940,   0.0000,    2,    1.7583e-07,  1.7480e-06,      5.0882e-10,  6.7848e-10,     -5.0882e-10, -6.7848e-10,
    168,   7.0000,   5.9940,   0.0000,    0,          
    169,   6.0000,   5.9940,   0.0000,    2,    3.5180e-07,  1.3186e-06,      2.8179e-10,  3.7574e-10,     -2.8179e-10, -3.7574e-10,
    170,   5.0000,   5.9940,   0.0000,    0,          
    171,   4.0000,   5.9940,   0.0000,    2,    2.9523e-07,  7.3418e-07,      1.3878e-17, -2.7756e-17,     -1.3878e-17,  2.7756e-17,
    172,   3.0000,   5.9940,   0.0000,    0,          
    173,   2.0000,   5.9940,   0.0000,    2,    2.3424e-07,  3.6226e-07,     -1.3878e-17,  3.8164e-17,      1.3878e-17, -3.8164e-17,
    174,   1.0000,   5.9940,   0.0000,    0,          
    175,  19.0000,   6.9930,   0.0000,    0,          
    176,  18.0000,   6.9930,   0.0000,    0,          
    177,  17.0000,   6.9930,   0.0000,    0,          
    178,  16.0000,   6.9930,   0.0000,    0,          
    179,  15.0000,   6.9930,   0.0000,    0,          
    180,  14.0000,   6.9930,   0.0000,    0,          
    181,  13.0000,   6.9930,   0.0000,    0,          
    182,  12.0000,   6.9930,   0.0000,    0,          
    183,  11.0000,   6.9930,   0.0000,    0,          
    184,  10.0000,   6.9930,   0.0000,    0,          
    185,   9.0000,   6.9930,   0.0000,    0,          
    186,   8.0000,   6.9930,   0.0000,    0,          
    187,   7.0000,   6.9930,   0.0000,    0,          
    188,   6.0000,   6.9930,   0.0000,    0,          
    189,   5.0000,   6.9930,   0.0000,    0,          
    190,   4.0000,   6.9930,   0.0000,    0,          
    191,   3.0000,   6.9930,   0.0000,    0,          
    192,   2.0000,   6.9930,   0.0000,    0,          
    193,   1.0000,   6.9930,   0.0000,    0,          
    194,  19.0000,   7.9920,   0.0000,    0,          
    195,  18.0000,   7.9920,   0.0000,    2,    3.6742e-08,  1.8403e-07,      1.3010e-17, -3.9031e-18,     -1.3010e-17,  3.9031e-18,
    196,  17.0000,   7.9920,   0.0000,    0,          
    197,  16.0000,   7.9920,   0.0000,    2,    2.0169e-08,  4.1604e-07,     -8.6736e-19, -2.4286e-17,      8.6736e-19,  2.4286e-17,
    198,  15.0000,   7.9920,   0.0000,    0,          
    199,  14.0000,   7.9920,   0.0000,    2,   -4.0721e-08,  8.0143e-07,      1.4745e-17, -1.2750e-16,     -1.4745e-17,  1.2750e-16,
    200,  13.0000,   7.9920,   0.0000,    0,          
    201,  12.0000,   7.9920,   0.0000,    2,   -1.8347e-07,  1.5067e-06,     -2.9490e-17,  1.1970e-16,      2.9490e-17, -1.1970e-16,
    202,  11.0000,   7.9920,   0.0000,    0,          
    203,  10.0000,   7.9920,   0.0000,    2,   -1.0596e-07,  2.3822e-06,      5.2794e-09,  7.0391e-09,     -5.2794e-09, -7.0391e-09,
    204,   9.0000,   7.9920,   0.0000,    0,          
    205,   8.0000,   7.9920,   0.0000,    2,    3.3558e-07,  2.7708e-06,      1.9021e-08,  2.5361e-08,     -1.9021e-08, -2.5361e-08,
    206,   7.0000,   7.9920,   0.0000,    0,          
    207,   6.0000,   7.9920,   0.0000,    2,    1.5077e-07,  1.5934e-06,      1.0260e-09,  1.3681e-09,     -1.0260e-09, -1.3681e-09,
    208,   5.0000,   7.9920,   0.0000,    0,          
    209,   4.0000,   7.9920,   0.0000,    2,   -3.9090e-08,  7.9755e-07,     -1.3878e-17,  8.1532e-17,      1.3878e-17, -8.1532e-17,
    210,   3.0000,   7.9920,   0.0000,    0,          
    211,   2.0000,   7.9920,   0.0000,    2,   -8.7585e-08,  3.7484e-07,     -3.2092e-17, -3.2092e-17,      3.2092e-17,  3.2092e-17,
    212,   1.0000,   7.9920,   0.0000,    0,          
    213,  19.0000,   8.9910,   0.0000,    0,          
    214,  18.0000,   8.9910,   0.0000,    0,          
    215,  17.0000,   8.9910,   0.0000,    0,          
    216,  16.0000,   8.9910,   0.0000,    0,          
    217,  15.0000,   8.9910,   0.0000,    0,          
    218,  14.0000,   8.9910,   0.0000,    0,          
    219,  13.0000,   8.9910,   0.0000,    0,          
    220,  12.0000,   8.9910,   0.0000,    0,          
    221,  11.0000,   8.9910,   0.0000,    0,          
    222,  10.0000,   8.9910,   0.0000,    0,          
    223,   9.0000,   8.9910,   0.0000,    0,          
    224,   8.0000,   8.9910,   0.0000,    0,          
    225,   7.0000,   8.9910,   0.0000,    0,          
    226,   6.0000,   8.9910,   0.0000,    0,          
    227,   5.0000,   8.9910,   0.0000,    0,          
    228,   4.0000,   8.9910,   0.0000,    0,          
    229,   3.0000,   8.9910,   0.0000,    0,          
    230,   2.0000,   8.9910,   0.0000,    0,          
    231,   1.0000,   8.9910,   0.0000,    0,          
    232,  20.0000,  20.0000,   0.0000,    2,   -2.1021e-01,  2.0000e-01,      1.4055e-12, -1.1137e-02,      0.0000e+00,  0.0000e+00,
    233,  20.0000,  10.0100,   0.0000,    2,   -2.1021e-01,  2.0000e-01,      8.7749e-13, -1.1977e-11,     -8.7749e-13,  1.1977e-11,
    234,   0.0000,  10.0100,   0.0000,    2,   -2.1021e-01,  2.0000e-01,      6.6428e-12, -7.2432e-12,     -6.6428e-12,  7.2432e-12,
    235,   0.0000,  20.0000,   0.0000,    2,   -2.1021e-01,  2.0000e-01,      4.1822e-12,  3.6513e-02,     -3.6380e-12,  0.0000e+00,
    236,   0.0000,  19.0010,   0.0000,    0,          
    237,   0.0000,  18.0020,   0.0000,    2,   -2.1021e-01,  2.0000e-01,      4.2457e-12,  1.1456e-11,     -3.6380e-12, -1.4552e-11,
    238,   0.0000,  17.0030,   0.0000,    0,          
    239,   0.0000,  16.0040,   0.0000,    2,   -2.1021e-01,  2.0000e-01,      2.7960e-12,  1.7058e-11,     -2.7960e-12, -1.7058e-11,
    240,   0.0000,  15.0050,   0.0000,    0,          
    241,   0.0000,  14.0060,   0.0000,    2,   -2.1021e-01,  2.0000e-01,     -3.2380e-12, -1.6225e-11,      3.2380e-12,  1.6225e-11,
    242,   0.0000,  13.0070,   0.0000,    0,          
    243,   0.0000,  12.0080,   0.0000,    2,   -2.1021e-01,  2.0000e-01,      1.9598e-11,  2.0857e-11,     -1.9598e-11, -2.0857e-11,
    244,   0.0000,  11.0090,   0.0000,    0,          
    245,   1.0000,  10.0100,   0.0000,    0,          
    246,   2.0000,  10.0100,   0.0000,    2,   -2.1021e-01,  2.0000e-01,     -2.5858e-11, -6.6337e-12,      2.5858e-11,  6.6337e-12,
    247,   3.0000,  10.0100,   0.0000,    0,          
    248,   4.0000,  10.0100,   0.0000,    2,   -2.1021e-01,  2.0000e-01,      2.0445e-11, -1.4864e-11,     -2.0445e-11,  1.4864e-11,
    249,   5.0000,  10.0100,   0.0000,    0,          
    250,   6.0000,  10.0100,   0.0000,    2,   -2.1021e-01,  2.0000e-01,     -2.9140e-12,  5.9851e-13,      2.9140e-12, -5.9851e-13,
    251,   7.0000,  10.0100,   0.0000,    0,          
    252,   8.0000,  10.0100,   0.0000,    2,   -2.1021e-01,  2.0000e-01,     -7.0622e-11, -9.2951e-11,      7.0622e-11,  9.2951e-11,
    253,   9.0000,  10.0100,   0.0000,    0,          
    254,  10.0000,  10.0100,   0.0000,    2,   -2.1021e-01,  2.0000e-01,     -1.4976e-10, -1.9123e-10,      1.4976e-10,  1.9123e-10,
    255,  11.0000,  10.0100,   0.0000,    0,          
    256,  12.0000,  10.0100,   0.0000,    2,   -2.1021e-01,  2.0000e-01,     -1.3252e-11, -5.5135e-12,      1.3252e-11,  5.5135e-12,
    257,  13.0000,  10.0100,   0.0000,    0,          
    258,  14.0000,  10.0100,   0.0000,    2,   -2.1021e-01,  2.0000e-01,     -2.4480e-13, -2.0937e-11,      2.4480e-13,  2.0937e-11,
    259,  15.0000,  10.0100,   0.0000,    0,          
    260,  16.0000,  10.0100,   0.0000,    2,   -2.1021e-01,  2.0000e-01,     -5.0794e-12,  1.4699e-11,      5.0794e-12, -1.4699e-11,
    261,  17.0000,  10.0100,   0.0000,    0,          
    262,  18.0000,  10.0100,   0.0000,    2,   -2.1021e-01,  2.0000e-01,      1.2233e-12, -4.3379e-12,     -1.2233e-12,  4.3379e-12,
    263,  19.0000,  10.0100,   0.0000,    0,          
    264,  20.0000,  11.0090,   0.0000,    0,          
    265,  20.0000,  12.0080,   0.0000,    2,   -2.1021e-01,  2.0000e-01,     -8.1212e-12,  1.5849e-11,      8.1212e-12, -1.5849e-11,
    266,  20.0000,  13.0070,   0.0000,    0,          
    267,  20.0000,  14.0060,   0.0000,    2,   -2.1021e-01,  2.0000e-01,     -2.8948e-11, -1.6173e-12,      2.8948e-11,  1.6173e-12,
    268,  20.0000,  15.0050,   0.0000,    0,          
    269,  20.0000,  16.0040,   0.0000,    2,   -2.1021e-01,  2.0000e-01,     -9.8167e-12, -1.5171e-11,      9.8167e-12,  1.5171e-11,
    270,  20.0000,  17.0030,   0.0000,    0,          
    271,  20.0000,  18.0020,   0.0000,    2,   -2.1021e-01,  2.0000e-01,     -9.7697e-12,  1.6960e-11,      9.0949e-12, -1.4552e-11,
    272,  20.0000,  19.0010,   0.0000,    0,          
    273,  19.0000,  20.0000,   0.0000,    0,          
    274,  18.0000,  20.0000,   0.0000,    2,   -2.1021e-01,  2.0000e-01,      1.1339e-11,  3.0342e-02,     -1.0914e-11,  0.0000e+00,
    275,  17.0000,  20.0000,   0.0000,    0,          
    276,  16.0000,  20.0000,   0.0000,    2,   -2.1021e-01,  2.0000e-01,     -1.5331e-11,  1.1219e-01,      1.5461e-11,  0.0000e+00,
    277,  15.0000,  20.0000,   0.0000,    0,          
    278,  14.0000,  20.0000,   0.0000,    2,   -2.1021e-01,  2.0000e-01,      9.9153e-12,  1.9594e-01,     -1.0004e-11,  0.0000e+00,
    279,  13.0000,  20.0000,   0.0000,    0,          
    280,  12.0000,  20.0000,   0.0000,    2,   -2.1021e-01,  2.0000e-01,     -1.5823e-11,  2.6073e-01,      1.6371e-11,  0.0000e+00,
    281,  11.0000,  20.0000,   0.0000,    0,          
    282,  10.0000,  20.0000,   0.0000,    2,   -2.1021e-01,  2.0000e-01,      1.3136e-11,  2.8762e-01,     -1.2733e-11,  0.0000e+00,
    283,   9.0000,  20.0000,   0.0000,    0,          
    284,   8.0000,  20.0000,   0.0000,    2,   -2.1021e-01,  2.0000e-01,     -2.0431e-11,  2.7263e-01,      2.0009e-11,  0.0000e+00,
    285,   7.0000,  20.0000,   0.0000,    0,          
    286,   6.0000,  20.0000,   0.0000,    2,   -2.1021e-01,  2.0000e-01,      1.2021e-11,  2.2543e-01,     -1.1823e-11,  0.0000e+00,
    287,   5.0000,  20.0000,   0.0000,    0,          
    288,   4.0000,  20.0000,   0.0000,    2,   -2.1021e-01,  2.0000e-01,      2.7052e-13,  1.6280e-01,      0.0000e+00,  0.0000e+00,
    289,   3.0000,  20.0000,   0.0000,    0,          
    290,   2.0000,  20.0000,   0.0000,    2,   -2.1021e-01,  2.0000e-01,      4.5208e-12,  1.0374e-01,     -4.5475e-12,  0.0000e+00,
    291,   1.0000,  20.0000,   0.0000,    0,          
    292,  19.0000,  11.0090,   0.0000,    0,          
    293,  18.0000,  11.0090,   0.0000,    0,          
    294,  17.0000,  11.0090,   0.0000,    0,          
    295,  16.0000,  11.0090,   0.0000,    0,          
    296,  15.0000,  11.0090,   0.0000,    0,          
    297,  14.0000,  11.0090,   0.0000,    0,          
    298,  13.0000,  11.0090,   0.0000,    0,          
    299,  12.0000,  11.0090,   0.0000,    0,          
    300,  11.0000,  11.0090,   0.0000,    0,          
    301,  10.0000,  11.0090,   0.0000,    0,          
    302,   9.0000,  11.0090,   0.0000,    0,          
    303,   8.0000,  11.0090,   0.0000,    0,          
    304,   7.0000,  11.0090,   0.0000,    0,          
    305,   6.0000,  11.0090,   0.0000,    0,          
    306,   5.0000,  11.0090,   0.0000,    0,          
    307,   4.0000,  11.0090,   0.0000,    0,          
    308,   3.0000,  11.0090,   0.0000,    0,          
    309,   2.0000,  11.0090,   0.0000,    0,          
    310,   1.0000,  11.0090,   0.0000,    0,          
    311,  19.0000,  12.0080,   0.0000,    0,          
    312,  18.0000,  12.0080,   0.0000,    2,   -2.1021e-01,  2.0000e-01,     -1.6840e-12,  1.4839e-11,      1.6840e-12, -1.4839e-11,
    313,  17.0000,  12.0080,   0.0000,    0,          
    314,  16.0000,  12.0080,   0.0000,    2,   -2.1021e-01,  2.0000e-01,      1.0832e-11,  5.8814e-12,     -1.0832e-11, -5.8814e-12,
    315,  15.0000,  12.0080,   0.0000,    0,          
    316,  14.0000,  12.0080,   0.0000,    2,   -2.1021e-01,  2.0000e-01,      8.0613e-12,  1.5519e-11,     -8.0613e-12, -1.5519e-11,
    317,  13.0000,  12.0080,   0.0000,    0,          
    318,  12.0000,  12.0080,   0.0000,    2,   -2.1021e-01,  2.0000e-01,      5.3554e-11,  3.8087e-11,     -5.3554e-11, -3.8087e-11,
    319,  11.0000,  12.0080,   0.0000,    0,          
    320,  10.0000,  12.0080,   0.0000,    2,   -2.1021e-01,  2.0000e-01,     -1.3933e-11,  7.7522e-13,      1.3933e-11, -7.7522e-13,
    321,   9.0000,  12.0080,   0.0000,    0,          
    322,   8.0000,  12.0080,   0.0000,    2,   -2.1021e-01,  2.0000e-01,      1.1013e-11,  1.1738e-11,     -1.1013e-11, -1.1738e-11,
    323,   7.0000,  12.0080,   0.0000,    0,          
    324,   6.0000,  12.0080,   0.0000,    2,   -2.1021e-01,  2.0000e-01,     -2.7491e-12, -1.4302e-11,      2.7491e-12,  1.4302e-11,
    325,   5.0000,  12.0080,   0.0000,    0,          
    326,   4.0000,  12.0080,   0.0000,    2,   -2.1021e-01,  2.0000e-01,      1.3195e-11,  2.0029e-11,     -1.3195e-11, -2.0029e-11,
    327,   3.0000,  12.0080,   0.0000,    0,          
    328,   2.0000,  12.0080,   0.0000,    2,   -2.1021e-01,  2.0000e-01,     -1.6119e-11,  6.0772e-12,      1.6119e-11, -6.0772e-12,
    329,   1.0000,  12.0080,   0.0000,    0,          
    330,  19.0000,  13.0070,   0.0000,    0,          
    331,  18.0000,  13.0070,   0.0000,    0,          
    332,  17.0000,  13.0070,   0.0000,    0,          
    333,  16.0000,  13.0070,   0.0000,    0,          
    334,  15.0000,  13.0070,   0.0000,    0,          
    335,  14.0000,  13.0070,   0.0000,    0,          
    336,  13.0000,  13.0070,   0.0000,    0,          
    337,  12.0000,  13.0070,   0.0000,    0,          
    338,  11.0000,  13.0070,   0.0000,    0,          
    339,  10.0000,  13.0070,   0.0000,    0,          
    340,   9.0000,  13.0070,   0.0000,    0,          
    341,   8.0000,  13.0070,   0.0000,    0,          
    342,   7.0000,  13.0070,   0.0000,    0,          
    343,   6.0000,  13.0070,   0.0000,    0,          
    344,   5.0000,  13.0070,   0.0000,    0,          
    345,   4.0000,  13.0070,   0.0000,    0,          
    346,   3.0000,  13.0070,   0.0000,    0,          
    347,   2.0000,  13.0070,   0.0000,    0,          
    348,   1.0000,  13.0070,   0.0000,    0,          
    349,  19.0000,  14.0060,   0.0000,    0,          
    350,  18.0000,  14.0060,   0.0000,    2,   -2.1021e-01,  2.0000e-01,      2.9211e-11,  4.3938e-12,     -2.9211e-11, -4.3938e-12,
    351,  17.0000,  14.0060,   0.0000,    0,          
    352,  16.0000,  14.0060,   0.0000,    2,   -2.1021e-01,  2.0000e-01,     -9.9111e-12, -1.8354e-11,      9.9111e-12,  1.8354e-11,
    353,  15.0000,  14.0060,   0.0000,    0,          
    354,  14.0000,  14.0060,   0.0000,    2,   -2.1021e-01,  2.0000e-01,      7.8737e-11,  6.4345e-11,     -7.8737e-11, -6.4345e-11,
    355,  13.0000,  14.0060,   0.0000,    0,          
    356,  12.0000,  14.0060,   0.0000,    2,   -2.1021e-01,  2.0000e-01,      2.2721e-10,  3.3078e-10,     -2.2721e-10, -3.3078e-10,
    357,  11.0000,  14.0060,   0.0000,    0,          
    358,  10.0000,  14.0060,   0.0000,    2,   -2.1021e-01,  2.0000e-01,     -4.0266e-11,  1.7984e-11,      4.0266e-11, -1.7984e-11,
    359,   9.0000,  14.0060,   0.0000,    0,          
    360,   8.0000,  14.0060,   0.0000,    2,   -2.1021e-01,  2.0000e-01,      2.0909e-11,  2.6175e-12,     -2.0909e-11, -2.6175e-12,
    361,   7.0000,  14.0060,   0.0000,    0,          
    362,   6.0000,  14.0060,   0.0000,    2,   -2.1021e-01,  2.0000e-01,     -1.1206e-11, -6.6510e-12,      1.1206e-11,  6.6510e-12,
    363,   5.0000,  14.0060,   0.0000,    0,          
    364,   4.0000,  14.0060,   0.0000,    2,   -2.1021e-01,  2.0000e-01,     -1.3495e-12,  4.5068e-12,      1.3495e-12, -4.5068e-12,
    365,   3.0000,  14.0060,   0.0000,    0,          
    366,   2.0000,  14.0060,   0.0000,    2,   -2.1021e-01,  2.0000e-01,      3.8135e-12,  3.5946e-12,     -3.8135e-12, -3.5946e-12,
    367,   1.0000,  14.0060,   0.0000,    0,          
    368,  19.0000,  15.0050,   0.0000,    0,          
    369,  18.0000,  15.0050,   0.0000,    0,          
    370,  17.0000,  15.0050,   0.0000,    0,          
    371,  16.0000,  15.0050,   0.0000,    0,          
    372,  15.0000,  15.0050,   0.0000,    0,          
    373,  14.0000,  15.0050,   0.0000,    0,          
    374,  13.0000,  15.0050,   0.0000,    0,          
    375,  12.0000,  15.0050,   0.0000,    0,          
    376,  11.0000,  15.0050,   0.0000,    0,          
    377,  10.0000,  15.0050,   0.0000,    0,          
    378,   9.0000,  15.0050,   0.0000,    0,          
    379,   8.0000,  15.0050,   0.0000,    0,          
    380,   7.0000,  15.0050,   0.0000,    0,          
    381,   6.0000,  15.0050,   0.0000,    0,          
    382,   5.0000,  15.0050,   0.0000,    0,          
    383,   4.0000,  15.0050,   0.0000,    0,          
    384,   3.0000,  15.0050,   0.0000,    0,          
    385,   2.0000,  15.0050,   0.0000,    0,          
    386,   1.0000,  15.0050,   0.0000,    0,          
    387,  19.0000,  16.0040,   0.0000,    0,          
    388,  18.0000,  16.0040,   0.0000,    2,   -2.1021e-01,  2.0000e-01,      1.2467e-11, -2.0321e-11,     -1.2467e-11,  2.0321e-11,
    389,  17.0000,  16.0040,   0.0000,    0,          
    390,  16.0000,  16.0040,   0.0000,    2,   -2.1021e-01,  2.0000e-01,      2.5693e-12,  3.0517e-11,     -2.5693e-12, -3.0517e-11,
    391,  15.0000,  16.0040,   0.0000,    0,          
    392,  14.0000,  16.0040,   0.0000,    2,   -2.1021e-01,  2.0000e-01,      6.3032e-14,  4.8928e-11,     -6.3032e-14, -4.8928e-11,
    393,  13.0000,  16.0040,   0.0000,    0,          
    394,  12.0000,  16.0040,   0.0000,    2,   -2.1021e-01,  2.0000e-01,      5.4093e-11,  6.6362e-11,     -5.4093e-11, -6.6362e-11,
    395,  11.0000,  16.0040,   0.0000,    0,          
    396,  10.0000,  16.0040,   0.0000,    2,   -2.1021e-01,  2.0000e-01,     -8.7791e-12,  2.0180e-11,      8.7791e-12, -2.0180e-11,
    397,   9.0000,  16.0040,   0.0000,    0,          
    398,   8.0000,  16.0040,   0.0000,    2,   -2.1021e-01,  2.0000e-01,      5.2201e-12, -2.1996e-12,     -5.2201e-12,  2.1996e-12,
    399,   7.0000,  16.0040,   0.0000,    0,          
    400,   6.0000,  16.0040,   0.0000,    2,   -2.1021e-01,  2.0000e-01,     -1.1437e-11, -2.0468e-11,      1.1437e-11,  2.0468e-11,
    401,   5.0000,  16.0040,   0.0000,    0,          
    402,   4.0000,  16.0040,   0.0000,    2,   -2.1021e-01,  2.0000e-01,      1.4155e-11,  5.5597e-12,     -1.4155e-11, -5.5597e-12,
    403,   3.0000,  16.0040,   0.0000,    0,          
    404,   2.0000,  16.0040,   0.0000,    2,   -2.1021e-01,  2.0000e-01,      3.1009e-12, -2.7992e-11,     -3.1009e-12,  2.7992e-11,
    405,   1.0000,  16.0040,   0.0000,    0,          
    406,  19.0000,  17.0030,   0.0000,    0,          
    407,  18.0000,  17.0030,   0.0000,    0,          
    408,  17.0000,  17.0030,   0.0000,    0,          
    409,  16.0000,  17.0030,   0.0000,    0,          
    410,  15.0000,  17.0030,   0.0000,    0,          
    411,  14.0000,  17.0030,   0.0000,    0,          
    412,  13.0000,  17.0030,   0.0000,    0,          
    413,  12.0000,  17.0030,   0.0000,    0,          
    414,  11.0000,  17.0030,   0.0000,    0,          
    415,  10.0000,  17.0030,   0.0000,    0,          
    416,   9.0000,  17.0030,   0.0000,    0,          
    417,   8.0000,  17.0030,   0.0000,    0,          
    418,   7.0000,  17.0030,   0.0000,    0,          
    419,   6.0000,  17.0030,   0.0000,    0,          
    420,   5.0000,  17.0030,   0.0000,    0,          
    421,   4.0000,  17.0030,   0.0000,    0,          
    422,   3.0000,  17.0030,   0.0000,    0,          
    423,   2.0000,  17.0030,   0.0000,    0,          
    424,   1.0000,  17.0030,   0.0000,    0,          
    425,  19.0000,  18.0020,   0.0000,    0,          
    426,  18.0000,  18.0020,   0.0000,    2,   -2.1021e-01,  2.0000e-01,      3.5498e-12,  1.1590e-11,     -3.6380e-12,  0.0000e+00,
    427,  17.0000,  18.0020,   0.0000,    0,          
    428,  16.0000,  18.0020,   0.0000,    2,   -2.1021e-01,  2.0000e-01,     -1.0157e-11, -2.5173e-11,      1.0914e-11,  2.9104e-11,
    429,  15.0000,  18.0020,   0.0000,    0,          
    430,  14.0000,  18.0020,   0.0000,    2,   -2.1021e-01,  2.0000e-01,      1.8769e-11, -2.3057e-12,     -1.8190e-11,  1.4552e-11,
    431,  13.0000,  18.0020,   0.0000,    0,          
    432,  12.0000,  18.0020,   0.0000,    2,   -2.1021e-01,  2.0000e-01,     -2.0615e-11, -1.8071e-11,      1.8190e-11,  1.4552e-11,
    433,  11.0000,  18.0020,   0.0000,    0,          
    434,  10.0000,  18.0020,   0.0000,    2,   -2.1021e-01,  2.0000e-01,      2.4866e-11, -2.7132e-11,     -2.5466e-11,  2.9104e-11,
    435,   9.0000,  18.0020,   0.0000,    0,          
    436,   8.0000,  18.0020,   0.0000,    2,   -2.1021e-01,  2.0000e-01,     -1.0579e-11, -1.6878e-12,      1.0914e-11,  0.0000e+00,
    437,   7.0000,  18.0020,   0.0000,    0,          
    438,   6.0000,  18.0020,   0.0000,    2,   -2.1021e-01,  2.0000e-01,      1.6719e-11, -2.1281e-12,     -1.8190e-11,  1.4552e-11,
    439,   5.0000,  18.0020,   0.0000,    0,          
    440,   4.0000,  18.0020,   0.0000,    2,   -2.1021e-01,  2.0000e-01,     -8.3729e-12, -1.9668e-11,      7.2760e-12,  1.4552e-11,
    441,   3.0000,  18.0020,   0.0000,    0,          
    442,   2.0000,  18.0020,   0.0000,    2,   -2.1021e-01,  2.0000e-01,     -1.9932e-11,  2.2115e-11,      1.8190e-11, -2.9104e-11,
    443,   1.0000,  18.0020,   0.0000,    0,          
    444,  19.0000,  19.0010,   0.0000,    0,          
    445,  18.0000,  19.0010,   0.0000,    0,          
    446,  17.0000,  19.0010,   0.0000,    0,          
    447,  16.0000,  19.0010,   0.0000,    0,          
    448,  15.0000,  19.0010,   0.0000,    0,          
    449,  14.0000,  19.0010,   0.0000,    0,          
    450,  13.0000,  19.0010,   0.0000,    0,          
    451,  12.0000,  19.0010,   0.0000,    0,          
    452,  11.0000,  19.0010,   0.0000,    0,          
    453,  10.0000,  19.0010,   0.0000,    0,          
    454,   9.0000,  19.0010,   0.0000,    0,          
    455,   8.0000,  19.0010,   0.0000,    0,          
    456,   7.0000,  19.0010,   0.0000,    0,          
    457,   6.0000,  19.0010,   0.0000,    0,          
    458,   5.0000,  19.0010,   0.0000,    0,          
    459,   4.0000,  19.0010,   0.0000,    0,          
    460,   3.0000,  19.0010,   0.0000,    0,          
    461,   2.0000,  19.0010,   0.0000,    0,          
    462,   1.0000,  19.0010,   0.0000,    0,          
   4630,   7.0000,   7.0000,   0.0000,    3,    6.8642e-03,  8.8370e-03,  1.2001e-03,     -2.8548e-10, -3.8070e-10, -9.1246e-15,      2.8548e-10,  3.8070e-10,  9.1246e-15,
   4635,   7.6000,   7.8000,   0.0000,    3,    7.1190e-03,  9.2752e-03, -7.2708e-04,     -1.2449e-09, -1.6599e-09,  3.4590e-14,      1.2449e-09,  1.6599e-09, -3.4590e-14,
   4640,   8.2000,   8.6000,   0.0000,    3,    9.2799e-03,  9.6192e-03, -1.1432e-02,     -4.2810e-09, -5.7083e-09, -9.2704e-15,      4.2810e-09,  5.7083e-09,  9.2704e-15,
   4645,   8.8000,   9.4000,   0.0000,    3,    2.8118e-02, -9.7568e-04, -1.5979e-01,     -1.6433e-08, -2.1909e-08,  1.0249e-13,      1.6433e-08,  2.1909e-08, -1.0249e-13,
   4650,   9.4000,  10.2000,   0.0000,    3,   -2.3692e-01,  2.0285e-01, -1.5979e-01,      2.8481e-09,  3.8003e-09, -3.3640e-13,     -2.8481e-09, -3.8003e-09,  3.3640e-13,
   4655,  10.0000,  11.0000,   0.0000,    3,   -2.1793e-01,  1.9245e-01, -1.1438e-02,     -2.2444e-12, -1.1386e-11,  6.8363e-14,      2.2444e-12,  1.1386e-11, -6.8363e-14,
   4660,  10.6000,  11.8000,   0.0000,    3,   -2.1543e-01,  1.9324e-01, -8.1681e-04,      5.9474e-13,  1.6903e-12,  8.0894e-13,     -5.9474e-13, -1.6903e-12, -8.0894e-13,
   4665,  11.2000,  12.6000,   0.0000,    3,   -2.1447e-01,  1.9433e-01, -5.8012e-05,     -9.9691e-12, -1.6225e-11, -5.8443e-13,      9.9691e-12,  1.6225e-11,  5.8443e-13,
   4670,  11.8000,  13.4000,   0.0000,    3,   -2.1390e-01,  1.9508e-01, -3.8722e-06,     -3.3092e-11, -5.0231e-11, -8.6538e-13,      3.3092e-11,  5.0231e-11,  8.6538e-13,
   4675,  12.4000,  14.2000,   0.0000,    3,   -2.1359e-01,  1.9550e-01, -2.1338e-08,     -5.1321e-11, -7.6729e-11,  4.6323e-13,      5.1321e-11,  7.6729e-11, -4.6323e-13,
   4680,  13.0000,  15.0000,   0.0000,    3,   -2.1348e-01,  1.9563e-01,  1.0065e-06,     -3.2749e-11, -4.0236e-11, -2.7111e-13,      3.2749e-11,  4.0236e-11,  2.7111e-13,
  10010,   0.0000,   0.0000,   0.0000,    1,    1.1313e-02,     -3.1189e-09,      3.1189e-09,
  10015,   0.0000,   0.0000,   0.0000,    1,    1.2335e-02,     -9.2143e-09,      9.2143e-09,
  10020,   0.0000,   0.0000,   0.0000,    1,    1.4503e-02,     -2.7563e-08,      2.7563e-08,
  10025,   0.0000,   0.0000,   0.0000,    1,    1.8095e-02,     -2.4863e-08,      2.4863e-08,
  10030,   0.0000,   0.0000,   0.0000,    1,    2.1804e-02,      9.3341e-11,     -9.3341e-11,
  10035,   0.0000,   0.0000,   0.0000,    1,    2.4368e-02,     -2.5176e-12,      2.5176e-12,
  10040,   0.0000,   0.0000,   0.0000,    1,    2.6132e-02,     -1.5287e-11,      1.5287e-11,
  10045,   0.0000,   0.0000,   0.0000,    1,    2.7309e-02,     -7.9494e-11,      7.9494e-11,
  10050,   0.0000,   0.0000,   0.0000,    1,    2.8031e-02,     -1.5267e-10,      1.5267e-10,
  10055,   0.0000,   0.0000,   0.0000,    1,    2.8375e-02,     -1.9601e-10,      1.9601e-10,
Time,   1.0000
      1,  20.0000,   9.9900,   0.0000,    2,    1.8390e-07, -5.2320e-09,     -1.4474e-17, -7.2642e-18,      1.4474e-17,  7.2642e-18,
      2,  20.0000,   0.0000,   0.0000,    2,    0.0000e+00,  0.0000e+00,      1.9250e-02, -3.9719e-02,      0.0000e+00,  0.0000e+00,
      3,   0.0000,   0.0000,   0.0000,    2,    0.0000e+00,  0.0000e+00,     -3.0015e-02, -6.6878e-02,      0.0000e+00,  0.0000e+00,
      4,   0.0000,   9.9900,   0.0000,    2,   -3.7976e-07,  9.4122e-09,     -6.0715e-18,  3.3610e-18,      6.0715e-18, -3.3610e-18,
      5,   0.0000,   8.9910,   0.0000,    0,          
      6,   0.0000,   7.9920,   0.0000,    2,   -8.1037e-08,  2.9433e-08,      4.3368e-18,  1.7347e-18,     -4.3368e-18, -1.7347e-18,
      7,   0.0000,   6.9930,   0.0000,    0,          
      8,   0.0000,   5.9940,   0.0000,    2,    1.6535e-07,  9.1300e-08,      2.1684e-18,  3.4694e-18,     -2.1684e-18, -3.4694e-18,
      9,   0.0000,   4.9950,   0.0000,    0,          
     10,   0.0000,   3.9960,   0.0000,    2,    2.6143e-07,  1.5438e-07,     -3.4694e-18, -7.8063e-18,      3.4694e-18,  7.8063e-18,
     11,   0.0000,   2.9970,   0.0000,    0,          
     12,   0.0000,   1.9980,   0.0000,    2,    1.9192e-07,  1.5052e-07,     -3.4694e-18, -3.4694e-18,      3.4694e-18,  3.4694e-18,
     13,   0.0000,   0.9990,   0.0000,    0,          
     14,   1.0000,   0.0000,   0.0000,    0,          
     15,   2.0000,   0.0000,   0.0000,    2,    0.0000e+00,  0.0000e+00,     -5.2007e-02, -9.4191e-02,      0.0000e+00,  0.0000e+00,
     16,   3.0000,   0.0000,   0.0000,    0,          
     17,   4.0000,   0.0000,   0.0000,    2,    0.0000e+00,  0.0000e+00,     -5.5706e-02, -1.3040e-01,      0.0000e+00,  0.0000e+00,
     18,   5.0000,   0.0000,   0.0000,    0,          
     19,   6.0000,   0.0000,   0.0000,    2,    0.0000e+00,  0.0000e+00,     -4.1227e-02, -1.7536e-01,      0.0000e+00,  0.0000e+00,
     20,   7.0000,   0.0000,   0.0000,    0,          
     21,   8.0000,   0.0000,   0.0000,    2,    0.0000e+00,  0.0000e+00,     -1.5027e-02, -2.0044e-01,      0.0000e+00,  0.0000e+00,
     22,   9.0000,   0.0000,   0.0000,    0,          
     23,  10.0000,   0.0000,   0.0000,    2,    0.0000e+00,  0.0000e+00,      1.3900e-02, -1.9542e-01,      0.0000e+00,  0.0000e+00,
     24,  11.0000,   0.0000,   0.0000,    0,          
     25,  12.0000,   0.0000,   0.0000,    2,    0.0000e+00,  0.0000e+00,      3.5246e-02, -1.6467e-01,      0.0000e+00,  0.0000e+00,
     26,  13.0000,   0.0000,   0.0000,    0,          
     27,  14.0000,   0.0000,   0.0000,    2,    0.0000e+00,  0.0000e+00,      4.4834e-02, -1.2161e-01,      0.0000e+00,  0.0000e+00,
     28,  15.0000,   0.0000,   0.0000,    0,          
     29,  16.0000,   0.0000,   0.0000,    2,    0.0000e+00,  0.0000e+00,      4.4581e-02, -7.9585e-02,      0.0000e+00,  0.0000e+00,
     30,  17.0000,   0.0000,   0.0000,    0,          
     31,  18.0000,   0.0000,   0.0000,    2,    0.0000e+00,  0.0000e+00,      3.6169e-02, -5.3387e-02,      0.0000e+00,  0.0000e+00,
     32,  19.0000,   0.0000,   0.0000,    0,          
     33,  20.0000,   0.9990,   0.0000,    0,          
     34,  20.0000,   1.9980,   0.0000,    2,   -1.2510e-07,  8.5926e-08,      3.4694e-18,  5.2042e-18,     -3.4694e-18, -5.2042e-18,
     35,  20.0000,   2.9970,   0.0000,    0,          
     36,  20.0000,   3.9960,   0.0000,    2,   -1.7179e-07,  8.0181e-08,     -5.2042e-18,  3.4694e-18,      5.2042e-18, -3.4694e-18,
     37,  20.0000,   4.9950,   0.0000,    0,          
     38,  20.0000,   5.9940,   0.0000,    2,   -1.1696e-07,  3.9869e-08,      2.4395e-18, -6.9389e-18,     -2.4395e-18,  6.9389e-18,
     39,  20.0000,   6.9930,   0.0000,    0,          
     40,  20.0000,   7.9920,   0.0000,    2,    2.0305e-08,  5.4930e-09,      4.3368e-19,  6.9389e-18,     -4.3368e-19, -6.9389e-18,
     41,  20.0000,   8.9910,   0.0000,    0,          
     42,  19.0000,   9.9900,   0.0000,    0,          
     43,  18.0000,   9.9900,   0.0000,    2,    1.9518e-07,  1.5233e-07,      3.4694e-18, -2.1684e-18,     -3.4694e-18,  2.1684e-18,
     44,  17.0000,   9.9900,   0.0000,    0,          
     45,  16.0000,   9.9900,   0.0000,    2,    2.3587e-07,  3.4008e-07,     -1.7347e-18, -6.5052e-18,      1.7347e-18,  6.5052e-18,
     46,  15.0000,   9.9900,   0.0000,    0,          
     47,  14.0000,   9.9900,   0.0000,    2,    2.9265e-07,  6.5481e-07,     -4.3368e-18,  3.4694e-17,      4.3368e-18, -3.4694e-17,
     48,  13.0000,   9.9900,   0.0000,    0,          
     49,  12.0000,   9.9900,   0.0000,    2,    2.7279e-07,  1.2063e-06,      2.0817e-17, -1.3878e-17,     -2.0817e-17,  1.3878e-17,
     50,  11.0000,   9.9900,   0.0000,    0,          
     51,  10.0000,   9.9900,   0.0000,    2,   -2.6920e-07,  2.4073e-06,      1.5769e-09,  2.1008e-09,     -1.5769e-09, -2.1008e-09,
     52,   9.0000,   9.9900,   0.0000,    0,          
     53,   8.0000,   9.9900,   0.0000,    2,   -6.7395e-07,  2.5757e-06,      3.6937e-09,  4.9216e-09,     -3.6937e-09, -4.9216e-09,
     54,   7.0000,   9.9900,   0.0000,    0,          
     55,   6.0000,   9.9900,   0.0000,    2,   -6.3394e-07,  1.2510e-06,      6.9389e-18, -6.6570e-17,     -6.9389e-18,  6.6570e-17,
     56,   5.0000,   9.9900,   0.0000,    0,          
     57,   4.0000,   9.9900,   0.0000,    2,   -4.8815e-07,  6.5102e-07,      2.4286e-17,  1.2577e-17,     -2.4286e-17, -1.2577e-17,
     58,   3.0000,   9.9900,   0.0000,    0,          
     59,   2.0000,   9.9900,   0.0000,    2,   -4.0212e-07,  2.9626e-07,     -6.9389e-18,  2.3419e-17,      6.9389e-18, -2.3419e-17,
     60,   1.0000,   9.9900,   0.0000,    0,          
     61,  19.0000,   0.9990,   0.0000,    0,          
     62,  18.0000,   0.9990,   0.0000,    0,          
     63,  17.0000,   0.9990,   0.0000,    0,          
     64,  16.0000,   0.9990,   0.0000,    0,          
     65,  15.0000,   0.9990,   0.0000,    0,          
     66,  14.0000,   0.9990,   0.0000,    0,          
     67,  13.0000,   0.9990,   0.0000,    0,          
     68,  12.0000,   0.9990,   0.0000,    0,          
     69,  11.0000,   0.9990,   0.0000,    0,          
     70,  10.0000,   0.9990,   0.0000,    0,          
     71,   9.0000,   0.9990,   0.0000,    0,          
     72,   8.0000,   0.9990,   0.0000,    0,          
     73,   7.0000,   0.9990,   0.0000,    0,          
     74,   6.0000,   0.9990,   0.0000,    0,          
     75,   5.0000,   0.9990,   0.0000,    0,          
     76,   4.0000,   0.9990,   0.0000,    0,          
     77,   3.0000,   0.9990,   0.0000,    0,          
     78,   2.0000,   0.9990,   0.0000,    0,          
     79,   1.0000,   0.9990,   0.0000,    0,          
     80,  19.0000,   1.9980,   0.0000,    0,          
     81,  18.0000,   1.9980,   0.0000,    2,   -1.2538e-07,  6.6572e-08,     -3.4694e-18,  8.6736e-18,      3.4694e-18, -8.6736e-18,
     82,  17.0000,   1.9980,   0.0000,    0,          
     83,  16.0000,   1.9980,   0.0000,    2,   -1.3634e-07,  1.2045e-07,      3.4694e-18, -5.2042e-18,     -3.4694e-18,  5.2042e-18,
     84,  15.0000,   1.9980,   0.0000,    0,          
     85,  14.0000,   1.9980,   0.0000,    2,   -1.3518e-07,  1.9701e-07,     -3.4694e-18,  0.0000e+00,      3.4694e-18,  0.0000e+00,
     86,  13.0000,   1.9980,   0.0000,    0,          
     87,  12.0000,   1.9980,   0.0000,    2,   -1.0563e-07,  2.8199e-07,     -3.4694e-18,  5.5511e-17,      3.4694e-18, -5.5511e-17,
     88,  11.0000,   1.9980,   0.0000,    0,          
     89,  10.0000,   1.9980,   0.0000,    2,   -3.9485e-08,  3.4791e-07,     -2.0817e-17, -1.3878e-17,      2.0817e-17,  1.3878e-17,
     90,   9.0000,   1.9980,   0.0000,    0,          
     91,   8.0000,   1.9980,   0.0000,    2,    5.0240e-08,  3.6153e-07,     -2.2551e-17, -5.5511e-17,      2.2551e-17,  5.5511e-17,
     92,   7.0000,   1.9980,   0.0000,    0,          
     93,   6.0000,   1.9980,   0.0000,    2,    1.3151e-07,  3.0859e-07,      1.5613e-17, -2.7756e-17,     -1.5613e-17,  2.7756e-17,
     94,   5.0000,   1.9980,   0.0000,    0,          
     95,   4.0000,   1.9980,   0.0000,    2,    1.7549e-07,  2.1484e-07,     -3.4694e-17,  5.5511e-17,      3.4694e-17, -5.5511e-17,
     96,   3.0000,   1.9980,   0.0000,    0,          
     97,   2.0000,   1.9980,   0.0000,    2,    1.8362e-07,  1.2709e-07,     -6.9389e-18,  0.0000e+00,      6.9389e-18,  0.0000e+00,
     98,   1.0000,   1.9980,   0.0000,    0,          
     99,  19.0000,   2.9970,   0.0000,    0,          
    100,  18.0000,   2.9970,   0.0000,    0,          
    101,  17.0000,   2.9970,   0.0000,    0,          
    102,  16.0000,   2.9970,   0.0000,    0,          
    103,  15.0000,   2.9970,   0.0000,    0,          
    104,  14.0000,   2.9970,   0.0000,    0,          
    105,  13.0000,   2.9970,   0.0000,    0,          
    106,  12.0000,   2.9970,   0.0000,    0,          
    107,  11.0000,   2.9970,   0.0000,    0,          
    108,  10.0000,   2.9970,   0.0000,    0,          
    109,   9.0000,   2.9970,   0.0000,    0,          
    110,   8.0000,   2.9970,   0.0000,    0,          
    111,   7.0000,   2.9970,   0.0000,    0,          
    112,   6.0000,   2.9970,   0.0000,    0,          
    113,   5.0000,   2.9970,   0.0000,    0,          
    114,   4.0000,   2.9970,   0.0000,    0,          
    115,   3.0000,   2.9970,   0.0000,    0,          
    116,   2.0000,   2.9970,   0.0000,    0,          
    117,   1.0000,   2.9970,   0.0000,    0,          
    118,  19.0000,   3.9960,   0.0000,    0,          
    119,  18.0000,   3.9960,   0.0000,    2,   -1.7881e-07,  1.1946e-07,      1.1709e-17,  1.1926e-17,     -1.1709e-17, -1.1926e-17,
    120,  17.0000,   3.9960,   0.0000,    0,          
    121,  16.0000,   3.9960,   0.0000,    2,   -1.9117e-07,  2.2607e-07,      9.9747e-18, -2.2551e-17,     -9.9747e-18,  2.2551e-17,
    122,  15.0000,   3.9960,   0.0000,    0,          
    123,  14.0000,   3.9960,   0.0000,    2,   -1.9597e-07,  3.9180e-07,     -3.1225e-17,  0.0000e+00,      3.1225e-17,  0.0000e+00,
    124,  13.0000,   3.9960,   0.0000,    0,          
    125,  12.0000,   3.9960,   0.0000,    2,   -1.5917e-07,  5.9007e-07,      2.4286e-17,  6.9389e-18,     -2.4286e-17, -6.9389e-18,
    126,  11.0000,   3.9960,   0.0000,    0,          
    127,  10.0000,   3.9960,   0.0000,    2,   -5.9312e-08,  7.5880e-07,     -1.3878e-17,  2.7756e-17,      1.3878e-17, -2.7756e-17,
    128,   9.0000,   3.9960,   0.0000,    0,          
    129,   8.0000,   3.9960,   0.0000,    2,    8.9274e-08,  8.0204e-07,      1.0408e-17,  0.0000e+00,     -1.0408e-17,  0.0000e+00,
    130,   7.0000,   3.9960,   0.0000,    0,          
    131,   6.0000,   3.9960,   0.0000,    2,    2.1538e-07,  6.6393e-07,     -6.9389e-18, -5.5511e-17,      6.9389e-18,  5.5511e-17,
    132,   5.0000,   3.9960,   0.0000,    0,          
    133,   4.0000,   3.9960,   0.0000,    2,    2.6826e-07,  4.2858e-07,     -1.3878e-17,  4.1633e-17,      1.3878e-17, -4.1633e-17,
    134,   3.0000,   3.9960,   0.0000,    0,          
    135,   2.0000,   3.9960,   0.0000,    2,    2.6829e-07,  2.3367e-07,      1.3878e-17, -2.7756e-17,     -1.3878e-17,  2.7756e-17,
    136,   1.0000,   3.9960,   0.0000,    0,          
    137,  19.0000,   4.9950,   0.0000,    0,          
    138,  18.0000,   4.9950,   0.0000,    0,          
    139,  17.0000,   4.9950,   0.0000,    0,          
    140,  16.0000,   4.9950,   0.0000,    0,          
    141,  15.0000,   4.9950,   0.0000,    0,          
    142,  14.0000,   4.9950,   0.0000,    0,          
    143,  13.0000,   4.9950,   0.0000,    0,          
    144,  12.0000,   4.9950,   0.0000,    0,          
    145,  11.0000,   4.9950,   0.0000,    0,          
    146,  10.0000,   4.9950,   0.0000,    0,          
    147,   9.0000,   4.9950,   0.0000,    0,          
    148,   8.0000,   4.9950,   0.0000,    0,          
    149,   7.0000,   4.9950,   0.0000,    0,          
    150,   6.0000,   4.9950,   0.0000,    0,          
    151,   5.0000,   4.9950,   0.0000,    0,          
    152,   4.0000,   4.9950,   0.0000,    0,          
    153,   3.0000,   4.9950,   0.0000,    0,          
    154,   2.0000,   4.9950,   0.0000,    0,          
    155,   1.0000,   4.9950,   0.0000,    0,          
    156,  19.0000,   5.9940,   0.0000,    0,          
    157,  18.0000,   5.9940,   0.0000,    2,   -1.2743e-07,  1.4508e-07,      0.0000e+00, -3.2743e-17,      0.0000e+00,  3.2743e-17,
    158,  17.0000,   5.9940,   0.0000,    0,          
    159,  16.0000,   5.9940,   0.0000,    2,   -1.5038e-07,  2.9913e-07,      9.5410e-18,  3.7297e-17,     -9.5410e-18, -3.7297e-17,
    160,  15.0000,   5.9940,   0.0000,    0,          
    161,  14.0000,   5.9940,   0.0000,    2,   -1.8715e-07,  5.5502e-07,     -1.4745e-17,  7.4593e-17,      1.4745e-17, -7.4593e-17,
    162,  13.0000,   5.9940,   0.0000,    0,          
    163,  12.0000,   5.9940,   0.0000,    2,   -1.7802e-07,  9.0972e-07,      1.3878e-17,  5.5511e-17,     -1.3878e-17, -5.5511e-17,
    164,  11.0000,   5.9940,   0.0000,    0,          
    165,  10.0000,   5.9940,   0.0000,    2,   -6.3238e-08,  1.2435e-06,      2.7756e-17,  1.1102e-16,     -2.7756e-17, -1.1102e-16,
    166,   9.0000,   5.9940,   0.0000,    0,          
    167,   8.0000,   5.9940,   0.0000,    2,    1.4232e-07,  1.3825e-06,      1.3990e-09,  1.8668e-09,     -1.3990e-09, -1.8668e-09,
    168,   7.0000,   5.9940,   0.0000,    0,          
    169,   6.0000,   5.9940,   0.0000,    2,    2.8347e-07,  1.0485e-06,      8.5822e-10,  1.1451e-09,     -8.5822e-10, -1.1451e-09,
    170,   5.0000,   5.9940,   0.0000,    0,          
    171,   4.0000,   5.9940,   0.0000,    2,    2.3507e-07,  5.8103e-07,      1.3878e-17, -2.7756e-17,     -1.3878e-17,  2.7756e-17,
    172,   3.0000,   5.9940,   0.0000,    0,          
    173,   2.0000,   5.9940,   0.0000,    2,    1.8550e-07,  2.8559e-07,      0.0000e+00,  2.4286e-17,      0.0000e+00, -2.4286e-17,
    174,   1.0000,   5.9940,   0.0000,    0,          
    175,  19.0000,   6.9930,   0.0000,    0,          
    176,  18.0000,   6.9930,   0.0000,    0,          
    177,  17.0000,   6.9930,   0.0000,    0,          
    178,  16.0000,   6.9930,   0.0000,    0,          
    179,  15.0000,   6.9930,   0.0000,    0,          
    180,  14.0000,   6.9930,   0.0000,    0,          
    181,  13.0000,   6.9930,   0.0000,    0,          
    182,  12.0000,   6.9930,   0.0000,    0,          
    183,  11.0000,   6.9930,   0.0000,    0,          
    184,  10.0000,   6.9930,   0.0000,    0,          
    185,   9.0000,   6.9930,   0.0000,    0,          
    186,   8.0000,   6.9930,   0.0000,    0,          
    187,   7.0000,   6.9930,   0.0000,    0,          
    188,   6.0000,   6.9930,   0.0000,    0,          
    189,   5.0000,   6.9930,   0.0000,    0,          
    190,   4.0000,   6.9930,   0.0000,    0,          
    191,   3.0000,   6.9930,   0.0000,    0,          
    192,   2.0000,   6.9930,   0.0000,    0,          
    193,   1.0000,   6.9930,   0.0000,    0,          
    194,  19.0000,   7.9920,   0.0000,    0,          
    195,  18.0000,   7.9920,   0.0000,    2,    1.6327e-08,  1.5034e-07,      8.6736e-18,  1.7998e-17,     -8.6736e-18, -1.7998e-17,
    196,  17.0000,   7.9920,   0.0000,    0,          
    197,  16.0000,   7.9920,   0.0000,    2,    2.7868e-09,  3.3047e-07,      1.3010e-18, -8.6736e-18,     -1.3010e-18,  8.6736e-18,
    198,  15.0000,   7.9920,   0.0000,    0,          
    199,  14.0000,   7.9920,   0.0000,    2,   -4.5768e-08,  6.3090e-07,      1.0408e-17, -6.0715e-17,     -1.0408e-17,  6.0715e-17,
    200,  13.0000,   7.9920,   0.0000,    0,          
    201,  12.0000,   7.9920,   0.0000,    2,   -1.5700e-07,  1.1786e-06,      3.4694e-17, -1.3184e-16,     -3.4694e-17,  1.3184e-16,
    202,  11.0000,   7.9920,   0.0000,    0,          
    203,  10.0000,   7.9920,   0.0000,    2,   -9.3480e-08,  1.8491e-06,      9.4632e-10,  1.2608e-09,     -9.4632e-10, -1.2608e-09,
    204,   9.0000,   7.9920,   0.0000,    0,          
    205,   8.0000,   7.9920,   0.0000,    2,    2.7068e-07,  2.1858e-06,      1.1415e-08,  1.5227e-08,     -1.1415e-08, -1.5227e-08,
    206,   7.0000,   7.9920,   0.0000,    0,          
    207,   6.0000,   7.9920,   0.0000,    2,    1.1860e-07,  1.2621e-06,      2.2397e-09,  2.9890e-09,     -2.2397e-09, -2.9890e-09,
    208,   5.0000,   7.9920,   0.0000,    0,          
    209,   4.0000,   7.9920,   0.0000,    2,   -3.2948e-08,  6.2998e-07,      2.0817e-17, -6.7654e-17,     -2.0817e-17,  6.7654e-17,
    210,   3.0000,   7.9920,   0.0000,    0,          
    211,   2.0000,   7.9920,   0.0000,    2,   -7.1089e-08,  2.9496e-07,     -1.4311e-17, -3.1225e-17,      1.4311e-17,  3.1225e-17,
    212,   1.0000,   7.9920,   0.0000,    0,          
    213,  19.0000,   8.9910,   0.0000,    0,          
    214,  18.0000,   8.9910,   0.0000,    0,          
    215,  17.0000,   8.9910,   0.0000,    0,          
    216,  16.0000,   8.9910,   0.0000,    0,          
    217,  15.0000,   8.9910,   0.0000,    0,          
    218,  14.0000,   8.9910,   0.0000,    0,          
    219,  13.0000,   8.9910,   0.0000,    0,          
    220,  12.0000,   8.9910,   0.0000,    0,          
    221,  11.0000,   8.9910,   0.0000,    0,          
    222,  10.0000,   8.9910,   0.0000,    0,          
    223,   9.0000,   8.9910,   0.0000,    0,          
    224,   8.0000,   8.9910,   0.0000,    0,          
    225,   7.0000,   8.9910,   0.0000,    0,          
    226,   6.0000,   8.9910,   0.0000,    0,          
    227,   5.0000,   8.9910,   0.0000,    0,          
    228,   4.0000,   8.9910,   0.0000,    0,          
    229,   3.0000,   8.9910,   0.0000,    0,          
    230,   2.0000,   8.9910,   0.0000,    0,          
    231,   1.0000,   8.9910,   0.0000,    0,          
    232,  20.0000,  20.0000,   0.0000,    2,    1.6078e-02,  4.0000e-01,     -1.3269e-12, -8.7969e-03,      0.0000e+00,  0.0000e+00,
    233,  20.0000,  10.0100,   0.0000,    2,    1.6079e-02,  4.0000e-01,      4.7915e-12, -5.9772e-12,     -4.7915e-12,  5.9772e-12,
    234,   0.0000,  10.0100,   0.0000,    2,    1.6079e-02,  4.0000e-01,     -1.3419e-12,  9.4715e-12,      1.3419e-12, -9.4715e-12,
    235,   0.0000,  20.0000,   0.0000,    2,    1.6079e-02,  4.0000e-01,     -1.8871e-12,  2.9038e-02,      3.6380e-12,  0.0000e+00,
    236,   0.0000,  19.0010,   0.0000,    0,          
    237,   0.0000,  18.0020,   0.0000,    2,    1.6079e-02,  4.0000e-01,     -5.9220e-12,  2.3690e-11,      7.2760e-12, -2.9104e-11,
    238,   0.0000,  17.0030,   0.0000,    0,          
    239,   0.0000,  16.0040,   0.0000,    2,    1.6079e-02,  4.0000e-01,      1.0794e-11,  2.6855e-12,     -1.0794e-11, -2.6855e-12,
    240,   0.0000,  15.0050,   0.0000,    0,          
    241,   0.0000,  14.0060,   0.0000,    2,    1.6079e-02,  4.0000e-01,      2.6880e-12, -2.1643e-11,     -2.6880e-12,  2.1643e-11,
    242,   0.0000,  13.0070,   0.0000,    0,          
    243,   0.0000,  12.0080,   0.0000,    2,    1.6079e-02,  4.0000e-01,      1.7076e-12,  2.6850e-12,     -1.7076e-12, -2.6850e-12,
    244,   0.0000,  11.0090,   0.0000,    0,          
    245,   1.0000,  10.0100,   0.0000,    0,          
    246,   2.0000,  10.0100,   0.0000,    2,    1.6079e-02,  4.0000e-01,     -3.8612e-12, -5.2708e-12,      3.8612e-12,  5.2708e-12,
    247,   3.0000,  10.0100,   0.0000,    0,          
    248,   4.0000,  10.0100,   0.0000,    2,    1.6079e-02,  4.0000e-01,      5.0976e-12,  1.9066e-12,     -5.0976e-12, -1.9066e-12,
    249,   5.0000,  10.0100,   0.0000,    0,          
    250,   6.0000,  10.0100,   0.0000,    2,    1.6079e-02,  4.0000e-01,     -4.1762e-12, -9.5127e-12,      4.1762e-12,  9.5127e-12,
    251,   7.0000,  10.0100,   0.0000,    0,          
    252,   8.0000,  10.0100,   0.0000,    2,    1.6079e-02,  4.0000e-01,     -2.7061e-12,  1.7292e-11,      2.7061e-12, -1.7292e-11,
    253,   9.0000,  10.0100,   0.0000,    0,          
    254,  10.0000,  10.0100,   0.0000,    2,    1.6080e-02,  4.0000e-01,     -2.8877e-12, -1.9718e-11,      2.8877e-12,  1.9718e-11,
    255,  11.0000,  10.0100,   0.0000,    0,          
    256,  12.0000,  10.0100,   0.0000,    2,    1.6080e-02,  4.0000e-01,     -1.2883e-11,  8.1427e-12,      1.2883e-11, -8.1427e-12,
    257,  13.0000,  10.0100,   0.0000,    0,          
    258,  14.0000,  10.0100,   0.0000,    2,    1.6080e-02,  4.0000e-01,     -5.1125e-12,  1.7020e-11,      5.1125e-12, -1.7020e-11,
    259,  15.0000,  10.0100,   0.0000,    0,          
    260,  16.0000,  10.0100,   0.0000,    2,    1.6079e-02,  4.0000e-01,     -5.6065e-12, -1.7894e-11,      5.6065e-12,  1.7894e-11,
    261,  17.0000,  10.0100,   0.0000,    0,          
    262,  18.0000,  10.0100,   0.0000,    2,    1.6079e-02,  4.0000e-01,      3.2995e-12, -5.6268e-12,     -3.2995e-12,  5.6268e-12,
    263,  19.0000,  10.0100,   0.0000,    0,          
    264,  20.0000,  11.0090,   0.0000,    0,          
    265,  20.0000,  12.0080,   0.0000,    2,    1.6079e-02,  4.0000e-01,     -3.9380e-12,  3.4631e-12,      3.9380e-12, -3.4631e-12,
    266,  20.0000,  13.0070,   0.0000,    0,          
    267,  20.0000,  14.0060,   0.0000,    2,    1.6079e-02,  4.0000e-01,      4.3611e-12, -3.3882e-11,     -4.3611e-12,  3.3882e-11,
    268,  20.0000,  15.0050,   0.0000,    0,          
    269,  20.0000,  16.0040,   0.0000,    2,    1.6079e-02,  4.0000e-01,      1.4122e-12,  1.3172e-11,     -1.4122e-12, -1.3172e-11,
    270,  20.0000,  17.0030,   0.0000,    0,          
    271,  20.0000,  18.0020,   0.0000,    2,    1.6078e-02,  4.0000e-01,     -2.8628e-12,  2.5419e-11,      3.6380e-12, -2.9104e-11,
    272,  20.0000,  19.0010,   0.0000,    0,          
    273,  19.0000,  20.0000,   0.0000,    0,          
    274,  18.0000,  20.0000,   0.0000,    2,    1.6078e-02,  4.0000e-01,      4.5331e-12,  2.3950e-02,     -3.6380e-12,  0.0000e+00,
    275,  17.0000,  20.0000,   0.0000,    0,          
    276,  16.0000,  20.0000,   0.0000,    2,    1.6078e-02,  4.0000e-01,      4.6753e-12,  8.8576e-02,     -5.4570e-12,  0.0000e+00,
    277,  15.0000,  20.0000,   0.0000,    0,          
    278,  14.0000,  20.0000,   0.0000,    2,    1.6079e-02,  4.0000e-01,     -1.4350e-13,  1.5464e-01,      0.0000e+00,  0.0000e+00,
    279,  13.0000,  20.0000,   0.0000,    0,          
    280,  12.0000,  20.0000,   0.0000,    2,    1.6079e-02,  4.0000e-01,      2.1676e-12,  2.0559e-01,     -1.8190e-12,  0.0000e+00,
    281,  11.0000,  20.0000,   0.0000,    0,          
    282,  10.0000,  20.0000,   0.0000,    2,    1.6079e-02,  4.0000e-01,     -1.0900e-11,  2.2654e-01,      1.0914e-11,  0.0000e+00,
    283,   9.0000,  20.0000,   0.0000,    0,          
    284,   8.0000,  20.0000,   0.0000,    2,    1.6079e-02,  4.0000e-01,     -7.9714e-12,  2.1453e-01,      7.2760e-12,  0.0000e+00,
    285,   7.0000,  20.0000,   0.0000,    0,          
    286,   6.0000,  20.0000,   0.0000,    2,    1.6079e-02,  4.0000e-01,     -4.8878e-13,  1.7735e-01,      0.0000e+00,  0.0000e+00,
    287,   5.0000,  20.0000,   0.0000,    0,          
    288,   4.0000,  20.0000,   0.0000,    2,    1.6079e-02,  4.0000e-01,      4.9058e-12,  1.2822e-01,     -5.4570e-12,  0.0000e+00,
    289,   3.0000,  20.0000,   0.0000,    0,          
    290,   2.0000,  20.0000,   0.0000,    2,    1.6079e-02,  4.0000e-01,     -1.8043e-12,  8.2019e-02,      1.8190e-12,  0.0000e+00,
    291,   1.0000,  20.0000,   0.0000,    0,          
    292,  19.0000,  11.0090,   0.0000,    0,          
    293,  18.0000,  11.0090,   0.0000,    0,          
    294,  17.0000,  11.0090,   0.0000,    0,          
    295,  16.0000,  11.0090,   0.0000,    0,          
    296,  15.0000,  11.0090,   0.0000,    0,          
    297,  14.0000,  11.0090,   0.0000,    0,          
    298,  13.0000,  11.0090,   0.0000,    0,          
    299,  12.0000,  11.0090,   0.0000,    0,          
    300,  11.0000,  11.0090,   0.0000,    0,          
    301,  10.0000,  11.0090,   0.0000,    0,          
    302,   9.0000,  11.0090,   0.0000,    0,          
    303,   8.0000,  11.0090,   0.0000,    0,          
    304,   7.0000,  11.0090,   0.0000,    0,          
    305,   6.0000,  11.0090,   0.0000,    0,          
    306,   5.0000,  11.0090,   0.0000,    0,          
    307,   4.0000,  11.0090,   0.0000,    0,          
    308,   3.0000,  11.0090,   0.0000,    0,          
    309,   2.0000,  11.0090,   0.0000,    0,          
    310,   1.0000,  11.0090,   0.0000,    0,          
    311,  19.0000,  12.0080,   0.0000,    0,          
    312,  18.0000,  12.0080,   0.0000,    2,    1.6079e-02,  4.0000e-01,     -5.8837e-12,  4.4108e-11,      5.8837e-12, -4.4108e-11,
    313,  17.0000,  12.0080,   0.0000,    0,          
    314,  16.0000,  12.0080,   0.0000,    2,    1.6079e-02,  4.0000e-01,      8.5371e-12,  2.9717e-11,     -8.5371e-12, -2.9717e-11,
    315,  15.0000,  12.0080,   0.0000,    0,          
    316,  14.0000,  12.0080,   0.0000,    2,    1.6079e-02,  4.0000e-01,     -2.8631e-12, -1.2211e-11,      2.8631e-12,  1.2211e-11,
    317,  13.0000,  12.0080,   0.0000,    0,          
    318,  12.0000,  12.0080,   0.0000,    2,    1.6079e-02,  4.0000e-01,      1.6290e-11, -5.7912e-12,     -1.6290e-11,  5.7912e-12,
    319,  11.0000,  12.0080,   0.0000,    0,          
    320,  10.0000,  12.0080,   0.0000,    2,    1.6079e-02,  4.0000e-01,      9.2261e-12,  3.1587e-12,     -9.2261e-12, -3.1587e-12,
    321,   9.0000,  12.0080,   0.0000,    0,          
    322,   8.0000,  12.0080,   0.0000,    2,    1.6079e-02,  4.0000e-01,      9.2954e-12, -1.3851e-11,     -9.2954e-12,  1.3851e-11,
    323,   7.0000,  12.0080,   0.0000,    0,          
    324,   6.0000,  12.0080,   0.0000,    2,    1.6079e-02,  4.0000e-01,     -2.3692e-12, -2.1774e-11,      2.3692e-12,  2.1774e-11,
    325,   5.0000,  12.0080,   0.0000,    0,          
    326,   4.0000,  12.0080,   0.0000,    2,    1.6079e-02,  4.0000e-01,      8.5425e-12,  8.3825e-12,     -8.5425e-12, -8.3825e-12,
    327,   3.0000,  12.0080,   0.0000,    0,          
    328,   2.0000,  12.0080,   0.0000,    2,    1.6079e-02,  4.0000e-01,     -7.2239e-12,  2.0175e-12,      7.2239e-12, -2.0175e-12,
    329,   1.0000,  12.0080,   0.0000,    0,          
    330,  19.0000,  13.0070,   0.0000,    0,          
    331,  18.0000,  13.0070,   0.0000,    0,          
    332,  17.0000,  13.0070,   0.0000,    0,          
    333,  16.0000,  13.0070,   0.0000,    0,          
    334,  15.0000,  13.0070,   0.0000,    0,          
    335,  14.0000,  13.0070,   0.0000,    0,          
    336,  13.0000,  13.0070,   0.0000,    0,          
    337,  12.0000,  13.0070,   0.0000,    0,          
    338,  11.0000,  13.0070,   0.0000,    0,          
    339,  10.0000,  13.0070,   0.0000,    0,          
    340,   9.0000,  13.0070,   0.0000,    0,          
    341,   8.0000,  13.0070,   0.0000,    0,          
    342,   7.0000,  13.0070,   0.0000,    0,          
    343,   6.0000,  13.0070,   0.0000,    0,          
    344,   5.0000,  13.0070,   0.0000,    0,          
    345,   4.0000,  13.0070,   0.0000,    0,          
    346,   3.0000,  13.0070,   0.0000,    0,          
    347,   2.0000,  13.0070,   0.0000,    0,          
    348,   1.0000,  13.0070,   0.0000,    0,          
    349,  19.0000,  14.0060,   0.0000,    0,          
    350,  18.0000,  14.0060,   0.0000,    2,    1.6079e-02,  4.0000e-01,      1.7443e-12, -4.4714e-11,     -1.7443e-12,  4.4714e-11,
    351,  17.0000,  14.0060,   0.0000,    0,          
    352,  16.0000,  14.0060,   0.0000,    2,    1.6079e-02,  4.0000e-01,      3.8893e-12, -6.6495e-11,     -3.8893e-12,  6.6495e-11,
    353,  15.0000,  14.0060,   0.0000,    0,          
    354,  14.0000,  14.0060,   0.0000,    2,    1.6079e-02,  4.0000e-01,     -3.6158e-12,  8.5142e-12,      3.6158e-12, -8.5142e-12,
    355,  13.0000,  14.0060,   0.0000,    0,          
    356,  12.0000,  14.0060,   0.0000,    2,    1.6079e-02,  4.0000e-01,     -2.2330e-13,  3.7156e-13,      2.2330e-13, -3.7156e-13,
    357,  11.0000,  14.0060,   0.0000,    0,          
    358,  10.0000,  14.0060,   0.0000,    2,    1.6079e-02,  4.0000e-01,      9.2308e-12, -6.5894e-12,     -9.2308e-12,  6.5894e-12,
    359,   9.0000,  14.0060,   0.0000,    0,          
    360,   8.0000,  14.0060,   0.0000,    2,    1.6079e-02,  4.0000e-01,      3.0661e-12,  1.5265e-11,     -3.0661e-12, -1.5265e-11,
    361,   7.0000,  14.0060,   0.0000,    0,          
    362,   6.0000,  14.0060,   0.0000,    2,    1.6079e-02,  4.0000e-01,      3.1414e-12,  8.0060e-12,     -3.1414e-12, -8.0060e-12,
    363,   5.0000,  14.0060,   0.0000,    0,          
    364,   4.0000,  14.0060,   0.0000,    2,    1.6079e-02,  4.0000e-01,      4.8105e-12, -2.2832e-12,     -4.8105e-12,  2.2832e-12,
    365,   3.0000,  14.0060,   0.0000,    0,          
    366,   2.0000,  14.0060,   0.0000,    2,    1.6079e-02,  4.0000e-01,     -6.6414e-12,  1.8646e-11,      6.6414e-12, -1.8646e-11,
    367,   1.0000,  14.0060,   0.0000,    0,          
    368,  19.0000,  15.0050,   0.0000,    0,          
    369,  18.0000,  15.0050,   0.0000,    0,          
    370,  17.0000,  15.0050,   0.0000,    0,          
    371,  16.0000,  15.0050,   0.0000,    0,          
    372,  15.0000,  15.0050,   0.0000,    0,          
    373,  14.0000,  15.0050,   0.0000,    0,          
    374,  13.0000,  15.0050,   0.0000,    0,          
    375,  12.0000,  15.0050,   0.0000,    0,          
    376,  11.0000,  15.0050,   0.0000,    0,          
    377,  10.0000,  15.0050,   0.0000,    0,          
    378,   9.0000,  15.0050,   0.0000,    0,          
    379,   8.0000,  15.0050,   0.0000,    0,          
    380,   7.0000,  15.0050,   0.0000,    0,          
    381,   6.0000,  15.0050,   0.0000,    0,          
    382,   5.0000,  15.0050,   0.0000,    0,          
    383,   4.0000,  15.0050,   0.0000,    0,          
    384,   3.0000,  15.0050,   0.0000,    0,          
    385,   2.0000,  15.0050,   0.0000,    0,          
    386,   1.0000,  15.0050,   0.0000,    0,          
    387,  19.0000,  16.0040,   0.0000,    0,          
    388,  18.0000,  16.0040,   0.0000,    2,    1.6079e-02,  4.0000e-01,      4.2647e-12,  2.2492e-11,     -4.2647e-12, -2.2492e-11,
    389,  17.0000,  16.0040,   0.0000,    0,          
    390,  16.0000,  16.0040,   0.0000,    2,    1.6079e-02,  4.0000e-01,     -1.0740e-11,  6.2503e-11,      1.0740e-11, -6.2503e-11,
    391,  15.0000,  16.0040,   0.0000,    0,          
    392,  14.0000,  16.0040,   0.0000,    2,    1.6079e-02,  4.0000e-01,     -2.9804e-12,  3.7983e-11,      2.9804e-12, -3.7983e-11,
    393,  13.0000,  16.0040,   0.0000,    0,          
    394,  12.0000,  16.0040,   0.0000,    2,    1.6079e-02,  4.0000e-01,     -5.2822e-12, -8.2677e-12,      5.2822e-12,  8.2677e-12,
    395,  11.0000,  16.0040,   0.0000,    0,          
    396,  10.0000,  16.0040,   0.0000,    2,    1.6079e-02,  4.0000e-01,      1.1452e-12, -1.4952e-11,     -1.1452e-12,  1.4952e-11,
    397,   9.0000,  16.0040,   0.0000,    0,          
    398,   8.0000,  16.0040,   0.0000,    2,    1.6079e-02,  4.0000e-01,      1.7949e-12,  4.5008e-12,     -1.7949e-12, -4.5008e-12,
    399,   7.0000,  16.0040,   0.0000,    0,          
    400,   6.0000,  16.0040,   0.0000,    2,    1.6079e-02,  4.0000e-01,     -4.4704e-12, -3.8216e-11,      4.4704e-12,  3.8216e-11,
    401,   5.0000,  16.0040,   0.0000,    0,          
    402,   4.0000,  16.0040,   0.0000,    2,    1.6079e-02,  4.0000e-01,     -2.4969e-12,  3.3472e-11,      2.4969e-12, -3.3472e-11,
    403,   3.0000,  16.0040,   0.0000,    0,          
    404,   2.0000,  16.0040,   0.0000,    2,    1.6079e-02,  4.0000e-01,      7.7763e-12, -2.5963e-11,     -7.7763e-12,  2.5963e-11,
    405,   1.0000,  16.0040,   0.0000,    0,          
    406,  19.0000,  17.0030,   0.0000,    0,          
    407,  18.0000,  17.0030,   0.0000,    0,          
    408,  17.0000,  17.0030,   0.0000,    0,          
    409,  16.0000,  17.0030,   0.0000,    0,          
    410,  15.0000,  17.0030,   0.0000,    0,          
    411,  14.0000,  17.0030,   0.0000,    0,          
    412,  13.0000,  17.0030,   0.0000,    0,          
    413,  12.0000,  17.0030,   0.0000,    0,          
    414,  11.0000,  17.0030,   0.0000,    0,          
    415,  10.0000,  17.0030,   0.0000,    0,          
    416,   9.0000,  17.0030,   0.0000,    0,          
    417,   8.0000,  17.0030,   0.0000,    0,          
    418,   7.0000,  17.0030,   0.0000,    0,          
    419,   6.0000,  17.0030,   0.0000,    0,          
    420,   5.0000,  17.0030,   0.0000,    0,          
    421,   4.0000,  17.0030,   0.0000,    0,          
    422,   3.0000,  17.0030,   0.0000,    0,          
    423,   2.0000,  17.0030,   0.0000,    0,          
    424,   1.0000,  17.0030,   0.0000,    0,          
    425,  19.0000,  18.0020,   0.0000,    0,          
    426,  18.0000,  18.0020,   0.0000,    2,    1.6078e-02,  4.0000e-01,     -4.1534e-12,  1.8621e-11,      7.2760e-12, -5.8208e-11,
    427,  17.0000,  18.0020,   0.0000,    0,          
    428,  16.0000,  18.0020,   0.0000,    2,    1.6078e-02,  4.0000e-01,     -2.0817e-12, -1.9500e-11,      0.0000e+00,  5.8208e-11,
    429,  15.0000,  18.0020,   0.0000,    0,          
    430,  14.0000,  18.0020,   0.0000,    2,    1.6079e-02,  4.0000e-01,      6.7505e-14, -2.5721e-11,      0.0000e+00,  2.9104e-11,
    431,  13.0000,  18.0020,   0.0000,    0,          
    432,  12.0000,  18.0020,   0.0000,    2,    1.6079e-02,  4.0000e-01,      4.3933e-12, -3.2525e-11,     -7.2760e-12,  2.9104e-11,
    433,  11.0000,  18.0020,   0.0000,    0,          
    434,  10.0000,  18.0020,   0.0000,    2,    1.6079e-02,  4.0000e-01,      1.5494e-12, -3.0085e-11,      0.0000e+00,  0.0000e+00,
    435,   9.0000,  18.0020,   0.0000,    0,          
    436,   8.0000,  18.0020,   0.0000,    2,    1.6079e-02,  4.0000e-01,      7.0493e-12, -2.5607e-11,     -7.2760e-12,  0.0000e+00,
    437,   7.0000,  18.0020,   0.0000,    0,          
    438,   6.0000,  18.0020,   0.0000,    2,    1.6079e-02,  4.0000e-01,     -1.2324e-11,  3.1468e-11,      1.4552e-11, -2.9104e-11,
    439,   5.0000,  18.0020,   0.0000,    0,          
    440,   4.0000,  18.0020,   0.0000,    2,    1.6079e-02,  4.0000e-01,      8.5716e-13, -3.1331e-11,      0.0000e+00,  2.9104e-11,
    441,   3.0000,  18.0020,   0.0000,    0,          
    442,   2.0000,  18.0020,   0.0000,    2,    1.6079e-02,  4.0000e-01,     -7.7145e-12, -3.6182e-11,      7.2760e-12,  0.0000e+00,
    443,   1.0000,  18.0020,   0.0000,    0,          
    444,  19.0000,  19.0010,   0.0000,    0,          
    445,  18.0000,  19.0010,   0.0000,    0,          
    446,  17.0000,  19.0010,   0.0000,    0,          
    447,  16.0000,  19.0010,   0.0000,    0,          
    448,  15.0000,  19.0010,   0.0000,    0,          
    449,  14.0000,  19.0010,   0.0000,    0,          
    450,  13.0000,  19.0010,   0.0000,    0,          
    451,  12.0000,  19.0010,   0.0000,    0,          
    452,  11.0000,  19.0010,   0.0000,    0,          
    453,  10.0000,  19.0010,   0.0000,    0,          
    454,   9.0000,  19.0010,   0.0000,    0,          
    455,   8.0000,  19.0010,   0.0000,    0,          
    456,   7.0000,  19.0010,   0.0000,    0,          
    457,   6.0000,  19.0010,   0.0000,    0,          
    458,   5.0000,  19.0010,   0.0000,    0,          
    459,   4.0000,  19.0010,   0.0000,    0,          
    460,   3.0000,  19.0010,   0.0000,    0,          
    461,   2.0000,  19.0010,   0.0000,    0,          
    462,   1.0000,  19.0010,   0.0000,    0,          
   4630,   7.0000,   7.0000,   0.0000,    3,    1.8705e-01,  2.4915e-01,  9.4595e-04,     -1.2660e-09, -1.6915e-09, -3.5983e-13,      1.2660e-09,  1.6915e-09,  3.5983e-13,
   4635,   7.6000,   7.8000,   0.0000,    3,    1.8731e-01,  2.4957e-01, -5.7309e-04,     -2.4254e-09, -3.2441e-09, -9.0731e-14,      2.4254e-09,  3.2441e-09,  9.0731e-14,
   4640,   8.2000,   8.6000,   0.0000,    3,    1.8916e-01,  2.5004e-01, -9.0106e-03,     -2.1222e-09, -2.8286e-09,  4.2751e-13,      2.1222e-09,  2.8286e-09, -4.2751e-13,
   4645,   8.8000,   9.4000,   0.0000,    3,    2.0415e-01,  2.4188e-01, -1.2595e-01,     -1.8324e-09, -2.4363e-09, -3.6011e-13,      1.8324e-09,  2.4363e-09,  3.6011e-13,
   4650,   9.4000,  10.2000,   0.0000,    3,   -4.7312e-03,  4.0257e-01, -1.2595e-01,      2.6881e-10,  3.6452e-10, -2.6650e-13,     -2.6881e-10, -3.6452e-10,  2.6650e-13,
   4655,  10.0000,  11.0000,   0.0000,    3,    1.0279e-02,  3.9444e-01, -9.0154e-03,     -2.7580e-12,  2.0809e-12, -2.4032e-13,      2.7580e-12, -2.0809e-12,  2.4032e-13,
   4660,  10.6000,  11.8000,   0.0000,    3,    1.2289e-02,  3.9510e-01, -6.4382e-04,     -3.6427e-12,  2.7138e-12, -4.1082e-14,      3.6427e-12, -2.7138e-12,  4.1082e-14,
   4665,  11.2000,  12.6000,   0.0000,    3,    1.3060e-02,  3.9598e-01, -4.5726e-05,     -4.2123e-12,  3.1222e-12, -6.3179e-13,      4.2123e-12, -3.1222e-12,  6.3179e-13,
   4670,  11.8000,  13.4000,   0.0000,    3,    1.3515e-02,  3.9658e-01, -3.0524e-06,     -1.1830e-12,  7.2800e-13, -8.2778e-14,      1.1830e-12, -7.2800e-13,  8.2778e-14,
   4675,  12.4000,  14.2000,   0.0000,    3,    1.3765e-02,  3.9691e-01, -1.6916e-08,      1.3211e-12, -1.1058e-12,  1.2103e-13,     -1.3211e-12,  1.1058e-12, -1.2103e-13,
   4680,  13.0000,  15.0000,   0.0000,    3,    1.3845e-02,  3.9702e-01,  7.9345e-07,      1.0041e-12, -7.6160e-13,  1.8968e-13,     -1.0041e-12,  7.6160e-13, -1.8968e-13,
  10010,   0.0000,   0.0000,   0.0000,    1,    3.1167e-01,     -8.2768e-09,      8.2768e-09,
  10015,   0.0000,   0.0000,   0.0000,    1,    3.1266e-01,     -7.5875e-09,      7.5875e-09,
  10020,   0.0000,   0.0000,   0.0000,    1,    3.1464e-01,     -6.2516e-09,      6.2516e-09,
  10025,   0.0000,   0.0000,   0.0000,    1,    3.1760e-01,     -2.4745e-09,      2.4745e-09,
  10030,   0.0000,   0.0000,   0.0000,    1,    3.2058e-01,     -3.5541e-14,      3.5541e-14,
  10035,   0.0000,   0.0000,   0.0000,    1,    3.2267e-01,     -1.6757e-14,      1.6757e-14,
  10040,   0.0000,   0.0000,   0.0000,    1,    3.2410e-01,      3.8254e-14,     -3.8254e-14,
  10045,   0.0000,   0.0000,   0.0000,    1,    3.2504e-01,      8.0644e-14,     -8.0644e-14,
  10050,   0.0000,   0.0000,   0.0000,    1,    3.2562e-01,      1.7393e-13,     -1.7393e-13,
  10055,   0.0000,   0.0000,   0.0000,    1,    3.2589e-01,      1.2206e-14,     -1.2206e-14,
