ConFem  ../DataExamples/E08/E8-03
symmetric system True, used LinAlg2 True, used ConFemMatC True, used CaeFemElemC True
ndofs 296, elems 130, active nodes 153, abs.size 6.06 MItems, rel.size 0.0708 (abs.size/(ndofs**2)
used element CP*4 [char. length, scaling type, scaling factor] span from el 1,1.999,-1,1.000 to el 100,1.999,-1,1.000
used material MAT1, spec. inertial mass 2.50e-09, type ELASTIC
used material FIBER, spec. inertial mass 1.06e-09, type ELASTIC
0 step starts, solution type NR
0   1 1.000 0.00000 iter 0 0.000000e+00 1.000000e+00    0.000000e+00
0   1 1.000 0.02000 iter 1 1.146579e-02 1.000000e+00    4.335198e-02
0   1 1.000 0.02000 iter 2 4.280567e-04 3.883418e-02    4.330190e-02
0   1 1.000 0.02000 iter 3 1.403079e-06 6.750623e-06    4.329161e-02
0   1 1.000 0.02000 iter 4 1.625612e-11 2.589182e-13    4.329156e-02
0   2 1.000 0.02000 iter 0 1.625612e-11 1.000000e+00    0.000000e+00
0   2 1.000 0.04000 iter 1 5.418309e-03 1.000000e+00    4.336415e-02
0   2 1.000 0.04000 iter 2 3.129247e-05 7.367419e-05    4.343054e-02
0   2 1.000 0.04000 iter 3 3.702665e-09 8.965152e-11    4.343150e-02
0   3 1.000 0.04000 iter 0 3.702665e-09 1.000000e+00    0.000000e+00
0   3 1.000 0.06000 iter 1 3.472884e-03 1.000000e+00    4.348946e-02
0   3 1.000 0.06000 iter 2 7.824867e-06 7.060324e-06    4.353039e-02
0   3 1.000 0.06000 iter 3 1.849361e-10 7.111932e-13    4.353066e-02
0   4 1.000 0.06000 iter 0 1.849361e-10 1.000000e+00    0.000000e+00
0   4 1.000 0.08000 iter 1 2.255172e-03 1.000000e+00    4.356657e-02
0   4 1.000 0.08000 iter 2 2.601345e-06 1.222173e-06    4.359374e-02
0   4 1.000 0.08000 iter 3 2.237241e-11 1.814387e-14    4.359383e-02
0   5 1.000 0.08000 iter 0 2.237241e-11 1.000000e+00    0.000000e+00
0   5 1.000 0.10000 iter 1 1.360636e-03 1.000000e+00    4.361816e-02
0   5 1.000 0.10000 iter 2 9.671492e-07 2.647819e-07    4.363761e-02
0   6 1.000 0.10000 iter 0 9.671492e-07 1.000000e+00    0.000000e+00
0   6 1.000 0.12000 iter 1 7.620949e-04 1.000000e+00    4.365542e-02
0   6 1.000 0.12000 iter 2 3.738128e-07 6.143986e-08    4.367027e-02
0   7 1.000 0.12000 iter 0 3.738128e-07 1.000000e+00    0.000000e+00
0   7 1.000 0.14000 iter 1 8.077505e-04 1.000000e+00    4.368409e-02
0   7 1.000 0.14000 iter 2 1.468741e-07 1.425081e-08    4.369626e-02
0   8 1.000 0.14000 iter 0 1.468741e-07 1.000000e+00    0.000000e+00
0   8 1.000 0.16000 iter 1 1.371879e-03 1.000000e+00    4.370788e-02
0   8 1.000 0.16000 iter 2 8.004699e-08 7.042481e-09    4.371883e-02
0   9 1.000 0.16000 iter 0 8.004699e-08 1.000000e+00    0.000000e+00
0   9 1.000 0.18000 iter 1 2.083466e-03 1.000000e+00    4.372973e-02
0   9 1.000 0.18000 iter 2 2.449263e-07 3.469234e-08    4.374117e-02
0  10 1.000 0.18000 iter 0 2.449263e-07 1.000000e+00    0.000000e+00
0  10 1.000 0.20000 iter 1 2.890867e-03 1.000000e+00    4.375337e-02
0  10 1.000 0.20000 iter 2 9.554155e-07 2.461406e-07    4.376851e-02
0  11 1.000 0.20000 iter 0 9.554155e-07 1.000000e+00    0.000000e+00
0  11 1.000 0.22000 iter 1 2.362484e-03 1.000000e+00    4.378647e-02
0  11 1.000 0.22000 iter 2 7.033447e-07 1.890645e-07    4.377513e-02
0  12 1.000 0.22000 iter 0 7.033447e-07 1.000000e+00    0.000000e+00
0  12 1.000 0.24000 iter 1 1.838679e-03 1.000000e+00    4.377589e-02
0  12 1.000 0.24000 iter 2 9.955672e-07 3.260817e-07    4.378596e-02
0  13 1.000 0.24000 iter 0 9.955672e-07 1.000000e+00    0.000000e+00
0  13 1.000 0.26000 iter 1 2.125074e-03 1.000000e+00    4.379805e-02
0  13 1.000 0.26000 iter 2 7.359066e-07 2.607331e-07    4.380565e-02
0  14 1.000 0.26000 iter 0 7.359066e-07 1.000000e+00    0.000000e+00
0  14 1.000 0.28000 iter 1 1.309762e-03 1.000000e+00    4.379427e-02
0  14 1.000 0.28000 iter 2 2.640731e-07 6.838301e-08    4.378639e-02
0  15 1.000 0.28000 iter 0 2.640731e-07 1.000000e+00    0.000000e+00
0  15 1.000 0.30000 iter 1 1.241058e-03 1.000000e+00    4.379290e-02
0  15 1.000 0.30000 iter 2 1.306922e-06 5.508216e-07    4.380530e-02
0  15 1.000 0.30000 iter 3 3.850340e-11 1.554668e-15    4.380533e-02
0  16 1.000 0.30000 iter 0 3.850340e-11 1.000000e+00    0.000000e+00
0  16 1.000 0.32000 iter 1 1.691435e-03 1.000000e+00    4.382033e-02
0  16 1.000 0.32000 iter 2 4.183217e-06 2.984497e-06    4.384322e-02
0  16 1.000 0.32000 iter 3 7.932202e-11 9.709241e-14    4.384333e-02
0  17 1.000 0.32000 iter 0 7.932202e-11 1.000000e+00    0.000000e+00
0  17 1.000 0.34000 iter 1 1.364873e-03 1.000000e+00    4.387314e-02
0  17 1.000 0.34000 iter 2 1.322049e-06 6.036540e-07    4.387920e-02
0  17 1.000 0.34000 iter 3 6.124831e-11 1.859266e-15    4.387923e-02
0  18 1.000 0.34000 iter 0 6.124831e-11 1.000000e+00    0.000000e+00
0  18 1.000 0.36000 iter 1 1.705581e-03 1.000000e+00    4.388245e-02
0  18 1.000 0.36000 iter 2 2.966685e-06 1.955343e-06    4.389053e-02
0  18 1.000 0.36000 iter 3 5.873527e-11 4.311337e-14    4.389061e-02
0  19 1.000 0.36000 iter 0 5.873527e-11 1.000000e+00    0.000000e+00
0  19 1.000 0.38000 iter 1 1.814162e-03 1.000000e+00    4.390345e-02
0  19 1.000 0.38000 iter 2 6.508568e-06 8.154896e-06    4.395337e-02
0  19 1.000 0.38000 iter 3 1.262055e-10 6.063860e-13    4.395358e-02
0  20 1.000 0.38000 iter 0 1.262055e-10 1.000000e+00    0.000000e+00
0  20 1.000 0.40000 iter 1 1.407395e-03 1.000000e+00    4.399036e-02
0  20 1.000 0.40000 iter 2 6.895681e-06 8.938798e-06    4.402918e-02
0  20 1.000 0.40000 iter 3 2.409980e-10 1.728750e-12    4.402946e-02
0  21 1.000 0.40000 iter 0 2.409980e-10 1.000000e+00    0.000000e+00
0  21 1.000 0.42000 iter 1 2.244458e-03 1.000000e+00    4.408247e-02
0  21 1.000 0.42000 iter 2 4.166174e-05 1.261520e-04    4.418769e-02
0  21 1.000 0.42000 iter 3 1.914442e-08 1.228994e-09    4.419019e-02
0  22 1.000 0.42000 iter 0 1.914442e-08 1.000000e+00    0.000000e+00
0  22 1.000 0.44000 iter 1 3.006167e-03 1.000000e+00    4.436315e-02
0  22 1.000 0.44000 iter 2 1.659704e-04 1.270776e-03    4.464947e-02
0  22 1.000 0.44000 iter 3 6.623124e-07 3.155186e-07    4.466821e-02
0  23 1.000 0.44000 iter 0 6.623124e-07 1.000000e+00    0.000000e+00
0  23 1.000 0.46000 iter 1 4.424448e-03 1.000000e+00    4.521963e-02
0  23 1.000 0.46000 iter 2 7.573860e-05 4.272598e-04    4.626513e-02
0  23 1.000 0.46000 iter 3 1.273107e-08 1.188285e-09    4.625837e-02
0  24 1.000 0.46000 iter 0 1.273107e-08 1.000000e+00    0.000000e+00
0  24 1.000 0.48000 iter 1 5.738997e-04 1.000000e+00    4.678702e-02
0  24 1.000 0.48000 iter 2 1.456528e-09 1.675562e-08    4.675341e-02
0  25 1.000 0.48000 iter 0 1.456528e-09 1.000000e+00    0.000000e+00
0  25 1.000 0.50000 iter 1 7.649988e-05 1.000000e+00    4.677150e-02
0  25 1.000 0.50000 iter 2 8.019595e-10 4.604904e-09    4.678964e-02
Element data written 0.500000
Nodal data written 0.500000
0  26 1.000 0.50000 iter 0 8.019595e-10 1.000000e+00    0.000000e+00
0  26 1.000 0.52000 iter 1 7.607061e-05 1.000000e+00    4.680783e-02
0  26 1.000 0.52000 iter 2 7.883982e-10 3.527962e-09    4.682607e-02
0  27 1.000 0.52000 iter 0 7.883982e-10 1.000000e+00    0.000000e+00
0  27 1.000 0.54000 iter 1 7.560367e-05 1.000000e+00    4.684435e-02
0  27 1.000 0.54000 iter 2 7.757187e-10 2.835835e-09    4.686267e-02
0  28 1.000 0.54000 iter 0 7.757187e-10 1.000000e+00    0.000000e+00
0  28 1.000 0.56000 iter 1 7.509779e-05 1.000000e+00    4.688102e-02
0  28 1.000 0.56000 iter 2 7.605368e-10 2.351810e-09    4.689941e-02
0  29 1.000 0.56000 iter 0 7.605368e-10 1.000000e+00    0.000000e+00
0  29 1.000 0.58000 iter 1 7.455168e-05 1.000000e+00    4.691784e-02
0  29 1.000 0.58000 iter 2 7.440997e-10 1.992874e-09    4.693629e-02
0  30 1.000 0.58000 iter 0 7.440997e-10 1.000000e+00    0.000000e+00
0  30 1.000 0.60000 iter 1 7.396409e-05 1.000000e+00    4.695477e-02
0  30 1.000 0.60000 iter 2 7.262428e-10 1.715034e-09    4.697326e-02
0  31 1.000 0.60000 iter 0 7.262428e-10 1.000000e+00    0.000000e+00
0  31 1.000 0.62000 iter 1 7.333375e-05 1.000000e+00    4.699178e-02
0  31 1.000 0.62000 iter 2 7.116911e-10 1.492833e-09    4.701031e-02
0  32 1.000 0.62000 iter 0 7.116911e-10 1.000000e+00    0.000000e+00
0  32 1.000 0.64000 iter 1 7.265941e-05 1.000000e+00    4.702886e-02
0  32 1.000 0.64000 iter 2 6.913044e-10 1.310458e-09    4.704741e-02
0  33 1.000 0.64000 iter 0 6.913044e-10 1.000000e+00    0.000000e+00
0  33 1.000 0.66000 iter 1 7.193984e-05 1.000000e+00    4.706597e-02
0  33 1.000 0.66000 iter 2 6.736630e-10 1.157793e-09    4.708452e-02
0  34 1.000 0.66000 iter 0 6.736630e-10 1.000000e+00    0.000000e+00
0  34 1.000 0.68000 iter 1 7.117384e-05 1.000000e+00    4.710309e-02
0  34 1.000 0.68000 iter 2 6.540775e-10 1.027586e-09    4.712163e-02
0  35 1.000 0.68000 iter 0 6.540775e-10 1.000000e+00    0.000000e+00
0  35 1.000 0.70000 iter 1 7.036023e-05 1.000000e+00    4.714017e-02
0  35 1.000 0.70000 iter 2 6.303969e-10 9.151252e-10    4.715868e-02
0  36 1.000 0.70000 iter 0 6.303969e-10 1.000000e+00    0.000000e+00
0  36 1.000 0.72000 iter 1 6.949788e-05 1.000000e+00    4.717719e-02
0  36 1.000 0.72000 iter 2 6.055772e-10 8.168286e-10    4.719565e-02
0  37 1.000 0.72000 iter 0 6.055772e-10 1.000000e+00    0.000000e+00
0  37 1.000 0.74000 iter 1 6.858568e-05 1.000000e+00    4.721411e-02
0  37 1.000 0.74000 iter 2 5.846427e-10 7.300765e-10    4.723251e-02
0  38 1.000 0.74000 iter 0 5.846427e-10 1.000000e+00    0.000000e+00
0  38 1.000 0.76000 iter 1 6.762259e-05 1.000000e+00    4.725089e-02
0  38 1.000 0.76000 iter 2 5.614712e-10 6.529286e-10    4.726920e-02
0  39 1.000 0.76000 iter 0 5.614712e-10 1.000000e+00    0.000000e+00
0  39 1.000 0.78000 iter 1 6.660762e-05 1.000000e+00    4.728750e-02
0  39 1.000 0.78000 iter 2 5.421475e-10 5.838602e-10    4.730571e-02
0  40 1.000 0.78000 iter 0 5.421475e-10 1.000000e+00    0.000000e+00
0  40 1.000 0.80000 iter 1 6.553985e-05 1.000000e+00    4.732389e-02
0  40 1.000 0.80000 iter 2 5.152408e-10 5.216911e-10    4.734197e-02
0  41 1.000 0.80000 iter 0 5.152408e-10 1.000000e+00    0.000000e+00
0  41 1.000 0.82000 iter 1 6.441843e-05 1.000000e+00    4.736002e-02
0  41 1.000 0.82000 iter 2 4.935009e-10 4.655409e-10    4.737795e-02
0  42 1.000 0.82000 iter 0 4.935009e-10 1.000000e+00    0.000000e+00
0  42 1.000 0.84000 iter 1 6.324259e-05 1.000000e+00    4.739585e-02
0  42 1.000 0.84000 iter 2 4.642958e-10 4.146314e-10    4.741361e-02
0  43 1.000 0.84000 iter 0 4.642958e-10 1.000000e+00    0.000000e+00
0  43 1.000 0.86000 iter 1 6.201165e-05 1.000000e+00    4.743133e-02
0  43 1.000 0.86000 iter 2 4.432580e-10 3.684216e-10    4.744890e-02
0  44 1.000 0.86000 iter 0 4.432580e-10 1.000000e+00    0.000000e+00
0  44 1.000 0.88000 iter 1 6.072503e-05 1.000000e+00    4.746642e-02
0  44 1.000 0.88000 iter 2 4.174320e-10 3.264187e-10    4.748377e-02
0  45 1.000 0.88000 iter 0 4.174320e-10 1.000000e+00    0.000000e+00
0  45 1.000 0.90000 iter 1 5.938226e-05 1.000000e+00    4.750106e-02
0  45 1.000 0.90000 iter 2 3.969475e-10 2.881961e-10    4.751818e-02
0  46 1.000 0.90000 iter 0 3.969475e-10 1.000000e+00    0.000000e+00
0  46 1.000 0.92000 iter 1 5.798297e-05 1.000000e+00    4.753522e-02
0  46 1.000 0.92000 iter 2 3.706824e-10 2.534175e-10    4.755207e-02
0  47 1.000 0.92000 iter 0 3.706824e-10 1.000000e+00    0.000000e+00
0  47 1.000 0.94000 iter 1 5.652694e-05 1.000000e+00    4.756883e-02
0  47 1.000 0.94000 iter 2 3.447322e-10 2.218605e-10    4.758539e-02
0  48 1.000 0.94000 iter 0 3.447322e-10 1.000000e+00    0.000000e+00
0  48 1.000 0.96000 iter 1 5.501406e-05 1.000000e+00    4.760185e-02
0  48 1.000 0.96000 iter 2 3.229617e-10 1.932353e-10    4.761809e-02
0  49 1.000 0.96000 iter 0 3.229617e-10 1.000000e+00    0.000000e+00
0  49 1.000 0.98000 iter 1 5.344436e-05 1.000000e+00    4.763422e-02
0  49 1.000 0.98000 iter 2 2.996399e-10 1.673282e-10    4.765012e-02
0  50 1.000 0.98000 iter 0 2.996399e-10 1.000000e+00    0.000000e+00
0  50 1.000 1.00000 iter 1 5.181803e-05 1.000000e+00    4.766590e-02
0  50 1.000 1.00000 iter 2 2.844332e-10 1.439830e-10    4.768142e-02
Element data written 1.000000
Nodal data written 1.000000
Restart data written 1.000000
last iteration data
   39, 0.7800,    2
   40, 0.8000,    2
   41, 0.8200,    2
   42, 0.8400,    2
   43, 0.8600,    2
   44, 0.8800,    2
   45, 0.9000,    2
   46, 0.9200,    2
   47, 0.9400,    2
   48, 0.9600,    2
   49, 0.9800,    2
   50, 1.0000,    2
last timeout data
   39, 0.156000, 0.04
   40, 0.160000, 0.04
   41, 0.164000, 0.04
   42, 0.168000, 0.04
   43, 0.172000, 0.04
   44, 0.176000, 0.04
   45, 0.180000, 0.04
   46, 0.184000, 0.04
   47, 0.188000, 0.04
   48, 0.192000, 0.04
   49, 0.196000, 0.04
   50, 0.200000, 0.04
reached time 1.0000
total comp time 3 seconds
