             x       y     sig_x   sig_y  sig_xy     phi_c  sig_c     rho_x  rho_y      as_x    as_y
  0.3943  0.3943 rhox iteration   1
     1  0.3943  0.3943     0.406  -6.343   0.293  -1.52460  -6.36    0.0963 0.0750       5.8     4.5
  0.3943  0.1057 rhox iteration   1
     2  0.3943  0.1057     0.140  -6.396   0.263  -1.52970  -6.41    0.0750 0.0750       4.5     4.5
  0.1057  0.3943 rhox iteration   1
     3  0.1057  0.3943     0.390  -6.418   0.187  -1.54169  -6.42    0.0910 0.0750       5.5     4.5
  0.1057  0.1057 rhox iteration   1
     4  0.1057  0.1057     0.125  -6.472   0.157  -1.54660  -6.48    0.0750 0.0750       4.5     4.5
  0.3943  0.8943 rhox iteration   2
     5  0.3943  0.8943     0.208  -4.657  -0.412   1.48247  -4.69    0.0750 0.0750       4.5     4.5
  0.3943  0.6057 rhox iteration   2
     6  0.3943  0.6057     0.687  -4.561  -1.042   1.34628  -4.80    0.2126 0.0750      12.8     4.5
     7  0.1057  0.8943    -0.107  -6.230  -0.221   1.53482  -6.24    0.0750 0.0750       4.5     4.5
  0.1057  0.6057 rhox iteration   2
     8  0.1057  0.6057     0.372  -6.134  -0.850   1.43312  -6.25    0.1126 0.0750       6.8     4.5
  0.3943  1.3943 rhox iteration   1
     9  0.3943  1.3943     0.004  -3.560  -0.590   1.40654  -3.66    0.0750 0.0750       4.5     4.5
  0.3943  1.1057 rhox iteration   2
    10  0.3943  1.1057     0.198  -3.522  -1.064   1.27737  -3.84    0.1194 0.0750       7.2     4.5
    11  0.1057  1.3943    -0.233  -4.745  -0.512   1.45911  -4.80    0.0750 0.0750       4.5     4.5
  0.1057  1.1057 rhox iteration   2
    12  0.1057  1.1057    -0.039  -4.706  -0.986   1.36421  -4.91    0.0750 0.0750       4.5     4.5
  0.3943  1.8943 rhox iteration   2
    13  0.3943  1.8943    -0.073  -2.589  -0.606   1.34072  -2.73    0.0750 0.0750       4.5     4.5
  0.3943  1.6057 rhox iteration   2
    14  0.3943  1.6057     0.082  -2.558  -0.851   1.24957  -2.84    0.0839 0.0750       5.0     4.5
    15  0.1057  1.8943    -0.196  -3.200  -0.544   1.39699  -3.30    0.0750 0.0750       4.5     4.5
  0.1057  1.6057 rhox iteration   2
    16  0.1057  1.6057    -0.041  -3.169  -0.789   1.32679  -3.37    0.0750 0.0750       4.5     4.5
  0.3943  2.3943 rhox iteration   2
    17  0.3943  2.3943    -0.116  -1.694  -0.540   1.26246  -1.87    0.0750 0.0750       4.5     4.5
  0.3943  2.1057 rhox iteration   2
    18  0.3943  2.1057     0.012  -1.669  -0.624   1.21306  -1.90    0.0750 0.0750       4.5     4.5
    19  0.1057  2.3943    -0.158  -1.905  -0.489   1.31574  -2.03    0.0750 0.0750       4.5     4.5
  0.1057  2.1057 rhox iteration   2
    20  0.1057  2.1057    -0.031  -1.880  -0.573   1.27485  -2.05    0.0750 0.0750       4.5     4.5
  0.3943  2.8943 rhox iteration   2
    21  0.3943  2.8943    -0.137  -0.967  -0.406   1.17344  -1.14    0.0750 0.0750       4.5     4.5
  0.3943  2.6057 rhox iteration   2
    22  0.3943  2.6057    -0.044  -0.948  -0.395   1.17577  -1.11    0.0750 0.0750       4.5     4.5
  0.1057  2.8943 rhox iteration   1
    23  0.1057  2.8943    -0.132  -0.941  -0.368   1.19760  -1.08    0.0750 0.0750       4.5     4.5
  0.1057  2.6057 rhox iteration   2
    24  0.1057  2.6057    -0.039  -0.922  -0.358   1.20053  -1.06    0.0750 0.0750       4.5     4.5
    25  0.3943  3.3943    -0.130  -0.458  -0.204   1.12369  -0.56    0.0750 0.0750       4.5     4.5
    26  0.3943  3.1057    -0.083  -0.448  -0.169   1.19695  -0.51    0.0750 0.0750       4.5     4.5
    27  0.1057  3.3943    -0.113  -0.371  -0.185   1.09027  -0.47    0.0750 0.0750       4.5     4.5
    28  0.1057  3.1057    -0.066  -0.362  -0.150   1.17422  -0.42    0.0750 0.0750       4.5     4.5
  0.3943  3.8943 rhox iteration   1
    29  0.3943  3.8943     0.010  -0.174   0.020  -1.45512  -0.18    0.0750 0.0750       4.5     4.5
    30  0.3943  3.6057    -0.066  -0.189   0.013  -1.46989  -0.19    0.0750 0.0750       4.5     4.5
  0.1057  3.8943 rhox iteration   1
    31  0.1057  3.8943     0.007  -0.193  -0.010   1.51668  -0.19    0.0750 0.0750       4.5     4.5
    32  0.1057  3.6057    -0.070  -0.208  -0.018   1.44275  -0.21    0.0750 0.0750       4.5     4.5
  0.8943  0.3943 rhox iteration   4
    33  0.8943  0.3943     1.272  -1.290  -1.022   0.90082  -2.10    0.4785 0.0750      28.7     4.5
    34  0.8943  0.1057     1.644  -1.216  -2.502   0.78540  -5.00    0.9530 0.2958      57.2    17.7
  0.6057  0.3943 rhox iteration   2
    35  0.6057  0.3943     0.532  -4.991  -0.873   1.39757  -5.14    0.1574 0.0750       9.4     4.5
  0.6057  0.1057 rhox iteration   3
    36  0.6057  0.1057     0.903  -4.916  -2.354   1.12432  -6.04    0.4667 0.0750      28.0     4.5
  0.8943  0.8943 rhox iteration   3
    37  0.8943  0.8943     0.391  -1.959  -1.341   0.97057  -2.88    0.3008 0.0750      18.0     4.5
    38  0.8943  0.6057     0.861  -1.865  -1.984   0.78540  -3.97    0.6540 0.0750      39.2     4.5
  0.6057  0.8943 rhox iteration   2
    39  0.6057  0.8943     0.069  -3.567  -1.153   1.25828  -3.94    0.1015 0.0750       6.1     4.5
  0.6057  0.6057 rhox iteration   3
    40  0.6057  0.6057     0.540  -3.473  -1.796   1.09356  -4.40    0.3375 0.0750      20.3     4.5
  0.8943  1.3943 rhox iteration   3
    41  0.8943  1.3943    -0.023  -1.863  -1.437   0.91365  -2.97    0.2497 0.0750      15.0     4.5
    42  0.8943  1.1057     0.181  -1.822  -1.830   0.78540  -3.66    0.4623 0.0750      27.7     4.5
  0.6057  1.3943 rhox iteration   2
    43  0.6057  1.3943    -0.219  -2.844  -1.356   1.12597  -3.49    0.0982 0.0750       5.9     4.5
  0.6057  1.1057 rhox iteration   3
    44  0.6057  1.1057    -0.015  -2.803  -1.748   1.01319  -3.89    0.2472 0.0750      14.8     4.5
  0.8943  1.8943 rhox iteration   3
    45  0.8943  1.8943    -0.204  -1.553  -1.419   0.83054  -2.85    0.2511 0.0750      15.1     4.5
    46  0.8943  1.6057    -0.073  -1.527  -1.677   0.78540  -3.35    0.3687 0.0750      22.1     4.5
  0.6057  1.8943 rhox iteration   2
    47  0.6057  1.8943    -0.333  -2.199  -1.367   1.01467  -3.05    0.1187 0.0750       7.1     4.5
  0.6057  1.6057 rhox iteration   3
    48  0.6057  1.6057    -0.203  -2.173  -1.625   0.92863  -3.39    0.2328 0.0750      14.0     4.5
    49  0.8943  2.3943    -0.321  -1.155  -1.239   0.78540  -2.48    0.2110 0.0750      12.7     4.5
    50  0.8943  2.1057    -0.206  -1.132  -1.393   0.78540  -2.79    0.2730 0.0750      16.4     4.5
  0.6057  2.3943 rhox iteration   3
    51  0.6057  2.3943    -0.398  -1.541  -1.193   0.91218  -2.46    0.1206 0.0750       7.2     4.5
  0.6057  2.1057 rhox iteration   3
    52  0.6057  2.1057    -0.283  -1.518  -1.347   0.84496  -2.71    0.2098 0.0750      12.6     4.5
    53  0.8943  2.8943    -0.403  -0.742  -0.929   0.78540  -1.86    0.1210 0.0750       7.3     4.5
    54  0.8943  2.6057    -0.308  -0.723  -1.017   0.78540  -2.03    0.1628 0.0750       9.8     4.5
  0.6057  2.8943 rhox iteration   3
    55  0.6057  2.8943    -0.447  -0.961  -0.891   0.82299  -1.79    0.0874 0.0750       5.2     4.5
    56  0.6057  2.6057    -0.352  -0.942  -0.979   0.78540  -1.96    0.1441 0.0750       8.6     4.5
    57  0.8943  3.3943    -0.414  -0.381  -0.538   0.78540  -1.08    0.0750 0.0750       4.5     4.5
    58  0.8943  3.1057    -0.376  -0.374  -0.588   0.78540  -1.18    0.0750 0.0750       4.5     4.5
    59  0.6057  3.3943    -0.439  -0.506  -0.523   0.78540  -1.05    0.0750 0.0750       4.5     4.5
    60  0.6057  3.1057    -0.401  -0.498  -0.573   0.78540  -1.15    0.0750 0.0750       4.5     4.5
    61  0.8943  3.8943    -0.153  -0.128  -0.132   0.73760  -0.27    0.0750 0.0750       4.5     4.5
    62  0.8943  3.6057    -0.323  -0.162  -0.154   0.54389  -0.42    0.0750 0.0750       4.5     4.5
    63  0.6057  3.8943    -0.164  -0.183  -0.200   0.78540  -0.40    0.0750 0.0750       4.5     4.5
    64  0.6057  3.6057    -0.334  -0.217  -0.222   0.65613  -0.51    0.0750 0.0750       4.5     4.5
    65  1.3943  0.3943     1.627  -0.216  -0.617   0.78540  -1.23    0.5158 0.0922      30.9     5.5
    66  1.3943  0.1057     3.300   0.119  -0.526   0.78540  -1.05    0.8795 0.1483      52.8     8.9
    67  1.1057  0.3943     1.673   0.011   0.053  -0.78540  -0.11    0.3966 0.0750      23.8     4.5
    68  1.1057  0.1057     3.345   0.346   0.143  -0.78540  -0.29    0.8019 0.1123      48.1     6.7
    69  1.3943  0.8943     0.558  -0.443  -1.289   0.78540  -2.58    0.4246 0.1945      25.5    11.7
    70  1.3943  0.6057     0.890  -0.377  -1.569   0.78540  -3.14    0.5653 0.2740      33.9    16.4
    71  1.1057  0.8943     0.418  -1.142  -1.156   0.78540  -2.31    0.3619 0.0750      21.7     4.5
    72  1.1057  0.6057     0.751  -1.076  -1.436   0.78540  -2.87    0.5026 0.0827      30.2     5.0
    73  1.3943  1.3943     0.011  -0.735  -1.666   0.78540  -3.33    0.3856 0.2139      23.1    12.8
    74  1.3943  1.1057     0.295  -0.679  -1.903   0.78540  -3.81    0.5051 0.2814      30.3    16.9
    75  1.1057  1.3943    -0.107  -1.327  -1.553   0.78540  -3.11    0.3323 0.0750      19.9     4.5
    76  1.1057  1.1057     0.176  -1.271  -1.789   0.78540  -3.58    0.4519 0.1193      27.1     7.2
    77  1.3943  1.8943    -0.360  -0.775  -1.759   0.78540  -3.52    0.3216 0.2261      19.3    13.6
    78  1.3943  1.6057    -0.159  -0.735  -1.936   0.78540  -3.87    0.4086 0.2761      24.5    16.6
    79  1.1057  1.8943    -0.448  -1.219  -1.678   0.78540  -3.36    0.2827 0.1055      17.0     6.3
    80  1.1057  1.6057    -0.248  -1.179  -1.856   0.78540  -3.71    0.3697 0.1556      22.2     9.3
    81  1.3943  2.3943    -0.631  -0.655  -1.624   0.78540  -3.25    0.2282 0.2226      13.7    13.4
    82  1.3943  2.1057    -0.460  -0.621  -1.753   0.78540  -3.51    0.2974 0.2603      17.8    15.6
    83  1.1057  2.3943    -0.696  -0.980  -1.555   0.78540  -3.11    0.1975 0.1322      11.8     7.9
    84  1.1057  2.1057    -0.525  -0.946  -1.685   0.78540  -3.37    0.2667 0.1699      16.0    10.2
    85  1.3943  2.8943    -0.817  -0.445  -1.289   0.78540  -2.58    0.1086 0.1942       6.5    11.6
    86  1.3943  2.6057    -0.689  -0.419  -1.382   0.78540  -2.76    0.1593 0.2213       9.6    13.3
    87  1.1057  2.8943    -0.863  -0.676  -1.238   0.78540  -2.48    0.0863 0.1292       5.2     7.8
    88  1.1057  2.6057    -0.735  -0.651  -1.331   0.78540  -2.66    0.1369 0.1564       8.2     9.4
  1.3943  3.3943 rhoy iteration   3
    89  1.3943  3.3943    -0.855  -0.229  -0.820   0.76446  -1.64    0.0750 0.1281       4.5     7.7
    90  1.3943  3.1057    -0.827  -0.223  -0.880   0.78540  -1.76    0.0750 0.1510       4.5     9.1
  1.1057  3.3943 rhoy iteration   3
    91  1.1057  3.3943    -0.885  -0.379  -0.808   0.74041  -1.62    0.0750 0.0828       4.5     5.0
    92  1.1057  3.1057    -0.857  -0.373  -0.869   0.78540  -1.74    0.0750 0.1139       4.5     6.8
  1.3943  3.8943 rhoy iteration   2
    93  1.3943  3.8943    -0.636  -0.080  -0.259   0.38647  -0.74    0.0750 0.0750       4.5     4.5
  1.3943  3.6057 rhoy iteration   1
    94  1.3943  3.6057    -0.788  -0.110  -0.297   0.36078  -0.90    0.0750 0.0750       4.5     4.5
    95  1.1057  3.8943    -0.655  -0.175  -0.319   0.46320  -0.81    0.0750 0.0750       4.5     4.5
    96  1.1057  3.6057    -0.807  -0.206  -0.358   0.43598  -0.97    0.0750 0.0750       4.5     4.5
    97  1.8943  0.3943     2.526  -0.136  -0.450   0.78540  -0.90    0.6840 0.0750      41.0     4.5
    98  1.8943  0.1057     3.720   0.103  -0.443   0.78540  -0.89    0.9571 0.1257      57.4     7.5
  1.6057  0.3943 rhox iteration   3
    99  1.6057  0.3943     2.529  -0.120   0.028  -1.34212  -0.13    0.5828 0.0750      35.0     4.5
   100  1.6057  0.1057     3.723   0.118   0.034  -0.78540  -0.07    0.8636 0.0750      51.8     4.5
   101  1.8943  0.8943     1.068  -0.146  -1.077   0.78540  -2.15    0.4932 0.2141      29.6    12.8
   102  1.8943  0.6057     1.858   0.012  -1.062   0.78540  -2.12    0.6713 0.2468      40.3    14.8
   103  1.6057  0.8943     1.076  -0.107  -0.761   0.78540  -1.52    0.4224 0.1503      25.3     9.0
   104  1.6057  0.6057     1.866   0.051  -0.746   0.78540  -1.49    0.6004 0.1831      36.0    11.0
   105  1.8943  1.3943     0.207  -0.287  -1.594   0.78540  -3.19    0.4141 0.3006      24.8    18.0
   106  1.8943  1.1057     0.631  -0.202  -1.656   0.78540  -3.31    0.5256 0.3342      31.5    20.1
   107  1.6057  1.3943     0.176  -0.441  -1.425   0.78540  -2.85    0.3680 0.2263      22.1    13.6
   108  1.6057  1.1057     0.600  -0.356  -1.486   0.78540  -2.97    0.4796 0.2599      28.8    15.6
   109  1.8943  1.8943    -0.414  -0.421  -1.849   0.78540  -3.70    0.3298 0.3281      19.8    19.7
   110  1.8943  1.6057    -0.075  -0.354  -1.912   0.78540  -3.82    0.4224 0.3583      25.3    21.5
   111  1.6057  1.8943    -0.446  -0.581  -1.713   0.78540  -3.43    0.2913 0.2603      17.5    15.6
   112  1.6057  1.6057    -0.107  -0.513  -1.777   0.78540  -3.55    0.3839 0.2905      23.0    17.4
   113  1.8943  2.3943    -0.917  -0.416  -1.827   0.78540  -3.65    0.2093 0.3243      12.6    19.5
   114  1.8943  2.1057    -0.623  -0.358  -1.883   0.78540  -3.77    0.2895 0.3506      17.4    21.0
   115  1.6057  2.3943    -0.944  -0.555  -1.710   0.78540  -3.42    0.1760 0.2654      10.6    15.9
   116  1.6057  2.1057    -0.651  -0.497  -1.765   0.78540  -3.53    0.2561 0.2917      15.4    17.5
   117  1.8943  2.8943    -1.284  -0.292  -1.531   0.78540  -3.06    0.0750 0.2850       4.5    17.1
   118  1.8943  2.6057    -1.063  -0.248  -1.582   0.78540  -3.16    0.1192 0.3067       7.2    18.4
   119  1.6057  2.8943    -1.309  -0.417  -1.443   0.78540  -2.89    0.0750 0.2359       4.5    14.2
   120  1.6057  2.6057    -1.088  -0.373  -1.494   0.78540  -2.99    0.0932 0.2575       5.6    15.5
  1.8943  3.3943 rhoy iteration   3
   121  1.8943  3.3943    -1.420  -0.129  -0.996   0.61169  -2.12    0.0750 0.1310       4.5     7.9
  1.8943  3.1057 rhoy iteration   3
   122  1.8943  3.1057    -1.350  -0.115  -1.045   0.65857  -2.16    0.0750 0.1595       4.5     9.6
  1.6057  3.3943 rhoy iteration   3
   123  1.6057  3.3943    -1.444  -0.251  -0.968   0.59050  -2.09    0.0750 0.0915       4.5     5.5
  1.6057  3.1057 rhoy iteration   3
   124  1.6057  3.1057    -1.375  -0.237  -1.017   0.63694  -2.13    0.0750 0.1185       4.5     7.1
  1.8943  3.8943 rhoy iteration   1
   125  1.8943  3.8943    -1.314  -0.056  -0.326   0.24356  -1.39    0.0750 0.0750       4.5     4.5
  1.8943  3.6057 rhoy iteration   1
   126  1.8943  3.6057    -1.402  -0.073  -0.365   0.25455  -1.50    0.0750 0.0750       4.5     4.5
   127  1.6057  3.8943    -1.333  -0.152  -0.362   0.27479  -1.43    0.0750 0.0750       4.5     4.5
   128  1.6057  3.6057    -1.421  -0.169  -0.400   0.28438  -1.54    0.0750 0.0750       4.5     4.5
   129  2.3943  0.3943     3.133  -0.128  -0.460   0.78540  -0.92    0.8260 0.0762      49.6     4.6
   130  2.3943  0.1057     4.144   0.074  -0.426   0.78540  -0.85    1.0507 0.1150      63.0     6.9
   131  2.1057  0.3943     3.150  -0.045  -0.055   0.78540  -0.11    0.7369 0.0750      44.2     4.5
   132  2.1057  0.1057     4.161   0.157  -0.022   0.78540  -0.04    0.9616 0.0750      57.7     4.5
   133  2.3943  0.8943     1.674  -0.165  -0.974   0.78540  -1.95    0.6089 0.1862      36.5    11.2
   134  2.3943  0.6057     2.511   0.003  -0.936   0.78540  -1.87    0.7923 0.2158      47.5    12.9
   135  2.1057  0.8943     1.694  -0.068  -0.640   0.78540  -1.28    0.5364 0.1314      32.2     7.9
   136  2.1057  0.6057     2.530   0.099  -0.601   0.78540  -1.20    0.7198 0.1610      43.2     9.7
   137  2.3943  1.3943     0.561  -0.297  -1.460   0.78540  -2.92    0.4646 0.2674      27.9    16.0
   138  2.3943  1.1057     1.166  -0.176  -1.419   0.78540  -2.84    0.5941 0.2857      35.6    17.1
   139  2.1057  1.3943     0.582  -0.194  -1.218   0.78540  -2.44    0.4137 0.2354      24.8    14.1
   140  2.1057  1.1057     1.186  -0.073  -1.177   0.78540  -2.35    0.5433 0.2537      32.6    15.2
   141  2.3943  1.8943    -0.312  -0.478  -1.811   0.78540  -3.62    0.3447 0.3064      20.7    18.4
   142  2.3943  1.6057     0.164  -0.383  -1.771   0.78540  -3.54    0.4448 0.3190      26.7    19.1
   143  2.1057  1.8943    -0.292  -0.377  -1.621   0.78540  -3.24    0.3056 0.2860      18.3    17.2
   144  2.1057  1.6057     0.185  -0.282  -1.580   0.78540  -3.16    0.4057 0.2985      24.3    17.9
   145  2.3943  2.3943    -1.111  -0.573  -1.962   0.78540  -3.92    0.1956 0.3192      11.7    19.2
   146  2.3943  2.1057    -0.644  -0.480  -1.911   0.78540  -3.82    0.2913 0.3290      17.5    19.7
   147  2.1057  2.3943    -1.086  -0.446  -1.775   0.78540  -3.55    0.1585 0.3055       9.5    18.3
   148  2.1057  2.1057    -0.618  -0.353  -1.724   0.78540  -3.45    0.2542 0.3153      15.3    18.9
  2.3943  2.8943 rhoy iteration   3
   149  2.3943  2.8943    -1.778  -0.419  -1.760   0.78034  -3.52    0.0750 0.3044       4.5    18.3
   150  2.3943  2.6057    -1.371  -0.337  -1.738   0.78540  -3.48    0.0845 0.3221       5.1    19.3
  2.1057  2.8943 rhoy iteration   3
   151  2.1057  2.8943    -1.767  -0.364  -1.598   0.73498  -3.21    0.0750 0.2484       4.5    14.9
   152  2.1057  2.6057    -1.360  -0.282  -1.575   0.78540  -3.15    0.0750 0.2973       4.5    17.8
  2.3943  3.3943 rhoy iteration   2
   153  2.3943  3.3943    -2.121  -0.195  -1.162   0.50129  -2.76    0.0750 0.1016       4.5     6.1
  2.3943  3.1057 rhoy iteration   3
   154  2.3943  3.1057    -1.935  -0.158  -1.172   0.54454  -2.64    0.0750 0.1269       4.5     7.6
  2.1057  3.3943 rhoy iteration   2
   155  2.1057  3.3943    -2.125  -0.219  -1.088   0.47300  -2.68    0.0750 0.0777       4.5     4.7
  2.1057  3.1057 rhoy iteration   2
   156  2.1057  3.1057    -1.939  -0.181  -1.097   0.51484  -2.56    0.0750 0.1010       4.5     6.1
  2.3943  3.8943 rhoy iteration   1
   157  2.3943  3.8943    -2.043  -0.020  -0.328   0.15929  -2.10    0.0750 0.0750       4.5     4.5
  2.3943  3.6057 rhoy iteration   1
   158  2.3943  3.6057    -2.125  -0.037  -0.373   0.17384  -2.19    0.0750 0.0750       4.5     4.5
   159  2.1057  3.8943    -2.066  -0.133  -0.361   0.17882  -2.13    0.0750 0.0750       4.5     4.5
   160  2.1057  3.6057    -2.148  -0.149  -0.406   0.19302  -2.23    0.0750 0.0750       4.5     4.5
   161  2.8943  0.3943     3.627  -0.151  -0.445   0.78540  -0.89    0.9362 0.0750      56.2     4.5
   162  2.8943  0.1057     4.618   0.048  -0.417   0.78540  -0.83    1.1575 0.1069      69.5     6.4
  2.6057  0.3943 rhox iteration   4
   163  2.6057  0.3943     3.641  -0.081  -0.049   1.02341  -0.11    0.8439 0.0750      50.6     4.5
   164  2.6057  0.1057     4.632   0.117  -0.021   0.78540  -0.04    1.0696 0.0750      64.2     4.5
   165  2.8943  0.8943     2.166  -0.252  -0.857   0.78540  -1.71    0.6950 0.1391      41.7     8.3
   166  2.8943  0.6057     2.999  -0.085  -0.811   0.78540  -1.62    0.8759 0.1668      52.6    10.0
   167  2.6057  0.8943     2.189  -0.136  -0.524   0.78540  -1.05    0.6237 0.0892      37.4     5.4
   168  2.6057  0.6057     3.022   0.031  -0.478   0.78540  -0.96    0.8046 0.1168      48.3     7.0
   169  2.8943  1.3943     0.966  -0.485  -1.256   0.78540  -2.51    0.5108 0.1774      30.6    10.6
   170  2.8943  1.1057     1.622  -0.353  -1.185   0.78540  -2.37    0.6454 0.1912      38.7    11.5
   171  2.6057  1.3943     1.001  -0.307  -0.994   0.78540  -1.99    0.4586 0.1578      27.5     9.5
   172  2.6057  1.1057     1.658  -0.176  -0.923   0.78540  -1.85    0.5932 0.1717      35.6    10.3
   173  2.8943  1.8943    -0.056  -0.817  -1.635   0.78540  -3.27    0.3631 0.1880      21.8    11.3
   174  2.8943  1.6057     0.497  -0.707  -1.527   0.78540  -3.05    0.4652 0.1886      27.9    11.3
   175  2.6057  1.8943    -0.002  -0.547  -1.414   0.78540  -2.83    0.3248 0.1994      19.5    12.0
   176  2.6057  1.6057     0.551  -0.437  -1.306   0.78540  -2.61    0.4268 0.1999      25.6    12.0
   177  2.8943  2.3943    -1.056  -1.144  -1.971   0.78540  -3.94    0.2102 0.1899      12.6    11.4
   178  2.8943  2.1057    -0.491  -1.031  -1.807   0.78540  -3.61    0.3024 0.1782      18.1    10.7
   179  2.6057  2.3943    -0.974  -0.734  -1.745   0.78540  -3.49    0.1771 0.2322      10.6    13.9
   180  2.6057  2.1057    -0.409  -0.621  -1.581   0.78540  -3.16    0.2693 0.2205      16.2    13.2
  2.8943  2.8943 rhoy iteration   3
   181  2.8943  2.8943    -2.281  -1.241  -2.175   0.76163  -4.36    0.0750 0.1916       4.5    11.5
   182  2.8943  2.6057    -1.513  -1.087  -1.961   0.78540  -3.92    0.1030 0.2009       6.2    12.1
  2.6057  2.8943 rhoy iteration   3
   183  2.6057  2.8943    -2.174  -0.705  -1.868   0.70982  -3.78    0.0750 0.2069       4.5    12.4
   184  2.6057  2.6057    -1.406  -0.552  -1.654   0.78540  -3.31    0.0750 0.2534       4.5    15.2
  2.8943  3.3943 rhoy iteration   2
   185  2.8943  3.3943    -3.025  -0.478  -1.515   0.46445  -3.78    0.0750 0.0750       4.5     4.5
  2.8943  3.1057 rhoy iteration   2
   186  2.8943  3.1057    -2.547  -0.383  -1.481   0.52675  -3.41    0.0750 0.1100       4.5     6.6
  2.6057  3.3943 rhoy iteration   2
   187  2.6057  3.3943    -3.008  -0.394  -1.324   0.41479  -3.59    0.0750 0.0750       4.5     4.5
  2.6057  3.1057 rhoy iteration   2
   188  2.6057  3.1057    -2.530  -0.298  -1.290   0.47162  -3.19    0.0750 0.0828       4.5     5.0
   189  2.8943  3.8943    -2.809  -0.233  -0.361   0.13663  -2.86    0.0750 0.0750       4.5     4.5
   190  2.8943  3.6057    -3.064  -0.284  -0.331   0.11680  -3.10    0.0750 0.0750       4.5     4.5
   191  2.6057  3.8943    -2.794  -0.158  -0.463   0.16882  -2.87    0.0750 0.0750       4.5     4.5
   192  2.6057  3.6057    -3.049  -0.208  -0.433   0.14782  -3.11    0.0750 0.0750       4.5     4.5
   193  3.3943  0.3943     4.002  -0.167  -0.385   0.78540  -0.77    1.0085 0.0750      60.5     4.5
   194  3.3943  0.1057     5.026   0.038  -0.365   0.78540  -0.73    1.2394 0.0926      74.4     5.6
  3.1057  0.3943 rhox iteration   3
   195  3.1057  0.3943     4.012  -0.116   0.025  -1.36194  -0.12    0.9235 0.0750      55.4     4.5
   196  3.1057  0.1057     5.037   0.089   0.045  -0.78540  -0.09    1.1682 0.0750      70.1     4.5
   197  3.3943  0.8943     2.529  -0.334  -0.645   0.78540  -1.29    0.7297 0.0750      43.8     4.5
   198  3.3943  0.6057     3.352  -0.169  -0.610   0.78540  -1.22    0.9109 0.1014      54.7     6.1
   199  3.1057  0.8943     2.547  -0.247  -0.316   0.78540  -0.63    0.6581 0.0750      39.5     4.5
   200  3.1057  0.6057     3.369  -0.083  -0.281   0.78540  -0.56    0.8392 0.0750      50.4     4.5
   201  3.3943  1.3943     1.322  -0.685  -0.908   0.78540  -1.82    0.5126 0.0750      30.8     4.5
   202  3.3943  1.1057     1.969  -0.556  -0.844   0.78540  -1.69    0.6465 0.0750      38.8     4.5
   203  3.1057  1.3943     1.354  -0.526  -0.649   0.78540  -1.30    0.4605 0.0750      27.6     4.5
   204  3.1057  1.1057     2.001  -0.396  -0.585   0.78540  -1.17    0.5944 0.0750      35.7     4.5
  3.3943  1.8943 rhox iteration   4
   205  3.3943  1.8943     0.295  -1.218  -1.213   0.78731  -2.43    0.3456 0.0750      20.7     4.5
  3.3943  1.6057 rhox iteration   4
   206  3.3943  1.6057     0.824  -1.112  -1.098   0.79150  -2.20    0.4388 0.0750      26.3     4.5
   207  3.1057  1.8943     0.352  -0.931  -1.002   0.78540  -2.00    0.3112 0.0750      18.7     4.5
   208  3.1057  1.6057     0.881  -0.825  -0.887   0.78540  -1.77    0.4064 0.0750      24.4     4.5
  3.3943  2.3943 rhox iteration   3
   209  3.3943  2.3943    -0.725  -1.913  -1.617   0.86883  -3.28    0.1476 0.0750       8.9     4.5
  3.3943  2.1057 rhox iteration   3
   210  3.3943  2.1057    -0.195  -1.806  -1.407   0.90914  -2.90    0.2070 0.0750      12.4     4.5
   211  3.1057  2.3943    -0.620  -1.386  -1.405   0.78540  -2.81    0.1805 0.0750      10.8     4.5
  3.1057  2.1057 rhox iteration   3
   212  3.1057  2.1057    -0.090  -1.280  -1.195   0.81993  -2.39    0.2356 0.0750      14.1     4.5
   213  3.3943  2.8943    -1.989  -2.719  -2.230   0.86652  -4.61    0.0750 0.0750       4.5     4.5
   214  3.3943  2.6057    -1.291  -2.579  -1.818   0.95566  -3.86    0.0750 0.0750       4.5     4.5
   215  3.1057  2.8943    -1.783  -1.691  -1.951   0.78540  -3.90    0.0750 0.0750       4.5     4.5
  3.1057  2.6057 rhox iteration   3
   216  3.1057  2.6057    -1.085  -1.551  -1.539   0.78919  -3.08    0.1017 0.0750       6.1     4.5
   217  3.3943  3.3943    -4.686  -3.258  -3.156   0.67408  -7.21    0.0750 0.0750       4.5     4.5
   218  3.3943  3.1057    -2.899  -2.900  -2.418   0.78554  -5.32    0.0750 0.0750       4.5     4.5
   219  3.1057  3.3943    -4.318  -1.415  -2.441   0.51710  -5.71    0.0750 0.0750       4.5     4.5
  3.1057  3.1057 rhoy iteration   2
   220  3.1057  3.1057    -2.530  -1.057  -1.703   0.59250  -3.68    0.0750 0.0750       4.5     4.5
  3.3943  3.8943 rhoy iteration   2
   221  3.3943  3.8943    -3.802   0.396  -0.451   0.11820  -3.86    0.0750 0.1033       4.5     6.2
  3.3943  3.6057 rhoy iteration   2
   222  3.3943  3.6057    -4.398   0.277  -0.712   0.16051  -4.51    0.0750 0.0901       4.5     5.4
   223  3.1057  3.8943    -3.932  -0.256  -0.690   0.17955  -4.06    0.0750 0.0750       4.5     4.5
   224  3.1057  3.6057    -4.528  -0.375  -0.951   0.21463  -4.74    0.0750 0.0750       4.5     4.5
   225  3.8943  0.3943     4.213  -0.164  -0.282   0.78540  -0.56    1.0333 0.0750      62.0     4.5
   226  3.8943  0.1057     5.270   0.047  -0.275   0.78540  -0.55    1.2748 0.0750      76.5     4.5
  3.6057  0.3943 rhox iteration   6
   227  3.6057  0.3943     4.216  -0.148   0.141  -0.80819  -0.28    1.0003 0.0750      60.0     4.5
   228  3.6057  0.1057     5.273   0.064   0.148  -0.78540  -0.30    1.2462 0.0750      74.8     4.5
  3.8943  0.8943 rhox iteration   5
   229  3.8943  0.8943     2.727  -0.355  -0.343   0.80203  -0.69    0.7031 0.0750      42.2     4.5
   230  3.8943  0.6057     3.548  -0.191  -0.334   0.78540  -0.67    0.8924 0.0750      53.5     4.5
  3.6057  0.8943 rhox iteration   2
   231  3.6057  0.8943     2.731  -0.332  -0.015   1.52660  -0.33    0.6280 0.0750      37.7     4.5
  3.6057  0.6057 rhox iteration   2
   232  3.6057  0.6057     3.552  -0.168  -0.006   1.53785  -0.17    0.8167 0.0750      49.0     4.5
  3.8943  1.3943 rhox iteration   3
   233  3.8943  1.3943     1.544  -0.768  -0.403   1.08811  -0.98    0.4033 0.0750      24.2     4.5
  3.8943  1.1057 rhox iteration   4
   234  3.8943  1.1057     2.163  -0.644  -0.381   1.03701  -0.87    0.5489 0.0750      32.9     4.5
  3.6057  1.3943 rhox iteration   2
   235  3.6057  1.3943     1.554  -0.714  -0.155   1.35714  -0.75    0.3651 0.0750      21.9     4.5
  3.6057  1.1057 rhox iteration   3
   236  3.6057  1.1057     2.173  -0.590  -0.133   1.34873  -0.62    0.5066 0.0750      30.4     4.5
  3.8943  1.8943 rhox iteration   2
   237  3.8943  1.8943     0.580  -1.429  -0.506   1.23041  -1.61    0.1746 0.0750      10.5     4.5
  3.8943  1.6057 rhox iteration   3
   238  3.8943  1.6057     1.048  -1.335  -0.455   1.24231  -1.49    0.2766 0.0750      16.6     4.5
  3.6057  1.8943 rhox iteration   2
   239  3.6057  1.8943     0.606  -1.301  -0.319   1.33045  -1.38    0.1572 0.0750       9.4     4.5
  3.6057  1.6057 rhox iteration   2
   240  3.6057  1.6057     1.074  -1.207  -0.268   1.35253  -1.27    0.2605 0.0750      15.6     4.5
   241  3.8943  2.3943    -0.299  -2.376  -0.714   1.26948  -2.60    0.0750 0.0750       4.5     4.5
  3.8943  2.1057 rhox iteration   2
   242  3.8943  2.1057     0.102  -2.296  -0.604   1.31370  -2.45    0.0750 0.0750       4.5     4.5
   243  3.6057  2.3943    -0.244  -2.098  -0.554   1.30152  -2.25    0.0750 0.0750       4.5     4.5
  3.6057  2.1057 rhox iteration   2
   244  3.6057  2.1057     0.157  -2.018  -0.443   1.35461  -2.12    0.0750 0.0750       4.5     4.5
   245  3.8943  2.8943    -1.313  -3.752  -1.119   1.19953  -4.19    0.0750 0.0750       4.5     4.5
   246  3.8943  2.6057    -0.857  -3.661  -0.873   1.29225  -3.91    0.0750 0.0750       4.5     4.5
   247  3.6057  2.8943    -1.190  -3.137  -0.937   1.18767  -3.51    0.0750 0.0750       4.5     4.5
   248  3.6057  2.6057    -0.734  -3.045  -0.691   1.30140  -3.24    0.0750 0.0750       4.5     4.5
   249  3.8943  3.3943    -2.735  -6.416  -2.401   1.11240  -7.60    0.0750 0.0750       4.5     4.5
   250  3.8943  3.1057    -2.179  -6.304  -1.516   1.25393  -6.80    0.0750 0.0750       4.5     4.5
   251  3.6057  3.3943    -2.293  -4.204  -2.178   0.99210  -5.63    0.0750 0.0750       4.5     4.5
   252  3.6057  3.1057    -1.736  -4.093  -1.293   1.15482  -4.66    0.0750 0.0750       4.5     4.5
   253  3.8943  3.8943   -10.593 -13.729  -7.451   0.88911 -19.77    0.0750 0.0750       4.5     4.5 - concrete stress -19.7750
   254  3.8943  3.6057    -5.866 -12.783  -3.487   1.17607 -14.24    0.0750 0.0750       4.5     4.5
   255  3.6057  3.8943    -8.611  -3.819  -5.560   0.58197 -12.27    0.0750 0.0750       4.5     4.5
   256  3.6057  3.6057    -3.884  -2.874  -1.596   0.63219  -5.05    0.0750 0.0750       4.5     4.5
   257  4.3943  0.3943     4.227  -0.136  -0.171   0.78540  -0.34    1.0109 0.0750      60.7     4.5
   258  4.3943  0.1057     5.303   0.080  -0.180   0.78540  -0.36    1.2606 0.0750      75.6     4.5
   259  4.1057  0.3943     4.222  -0.160   0.260  -0.78540  -0.52    1.0303 0.0750      61.8     4.5
   260  4.1057  0.1057     5.298   0.056   0.250  -0.78540  -0.50    1.2755 0.0750      76.5     4.5
  4.3943  0.8943 rhox iteration   2
   261  4.3943  0.8943     2.711  -0.282  -0.018   1.50669  -0.28    0.6234 0.0750      37.4     4.5
  4.3943  0.6057 rhox iteration   3
   262  4.3943  0.6057     3.556  -0.113  -0.044   1.20332  -0.13    0.8213 0.0750      49.3     4.5
  4.1057  0.8943 rhox iteration   5
   263  4.1057  0.8943     2.698  -0.346   0.320  -0.82459  -0.64    0.6882 0.0750      41.3     4.5
   264  4.1057  0.6057     3.543  -0.177   0.295  -0.78540  -0.59    0.8822 0.0750      52.9     4.5
  4.3943  1.3943 rhox iteration   3
   265  4.3943  1.3943     1.544  -0.657   0.179  -1.30403  -0.71    0.3662 0.0750      22.0     4.5
  4.3943  1.1057 rhox iteration   3
   266  4.3943  1.1057     2.150  -0.536   0.140  -1.31565  -0.57    0.5026 0.0750      30.2     4.5
  4.1057  1.3943 rhox iteration   3
   267  4.1057  1.3943     1.524  -0.756   0.422  -1.06190  -0.99    0.4044 0.0750      24.3     4.5
  4.1057  1.1057 rhox iteration   4
   268  4.1057  1.1057     2.130  -0.635   0.382  -1.02906  -0.86    0.5425 0.0750      32.6     4.5
  4.3943  1.8943 rhox iteration   2
   269  4.3943  1.8943     0.644  -1.303   0.355  -1.30477  -1.40    0.1703 0.0750      10.2     4.5
  4.3943  1.6057 rhox iteration   2
   270  4.3943  1.6057     1.069  -1.218   0.307  -1.32400  -1.30    0.2636 0.0750      15.8     4.5
  4.1057  1.8943 rhox iteration   3
   271  4.1057  1.8943     0.620  -1.423   0.525  -1.21735  -1.62    0.1871 0.0750      11.2     4.5
  4.1057  1.6057 rhox iteration   3
   272  4.1057  1.6057     1.045  -1.338   0.477  -1.22844  -1.51    0.2793 0.0750      16.8     4.5
   273  4.3943  2.3943    -0.169  -2.185   0.483  -1.34749  -2.29    0.0750 0.0750       4.5     4.5
  4.3943  2.1057 rhox iteration   2
   274  4.3943  2.1057     0.203  -2.111   0.403  -1.38225  -2.19    0.0750 0.0750       4.5     4.5
   275  4.1057  2.3943    -0.209  -2.385   0.631  -1.30786  -2.55    0.0750 0.0750       4.5     4.5
  4.1057  2.1057 rhox iteration   2
   276  4.1057  2.1057     0.163  -2.311   0.551  -1.33652  -2.44    0.0750 0.0750       4.5     4.5
   277  4.3943  2.8943    -1.147  -3.268   0.694  -1.28115  -3.47    0.0750 0.0750       4.5     4.5
   278  4.3943  2.6057    -0.666  -3.172   0.490  -1.38427  -3.26    0.0750 0.0750       4.5     4.5
   279  4.1057  2.8943    -1.249  -3.777   0.886  -1.26503  -4.06    0.0750 0.0750       4.5     4.5
   280  4.1057  2.6057    -0.768  -3.680   0.683  -1.35156  -3.83    0.0750 0.0750       4.5     4.5
   281  4.3943  3.3943    -2.352  -4.298   1.862  -1.02615  -5.43    0.0750 0.0750       4.5     4.5
   282  4.3943  3.1057    -1.719  -4.172   1.003  -1.22807  -4.53    0.0750 0.0750       4.5     4.5
   283  4.1057  3.3943    -2.782  -6.447   2.115  -1.14238  -7.41    0.0750 0.0750       4.5     4.5
   284  4.1057  3.1057    -2.149  -6.321   1.256  -1.29985  -6.67    0.0750 0.0750       4.5     4.5
   285  4.3943  3.8943    -8.762  -3.837   5.403  -0.57157 -12.24    0.0750 0.0750       4.5     4.5
   286  4.3943  3.6057    -3.973  -2.879   1.436  -0.60333  -4.96    0.0750 0.0750       4.5     4.5
   287  4.1057  3.8943   -10.746 -13.756   7.319  -0.88680 -19.72    0.0750 0.0750       4.5     4.5 - concrete stress -19.7231
   288  4.1057  3.6057    -5.957 -12.798   3.351  -1.18322 -14.17    0.0750 0.0750       4.5     4.5
   289  4.8943  0.3943     4.048  -0.094  -0.115   0.78540  -0.23    0.9571 0.0750      57.4     4.5
   290  4.8943  0.1057     5.172   0.131  -0.136   0.78540  -0.27    1.2202 0.0750      73.2     4.5
   291  4.6057  0.3943     4.038  -0.147   0.334  -0.78540  -0.67    1.0051 0.0750      60.3     4.5
   292  4.6057  0.1057     5.161   0.078   0.313  -0.78540  -0.63    1.2585 0.0900      75.5     5.4
   293  4.8943  0.8943     2.444  -0.126   0.232  -0.78540  -0.46    0.6152 0.0750      36.9     4.5
   294  4.8943  0.6057     3.362   0.058   0.174  -0.78540  -0.35    0.8129 0.0750      48.8     4.5
   295  4.6057  0.8943     2.416  -0.269   0.599  -0.78540  -1.20    0.6929 0.0758      41.6     4.5
   296  4.6057  0.6057     3.333  -0.085   0.541  -0.78540  -1.08    0.8907 0.1048      53.4     6.3
   297  4.8943  1.3943     1.273  -0.372   0.716  -0.78540  -1.43    0.4573 0.0791      27.4     4.7
   298  4.8943  1.1057     1.883  -0.250   0.623  -0.78540  -1.25    0.5762 0.0858      34.6     5.1
   299  4.6057  1.3943     1.227  -0.604   0.960  -0.78540  -1.92    0.5027 0.0819      30.2     4.9
   300  4.6057  1.1057     1.837  -0.482   0.867  -0.78540  -1.73    0.6216 0.0886      37.3     5.3
   301  4.8943  1.8943     0.469  -0.891   1.171  -0.78540  -2.34    0.3769 0.0750      22.6     4.5
   302  4.8943  1.6057     0.840  -0.816   1.047  -0.78540  -2.09    0.4338 0.0750      26.0     4.5
   303  4.6057  1.8943     0.407  -1.199   1.319  -0.78540  -2.64    0.3968 0.0750      23.8     4.5
   304  4.6057  1.6057     0.778  -1.125   1.196  -0.78540  -2.39    0.4537 0.0750      27.2     4.5
  4.8943  2.3943 rhox iteration   3
   305  4.8943  2.3943    -0.339  -1.565   1.445  -0.82540  -2.90    0.2285 0.0750      13.7     4.5
  4.8943  2.1057 rhox iteration   3
   306  4.8943  2.1057     0.075  -1.482   1.267  -0.86373  -2.56    0.2659 0.0750      16.0     4.5
  4.6057  2.3943 rhox iteration   3
   307  4.6057  2.3943    -0.428  -2.010   1.610  -0.89546  -3.30    0.1980 0.0750      11.9     4.5
  4.6057  2.1057 rhox iteration   3
   308  4.6057  2.1057    -0.015  -1.927   1.432  -0.93179  -2.99    0.2413 0.0750      14.5     4.5
   309  4.8943  2.8943    -1.588  -1.981   1.698  -0.84296  -3.49    0.0750 0.0750       4.5     4.5
  4.8943  2.6057 rhox iteration   2
   310  4.8943  2.6057    -0.810  -1.825   1.333  -0.94010  -2.80    0.0750 0.0750       4.5     4.5
   311  4.6057  2.8943    -1.770  -2.893   2.009  -0.92167  -4.42    0.0750 0.0750       4.5     4.5
   312  4.6057  2.6057    -0.993  -2.738   1.644  -1.02942  -3.73    0.0750 0.0750       4.5     4.5
   313  4.8943  3.3943    -4.473  -1.641   2.007  -0.47809  -5.51    0.0750 0.0750       4.5     4.5
   314  4.8943  3.1057    -2.430  -1.232   1.297  -0.56916  -3.26    0.0750 0.0750       4.5     4.5
   315  4.6057  3.3943    -4.828  -3.415   2.824  -0.66279  -7.03    0.0750 0.0750       4.5     4.5
   316  4.6057  3.1057    -2.784  -3.006   2.115  -0.81157  -5.01    0.0750 0.0750       4.5     4.5
   317  4.8943  3.8943    -4.461  -0.317   0.431  -0.10253  -4.51    0.0750 0.0750       4.5     4.5
   318  4.8943  3.6057    -4.816  -0.388   0.683  -0.14956  -4.92    0.0750 0.0750       4.5     4.5
  4.6057  3.8943 rhoy iteration   2
   319  4.6057  3.8943    -4.335   0.313   0.289  -0.06654  -4.35    0.0750 0.0764       4.5     4.6
  4.6057  3.6057 rhoy iteration   2
   320  4.6057  3.6057    -4.690   0.242   0.541  -0.11478  -4.75    0.0750 0.0750       4.5     4.5
   321  5.3943  0.3943     3.742  -0.105  -0.158   0.78540  -0.32    0.8965 0.0750      53.8     4.5
   322  5.3943  0.1057     4.995   0.146  -0.168   0.78540  -0.34    1.1869 0.0750      71.2     4.5
   323  5.1057  0.3943     3.737  -0.129   0.343  -0.78540  -0.69    0.9378 0.0750      56.3     4.5
   324  5.1057  0.1057     4.990   0.121   0.333  -0.78540  -0.67    1.2237 0.1045      73.4     6.3
   325  5.3943  0.8943     1.900  -0.033   0.294  -0.78540  -0.59    0.5044 0.0750      30.3     4.5
   326  5.3943  0.6057     2.979   0.183   0.248  -0.78540  -0.50    0.7419 0.0991      44.5     5.9
   327  5.1057  0.8943     1.877  -0.148   0.726  -0.78540  -1.45    0.5984 0.1328      35.9     8.0
   328  5.1057  0.6057     2.956   0.068   0.680  -0.78540  -1.36    0.8359 0.1718      50.2    10.3
   329  5.3943  1.3943     0.704  -0.015   1.103  -0.78540  -2.21    0.4154 0.2502      24.9    15.0
   330  5.3943  1.1057     1.330   0.110   0.984  -0.78540  -1.97    0.5319 0.2516      31.9    15.1
   331  5.1057  1.3943     0.644  -0.312   1.354  -0.78540  -2.71    0.4593 0.2394      27.6    14.4
   332  5.1057  1.1057     1.270  -0.187   1.235  -0.78540  -2.47    0.5758 0.2408      34.5    14.5
   333  5.3943  1.8943     0.169  -0.416   1.856  -0.78540  -3.71    0.4656 0.3310      27.9    19.9
   334  5.3943  1.6057     0.348  -0.380   1.726  -0.78540  -3.45    0.4767 0.3094      28.6    18.6
   335  5.1057  1.8943     0.104  -0.741   1.927  -0.78540  -3.85    0.4670 0.2728      28.0    16.4
   336  5.1057  1.6057     0.283  -0.705   1.797  -0.78540  -3.59    0.4782 0.2511      28.7    15.1
   337  5.3943  2.3943    -0.334  -0.923   2.040  -0.78540  -4.08    0.3923 0.2567      23.5    15.4
   338  5.3943  2.1057    -0.075  -0.872   1.893  -0.78540  -3.79    0.4178 0.2347      25.1    14.1
   339  5.1057  2.3943    -0.408  -1.293   2.144  -0.78540  -4.29    0.3991 0.1957      23.9    11.7
   340  5.1057  2.1057    -0.149  -1.241   1.996  -0.78540  -3.99    0.4246 0.1736      25.5    10.4
  5.3943  2.8943 rhoy iteration   2
   341  5.3943  2.8943    -1.682  -1.123   1.596  -0.75899  -3.20    0.0750 0.0898       4.5     5.4
   342  5.3943  2.6057    -0.754  -0.937   1.426  -0.78540  -2.85    0.1546 0.1124       9.3     6.7
   343  5.1057  2.8943    -1.767  -1.547   1.967  -0.78540  -3.93    0.0750 0.0967       4.5     5.8
   344  5.1057  2.6057    -0.838  -1.361   1.798  -0.78540  -3.60    0.2205 0.1004      13.2     6.0
   345  5.3943  3.3943    -3.238  -0.646   0.686  -0.24337  -3.41    0.0750 0.0750       4.5     4.5
   346  5.3943  3.1057    -2.228  -0.444   0.648  -0.31411  -2.44    0.0750 0.0750       4.5     4.5
   347  5.1057  3.3943    -3.257  -0.741   1.090  -0.35695  -3.66    0.0750 0.0750       4.5     4.5
   348  5.1057  3.1057    -2.247  -0.539   1.052  -0.44444  -2.75    0.0750 0.0750       4.5     4.5
   349  5.3943  3.8943    -3.896  -0.219   0.035  -0.00955  -3.90    0.0750 0.0750       4.5     4.5
   350  5.3943  3.6057    -3.599  -0.159  -0.028   0.00806  -3.60    0.0750 0.0750       4.5     4.5
   351  5.1057  3.8943    -3.927  -0.376   0.154  -0.04318  -3.93    0.0750 0.0750       4.5     4.5
   352  5.1057  3.6057    -3.631  -0.317   0.091  -0.02740  -3.63    0.0750 0.0750       4.5     4.5
  5.8943  0.3943 rhox iteration   5
   353  5.8943  0.3943     3.426  -0.218  -0.176   0.89240  -0.36    0.8202 0.0750      49.2     4.5
   354  5.8943  0.1057     4.804   0.058  -0.158   0.78540  -0.32    1.1405 0.0750      68.4     4.5
   355  5.6057  0.3943     3.435  -0.173   0.375  -0.78540  -0.75    0.8760 0.0750      52.6     4.5
   356  5.6057  0.1057     4.812   0.102   0.393  -0.78540  -0.79    1.1967 0.1139      71.8     6.8
  5.8943  0.8943 rhox iteration   3
   357  5.8943  0.8943     1.227  -0.404   0.167  -1.17958  -0.47    0.2978 0.0750      17.9     4.5
   358  5.8943  0.6057     2.507  -0.148   0.251  -0.78540  -0.50    0.6340 0.0750      38.0     4.5
   359  5.6057  0.8943     1.269  -0.193   0.679  -0.78540  -1.36    0.4478 0.1117      26.9     6.7
   360  5.6057  0.6057     2.549   0.063   0.763  -0.78540  -1.53    0.7615 0.1900      45.7    11.4
   361  5.8943  1.3943    -0.403  -0.164   1.006  -0.78540  -2.01    0.1386 0.1935       8.3    11.6
   362  5.8943  1.1057     0.533   0.023   1.016  -0.78540  -2.03    0.3562 0.2388      21.4    14.3
   363  5.6057  1.3943    -0.398  -0.139   1.381  -0.78540  -2.76    0.2259 0.2853      13.6    17.1
   364  5.6057  1.1057     0.538   0.048   1.391  -0.78540  -2.78    0.4434 0.3307      26.6    19.8
   365  5.8943  1.8943    -0.107   0.236   2.585  -0.78540  -5.17    0.5697 0.6486      34.2    38.9
   366  5.8943  1.6057    -0.523   0.153   2.404  -0.78540  -4.81    0.4326 0.5879      26.0    35.3
   367  5.6057  1.8943    -0.198  -0.216   2.419  -0.78540  -4.84    0.5107 0.5064      30.6    30.4
   368  5.6057  1.6057    -0.613  -0.299   2.238  -0.78540  -4.48    0.3736 0.4457      22.4    26.7
   369  5.8943  2.3943     0.276  -0.732   2.502  -0.78540  -5.00    0.6386 0.4070      38.3    24.4
   370  5.8943  2.1057    -0.053  -0.798   2.521  -0.78540  -5.04    0.5674 0.3961      34.0    23.8
   371  5.6057  2.3943     0.285  -0.686   2.371  -0.78540  -4.74    0.6105 0.3873      36.6    23.2
   372  5.6057  2.1057    -0.043  -0.752   2.389  -0.78540  -4.78    0.5393 0.3765      32.4    22.6
   373  5.8943  2.8943    -0.825  -0.386   1.126  -0.78540  -2.25    0.0750 0.1700       4.5    10.2
   374  5.8943  2.6057     0.155  -0.190   0.999  -0.78540  -2.00    0.2652 0.1859      15.9    11.2
   375  5.6057  2.8943    -0.889  -0.704   1.518  -0.78540  -3.04    0.1447 0.1872       8.7    11.2
   376  5.6057  2.6057     0.091  -0.508   1.391  -0.78540  -2.78    0.3408 0.2031      20.4    12.2
  5.8943  3.3943 rhoy iteration   1
   377  5.8943  3.3943    -2.453  -0.013   0.291  -0.11794  -2.49    0.0750 0.0750       4.5     4.5
  5.8943  3.1057 rhoy iteration   2
   378  5.8943  3.1057    -1.417   0.194   0.156  -0.10932  -1.43    0.0750 0.0750       4.5     4.5
   379  5.6057  3.3943    -2.520  -0.351   0.705  -0.28809  -2.73    0.0750 0.0750       4.5     4.5
  5.6057  3.1057 rhoy iteration   2
   380  5.6057  3.1057    -1.485  -0.144   0.570  -0.36640  -1.70    0.0750 0.0750       4.5     4.5
   381  5.8943  3.8943    -3.895  -0.095  -0.154   0.04036  -3.90    0.0750 0.0750       4.5     4.5
  5.8943  3.6057 rhoy iteration   1
   382  5.8943  3.6057    -3.085   0.067  -0.175   0.05653  -3.10    0.0750 0.0750       4.5     4.5
   383  5.6057  3.8943    -3.905  -0.147   0.170  -0.04514  -3.91    0.0750 0.0750       4.5     4.5
  5.6057  3.6057 rhoy iteration   1
   384  5.6057  3.6057    -3.096   0.015   0.149  -0.04816  -3.10    0.0750 0.0750       4.5     4.5
  6.3943  0.3943 rhox iteration   3
   385  6.3943  0.3943     3.042  -0.298   0.107  -1.22639  -0.34    0.7082 0.0750      42.5     4.5
   386  6.3943  0.1057     4.329  -0.041   0.103  -0.78540  -0.21    1.0189 0.0750      61.1     4.5
   387  6.1057  0.3943     3.040  -0.307   0.622  -0.78540  -1.24    0.8419 0.0750      50.5     4.5
   388  6.1057  0.1057     4.327  -0.050   0.618  -0.78540  -1.24    1.1368 0.1305      68.2     7.8
  6.3943  0.8943 rhox iteration   3
   389  6.3943  0.8943     0.988  -1.005   0.482  -1.12360  -1.24    0.2803 0.0750      16.8     4.5
  6.3943  0.6057 rhox iteration   4
   390  6.3943  0.6057     2.102  -0.782   0.628  -0.89436  -1.29    0.5991 0.0750      35.9     4.5
   391  6.1057  0.8943     1.061  -0.640   0.927  -0.78540  -1.85    0.4572 0.0750      27.4     4.5
   392  6.1057  0.6057     2.175  -0.417   1.073  -0.78540  -2.15    0.7468 0.1509      44.8     9.1
   393  6.3943  1.3943    -1.910  -2.097   0.342  -0.91928  -2.36    0.0750 0.0750       4.5     4.5
  6.3943  1.1057 rhox iteration   2
   394  6.3943  1.1057    -0.165  -1.748   0.837  -1.12445  -2.15    0.0750 0.0750       4.5     4.5
   395  6.1057  1.3943    -1.662  -0.860   1.040  -0.60125  -2.38    0.0750 0.0750       4.5     4.5
   396  6.1057  1.1057     0.083  -0.511   1.535  -0.78540  -3.07    0.3718 0.2353      22.3    14.1
  6.3943  1.8943 rhox iteration   3
   397  6.3943  1.8943    -0.932  -2.453   2.222  -0.83466  -4.47    0.2485 0.0750      14.9     4.5
   398  6.3943  1.6057    -2.199  -2.706   3.040  -0.78540  -6.08    0.1934 0.0769      11.6     4.6
   399  6.1057  1.8943    -0.523  -0.407   1.715  -0.78540  -3.43    0.2741 0.3008      16.4    18.0
   400  6.1057  1.6057    -1.790  -0.660   2.534  -0.78540  -5.07    0.1709 0.4307      10.3    25.8
   401  6.3943  2.3943     1.928   2.578   2.928  -0.78540  -5.86    1.1162 1.2657      67.0    75.9
   402  6.3943  2.1057     0.853   2.363   2.015  -0.78540  -4.03    0.6593 1.0063      39.6    60.4
   403  6.1057  2.3943     1.471   0.294   2.498  -0.78540  -5.00    0.9125 0.6419      54.7    38.5
   404  6.1057  2.1057     0.397   0.079   1.585  -0.78540  -3.17    0.4555 0.3825      27.3    22.9
   405  6.3943  2.8943    -0.077   1.627   0.758  -0.78540  -1.52    0.1565 0.5484       9.4    32.9
   406  6.3943  2.6057     1.594   1.962   0.223  -0.78540  -0.45    0.4179 0.5023      25.1    30.1
   407  6.1057  2.8943    -0.345   0.291   1.427  -0.78540  -2.85    0.2487 0.3948      14.9    23.7
   408  6.1057  2.6057     1.327   0.625   0.892  -0.78540  -1.78    0.5101 0.3488      30.6    20.9
  6.3943  3.3943 rhoy iteration   2
   409  6.3943  3.3943    -1.978   0.708   0.534  -0.26358  -2.12    0.0750 0.1960       4.5    11.8
  6.3943  3.1057 rhoy iteration   3
   410  6.3943  3.1057    -1.117   0.881   0.379  -0.32709  -1.25    0.0750 0.2320       4.5    13.9
  6.1057  3.3943 rhoy iteration   2
   411  6.1057  3.3943    -2.055   0.321   0.878  -0.40378  -2.43    0.0750 0.1601       4.5     9.6
  6.1057  3.1057 rhoy iteration   3
   412  6.1057  3.1057    -1.194   0.493   0.723  -0.54462  -1.63    0.0750 0.2142       4.5    12.8
   413  6.3943  3.8943    -3.664  -0.009   0.064  -0.01753  -3.66    0.0750 0.0750       4.5     4.5
  6.3943  3.6057 rhoy iteration   1
   414  6.3943  3.6057    -2.718   0.180   0.058  -0.02115  -2.72    0.0750 0.0750       4.5     4.5
  6.1057  3.8943 rhoy iteration   1
   415  6.1057  3.8943    -3.667  -0.025   0.442  -0.12004  -3.72    0.0750 0.0750       4.5     4.5
  6.1057  3.6057 rhoy iteration   2
   416  6.1057  3.6057    -2.721   0.164   0.436  -0.15875  -2.79    0.0750 0.0750       4.5     4.5
   417  6.8943  0.3943     2.271  -0.146   0.670  -0.78540  -1.34    0.6760 0.1204      40.6     7.2
   418  6.8943  0.1057     3.150   0.030   0.577  -0.78540  -1.15    0.8570 0.1396      51.4     8.4
   419  6.6057  0.3943     2.225  -0.377   1.022  -0.78540  -2.04    0.7462 0.1482      44.8     8.9
   420  6.6057  0.1057     3.104  -0.201   0.929  -0.78540  -1.86    0.9272 0.1674      55.6    10.0
   421  6.8943  0.8943     1.030  -0.673   1.627  -0.78540  -3.25    0.6106 0.2191      36.6    13.1
   422  6.8943  0.6057     1.660  -0.547   1.489  -0.78540  -2.98    0.7238 0.2164      43.4    13.0
   423  6.6057  0.8943     0.961  -1.018   1.879  -0.78540  -3.76    0.6527 0.1979      39.2    11.9
   424  6.6057  0.6057     1.591  -0.892   1.741  -0.78540  -3.48    0.7660 0.1952      46.0    11.7
   425  6.8943  1.3943    -3.101  -0.976   1.662  -0.50108  -4.01    0.0750 0.0750       4.5     4.5
   426  6.8943  1.1057    -0.166  -0.390   1.115  -0.78540  -2.23    0.2181 0.1668      13.1    10.0
  6.6057  1.3943 rhoy iteration   1
   427  6.6057  1.3943    -3.374  -2.344   2.836  -0.69891  -5.76    0.0750 0.0750       4.5     4.5
   428  6.6057  1.1057    -0.440  -1.757   2.289  -0.78540  -4.58    0.4250 0.1222      25.5     7.3
   429  6.8943  2.8943    -0.051   0.369   1.038  -0.78540  -2.08    0.2268 0.3234      13.6    19.4
   430  6.8943  2.6057     2.616   0.902   1.566  -0.78540  -3.13    0.9615 0.5675      57.7    34.1
   431  6.6057  2.8943     0.213   1.691   2.105  -0.78540  -4.21    0.5328 0.8725      32.0    52.3
   432  6.6057  2.6057     2.881   2.224   2.633  -0.78540  -5.27    1.2675 1.1167      76.1    67.0
  6.8943  3.3943 rhoy iteration   4
   433  6.8943  3.3943    -1.550   0.494   1.363  -0.72128  -2.75    0.0750 0.3890       4.5    23.3
   434  6.8943  3.1057    -1.103   0.583   1.496  -0.78540  -2.99    0.0904 0.4779       5.4    28.7
   435  6.6057  3.3943    -1.483   0.826   1.541  -0.78540  -3.08    0.0750 0.5444       4.5    32.7
   436  6.6057  3.1057    -1.036   0.916   1.675  -0.78540  -3.35    0.1468 0.5955       8.8    35.7
  6.8943  3.8943 rhoy iteration   1
   437  6.8943  3.8943    -2.708  -0.091   0.526  -0.19179  -2.81    0.0750 0.0750       4.5     4.5
  6.8943  3.6057 rhoy iteration   2
   438  6.8943  3.6057    -2.034   0.043   0.611  -0.29191  -2.22    0.0750 0.0750       4.5     4.5
  6.6057  3.8943 rhoy iteration   2
   439  6.6057  3.8943    -2.665   0.122   0.795  -0.29003  -2.90    0.0750 0.0826       4.5     5.0
  6.6057  3.6057 rhoy iteration   2
   440  6.6057  3.6057    -1.991   0.257   0.881  -0.41643  -2.38    0.0750 0.1486       4.5     8.9
   441  7.3943  0.3943     1.042   0.156   1.045  -0.78540  -2.09    0.4797 0.2762      28.8    16.6
   442  7.3943  0.1057     1.280   0.204   0.903  -0.78540  -1.81    0.5018 0.2544      30.1    15.3
   443  7.1057  0.3943     0.970  -0.200   1.141  -0.78540  -2.28    0.4853 0.2163      29.1    13.0
   444  7.1057  0.1057     1.209  -0.152   0.998  -0.78540  -2.00    0.5074 0.1945      30.4    11.7
   445  7.3943  0.8943     0.695   0.355   2.279  -0.78540  -4.56    0.6836 0.6056      41.0    36.3
   446  7.3943  0.6057     0.926   0.402   1.982  -0.78540  -3.96    0.6683 0.5478      40.1    32.9
   447  7.1057  0.8943     0.546  -0.388   2.371  -0.78540  -4.74    0.6706 0.4559      40.2    27.4
   448  7.1057  0.6057     0.777  -0.342   2.074  -0.78540  -4.15    0.6554 0.3982      39.3    23.9
   449  7.3943  1.3943     0.236  -0.130   1.172  -0.78540  -2.34    0.3238 0.2396      19.4    14.4
   450  7.3943  1.1057     0.450  -0.087   1.264  -0.78540  -2.53    0.3940 0.2705      23.6    16.2
   451  7.1057  1.3943     0.282   0.100   1.257  -0.78540  -2.51    0.3540 0.3121      21.2    18.7
   452  7.1057  1.1057     0.496   0.143   1.349  -0.78540  -2.70    0.4242 0.3430      25.5    20.6
   453  7.3943  2.8943    -0.598   0.077   1.201  -0.78540  -2.40    0.1388 0.2939       8.3    17.6
   454  7.3943  2.6057    -0.491   0.098   1.115  -0.78540  -2.23    0.1436 0.2790       8.6    16.7
   455  7.1057  2.8943    -0.641  -0.138   1.244  -0.78540  -2.49    0.1387 0.2543       8.3    15.3
   456  7.1057  2.6057    -0.534  -0.117   1.158  -0.78540  -2.32    0.1435 0.2394       8.6    14.4
   457  7.3943  3.3943    -0.857  -0.441   1.869  -0.78540  -3.74    0.2326 0.3281      14.0    19.7
   458  7.3943  3.1057    -0.767  -0.423   2.161  -0.78540  -4.32    0.3204 0.3993      19.2    24.0
   459  7.1057  3.3943    -0.711   0.288   1.905  -0.78540  -3.81    0.2744 0.5041      16.5    30.2
   460  7.1057  3.1057    -0.621   0.306   2.197  -0.78540  -4.39    0.3622 0.5753      21.7    34.5
  7.3943  3.8943 rhoy iteration   3
   461  7.3943  3.8943    -1.019  -0.275   0.852  -0.69608  -1.73    0.0750 0.1005       4.5     6.0
   462  7.3943  3.6057    -0.894  -0.250   0.988  -0.78540  -1.98    0.0750 0.1697       4.5    10.2
  7.1057  3.8943 rhoy iteration   3
   463  7.1057  3.8943    -0.951   0.065   0.902  -0.75873  -1.81    0.0750 0.2116       4.5    12.7
   464  7.1057  3.6057    -0.826   0.090   1.038  -0.78540  -2.08    0.0750 0.2594       4.5    15.6
   465  7.8943  0.3943    -0.212   0.328   0.916  -0.78540  -1.83    0.1620 0.2861       9.7    17.2
   466  7.8943  0.1057    -0.607   0.249   0.826  -0.78540  -1.65    0.0750 0.2471       4.5    14.8
   467  7.6057  0.3943    -0.257   0.101   0.758  -0.78540  -1.52    0.1152 0.1976       6.9    11.9
   468  7.6057  0.1057    -0.653   0.022   0.668  -0.78540  -1.34    0.0750 0.1586       4.5     9.5
   469  7.8943  0.8943     0.268   0.961   1.778  -0.78540  -3.56    0.4705 0.6297      28.2    37.8
   470  7.8943  0.6057     0.105   0.928   1.647  -0.78540  -3.29    0.4028 0.5921      24.2    35.5
   471  7.6057  0.8943     0.203   0.633   1.713  -0.78540  -3.43    0.4404 0.5394      26.4    32.4
   472  7.6057  0.6057     0.039   0.601   1.582  -0.78540  -3.16    0.3727 0.5017      22.4    30.1
   473  7.8943  1.3943     3.903   2.270   2.759  -0.78540  -5.52    1.5315 1.1561      91.9    69.4
   474  7.8943  1.1057     1.375   1.765   2.226  -0.78540  -4.45    0.8278 0.9174      49.7    55.0
   475  7.6057  1.3943     3.636   0.938   1.748  -0.78540  -3.50    1.2377 0.6173      74.3    37.0
   476  7.6057  1.1057     1.108   0.432   1.215  -0.78540  -2.43    0.5340 0.3785      32.0    22.7
   477  7.8943  2.8943    -1.448  -1.782   2.180  -0.78540  -4.36    0.1682 0.0916      10.1     5.5
   478  7.8943  2.6057    -4.018  -2.295   2.718  -0.63197  -6.01    0.0750 0.0750       4.5     4.5
  7.6057  2.8943 rhoy iteration   3
   479  7.6057  2.8943    -1.179  -0.436   1.152  -0.77373  -2.30    0.0750 0.1584       4.5     9.5
   480  7.6057  2.6057    -3.749  -0.950   1.690  -0.43960  -4.54    0.0750 0.0750       4.5     4.5
   481  7.8943  3.3943    -0.071  -0.974   1.566  -0.78540  -3.13    0.3435 0.1360      20.6     8.2
   482  7.8943  3.1057    -0.309  -1.021   1.698  -0.78540  -3.40    0.3191 0.1554      19.1     9.3
   483  7.6057  3.3943    -0.005  -0.644   1.470  -0.78540  -2.94    0.3368 0.1900      20.2    11.4
   484  7.6057  3.1057    -0.243  -0.691   1.602  -0.78540  -3.20    0.3124 0.2095      18.7    12.6
   485  7.8943  3.8943     0.732  -0.327   0.785  -0.78540  -1.57    0.3487 0.1054      20.9     6.3
   486  7.8943  3.6057     0.282  -0.417   0.872  -0.78540  -1.74    0.2652 0.1045      15.9     6.3
   487  7.6057  3.8943     0.775  -0.111   0.605  -0.78540  -1.21    0.3173 0.1136      19.0     6.8
   488  7.6057  3.6057     0.325  -0.201   0.692  -0.78540  -1.38    0.2338 0.1128      14.0     6.8
  8.3943  0.3943 rhoy iteration   3
   489  8.3943  0.3943    -1.040   0.247   0.516  -0.46046  -1.30    0.0750 0.1156       4.5     6.9
  8.3943  0.1057 rhoy iteration   2
   490  8.3943  0.1057    -1.818   0.091   0.514  -0.27575  -1.96    0.0750 0.0750       4.5     4.5
  8.1057  0.3943 rhoy iteration   2
   491  8.1057  0.3943    -1.041   0.243   0.205  -0.19434  -1.08    0.0750 0.0750       4.5     4.5
  8.1057  0.1057 rhoy iteration   2
   492  8.1057  0.1057    -1.819   0.088   0.203  -0.11133  -1.84    0.0750 0.0750       4.5     4.5
   493  8.3943  0.8943     0.160   0.544   0.856  -0.78540  -1.71    0.2336 0.3218      14.0    19.3
   494  8.3943  0.6057    -0.501   0.412   1.012  -0.78540  -2.02    0.1173 0.3272       7.0    19.6
   495  8.1057  0.8943     0.238   0.933   0.591  -0.78540  -1.18    0.1907 0.3505      11.4    21.0
   496  8.1057  0.6057    -0.424   0.801   0.747  -0.78540  -1.49    0.0750 0.3559       4.5    21.4
   497  8.3943  1.3943     2.104   0.702   0.989  -0.78540  -1.98    0.7110 0.3888      42.7    23.3
   498  8.3943  1.1057     0.823   0.446   1.501  -0.78540  -3.00    0.5342 0.4475      32.1    26.9
   499  8.1057  1.3943     2.359   1.981   0.477  -0.78540  -0.95    0.6520 0.5650      39.1    33.9
   500  8.1057  1.1057     1.079   1.724   0.988  -0.78540  -1.98    0.4753 0.6237      28.5    37.4
   501  8.3943  1.8943     0.557   0.207   1.592  -0.78540  -3.18    0.4939 0.4136      29.6    24.8
   502  8.3943  1.6057     2.004   0.497   2.456  -0.78540  -4.91    1.0252 0.6787      61.5    40.7
   503  8.1057  1.8943     0.989   2.367   2.171  -0.78540  -4.34    0.7263 1.0431      43.6    62.6
   504  8.1057  1.6057     2.436   2.656   3.035  -0.78540  -6.07    1.2575 1.3082      75.5    78.5
   505  8.3943  2.3943    -2.020  -0.538   2.446  -0.78540  -4.89    0.0981 0.4388       5.9    26.3
   506  8.3943  2.1057    -0.557  -0.245   1.593  -0.78540  -3.19    0.2382 0.3098      14.3    18.6
   507  8.1057  2.3943    -2.447  -2.672   3.032  -0.78540  -6.06    0.1345 0.0827       8.1     5.0
  8.1057  2.1057 rhox iteration   3
   508  8.1057  2.1057    -0.983  -2.379   2.178  -0.82957  -4.37    0.2322 0.0750      13.9     4.5
   509  8.3943  2.8943    -0.849  -0.491   1.469  -0.78540  -2.94    0.1426 0.2248       8.6    13.5
   510  8.3943  2.6057    -2.127  -0.747   0.968  -0.47571  -2.63    0.0750 0.0750       4.5     4.5
   511  8.1057  2.8943    -1.099  -1.744   0.958  -0.94777  -2.43    0.0750 0.0750       4.5     4.5
   512  8.1057  2.6057    -2.377  -2.000   0.457  -0.58934  -2.68    0.0750 0.0750       4.5     4.5
   513  8.3943  3.3943     0.515  -0.475   0.963  -0.78540  -1.93    0.3397 0.1123      20.4     6.7
   514  8.3943  3.1057    -0.180  -0.613   0.811  -0.78540  -1.62    0.1451 0.0750       8.7     4.5
  8.1057  3.3943 rhox iteration   3
   515  8.1057  3.3943     0.439  -0.854   0.685  -0.89492  -1.40    0.2271 0.0750      13.6     4.5
  8.1057  3.1057 rhox iteration   2
   516  8.1057  3.1057    -0.256  -0.993   0.533  -1.07816  -1.28    0.0750 0.0750       4.5     4.5
   517  8.3943  3.8943     1.854  -0.179   0.488  -0.78540  -0.98    0.5383 0.0750      32.3     4.5
   518  8.3943  3.6057     1.064  -0.337   0.488  -0.78540  -0.98    0.3567 0.0750      21.4     4.5
  8.1057  3.8943 rhox iteration   5
   519  8.1057  3.8943     1.854  -0.178   0.172  -0.80517  -0.34    0.4642 0.0750      27.8     4.5
  8.1057  3.6057 rhox iteration   3
   520  8.1057  3.6057     1.064  -0.337   0.172  -1.09891  -0.42    0.2647 0.0750      15.9     4.5
  8.8943  0.3943 rhoy iteration   2
   521  8.8943  0.3943    -1.482   0.097   0.293  -0.19525  -1.54    0.0750 0.0750       4.5     4.5
   522  8.8943  0.1057    -2.323  -0.071   0.312  -0.13534  -2.37    0.0750 0.0750       4.5     4.5
  8.6057  0.3943 rhoy iteration   1
   523  8.6057  0.3943    -1.473   0.145  -0.043   0.02942  -1.47    0.0750 0.0750       4.5     4.5
   524  8.6057  0.1057    -2.314  -0.023  -0.024   0.01049  -2.31    0.0750 0.0750       4.5     4.5
   525  8.8943  0.8943    -0.090   0.025   0.686  -0.78540  -1.37    0.1369 0.1634       8.2     9.8
  8.8943  0.6057 rhoy iteration   3
   526  8.8943  0.6057    -0.937  -0.145   0.787  -0.69867  -1.60    0.0750 0.1188       4.5     7.1
   527  8.6057  0.8943    -0.040   0.278   0.347  -0.78540  -0.69    0.0750 0.1438       4.5     8.6
  8.6057  0.6057 rhoy iteration   3
   528  8.6057  0.6057    -0.887   0.109   0.449  -0.46836  -1.11    0.0750 0.0772       4.5     4.6
   529  8.8943  1.3943     0.939  -0.189   1.401  -0.78540  -2.80    0.5378 0.2786      32.3    16.7
   530  8.8943  1.1057     0.348  -0.307   1.465  -0.78540  -2.93    0.4168 0.2661      25.0    16.0
   531  8.6057  1.3943     0.970  -0.030   1.165  -0.78540  -2.33    0.4909 0.2610      29.5    15.7
   532  8.6057  1.1057     0.380  -0.148   1.229  -0.78540  -2.46    0.3698 0.2485      22.2    14.9
   533  8.8943  1.8943     0.200  -0.288   2.379  -0.78540  -4.76    0.5928 0.4808      35.6    28.8
   534  8.8943  1.6057     0.906  -0.146   2.277  -0.78540  -4.55    0.7318 0.4897      43.9    29.4
   535  8.6057  1.8943     0.149  -0.543   2.662  -0.78540  -5.32    0.6461 0.4870      38.8    29.2
   536  8.6057  1.6057     0.855  -0.402   2.559  -0.78540  -5.12    0.7850 0.4960      47.1    29.8
   537  8.8943  2.3943    -0.905   0.084   2.270  -0.78540  -4.54    0.3139 0.5412      18.8    32.5
   538  8.8943  2.1057    -0.195   0.226   2.378  -0.78540  -4.76    0.5017 0.5984      30.1    35.9
   539  8.6057  2.3943    -0.851   0.352   2.554  -0.78540  -5.11    0.3915 0.6680      23.5    40.1
   540  8.6057  2.1057    -0.142   0.494   2.661  -0.78540  -5.32    0.5793 0.7253      34.8    43.5
   541  8.8943  2.8943    -0.350   0.239   1.447  -0.78540  -2.89    0.2522 0.3876      15.1    23.3
   542  8.8943  2.6057    -0.940   0.121   1.389  -0.78540  -2.78    0.1033 0.3471       6.2    20.8
   543  8.6057  2.8943    -0.379   0.094   1.211  -0.78540  -2.42    0.1913 0.3001      11.5    18.0
   544  8.6057  2.6057    -0.968  -0.024   1.153  -0.78540  -2.31    0.0750 0.2596       4.5    15.6
   545  8.8943  3.3943     0.940   0.064   0.762  -0.78540  -1.52    0.3913 0.1899      23.5    11.4
   546  8.8943  3.1057     0.088  -0.107   0.665  -0.78540  -1.33    0.1730 0.1283      10.4     7.7
   547  8.6057  3.3943     0.891  -0.180   0.421  -0.78540  -0.84    0.3017 0.0750      18.1     4.5
  8.6057  3.1057 rhox iteration   3
   548  8.6057  3.1057     0.039  -0.350   0.324  -0.82480  -0.65    0.0777 0.0750       4.7     4.5
   549  8.8943  3.8943     2.314  -0.023   0.297  -0.78540  -0.59    0.6003 0.0750      36.0     4.5
   550  8.8943  3.6057     1.481  -0.190   0.278  -0.78540  -0.56    0.4044 0.0750      24.3     4.5
  8.6057  3.8943 rhox iteration   4
   551  8.6057  3.8943     2.304  -0.072  -0.036   1.11053  -0.09    0.5338 0.0750      32.0     4.5
  8.6057  3.6057 rhox iteration   3
   552  8.6057  3.6057     1.471  -0.239  -0.055   1.34352  -0.25    0.3412 0.0750      20.5     4.5
  9.3943  0.3943 rhoy iteration   2
   553  9.3943  0.3943    -1.915   0.035   0.329  -0.16989  -1.97    0.0750 0.0750       4.5     4.5
   554  9.3943  0.1057    -2.618  -0.106   0.316  -0.12318  -2.66    0.0750 0.0750       4.5     4.5
  9.1057  0.3943 rhoy iteration   1
   555  9.1057  0.3943    -1.921   0.003   0.047  -0.02456  -1.92    0.0750 0.0750       4.5     4.5
   556  9.1057  0.1057    -2.625  -0.138   0.035  -0.01389  -2.63    0.0750 0.0750       4.5     4.5
   557  9.3943  0.8943    -0.752  -0.129   0.912  -0.78540  -1.82    0.0750 0.1800       4.5    10.8
  9.3943  0.6057 rhoy iteration   2
   558  9.3943  0.6057    -1.475  -0.273   0.891  -0.54333  -2.01    0.0750 0.0750       4.5     4.5
  9.1057  0.8943 rhoy iteration   3
   559  9.1057  0.8943    -0.762  -0.180   0.622  -0.68479  -1.27    0.0750 0.0754       4.5     4.5
   560  9.1057  0.6057    -1.486  -0.325   0.602  -0.40171  -1.74    0.0750 0.0750       4.5     4.5
   561  9.3943  1.3943    -0.044  -0.266   1.599  -0.78540  -3.20    0.3574 0.3064      21.4    18.4
   562  9.3943  1.1057    -0.411  -0.339   1.545  -0.78540  -3.09    0.2608 0.2773      15.7    16.6
   563  9.1057  1.3943    -0.071  -0.400   1.452  -0.78540  -2.90    0.3176 0.2419      19.1    14.5
   564  9.1057  1.1057    -0.437  -0.473   1.399  -0.78540  -2.80    0.2210 0.2127      13.3    12.8
   565  9.3943  1.8943     0.004  -0.174   2.075  -0.78540  -4.15    0.4779 0.4370      28.7    26.2
   566  9.3943  1.6057     0.079  -0.159   2.056  -0.78540  -4.11    0.4909 0.4360      29.5    26.2
   567  9.1057  1.8943    -0.006  -0.222   2.105  -0.78540  -4.21    0.4826 0.4329      29.0    26.0
   568  9.1057  1.6057     0.070  -0.207   2.086  -0.78540  -4.17    0.4956 0.4319      29.7    25.9
   569  9.3943  2.3943    -0.070   0.090   2.054  -0.78540  -4.11    0.4561 0.4927      27.4    29.6
   570  9.3943  2.1057     0.006   0.105   2.074  -0.78540  -4.15    0.4783 0.5009      28.7    30.1
   571  9.1057  2.3943    -0.059   0.141   2.084  -0.78540  -4.17    0.4654 0.5114      27.9    30.7
   572  9.1057  2.1057     0.016   0.156   2.105  -0.78540  -4.21    0.4876 0.5196      29.3    31.2
   573  9.3943  2.8943     0.418   0.262   1.539  -0.78540  -3.08    0.4500 0.4142      27.0    24.9
   574  9.3943  2.6057     0.052   0.189   1.595  -0.78540  -3.19    0.3785 0.4101      22.7    24.6
   575  9.1057  2.8943     0.446   0.400   1.393  -0.78540  -2.79    0.4227 0.4123      25.4    24.7
   576  9.1057  2.6057     0.080   0.327   1.448  -0.78540  -2.90    0.3512 0.4081      21.1    24.5
   577  9.3943  3.3943     1.474   0.185   0.882  -0.78540  -1.76    0.5415 0.2452      32.5    14.7
   578  9.3943  3.1057     0.755   0.041   0.903  -0.78540  -1.81    0.3812 0.2171      22.9    13.0
   579  9.1057  3.3943     1.485   0.239   0.594  -0.78540  -1.19    0.4779 0.1916      28.7    11.5
   580  9.1057  3.1057     0.766   0.096   0.616  -0.78540  -1.23    0.3176 0.1635      19.1     9.8
   581  9.3943  3.8943     2.590   0.007   0.308  -0.78540  -0.62    0.6661 0.0750      40.0     4.5
   582  9.3943  3.6057     1.904  -0.130   0.320  -0.78540  -0.64    0.5115 0.0750      30.7     4.5
   583  9.1057  3.8943     2.596   0.039   0.034  -0.78540  -0.07    0.6045 0.0750      36.3     4.5
  9.1057  3.6057 rhox iteration   4
   584  9.1057  3.6057     1.911  -0.098   0.046  -1.13009  -0.12    0.4443 0.0750      26.7     4.5
  9.8943  0.3943 rhoy iteration   2
   585  9.8943  0.3943    -2.498   0.019   0.461  -0.18255  -2.58    0.0750 0.0750       4.5     4.5
   586  9.8943  0.1057    -3.112  -0.104   0.434  -0.14034  -3.17    0.0750 0.0750       4.5     4.5
   587  9.6057  0.3943    -2.512  -0.049   0.215  -0.08659  -2.53    0.0750 0.0750       4.5     4.5
   588  9.6057  0.1057    -3.126  -0.172   0.188  -0.06328  -3.14    0.0750 0.0750       4.5     4.5
  9.8943  0.8943 rhoy iteration   3
   589  9.8943  0.8943    -1.405  -0.139   1.110  -0.66838  -2.28    0.0750 0.1694       4.5    10.2
  9.8943  0.6057 rhoy iteration   2
   590  9.8943  0.6057    -2.098  -0.278   1.079  -0.47487  -2.65    0.0750 0.0750       4.5     4.5
  9.6057  0.8943 rhoy iteration   2
   591  9.6057  0.8943    -1.421  -0.217   0.833  -0.53005  -1.91    0.0750 0.0750       4.5     4.5
   592  9.6057  0.6057    -2.113  -0.356   0.802  -0.36969  -2.42    0.0750 0.0750       4.5     4.5
   593  9.8943  1.3943    -0.573  -0.249   1.583  -0.78540  -3.17    0.2321 0.3065      13.9    18.4
   594  9.8943  1.1057    -1.039  -0.343   1.560  -0.78540  -3.12    0.1197 0.2798       7.2    16.8
   595  9.6057  1.3943    -0.585  -0.307   1.396  -0.78540  -2.79    0.1866 0.2505      11.2    15.0
   596  9.6057  1.1057    -1.050  -0.400   1.373  -0.78540  -2.75    0.0750 0.2238       4.5    13.4
   597  9.8943  1.8943    -0.092  -0.126   1.845  -0.78540  -3.69    0.4028 0.3950      24.2    23.7
   598  9.8943  1.6057    -0.315  -0.171   1.830  -0.78540  -3.66    0.3481 0.3813      20.9    22.9
   599  9.6057  1.8943    -0.100  -0.165   1.756  -0.78540  -3.51    0.3806 0.3657      22.8    21.9
   600  9.6057  1.6057    -0.323  -0.209   1.740  -0.78540  -3.48    0.3258 0.3520      19.5    21.1
   601  9.8943  2.3943     0.326   0.110   1.833  -0.78540  -3.67    0.4963 0.4467      29.8    26.8
   602  9.8943  2.1057     0.103   0.065   1.846  -0.78540  -3.69    0.4479 0.4393      26.9    26.4
   603  9.6057  2.3943     0.332   0.141   1.744  -0.78540  -3.49    0.4773 0.4333      28.6    26.0
   604  9.6057  2.1057     0.109   0.096   1.756  -0.78540  -3.51    0.4288 0.4259      25.7    25.6
   605  9.8943  2.8943     1.049   0.274   1.567  -0.78540  -3.13    0.6015 0.4233      36.1    25.4
   606  9.8943  2.6057     0.583   0.181   1.587  -0.78540  -3.17    0.4988 0.4064      29.9    24.4
   607  9.6057  2.8943     1.059   0.324   1.380  -0.78540  -2.76    0.5609 0.3919      33.7    23.5
   608  9.6057  2.6057     0.593   0.231   1.401  -0.78540  -2.80    0.4582 0.3751      27.5    22.5
   609  9.8943  3.3943     2.099   0.193   1.084  -0.78540  -2.17    0.7315 0.2934      43.9    17.6
   610  9.8943  3.1057     1.411   0.055   1.114  -0.78540  -2.23    0.5803 0.2687      34.8    16.1
   611  9.6057  3.3943     2.113   0.267   0.809  -0.78540  -1.62    0.6717 0.2473      40.3    14.8
   612  9.6057  3.1057     1.426   0.130   0.838  -0.78540  -1.68    0.5206 0.2226      31.2    13.4
   613  9.8943  3.8943     3.080   0.006   0.431  -0.78540  -0.86    0.8070 0.1003      48.4     6.0
   614  9.8943  3.6057     2.487  -0.113   0.458  -0.78540  -0.92    0.6770 0.0792      40.6     4.8
   615  9.6057  3.8943     3.093   0.073   0.194  -0.78540  -0.39    0.7556 0.0750      45.3     4.5
   616  9.6057  3.6057     2.501  -0.046   0.221  -0.78540  -0.44    0.6256 0.0750      37.5     4.5
 10.3943  0.3943 rhoy iteration   2
   617 10.3943  0.3943    -3.172   0.041   0.678  -0.21043  -3.32    0.0750 0.0750       4.5     4.5
   618 10.3943  0.1057    -3.951  -0.115   0.637  -0.16038  -4.05    0.0750 0.0750       4.5     4.5
   619 10.1057  0.3943    -3.193  -0.060   0.366  -0.11485  -3.23    0.0750 0.0750       4.5     4.5
   620 10.1057  0.1057    -3.971  -0.216   0.326  -0.08591  -4.00    0.0750 0.0750       4.5     4.5
 10.3943  0.8943 rhoy iteration   3
   621 10.3943  0.8943    -1.853  -0.316   1.292  -0.60900  -2.75    0.0750 0.1346       4.5     8.1
 10.3943  0.6057 rhoy iteration   2
   622 10.3943  0.6057    -2.705  -0.486   1.327  -0.45615  -3.36    0.0750 0.0750       4.5     4.5
 10.1057  0.8943 rhoy iteration   2
   623 10.1057  0.8943    -1.836  -0.229   0.952  -0.47828  -2.33    0.0750 0.0750       4.5     4.5
   624 10.1057  0.6057    -2.688  -0.399   0.986  -0.35575  -3.05    0.0750 0.0750       4.5     4.5
   625 10.3943  1.3943    -0.852  -0.284   1.501  -0.78540  -3.00    0.1492 0.2798       9.0    16.8
   626 10.3943  1.1057    -1.382  -0.390   1.501  -0.78540  -3.00    0.0750 0.2554       4.5    15.3
   627 10.1057  1.3943    -0.852  -0.285   1.289  -0.78540  -2.58    0.1005 0.2309       6.0    13.9
 10.1057  1.1057 rhoy iteration   3
   628 10.1057  1.1057    -1.383  -0.391   1.289  -0.75040  -2.58    0.0750 0.1864       4.5    11.2
   629 10.3943  1.8943    -0.145  -0.102   1.620  -0.78540  -3.24    0.3391 0.3488      20.3    20.9
   630 10.3943  1.6057    -0.514  -0.176   1.613  -0.78540  -3.23    0.2526 0.3303      15.2    19.8
   631 10.1057  1.8943    -0.148  -0.118   1.472  -0.78540  -2.94    0.3043 0.3111      18.3    18.7
   632 10.1057  1.6057    -0.518  -0.192   1.465  -0.78540  -2.93    0.2179 0.2927      13.1    17.6
   633 10.3943  2.3943     0.518   0.137   1.622  -0.78540  -3.24    0.4920 0.4043      29.5    24.3
   634 10.3943  2.1057     0.148   0.063   1.622  -0.78540  -3.24    0.4069 0.3873      24.4    23.2
   635 10.1057  2.3943     0.518   0.137   1.474  -0.78540  -2.95    0.4580 0.3704      27.5    22.2
   636 10.1057  2.1057     0.148   0.063   1.474  -0.78540  -2.95    0.3729 0.3534      22.4    21.2
   637 10.3943  2.8943     1.387   0.346   1.521  -0.78540  -3.04    0.6685 0.4293      40.1    25.8
   638 10.3943  2.6057     0.855   0.240   1.514  -0.78540  -3.03    0.5448 0.4033      32.7    24.2
   639 10.1057  2.8943     1.383   0.329   1.309  -0.78540  -2.62    0.6189 0.3765      37.1    22.6
   640 10.1057  2.6057     0.852   0.223   1.302  -0.78540  -2.60    0.4951 0.3505      29.7    21.0
   641 10.3943  3.3943     2.716   0.430   1.358  -0.78540  -2.72    0.9365 0.4110      56.2    24.7
   642 10.3943  3.1057     1.858   0.259   1.315  -0.78540  -2.63    0.7293 0.3617      43.8    21.7
   643 10.1057  3.3943     2.695   0.323   1.014  -0.78540  -2.03    0.8526 0.3075      51.2    18.5
   644 10.1057  3.1057     1.836   0.152   0.972  -0.78540  -1.94    0.6455 0.2582      38.7    15.5
   645 10.3943  3.8943     3.931   0.019   0.645  -0.78540  -1.29    1.0520 0.1526      63.1     9.2
   646 10.3943  3.6057     3.172  -0.133   0.685  -0.78540  -1.37    0.8867 0.1270      53.2     7.6
   647 10.1057  3.8943     3.952   0.121   0.341  -0.78540  -0.68    0.9868 0.1061      59.2     6.4
   648 10.1057  3.6057     3.192  -0.031   0.382  -0.78540  -0.76    0.8215 0.0805      49.3     4.8
   649 10.8943  0.3943    -3.777  -0.605   1.212  -0.32623  -4.19    0.0750 0.0750       4.5     4.5
   650 10.8943  0.1057    -5.544  -0.959   1.383  -0.27135  -5.93    0.0750 0.0750       4.5     4.5
   651 10.6057  0.3943    -3.692  -0.178   0.505  -0.13994  -3.76    0.0750 0.0750       4.5     4.5
   652 10.6057  0.1057    -5.459  -0.531   0.676  -0.13389  -5.55    0.0750 0.0750       4.5     4.5
 10.8943  0.8943 rhoy iteration   2
   653 10.8943  0.8943    -2.045  -0.404   1.280  -0.55941  -2.85    0.0750 0.0914       4.5     5.5
 10.8943  0.6057 rhoy iteration   1
   654 10.8943  0.6057    -2.862  -0.567   1.286  -0.42241  -3.44    0.0750 0.0750       4.5     4.5
 10.6057  0.8943 rhoy iteration   2
   655 10.6057  0.8943    -2.042  -0.389   0.954  -0.43692  -2.49    0.0750 0.0750       4.5     4.5
   656 10.6057  0.6057    -2.859  -0.552   0.959  -0.34700  -3.21    0.0750 0.0750       4.5     4.5
   657 10.8943  1.3943    -0.980  -0.220   1.352  -0.78540  -2.70    0.0857 0.2603       5.1    15.6
 10.8943  1.1057 rhoy iteration   3
   658 10.8943  1.1057    -1.545  -0.333   1.325  -0.70891  -2.68    0.0750 0.1847       4.5    11.1
   659 10.6057  1.3943    -0.993  -0.288   1.126  -0.78540  -2.25    0.0750 0.1926       4.5    11.6
 10.6057  1.1057 rhoy iteration   2
   660 10.6057  1.1057    -1.559  -0.401   1.099  -0.61407  -2.33    0.0750 0.0858       4.5     5.1
   661 10.8943  1.8943    -0.168  -0.048   1.403  -0.78540  -2.81    0.2838 0.3115      17.0    18.7
   662 10.8943  1.6057    -0.609  -0.136   1.386  -0.78540  -2.77    0.1787 0.2874      10.7    17.2
   663 10.6057  1.8943    -0.176  -0.089   1.226  -0.78540  -2.45    0.2414 0.2615      14.5    15.7
   664 10.6057  1.6057    -0.617  -0.177   1.210  -0.78540  -2.42    0.1362 0.2375       8.2    14.2
   665 10.8943  2.3943     0.600   0.127   1.398  -0.78540  -2.80    0.4594 0.3506      27.6    21.0
   666 10.8943  2.1057     0.159   0.039   1.406  -0.78540  -2.81    0.3598 0.3321      21.6    19.9
   667 10.6057  2.3943     0.604   0.147   1.221  -0.78540  -2.44    0.4197 0.3146      25.2    18.9
   668 10.6057  2.1057     0.163   0.059   1.229  -0.78540  -2.46    0.3202 0.2961      19.2    17.8
   669 10.8943  2.8943     1.537   0.323   1.352  -0.78540  -2.70    0.6641 0.3851      39.8    23.1
   670 10.8943  2.6057     0.971   0.210   1.370  -0.78540  -2.74    0.5381 0.3632      32.3    21.8
   671 10.6057  2.8943     1.546   0.368   1.126  -0.78540  -2.25    0.6141 0.3434      36.8    20.6
   672 10.6057  2.6057     0.980   0.255   1.144  -0.78540  -2.29    0.4882 0.3215      29.3    19.3
   673 10.8943  3.3943     2.858   0.556   1.333  -0.78540  -2.67    0.9634 0.4342      57.8    26.1
   674 10.8943  3.1057     2.037   0.392   1.315  -0.78540  -2.63    0.7706 0.3923      46.2    23.5
   675 10.6057  3.3943     2.849   0.510   1.005  -0.78540  -2.01    0.8859 0.3483      53.2    20.9
   676 10.6057  3.1057     2.028   0.346   0.987  -0.78540  -1.97    0.6931 0.3064      41.6    18.4
   677 10.8943  3.8943     5.603   0.951   1.458  -0.78540  -2.92    1.6232 0.5538      97.4    33.2
   678 10.8943  3.6057     3.790   0.588   1.265  -0.78540  -2.53    1.1620 0.4261      69.7    25.6
   679 10.6057  3.8943     5.506   0.468   0.733  -0.78540  -1.47    1.4343 0.2761      86.1    16.6
   680 10.6057  3.6057     3.693   0.105   0.540  -0.78540  -1.08    0.9731 0.1483      58.4     8.9

fy             435.0000
fc             -17.0000
min rhox         0.0750
min rhoy         0.0750
steel spec w  7810.0

asx volume       0.0904
asy volume       0.0485
concrete vol    25.50
mass x / vol    27.68
mass y / vol    14.87
min sig_c      -19.8
point           253
max rho_x       1.62
point           677
max rho_y       1.31
point           504
