    0.00400000  1.483702e-03    0.00400000 -1.533226e-04    0.00400000  5.170837e-04    0.00400000  3.735302e-03    0.00400000  4.135133e-03    0.00400000  3.928533e-03    0.00400000  3.249069e-03    0.00400000  4.399332e-04    0.00400000  1.603024e-03    0.00400000  2.799113e-03    0.00400000  2.341684e-03  0       1
    0.00800000  3.610612e-03    0.00800000 -3.613711e-04    0.00800000  1.219823e-03    0.00800000  9.206206e-03    0.00800000  1.027232e-02    0.00800000  9.809023e-03    0.00800000  8.112933e-03    0.00800000  1.089053e-03    0.00800000  3.916402e-03    0.00800000  6.852558e-03    0.00800000  5.808737e-03  0       2
    0.01200000  6.097818e-03    0.01200000 -5.988580e-04    0.01200000  2.020067e-03    0.01200000  1.566927e-02    0.01200000  1.756541e-02    0.01200000  1.682381e-02    0.01200000  1.391568e-02    0.01200000  1.857921e-03    0.01200000  6.630972e-03    0.01200000  1.161668e-02    0.01200000  9.924757e-03  0       3
    0.01600000  8.805155e-03    0.01600000 -8.540172e-04    0.01600000  2.878649e-03    0.01600000  2.274238e-02    0.01600000  2.557152e-02    0.01600000  2.453966e-02    0.01600000  2.029872e-02    0.01600000  2.700494e-03    0.01600000  9.591202e-03    0.01600000  1.681644e-02    0.01600000  1.444082e-02  0       4
    0.02000000  1.163594e-02    0.02000000 -1.118732e-03    0.02000000  3.769869e-03    0.02000000  3.015784e-02    0.02000000  3.397860e-02    0.02000000  3.264990e-02    0.02000000  2.700788e-02    0.02000000  3.584658e-03    0.02000000  1.268891e-02    0.02000000  2.226010e-02    0.02000000  1.918144e-02  0       5
    0.02400000  1.451207e-02    0.02400000 -1.386367e-03    0.02400000  4.673505e-03    0.02400000  3.769778e-02    0.02400000  4.253205e-02    0.02400000  4.090380e-02    0.02400000  3.383522e-02    0.02400000  4.484389e-03    0.02400000  1.583626e-02    0.02400000  2.779188e-02    0.02400000  2.400334e-02  0       6
    0.02800000  1.736358e-02    0.02800000 -1.650895e-03    0.02800000  5.571671e-03    0.02800000  4.516629e-02    0.02800000  5.100278e-02    0.02800000  4.907553e-02    0.02800000  4.059327e-02    0.02800000  5.376362e-03    0.02800000  1.895435e-02    0.02800000  3.327174e-02    0.02800000  2.877751e-02  0       7
    0.03200000  2.012245e-02    0.03200000 -1.906388e-03    0.03200000  6.447023e-03    0.03200000  5.237269e-02    0.03200000  5.916792e-02    0.03200000  5.694534e-02    0.03200000  4.709962e-02    0.03200000  6.237938e-03    0.03200000  2.196636e-02    0.03200000  3.856336e-02    0.03200000  3.337838e-02  0       8
    0.03600000  2.271770e-02    0.03600000 -2.146601e-03    0.03600000  7.281326e-03    0.03600000  5.911847e-02    0.03600000  6.679567e-02    0.03600000  6.428487e-02    0.03600000  5.316464e-02    0.03600000  7.045573e-03    0.03600000  2.479217e-02    0.03600000  4.352459e-02    0.03600000  3.767530e-02  0       9
    0.04000000  2.506965e-02    0.04000000 -2.364467e-03    0.04000000  8.053596e-03    0.04000000  6.518235e-02    0.04000000  7.362848e-02    0.04000000  7.084092e-02    0.04000000  5.857822e-02    0.04000000  7.773025e-03    0.04000000  2.734217e-02    0.04000000  4.799662e-02    0.04000000  4.152314e-02  0      10
    0.04400000  2.717433e-02    0.04400000 -2.559868e-03    0.04400000  8.765383e-03    0.04400000  7.054508e-02    0.04400000  7.963985e-02    0.04400000  7.658472e-02    0.04400000  6.331618e-02    0.04400000  8.418130e-03    0.04400000  2.961033e-02    0.04400000  5.196786e-02    0.04400000  4.490719e-02  0      11
    0.04800000  2.914201e-02    0.04800000 -2.742981e-03    0.04800000  9.442294e-03    0.04800000  7.552275e-02    0.04800000  8.520119e-02    0.04800000  8.188503e-02    0.04800000  6.768625e-02    0.04800000  9.017950e-03    0.04800000  3.172360e-02    0.04800000  5.566385e-02    0.04800000  4.803825e-02  0      12
    0.05200000  3.096317e-02    0.05200000 -2.913140e-03    0.05200000  1.008151e-02    0.05200000  8.008944e-02    0.05200000  9.028217e-02    0.05200000  8.671241e-02    0.05200000  7.166447e-02    0.05200000  9.569338e-03    0.05200000  3.367169e-02    0.05200000  5.906622e-02    0.05200000  5.089984e-02  0      13
    0.05600000  3.270571e-02    0.05600000 -3.076475e-03    0.05600000  1.070358e-02    0.05600000  8.442504e-02    0.05600000  9.508812e-02    0.05600000  9.126604e-02    0.05600000  7.541592e-02    0.05600000  1.009393e-02    0.05600000  3.552934e-02    0.05600000  6.230638e-02    0.05600000  5.360800e-02  0      14
    0.06000000  3.438139e-02    0.06000000 -3.233660e-03    0.06000000  1.130631e-02    0.06000000  8.857795e-02    0.06000000  9.968312e-02    0.06000000  9.561461e-02    0.06000000  7.899868e-02    0.06000000  1.059729e-02    0.06000000  3.731307e-02    0.06000000  6.541507e-02    0.06000000  5.619916e-02  0      15
    0.06400000  3.595998e-02    0.06400000 -3.382014e-03    0.06400000  1.187982e-02    0.06400000  9.246990e-02    0.06400000  1.039786e-01    0.06400000  9.967308e-02    0.06400000  8.234277e-02    0.06400000  1.107002e-02    0.06400000  3.899022e-02    0.06400000  6.833489e-02    0.06400000  5.862379e-02  0      16
    0.06800000  3.745128e-02    0.06800000 -3.522623e-03    0.06800000  1.242882e-02    0.06800000  9.612103e-02    0.06800000  1.079944e-01    0.06800000  1.034588e-01    0.06800000  8.546258e-02    0.06800000  1.151466e-02    0.06800000  4.057064e-02    0.06800000  7.108235e-02    0.06800000  6.089355e-02  0      17
    0.07200000  3.885381e-02    0.07200000 -3.655548e-03    0.07200000  1.295401e-02    0.07200000  9.952346e-02    0.07200000  1.117193e-01    0.07200000  1.069597e-01    0.07200000  8.834822e-02    0.07200000  1.193033e-02    0.07200000  4.205217e-02    0.07200000  7.365307e-02    0.07200000  6.300266e-02  0      18
    0.07600000  4.015446e-02    0.07600000 -3.779513e-03    0.07600000  1.344580e-02    0.07600000  1.026623e-01    0.07600000  1.151458e-01    0.07600000  1.101741e-01    0.07600000  9.099815e-02    0.07600000  1.231419e-02    0.07600000  4.342373e-02    0.07600000  7.603049e-02    0.07600000  6.494485e-02  0      19
    0.08000000  4.137251e-02    0.08000000 -3.896390e-03    0.08000000  1.390991e-02    0.08000000  1.055898e-01    0.08000000  1.183338e-01    0.08000000  1.131602e-01    0.08000000  9.346016e-02    0.08000000  1.267226e-02    0.08000000  4.470662e-02    0.08000000  7.825245e-02    0.08000000  6.675343e-02  0      20
    0.08400000  4.243484e-02    0.08400000 -3.999167e-03    0.08400000  1.431831e-02    0.08400000  1.081309e-01    0.08400000  1.210930e-01    0.08400000  1.157398e-01    0.08400000  9.558740e-02    0.08400000  1.298308e-02    0.08400000  4.582393e-02    0.08400000  8.018584e-02    0.08400000  6.832034e-02  0      21
    0.08800000  4.315872e-02    0.08800000 -4.069790e-03    0.08800000  1.459904e-02    0.08800000  1.098543e-01    0.08800000  1.229589e-01    0.08800000  1.174810e-01    0.08800000  9.702347e-02    0.08800000  1.319386e-02    0.08800000  4.658423e-02    0.08800000  8.150029e-02    0.08800000  6.938101e-02  0      22
    0.09200000  4.320058e-02    0.09200000 -4.073890e-03    0.09200000  1.461534e-02    0.09200000  1.099537e-01    0.09200000  1.230664e-01    0.09200000  1.175812e-01    0.09200000  9.710611e-02    0.09200000  1.320601e-02    0.09200000  4.662816e-02    0.09200000  8.157620e-02    0.09200000  6.944213e-02  0      23
    0.09600000  4.313581e-02    0.09600000 -4.067783e-03    0.09600000  1.459342e-02    0.09600000  1.097889e-01    0.09600000  1.228819e-01    0.09600000  1.174049e-01    0.09600000  9.696054e-02    0.09600000  1.318621e-02    0.09600000  4.655826e-02    0.09600000  8.145390e-02    0.09600000  6.933802e-02  0      24
    0.10000000  4.305336e-02    0.10000000 -4.060007e-03    0.10000000  1.456553e-02    0.10000000  1.095790e-01    0.10000000  1.226470e-01    0.10000000  1.171805e-01    0.10000000  9.677521e-02    0.10000000  1.316101e-02    0.10000000  4.646927e-02    0.10000000  8.129821e-02    0.10000000  6.920549e-02  0      25
    0.10400000  4.295322e-02    0.10400000 -4.050564e-03    0.10400000  1.453165e-02    0.10400000  1.093242e-01    0.10400000  1.223618e-01    0.10400000  1.169080e-01    0.10400000  9.655014e-02    0.10400000  1.313040e-02    0.10400000  4.636119e-02    0.10400000  8.110913e-02    0.10400000  6.904454e-02  0      26
    0.10800000  4.283541e-02    0.10800000 -4.039454e-03    0.10800000  1.449179e-02    0.10800000  1.090243e-01    0.10800000  1.220262e-01    0.10800000  1.165873e-01    0.10800000  9.628533e-02    0.10800000  1.309438e-02    0.10800000  4.623402e-02    0.10800000  8.088666e-02    0.10800000  6.885516e-02  0      27
    0.11200000  4.269993e-02    0.11200000 -4.026678e-03    0.11200000  1.444595e-02    0.11200000  1.086795e-01    0.11200000  1.216402e-01    0.11200000  1.162186e-01    0.11200000  9.598081e-02    0.11200000  1.305297e-02    0.11200000  4.608780e-02    0.11200000  8.063084e-02    0.11200000  6.863740e-02  0      28
    0.11600000  4.254682e-02    0.11600000 -4.012239e-03    0.11600000  1.439415e-02    0.11600000  1.082898e-01    0.11600000  1.212041e-01    0.11600000  1.158019e-01    0.11600000  9.563666e-02    0.11600000  1.300617e-02    0.11600000  4.592254e-02    0.11600000  8.034172e-02    0.11600000  6.839129e-02  0      29
    0.12000000  4.237611e-02    0.12000000 -3.996142e-03    0.12000000  1.433640e-02    0.12000000  1.078553e-01    0.12000000  1.207178e-01    0.12000000  1.153373e-01    0.12000000  9.525296e-02    0.12000000  1.295399e-02    0.12000000  4.573830e-02    0.12000000  8.001938e-02    0.12000000  6.811690e-02  0      30
    0.12400000  4.218787e-02    0.12400000 -3.978389e-03    0.12400000  1.427271e-02    0.12400000  1.073762e-01    0.12400000  1.201815e-01    0.12400000  1.148250e-01    0.12400000  9.482983e-02    0.12400000  1.289644e-02    0.12400000  4.553511e-02    0.12400000  7.966391e-02    0.12400000  6.781431e-02  0      31
    0.12800000  4.198214e-02    0.12800000 -3.958989e-03    0.12800000  1.420311e-02    0.12800000  1.068526e-01    0.12800000  1.195955e-01    0.12800000  1.142650e-01    0.12800000  9.436740e-02    0.12800000  1.283355e-02    0.12800000  4.531306e-02    0.12800000  7.927544e-02    0.12800000  6.748362e-02  0      32
    0.13200000  4.175901e-02    0.13200000 -3.937947e-03    0.13200000  1.412762e-02    0.13200000  1.062847e-01    0.13200000  1.189599e-01    0.13200000  1.136577e-01    0.13200000  9.386586e-02    0.13200000  1.276534e-02    0.13200000  4.507223e-02    0.13200000  7.885410e-02    0.13200000  6.712496e-02  0      33
    0.13600000  4.151857e-02    0.13600000 -3.915273e-03    0.13600000  1.404627e-02    0.13600000  1.056727e-01    0.13600000  1.182749e-01    0.13600000  1.130033e-01    0.13600000  9.332540e-02    0.13600000  1.269184e-02    0.13600000  4.481271e-02    0.13600000  7.840007e-02    0.13600000  6.673847e-02  0      34
    0.14000000  4.126092e-02    0.14000000 -3.890976e-03    0.14000000  1.395910e-02    0.14000000  1.050170e-01    0.14000000  1.175410e-01    0.14000000  1.123021e-01    0.14000000  9.274627e-02    0.14000000  1.261308e-02    0.14000000  4.453462e-02    0.14000000  7.791355e-02    0.14000000  6.632431e-02  0      35
    0.14400000  4.098618e-02    0.14400000 -3.865068e-03    0.14400000  1.386615e-02    0.14400000  1.043177e-01    0.14400000  1.167583e-01    0.14400000  1.115543e-01    0.14400000  9.212872e-02    0.14400000  1.252910e-02    0.14400000  4.423809e-02    0.14400000  7.739476e-02    0.14400000  6.588269e-02  0      36
    0.14800000  4.069448e-02    0.14800000 -3.837560e-03    0.14800000  1.376747e-02    0.14800000  1.035753e-01    0.14800000  1.159274e-01    0.14800000  1.107604e-01    0.14800000  9.147306e-02    0.14800000  1.243993e-02    0.14800000  4.392325e-02    0.14800000  7.684395e-02    0.14800000  6.541382e-02  0      37
    0.15200000  4.038599e-02    0.15200000 -3.808468e-03    0.15200000  1.366310e-02    0.15200000  1.027901e-01    0.15200000  1.150485e-01    0.15200000  1.099208e-01    0.15200000  9.077963e-02    0.15200000  1.234563e-02    0.15200000  4.359028e-02    0.15200000  7.626141e-02    0.15200000  6.491793e-02  0      38
    0.15600000  4.006085e-02    0.15600000 -3.777807e-03    0.15600000  1.355310e-02    0.15600000  1.019626e-01    0.15600000  1.141223e-01    0.15600000  1.090358e-01    0.15600000  9.004879e-02    0.15600000  1.224623e-02    0.15600000  4.323934e-02    0.15600000  7.564745e-02    0.15600000  6.439530e-02  0      39
    0.16000000  3.971926e-02    0.16000000 -3.745594e-03    0.16000000  1.343753e-02    0.16000000  1.010932e-01    0.16000000  1.131492e-01    0.16000000  1.081061e-01    0.16000000  8.928097e-02    0.16000000  1.214181e-02    0.16000000  4.287065e-02    0.16000000  7.500242e-02    0.16000000  6.384622e-02  0      40
    0.16400000  3.936141e-02    0.16400000 -3.711849e-03    0.16400000  1.331646e-02    0.16400000  1.001824e-01    0.16400000  1.121298e-01    0.16400000  1.071321e-01    0.16400000  8.847660e-02    0.16400000  1.203242e-02    0.16400000  4.248441e-02    0.16400000  7.432669e-02    0.16400000  6.327100e-02  0      41
    0.16800000  3.898752e-02    0.16800000 -3.676590e-03    0.16800000  1.318997e-02    0.16800000  9.923078e-02    0.16800000  1.110647e-01    0.16800000  1.061145e-01    0.16800000  8.763619e-02    0.16800000  1.191813e-02    0.16800000  4.208086e-02    0.16800000  7.362068e-02    0.16800000  6.267001e-02  0      42
    0.17200000  3.859783e-02    0.17200000 -3.639842e-03    0.17200000  1.305813e-02    0.17200000  9.823894e-02    0.17200000  1.099546e-01    0.17200000  1.050539e-01    0.17200000  8.676025e-02    0.17200000  1.179900e-02    0.17200000  4.166025e-02    0.17200000  7.288482e-02    0.17200000  6.204361e-02  0      43
    0.17600000  3.819259e-02    0.17600000 -3.601627e-03    0.17600000  1.292103e-02    0.17600000  9.720753e-02    0.17600000  1.088002e-01    0.17600000  1.039509e-01    0.17600000  8.584936e-02    0.17600000  1.167513e-02    0.17600000  4.122286e-02    0.17600000  7.211961e-02    0.17600000  6.139221e-02  0      44
    0.18000000  3.777207e-02    0.18000000 -3.561971e-03    0.18000000  1.277877e-02    0.18000000  9.613723e-02    0.18000000  1.076023e-01    0.18000000  1.028064e-01    0.18000000  8.490412e-02    0.18000000  1.154658e-02    0.18000000  4.076898e-02    0.18000000  7.132554e-02    0.18000000  6.071626e-02  0      45
    0.18400000  3.733657e-02    0.18400000 -3.520902e-03    0.18400000  1.263143e-02    0.18400000  9.502879e-02    0.18400000  1.063616e-01    0.18400000  1.016210e-01    0.18400000  8.392520e-02    0.18400000  1.141345e-02    0.18400000  4.029892e-02    0.18400000  7.050317e-02    0.18400000  6.001622e-02  0      46
    0.18800000  3.688638e-02    0.18800000 -3.478449e-03    0.18800000  1.247913e-02    0.18800000  9.388299e-02    0.18800000  1.050792e-01    0.18800000  1.003958e-01    0.18800000  8.291328e-02    0.18800000  1.127583e-02    0.18800000  3.981302e-02    0.18800000  6.965308e-02    0.18800000  5.929258e-02  0      47
    0.19200000  3.642186e-02    0.19200000 -3.434643e-03    0.19200000  1.232197e-02    0.19200000  9.270068e-02    0.19200000  1.037559e-01    0.19200000  9.913144e-02    0.19200000  8.186912e-02    0.19200000  1.113383e-02    0.19200000  3.931163e-02    0.19200000  6.877591e-02    0.19200000  5.854588e-02  0      48
    0.19600000  3.594333e-02    0.19600000 -3.389517e-03    0.19600000  1.216007e-02    0.19600000  9.148274e-02    0.19600000  1.023927e-01    0.19600000  9.782901e-02    0.19600000  8.079349e-02    0.19600000  1.098755e-02    0.19600000  3.879514e-02    0.19600000  6.787230e-02    0.19600000  5.777668e-02  0      49
    0.20000000  3.545117e-02    0.20000000 -3.343106e-03    0.20000000  1.199357e-02    0.20000000  9.023010e-02    0.20000000  1.009907e-01    0.20000000  9.648948e-02    0.20000000  7.968722e-02    0.20000000  1.083710e-02    0.20000000  3.826393e-02    0.20000000  6.694295e-02    0.20000000  5.698557e-02  0      50
