    0.00800000  3.605303e-03    0.00800000 -4.188124e-04    0.00800000  1.350463e-03    0.00800000  8.817354e-03    0.00800000  9.543256e-03    0.00800000  8.937272e-03    0.00800000  7.393537e-03    0.00800000  1.010533e-03    0.00800000  3.872578e-03    0.00800000  6.733440e-03    0.00800000  5.424464e-03  0       1
    0.01600000  7.527142e-03    0.01600000 -8.629751e-04    0.01600000  2.790365e-03    0.01600000  1.849583e-02    0.01600000  2.008595e-02    0.01600000  1.885119e-02    0.01600000  1.559370e-02    0.01600000  2.125536e-03    0.01600000  8.094504e-03    0.01600000  1.408513e-02    0.01600000  1.140853e-02  0       2
    0.02400000  1.155431e-02    0.02400000 -1.312177e-03    0.02400000  4.250718e-03    0.02400000  2.848879e-02    0.02400000  3.101260e-02    0.02400000  2.915115e-02    0.02400000  2.411250e-02    0.02400000  3.280159e-03    0.02400000  1.243590e-02    0.02400000  2.165160e-02    0.02400000  1.760548e-02  0       3
    0.03200000  1.563677e-02    0.03200000 -1.762647e-03    0.03200000  5.717895e-03    0.03200000  3.865855e-02    0.03200000  4.216227e-02    0.03200000  3.967927e-02    0.03200000  3.281959e-02    0.03200000  4.457580e-03    0.03200000  1.684140e-02    0.03200000  2.933467e-02    0.03200000  2.392533e-02  0       4
    0.04000000  1.975355e-02    0.04000000 -2.213164e-03    0.04000000  7.187188e-03    0.04000000  4.894447e-02    0.04000000  5.346210e-02    0.04000000  5.036294e-02    0.04000000  4.165504e-02    0.04000000  5.650241e-03    0.04000000  2.128746e-02    0.04000000  3.709225e-02    0.04000000  3.032758e-02  0       5
    0.04800000  2.389372e-02    0.04800000 -2.663261e-03    0.04800000  8.656653e-03    0.04800000  5.931335e-02    0.04800000  6.487123e-02    0.04800000  6.116088e-02    0.04800000  5.058476e-02    0.04800000  6.853938e-03    0.04800000  2.576162e-02    0.04800000  4.490186e-02    0.04800000  3.678960e-02  0       6
    0.05600000  2.805079e-02    0.05600000 -3.112765e-03    0.05600000  1.012545e-02    0.05600000  6.974457e-02    0.05600000  7.636374e-02    0.05600000  7.204664e-02    0.05600000  5.958692e-02    0.05600000  8.066027e-03    0.05600000  3.025635e-02    0.05600000  5.274983e-02    0.05600000  4.329709e-02  0       7
    0.06400000  3.222059e-02    0.06400000 -3.561623e-03    0.06400000  1.159324e-02    0.06400000  8.022423e-02    0.06400000  8.792182e-02    0.06400000  8.300182e-02    0.06400000  6.864633e-02    0.06400000  9.284705e-03    0.06400000  3.476672e-02    0.06400000  6.062715e-02    0.06400000  4.984026e-02  0       8
    0.07200000  3.640026e-02    0.07200000 -4.009848e-03    0.07200000  1.305994e-02    0.07200000  9.074239e-02    0.07200000  9.953249e-02    0.07200000  9.401291e-02    0.07200000  7.775183e-02    0.07200000  1.050867e-02    0.07200000  3.928933e-02    0.07200000  6.852752e-02    0.07200000  5.641198e-02  0       9
    0.08000000  4.058777e-02    0.08000000 -4.457474e-03    0.08000000  1.452562e-02    0.08000000  1.012915e-01    0.08000000  1.111858e-01    0.08000000  1.050695e-01    0.08000000  8.689479e-02    0.08000000  1.173694e-02    0.08000000  4.382167e-02    0.08000000  7.644626e-02    0.08000000  6.300683e-02  0      10
    0.08800000  4.478157e-02    0.08800000 -4.904554e-03    0.08800000  1.599038e-02    0.08800000  1.118659e-01    0.08800000  1.228740e-01    0.08800000  1.161632e-01    0.08800000  9.606834e-02    0.08800000  1.296875e-02    0.08800000  4.836182e-02    0.08800000  8.437981e-02    0.08800000  6.962050e-02  0      11
    0.09600000  4.898050e-02    0.09600000 -5.351144e-03    0.09600000  1.745441e-02    0.09600000  1.224607e-01    0.09600000  1.345905e-01    0.09600000  1.272873e-01    0.09600000  1.052668e-01    0.09600000  1.420345e-02    0.09600000  5.290829e-02    0.09600000  9.232535e-02    0.09600000  7.624949e-02  0      12
    0.10400000  5.318363e-02    0.10400000 -5.797302e-03    0.10400000  1.891789e-02    0.10400000  1.330721e-01    0.10400000  1.463301e-01    0.10400000  1.384358e-01    0.10400000  1.144854e-01    0.10400000  1.544055e-02    0.10400000  5.745987e-02    0.10400000  1.002806e-01    0.10400000  8.289086e-02  0      13
    0.11200000  5.739020e-02    0.11200000 -6.243088e-03    0.11200000  2.038104e-02    0.11200000  1.436967e-01    0.11200000  1.580879e-01    0.11200000  1.496039e-01    0.11200000  1.237200e-01    0.11200000  1.667958e-02    0.11200000  6.201555e-02    0.11200000  1.082435e-01    0.11200000  8.954208e-02  0      14
    0.12000000  6.159959e-02    0.12000000 -6.688560e-03    0.12000000  2.184405e-02    0.12000000  1.543316e-01    0.12000000  1.698600e-01    0.12000000  1.607870e-01    0.12000000  1.329668e-01    0.12000000  1.792016e-02    0.12000000  6.657447e-02    0.12000000  1.162126e-01    0.12000000  9.620091e-02  0      15
    0.12800000  6.581123e-02    0.12800000 -7.133771e-03    0.12800000  2.330716e-02    0.12800000  1.649743e-01    0.12800000  1.816426e-01    0.12800000  1.719811e-01    0.12800000  1.422226e-01    0.12800000  1.916195e-02    0.12800000  7.113587e-02    0.12800000  1.241862e-01    0.12800000  1.028653e-01  0      16
    0.13600000  7.002465e-02    0.13600000 -7.578776e-03    0.13600000  2.477056e-02    0.13600000  1.756223e-01    0.13600000  1.934322e-01    0.13600000  1.831823e-01    0.13600000  1.514840e-01    0.13600000  2.040462e-02    0.13600000  7.569903e-02    0.13600000  1.321631e-01    0.13600000  1.095334e-01  0      17
    0.14400000  7.423940e-02    0.14400000 -8.023626e-03    0.14400000  2.623448e-02    0.14400000  1.862733e-01    0.14400000  2.052257e-01    0.14400000  1.943872e-01    0.14400000  1.607483e-01    0.14400000  2.164788e-02    0.14400000  8.026333e-02    0.14400000  1.401419e-01    0.14400000  1.162035e-01  0      18
    0.15200000  7.845504e-02    0.15200000 -8.468366e-03    0.15200000  2.769914e-02    0.15200000  1.969252e-01    0.15200000  2.170198e-01    0.15200000  2.055923e-01    0.15200000  1.700125e-01    0.15200000  2.289143e-02    0.15200000  8.482813e-02    0.15200000  1.481215e-01    0.15200000  1.228737e-01  0      19
    0.16000000  8.267115e-02    0.16000000 -8.913043e-03    0.16000000  2.916472e-02    0.16000000  2.075758e-01    0.16000000  2.288113e-01    0.16000000  2.167941e-01    0.16000000  1.792738e-01    0.16000000  2.413500e-02    0.16000000  8.939280e-02    0.16000000  1.561006e-01    0.16000000  1.295425e-01  0      20
    0.16800000  8.688727e-02    0.16800000 -9.357696e-03    0.16800000  3.063146e-02    0.16800000  2.182229e-01    0.16800000  2.405973e-01    0.16800000  2.279891e-01    0.16800000  1.885293e-01    0.16800000  2.537829e-02    0.16800000  9.395670e-02    0.16800000  1.640780e-01    0.16800000  1.362080e-01  0      21
    0.17600000  9.110294e-02    0.17600000 -9.802361e-03    0.17600000  3.209952e-02    0.17600000  2.288641e-01    0.17600000  2.523743e-01    0.17600000  2.391739e-01    0.17600000  1.977759e-01    0.17600000  2.662100e-02    0.17600000  9.851915e-02    0.17600000  1.720523e-01    0.17600000  1.428686e-01  0      22
    0.18400000  9.531760e-02    0.18400000 -1.024707e-02    0.18400000  3.356911e-02    0.18400000  2.394970e-01    0.18400000  2.641388e-01    0.18400000  2.503445e-01    0.18400000  2.070106e-01    0.18400000  2.786282e-02    0.18400000  1.030794e-01    0.18400000  1.800222e-01    0.18400000  1.495222e-01  0      23
    0.19200000  9.953064e-02    0.19200000 -1.069184e-02    0.19200000  3.504038e-02    0.19200000  2.501188e-01    0.19200000  2.758872e-01    0.19200000  2.614970e-01    0.19200000  2.162300e-01    0.19200000  2.910340e-02    0.19200000  1.076365e-01    0.19200000  1.879858e-01    0.19200000  1.561667e-01  0      24
    0.20000000  1.037413e-01    0.20000000 -1.113668e-02    0.20000000  3.651347e-02    0.20000000  2.607264e-01    0.20000000  2.876150e-01    0.20000000  2.726267e-01    0.20000000  2.254302e-01    0.20000000  3.034235e-02    0.20000000  1.121896e-01    0.20000000  1.959414e-01    0.20000000  1.628000e-01  0      25
    0.20800000  1.079486e-01    0.20800000 -1.158159e-02    0.20800000  3.798846e-02    0.20800000  2.713161e-01    0.20800000  2.993175e-01    0.20800000  2.837286e-01    0.20800000  2.346070e-01    0.20800000  3.157922e-02    0.20800000  1.167374e-01    0.20800000  2.038867e-01    0.20800000  1.694191e-01  0      26
    0.21600000  1.121514e-01    0.21600000 -1.202654e-02    0.21600000  3.946538e-02    0.21600000  2.818834e-01    0.21600000  3.109889e-01    0.21600000  2.947965e-01    0.21600000  2.437554e-01    0.21600000  3.281345e-02    0.21600000  1.212784e-01    0.21600000  2.118187e-01    0.21600000  1.760211e-01  0      27
    0.22400000  1.163480e-01    0.22400000 -1.247145e-02    0.22400000  4.094412e-02    0.22400000  2.924229e-01    0.22400000  3.226221e-01    0.22400000  3.058231e-01    0.22400000  2.528692e-01    0.22400000  3.404438e-02    0.22400000  1.258105e-01    0.22400000  2.197340e-01    0.22400000  1.826019e-01  0      28
    0.23200000  1.205362e-01    0.23200000 -1.291620e-02    0.23200000  4.242441e-02    0.23200000  3.029273e-01    0.23200000  3.342081e-01    0.23200000  3.167994e-01    0.23200000  2.619409e-01    0.23200000  3.527112e-02    0.23200000  1.303312e-01    0.23200000  2.276276e-01    0.23200000  1.891565e-01  0      29
    0.24000000  1.247126e-01    0.24000000 -1.336055e-02    0.24000000  4.390563e-02    0.24000000  3.133867e-01    0.24000000  3.457350e-01    0.24000000  3.277132e-01    0.24000000  2.709605e-01    0.24000000  3.649249e-02    0.24000000  1.348365e-01    0.24000000  2.354926e-01    0.24000000  1.956783e-01  0      30
    0.24800000  1.288723e-01    0.24800000 -1.380410e-02    0.24800000  4.538657e-02    0.24800000  3.237866e-01    0.24800000  3.571856e-01    0.24800000  3.385475e-01    0.24800000  2.799138e-01    0.24800000  3.770677e-02    0.24800000  1.393208e-01    0.24800000  2.433189e-01    0.24800000  2.021576e-01  0      31
    0.25600000  1.330067e-01    0.25600000 -1.424607e-02    0.25600000  4.686485e-02    0.25600000  3.341039e-01    0.25600000  3.685332e-01    0.25600000  3.492764e-01    0.25600000  2.887795e-01    0.25600000  3.891122e-02    0.25600000  1.437746e-01    0.25600000  2.510897e-01    0.25600000  2.085795e-01  0      32
    0.26400000  1.371099e-01    0.26400000 -1.468598e-02    0.26400000  4.833899e-02    0.26400000  3.443218e-01    0.26400000  3.797581e-01    0.26400000  3.598801e-01    0.26400000  2.975410e-01    0.26400000  4.010383e-02    0.26400000  1.481912e-01    0.26400000  2.587931e-01    0.26400000  2.149328e-01  0      33
    0.27200000  1.411767e-01    0.27200000 -1.512340e-02    0.27200000  4.980779e-02    0.27200000  3.544248e-01    0.27200000  3.908419e-01    0.27200000  3.703407e-01    0.27200000  3.061836e-01    0.27200000  4.128278e-02    0.27200000  1.525646e-01    0.27200000  2.664183e-01    0.27200000  2.212074e-01  0      34
    0.28000000  1.451862e-01    0.28000000 -1.555627e-02    0.28000000  5.126451e-02    0.28000000  3.643596e-01    0.28000000  4.017246e-01    0.28000000  3.806004e-01    0.28000000  3.146594e-01    0.28000000  4.244177e-02    0.28000000  1.568721e-01    0.28000000  2.739257e-01    0.28000000  2.273693e-01  0      35
    0.28800000  1.491137e-01    0.28800000 -1.598205e-02    0.28800000  5.270076e-02    0.28800000  3.740622e-01    0.28800000  4.123348e-01    0.28800000  3.905910e-01    0.28800000  3.229122e-01    0.28800000  4.357332e-02    0.28800000  1.610868e-01    0.28800000  2.812678e-01    0.28800000  2.333782e-01  0      36
    0.29600000  1.528398e-01    0.29600000 -1.638786e-02    0.29600000  5.407308e-02    0.29600000  3.832374e-01    0.29600000  4.223493e-01    0.29600000  4.000080e-01    0.29600000  3.306903e-01    0.29600000  4.464296e-02    0.29600000  1.650804e-01    0.29600000  2.882214e-01    0.29600000  2.390511e-01  0      37
    0.30400000  1.551883e-01    0.30400000 -1.664469e-02    0.30400000  5.494346e-02    0.30400000  3.890034e-01    0.30400000  4.286320e-01    0.30400000  4.059088e-01    0.30400000  3.355637e-01    0.30400000  4.531493e-02    0.30400000  1.675948e-01    0.30400000  2.925972e-01    0.30400000  2.426109e-01  0      38
    0.31200000  1.549095e-01    0.31200000 -1.661479e-02    0.31200000  5.484476e-02    0.31200000  3.883046e-01    0.31200000  4.278620e-01    0.31200000  4.051797e-01    0.31200000  3.349609e-01    0.31200000  4.523352e-02    0.31200000  1.672937e-01    0.31200000  2.920716e-01    0.31200000  2.421751e-01  0      39
    0.32000000  1.543119e-01    0.32000000 -1.655070e-02    0.32000000  5.463321e-02    0.32000000  3.868068e-01    0.32000000  4.262116e-01    0.32000000  4.036167e-01    0.32000000  3.336688e-01    0.32000000  4.505904e-02    0.32000000  1.666484e-01    0.32000000  2.909450e-01    0.32000000  2.412409e-01  0      40
    0.32800000  1.533375e-01    0.32800000 -1.644618e-02    0.32800000  5.428821e-02    0.32800000  3.843641e-01    0.32800000  4.235201e-01    0.32800000  4.010679e-01    0.32800000  3.315617e-01    0.32800000  4.477450e-02    0.32800000  1.655960e-01    0.32800000  2.891077e-01    0.32800000  2.397175e-01  0      41
    0.33600000  1.519094e-01    0.33600000 -1.629301e-02    0.33600000  5.378260e-02    0.33600000  3.807843e-01    0.33600000  4.195756e-01    0.33600000  3.973325e-01    0.33600000  3.284737e-01    0.33600000  4.435749e-02    0.33600000  1.640537e-01    0.33600000  2.864151e-01    0.33600000  2.374849e-01  0      42
    0.34400000  1.499232e-01    0.34400000 -1.607999e-02    0.34400000  5.307942e-02    0.34400000  3.758057e-01    0.34400000  4.140898e-01    0.34400000  3.921375e-01    0.34400000  3.241790e-01    0.34400000  4.377753e-02    0.34400000  1.619088e-01    0.34400000  2.826703e-01    0.34400000  2.343799e-01  0      43
    0.35200000  1.472316e-01    0.35200000 -1.579130e-02    0.35200000  5.212646e-02    0.35200000  3.690587e-01    0.35200000  4.066554e-01    0.35200000  3.850973e-01    0.35200000  3.183588e-01    0.35200000  4.299157e-02    0.35200000  1.590020e-01    0.35200000  2.775954e-01    0.35200000  2.301719e-01  0      44
    0.36000000  1.436159e-01    0.36000000 -1.540350e-02    0.36000000  5.084636e-02    0.36000000  3.599954e-01    0.36000000  3.966689e-01    0.36000000  3.756402e-01    0.36000000  3.105406e-01    0.36000000  4.193579e-02    0.36000000  1.550972e-01    0.36000000  2.707783e-01    0.36000000  2.245194e-01  0      45
    0.36800000  1.387317e-01    0.36800000 -1.487964e-02    0.36800000  4.911713e-02    0.36800000  3.477524e-01    0.36800000  3.831786e-01    0.36800000  3.628650e-01    0.36800000  2.999795e-01    0.36800000  4.050960e-02    0.36800000  1.498225e-01    0.36800000  2.615694e-01    0.36800000  2.168838e-01  0      46
    0.37600000  1.319886e-01    0.37600000 -1.415642e-02    0.37600000  4.672979e-02    0.37600000  3.308498e-01    0.37600000  3.645542e-01    0.37600000  3.452279e-01    0.37600000  2.853989e-01    0.37600000  3.854063e-02    0.37600000  1.425404e-01    0.37600000  2.488558e-01    0.37600000  2.063421e-01  0      47
    0.38400000  1.222560e-01    0.38400000 -1.311254e-02    0.38400000  4.328401e-02    0.38400000  3.064534e-01    0.38400000  3.376724e-01    0.38400000  3.197713e-01    0.38400000  2.643540e-01    0.38400000  3.569869e-02    0.38400000  1.320297e-01    0.38400000  2.305055e-01    0.38400000  1.911267e-01  0      48
    0.39200000  1.070723e-01    0.39200000 -1.148402e-02    0.39200000  3.790833e-02    0.39200000  2.683932e-01    0.39200000  2.957350e-01    0.39200000  2.800571e-01    0.39200000  2.315224e-01    0.39200000  3.126507e-02    0.39200000  1.156322e-01    0.39200000  2.018778e-01    0.39200000  1.673896e-01  0      49
    0.40000000  8.201899e-02    0.40000000 -8.796935e-03    0.40000000  2.903835e-02    0.40000000  2.055932e-01    0.40000000  2.265374e-01    0.40000000  2.145279e-01    0.40000000  1.773496e-01    0.40000000  2.394951e-02    0.40000000  8.857597e-02    0.40000000  1.546414e-01    0.40000000  1.282229e-01  0      50
