    0.00400000  1.484240e-03    0.00400000 -1.533812e-04    0.00400000  5.172802e-04    0.00400000  3.736630e-03    0.00400000  4.136584e-03    0.00400000  3.929900e-03    0.00400000  3.250200e-03    0.00400000  4.400884e-04    0.00400000  1.603602e-03    0.00400000  2.800119e-03    0.00400000  2.342508e-03  0       1
    0.00800000  3.611959e-03    0.00800000 -3.615127e-04    0.00800000  1.220301e-03    0.00800000  9.209571e-03    0.00800000  1.027603e-02    0.00800000  9.812533e-03    0.00800000  8.115836e-03    0.00800000  1.089448e-03    0.00800000  3.917854e-03    0.00800000  6.855090e-03    0.00800000  5.810838e-03  0       2
    0.01200000  6.100121e-03    0.01200000 -5.990950e-04    0.01200000  2.020870e-03    0.01200000  1.567507e-02    0.01200000  1.757183e-02    0.01200000  1.682991e-02    0.01200000  1.392073e-02    0.01200000  1.858604e-03    0.01200000  6.633460e-03    0.01200000  1.162102e-02    0.01200000  9.928392e-03  0       3
    0.01600000  8.808503e-03    0.01600000 -8.543566e-04    0.01600000  2.879801e-03    0.01600000  2.275085e-02    0.01600000  2.558093e-02    0.01600000  2.454862e-02    0.01600000  2.030613e-02    0.01600000  2.701495e-03    0.01600000  9.594823e-03    0.01600000  1.682277e-02    0.01600000  1.444614e-02  0       4
    0.02000000  1.164038e-02    0.02000000 -1.119178e-03    0.02000000  3.771385e-03    0.02000000  3.016912e-02    0.02000000  3.399115e-02    0.02000000  3.266187e-02    0.02000000  2.701778e-02    0.02000000  3.585993e-03    0.02000000  1.269371e-02    0.02000000  2.226851e-02    0.02000000  1.918854e-02  0       5
    0.02400000  1.451762e-02    0.02400000 -1.386919e-03    0.02400000  4.675388e-03    0.02400000  3.771190e-02    0.02400000  4.254780e-02    0.02400000  4.091883e-02    0.02400000  3.384764e-02    0.02400000  4.486062e-03    0.02400000  1.584227e-02    0.02400000  2.780239e-02    0.02400000  2.401224e-02  0       6
    0.02800000  1.737022e-02    0.02800000 -1.651552e-03    0.02800000  5.573920e-03    0.02800000  4.518321e-02    0.02800000  5.102167e-02    0.02800000  4.909356e-02    0.02800000  4.060818e-02    0.02800000  5.378370e-03    0.02800000  1.896155e-02    0.02800000  3.328433e-02    0.02800000  2.878819e-02  0       7
    0.03200000  2.013015e-02    0.03200000 -1.907147e-03    0.03200000  6.449627e-03    0.03200000  5.239230e-02    0.03200000  5.918981e-02    0.03200000  5.696625e-02    0.03200000  4.711690e-02    0.03200000  6.240266e-03    0.03200000  2.197469e-02    0.03200000  3.857794e-02    0.03200000  3.339075e-02  0       8
    0.03600000  2.272637e-02    0.03600000 -2.147455e-03    0.03600000  7.284265e-03    0.03600000  5.914055e-02    0.03600000  6.682032e-02    0.03600000  6.430841e-02    0.03600000  5.318410e-02    0.03600000  7.048198e-03    0.03600000  2.480156e-02    0.03600000  4.354102e-02    0.03600000  3.768923e-02  0       9
    0.04000000  2.507920e-02    0.04000000 -2.365405e-03    0.04000000  8.056841e-03    0.04000000  6.520661e-02    0.04000000  7.365555e-02    0.04000000  7.086676e-02    0.04000000  5.859957e-02    0.04000000  7.775910e-03    0.04000000  2.735249e-02    0.04000000  4.801468e-02    0.04000000  4.153844e-02  0      10
    0.04400000  2.718467e-02    0.04400000 -2.560885e-03    0.04400000  8.768919e-03    0.04400000  7.057133e-02    0.04400000  7.966912e-02    0.04400000  7.661262e-02    0.04400000  6.333924e-02    0.04400000  8.421254e-03    0.04400000  2.962151e-02    0.04400000  5.198742e-02    0.04400000  4.492373e-02  0      11
    0.04800000  2.915309e-02    0.04800000 -2.744070e-03    0.04800000  9.446099e-03    0.04800000  7.555079e-02    0.04800000  8.523241e-02    0.04800000  8.191477e-02    0.04800000  6.771082e-02    0.04800000  9.021288e-03    0.04800000  3.173556e-02    0.04800000  5.568474e-02    0.04800000  4.805589e-02  0      12
    0.05200000  3.097493e-02    0.05200000 -2.914298e-03    0.05200000  1.008557e-02    0.05200000  8.011913e-02    0.05200000  9.031519e-02    0.05200000  8.674384e-02    0.05200000  7.169043e-02    0.05200000  9.572875e-03    0.05200000  3.368437e-02    0.05200000  5.908837e-02    0.05200000  5.091850e-02  0      13
    0.05600000  3.271814e-02    0.05600000 -3.077701e-03    0.05600000  1.070790e-02    0.05600000  8.445635e-02    0.05600000  9.512290e-02    0.05600000  9.129912e-02    0.05600000  7.544324e-02    0.05600000  1.009766e-02    0.05600000  3.554273e-02    0.05600000  6.232976e-02    0.05600000  5.362766e-02  0      14
    0.06000000  3.439442e-02    0.06000000 -3.234947e-03    0.06000000  1.131086e-02    0.06000000  8.861069e-02    0.06000000  9.971945e-02    0.06000000  9.564914e-02    0.06000000  7.902720e-02    0.06000000  1.060120e-02    0.06000000  3.732708e-02    0.06000000  6.543954e-02    0.06000000  5.621970e-02  0      15
    0.06400000  3.597351e-02    0.06400000 -3.383353e-03    0.06400000  1.188457e-02    0.06400000  9.250382e-02    0.06400000  1.040162e-01    0.06400000  9.970878e-02    0.06400000  8.237226e-02    0.06400000  1.107407e-02    0.06400000  3.900477e-02    0.06400000  6.836027e-02    0.06400000  5.864504e-02  0      16
    0.06800000  3.746530e-02    0.06800000 -3.524014e-03    0.06800000  1.243377e-02    0.06800000  9.615609e-02    0.06800000  1.080332e-01    0.06800000  1.034956e-01    0.06800000  8.549299e-02    0.06800000  1.151884e-02    0.06800000  4.058570e-02    0.06800000  7.110862e-02    0.06800000  6.091551e-02  0      17
    0.07200000  3.886821e-02    0.07200000 -3.656980e-03    0.07200000  1.295912e-02    0.07200000  9.955938e-02    0.07200000  1.117590e-01    0.07200000  1.069973e-01    0.07200000  8.837929e-02    0.07200000  1.193461e-02    0.07200000  4.206761e-02    0.07200000  7.368000e-02    0.07200000  6.302512e-02  0      18
    0.07600000  4.016917e-02    0.07600000 -3.780982e-03    0.07600000  1.345104e-02    0.07600000  1.026989e-01    0.07600000  1.151862e-01    0.07600000  1.102124e-01    0.07600000  9.102980e-02    0.07600000  1.231856e-02    0.07600000  4.343950e-02    0.07600000  7.605798e-02    0.07600000  6.496774e-02  0      19
    0.08000000  4.138740e-02    0.08000000 -3.897882e-03    0.08000000  1.391523e-02    0.08000000  1.056269e-01    0.08000000  1.183746e-01    0.08000000  1.131989e-01    0.08000000  9.349209e-02    0.08000000  1.267668e-02    0.08000000  4.472257e-02    0.08000000  7.828026e-02    0.08000000  6.677655e-02  0      20
    0.08400000  4.244933e-02    0.08400000 -4.000626e-03    0.08400000  1.432349e-02    0.08400000  1.081670e-01    0.08400000  1.211328e-01    0.08400000  1.157774e-01    0.08400000  9.561848e-02    0.08400000  1.298737e-02    0.08400000  4.583946e-02    0.08400000  8.021292e-02    0.08400000  6.834284e-02  0      21
    0.08800000  4.317141e-02    0.08800000 -4.071076e-03    0.08800000  1.460352e-02    0.08800000  1.098860e-01    0.08800000  1.229940e-01    0.08800000  1.175143e-01    0.08800000  9.705096e-02    0.08800000  1.319762e-02    0.08800000  4.659788e-02    0.08800000  8.152409e-02    0.08800000  6.940086e-02  0      22
    0.09200000  4.321151e-02    0.09200000 -4.075006e-03    0.09200000  1.461914e-02    0.09200000  1.099813e-01    0.09200000  1.230970e-01    0.09200000  1.176103e-01    0.09200000  9.713015e-02    0.09200000  1.320927e-02    0.09200000  4.663997e-02    0.09200000  8.159683e-02    0.09200000  6.945943e-02  0      23
    0.09600000  4.314667e-02    0.09600000 -4.068890e-03    0.09600000  1.459720e-02    0.09600000  1.098163e-01    0.09600000  1.229123e-01    0.09600000  1.174338e-01    0.09600000  9.698440e-02    0.09600000  1.318944e-02    0.09600000  4.656998e-02    0.09600000  8.147439e-02    0.09600000  6.935520e-02  0      24
    0.10000000  4.306413e-02    0.10000000 -4.061107e-03    0.10000000  1.456927e-02    0.10000000  1.096062e-01    0.10000000  1.226772e-01    0.10000000  1.172092e-01    0.10000000  9.679890e-02    0.10000000  1.316422e-02    0.10000000  4.648090e-02    0.10000000  8.131855e-02    0.10000000  6.922254e-02  0      25
    0.10400000  4.296391e-02    0.10400000 -4.051656e-03    0.10400000  1.453536e-02    0.10400000  1.093511e-01    0.10400000  1.223917e-01    0.10400000  1.169364e-01    0.10400000  9.657363e-02    0.10400000  1.313358e-02    0.10400000  4.637273e-02    0.10400000  8.112930e-02    0.10400000  6.906145e-02  0      26
    0.10800000  4.284601e-02    0.10800000 -4.040537e-03    0.10800000  1.449547e-02    0.10800000  1.090510e-01    0.10800000  1.220558e-01    0.10800000  1.166155e-01    0.10800000  9.630862e-02    0.10800000  1.309754e-02    0.10800000  4.624547e-02    0.10800000  8.090666e-02    0.10800000  6.887193e-02  0      27
    0.11200000  4.271044e-02    0.11200000 -4.027752e-03    0.11200000  1.444961e-02    0.11200000  1.087060e-01    0.11200000  1.216696e-01    0.11200000  1.162466e-01    0.11200000  9.600390e-02    0.11200000  1.305610e-02    0.11200000  4.609915e-02    0.11200000  8.065067e-02    0.11200000  6.865402e-02  0      28
    0.11600000  4.255723e-02    0.11600000 -4.013304e-03    0.11600000  1.439777e-02    0.11600000  1.083161e-01    0.11600000  1.212332e-01    0.11600000  1.158296e-01    0.11600000  9.565953e-02    0.11600000  1.300926e-02    0.11600000  4.593379e-02    0.11600000  8.036137e-02    0.11600000  6.840776e-02  0      29
    0.12000000  4.238643e-02    0.12000000 -3.997197e-03    0.12000000  1.433998e-02    0.12000000  1.078813e-01    0.12000000  1.207466e-01    0.12000000  1.153647e-01    0.12000000  9.527561e-02    0.12000000  1.295705e-02    0.12000000  4.574943e-02    0.12000000  8.003884e-02    0.12000000  6.813320e-02  0      30
    0.12400000  4.219808e-02    0.12400000 -3.979434e-03    0.12400000  1.427626e-02    0.12400000  1.074020e-01    0.12400000  1.202101e-01    0.12400000  1.148521e-01    0.12400000  9.485225e-02    0.12400000  1.289947e-02    0.12400000  4.554614e-02    0.12400000  7.968317e-02    0.12400000  6.783045e-02  0      31
    0.12800000  4.199224e-02    0.12800000 -3.960023e-03    0.12800000  1.420662e-02    0.12800000  1.068781e-01    0.12800000  1.196237e-01    0.12800000  1.142919e-01    0.12800000  9.438958e-02    0.12800000  1.283655e-02    0.12800000  4.532397e-02    0.12800000  7.929449e-02    0.12800000  6.749959e-02  0      32
    0.13200000  4.176900e-02    0.13200000 -3.938971e-03    0.13200000  1.413109e-02    0.13200000  1.063099e-01    0.13200000  1.189878e-01    0.13200000  1.136843e-01    0.13200000  9.388779e-02    0.13200000  1.276831e-02    0.13200000  4.508302e-02    0.13200000  7.887295e-02    0.13200000  6.714075e-02  0      33
    0.13600000  4.152844e-02    0.13600000 -3.916285e-03    0.13600000  1.404971e-02    0.13600000  1.056976e-01    0.13600000  1.183025e-01    0.13600000  1.130295e-01    0.13600000  9.334708e-02    0.13600000  1.269478e-02    0.13600000  4.482338e-02    0.13600000  7.841870e-02    0.13600000  6.675407e-02  0      34
    0.14000000  4.127068e-02    0.14000000 -3.891977e-03    0.14000000  1.396250e-02    0.14000000  1.050416e-01    0.14000000  1.175682e-01    0.14000000  1.123280e-01    0.14000000  9.276769e-02    0.14000000  1.261598e-02    0.14000000  4.454516e-02    0.14000000  7.793196e-02    0.14000000  6.633974e-02  0      35
    0.14400000  4.099582e-02    0.14400000 -3.866056e-03    0.14400000  1.386951e-02    0.14400000  1.043420e-01    0.14400000  1.167852e-01    0.14400000  1.115799e-01    0.14400000  9.214987e-02    0.14400000  1.253196e-02    0.14400000  4.424849e-02    0.14400000  7.741294e-02    0.14400000  6.589792e-02  0      36
    0.14800000  4.070400e-02    0.14800000 -3.838537e-03    0.14800000  1.377078e-02    0.14800000  1.035993e-01    0.14800000  1.159540e-01    0.14800000  1.107857e-01    0.14800000  9.149394e-02    0.14800000  1.244276e-02    0.14800000  4.393352e-02    0.14800000  7.686190e-02    0.14800000  6.542885e-02  0      37
    0.15200000  4.039538e-02    0.15200000 -3.809432e-03    0.15200000  1.366637e-02    0.15200000  1.028138e-01    0.15200000  1.150748e-01    0.15200000  1.099457e-01    0.15200000  9.080023e-02    0.15200000  1.234841e-02    0.15200000  4.360041e-02    0.15200000  7.627913e-02    0.15200000  6.493277e-02  0      38
    0.15600000  4.007011e-02    0.15600000 -3.778759e-03    0.15600000  1.355632e-02    0.15600000  1.019859e-01    0.15600000  1.141482e-01    0.15600000  1.090604e-01    0.15600000  9.006911e-02    0.15600000  1.224898e-02    0.15600000  4.324934e-02    0.15600000  7.566493e-02    0.15600000  6.440993e-02  0      39
    0.16000000  3.972839e-02    0.16000000 -3.746533e-03    0.16000000  1.344071e-02    0.16000000  1.011162e-01    0.16000000  1.131747e-01    0.16000000  1.081303e-01    0.16000000  8.930100e-02    0.16000000  1.214452e-02    0.16000000  4.288051e-02    0.16000000  7.501965e-02    0.16000000  6.386064e-02  0      40
    0.16400000  3.937041e-02    0.16400000 -3.712774e-03    0.16400000  1.331960e-02    0.16400000  1.002051e-01    0.16400000  1.121550e-01    0.16400000  1.071560e-01    0.16400000  8.849634e-02    0.16400000  1.203509e-02    0.16400000  4.249413e-02    0.16400000  7.434367e-02    0.16400000  6.328522e-02  0      41
    0.16800000  3.899639e-02    0.16800000 -3.677502e-03    0.16800000  1.319306e-02    0.16800000  9.925312e-02    0.16800000  1.110895e-01    0.16800000  1.061380e-01    0.16800000  8.765562e-02    0.16800000  1.192076e-02    0.16800000  4.209043e-02    0.16800000  7.363740e-02    0.16800000  6.268401e-02  0      42
    0.17200000  3.860656e-02    0.17200000 -3.640740e-03    0.17200000  1.306117e-02    0.17200000  9.826094e-02    0.17200000  1.099790e-01    0.17200000  1.050770e-01    0.17200000  8.677938e-02    0.17200000  1.180159e-02    0.17200000  4.166967e-02    0.17200000  7.290129e-02    0.17200000  6.205739e-02  0      43
    0.17600000  3.820118e-02    0.17600000 -3.602511e-03    0.17600000  1.292403e-02    0.17600000  9.722917e-02    0.17600000  1.088242e-01    0.17600000  1.039737e-01    0.17600000  8.586818e-02    0.17600000  1.167767e-02    0.17600000  4.123213e-02    0.17600000  7.213581e-02    0.17600000  6.140577e-02  0      44
    0.18000000  3.778052e-02    0.18000000 -3.562842e-03    0.18000000  1.278171e-02    0.18000000  9.615852e-02    0.18000000  1.076259e-01    0.18000000  1.028288e-01    0.18000000  8.492264e-02    0.18000000  1.154908e-02    0.18000000  4.077810e-02    0.18000000  7.134148e-02    0.18000000  6.072960e-02  0      45
    0.18400000  3.734487e-02    0.18400000 -3.521758e-03    0.18400000  1.263432e-02    0.18400000  9.504972e-02    0.18400000  1.063848e-01    0.18400000  1.016431e-01    0.18400000  8.394340e-02    0.18400000  1.141591e-02    0.18400000  4.030789e-02    0.18400000  7.051884e-02    0.18400000  6.002933e-02  0      46
    0.18800000  3.689455e-02    0.18800000 -3.479291e-03    0.18800000  1.248197e-02    0.18800000  9.390356e-02    0.18800000  1.051020e-01    0.18800000  1.004174e-01    0.18800000  8.293117e-02    0.18800000  1.127825e-02    0.18800000  3.982183e-02    0.18800000  6.966848e-02    0.18800000  5.930546e-02  0      47
    0.19200000  3.642988e-02    0.19200000 -3.435471e-03    0.19200000  1.232476e-02    0.19200000  9.272089e-02    0.19200000  1.037783e-01    0.19200000  9.915269e-02    0.19200000  8.188669e-02    0.19200000  1.113621e-02    0.19200000  3.932029e-02    0.19200000  6.879104e-02    0.19200000  5.855854e-02  0      48
    0.19600000  3.595120e-02    0.19600000 -3.390330e-03    0.19600000  1.216282e-02    0.19600000  9.150258e-02    0.19600000  1.024147e-01    0.19600000  9.784988e-02    0.19600000  8.081074e-02    0.19600000  1.098988e-02    0.19600000  3.880364e-02    0.19600000  6.788715e-02    0.19600000  5.778911e-02  0      49
    0.20000000  3.545890e-02    0.20000000 -3.343904e-03    0.20000000  1.199627e-02    0.20000000  9.024957e-02    0.20000000  1.010123e-01    0.20000000  9.650996e-02    0.20000000  7.970415e-02    0.20000000  1.083939e-02    0.20000000  3.827228e-02    0.20000000  6.695753e-02    0.20000000  5.699776e-02  0      50
