  0.8000
    1   0.0000   0.0000   0.0000  0.0000e+00  4.3405e-04  4.3405e-04   -2.1706e-03 -2.1706e-03 -3.2552e-02   -1.5302e-01  2.0817e-17  2.0817e-17
    2   0.5000   0.5000   0.0000 -3.6471e-03 -4.2021e-03 -4.2021e-03    3.0320e-04  3.0320e-04 -4.2966e-02   -1.9429e-16  1.4572e-16 -2.7756e-17
    3   1.0000   0.0000   0.0000  0.0000e+00 -4.9234e-04 -7.7278e-03    6.9284e-03  1.9596e-03 -4.9763e-02   -2.7209e-02 -2.4980e-16 -1.9429e-16
    4   1.5000   0.5000   0.0000 -1.1199e-02 -3.3610e-03 -1.1083e-02    3.8307e-03  2.1871e-03 -5.4718e-02    2.1094e-15 -1.9429e-16  2.9143e-16
    5   2.0000   0.0000   0.0000  0.0000e+00 -1.8021e-05 -1.4512e-02   -1.6697e-04 -8.8627e-05 -3.2650e-02    8.2546e-02  5.3429e-16  1.4572e-16
    6   2.5000   0.5000   0.0000 -1.7229e-02 -2.6798e-03 -1.7168e-02    7.3348e-03  4.1053e-03 -4.3693e-02   -3.1850e-15  2.7062e-16 -4.7184e-16
    7   3.0000   0.0000   0.0000  0.0000e+00 -1.0213e-04 -1.9848e-02    6.1563e-03  3.1967e-03 -1.9973e-02    8.8212e-02 -3.4001e-16  2.2204e-16
    8   3.5000   0.5000   0.0000 -2.1082e-02 -1.0155e-03 -2.0962e-02    1.6522e-02  3.0781e-03 -1.7727e-02    1.0408e-16 -4.5450e-16  6.9389e-17
    9   4.0000   0.0000   0.0000  0.0000e+00  0.0000e+00 -2.1809e-02    5.5941e-03  1.5750e-03 -1.7911e-03    6.6518e-02 -1.5626e-02  5.8981e-17
   10   0.0000   1.0000   0.0000  0.0000e+00 -7.7278e-03 -4.9234e-04    1.9596e-03  6.9284e-03 -4.9763e-02   -2.7209e-02 -3.4694e-17 -1.8735e-16
   11   0.5000   1.5000   0.0000 -1.1199e-02 -1.1083e-02 -3.3610e-03    2.1871e-03  3.8307e-03 -5.4718e-02    8.9512e-16  6.5919e-17 -5.5511e-17
   12   1.0000   1.0000   0.0000 -1.5040e-02 -7.2159e-03 -7.2159e-03    6.5875e-03  6.5875e-03 -5.1692e-02   -2.0539e-15 -7.5634e-16 -1.8041e-16
   13   1.5000   1.5000   0.0000 -3.2353e-02 -1.0022e-02 -1.0022e-02    1.0900e-02  1.0900e-02 -4.7396e-02    3.1607e-15 -2.0817e-17 -2.7756e-17
   14   2.0000   1.0000   0.0000 -2.8462e-02 -6.0830e-03 -1.3891e-02    1.0150e-02  8.2107e-03 -4.6184e-02    7.7716e-16  1.4780e-15 -3.3307e-16
   15   2.5000   1.5000   0.0000 -5.0483e-02 -7.9492e-03 -1.5974e-02    2.1327e-02  1.1948e-02 -4.0354e-02   -3.5458e-15  1.5266e-16 -4.7184e-16
   16   3.0000   1.0000   0.0000 -3.8807e-02 -3.9557e-03 -1.9200e-02    2.2434e-02  6.5893e-03 -3.0833e-02    3.0531e-15  4.3715e-16  1.0686e-15
   17   3.5000   1.5000   0.0000 -6.2579e-02 -3.6851e-03 -2.0563e-02    4.7139e-02  8.0283e-03 -2.4040e-02   -1.0131e-14  9.7838e-16 -4.1633e-16
   18   4.0000   1.0000   0.0000 -4.3014e-02  0.0000e+00 -2.1584e-02    3.5256e-02  4.9587e-03 -4.5839e-03    2.1233e-15  1.3372e-01  7.4940e-16
   19   0.0000   2.0000   0.0000  0.0000e+00 -1.4512e-02 -1.8021e-05   -8.8627e-05 -1.6697e-04 -3.2650e-02    8.2546e-02 -1.3878e-16 -7.2858e-17
   20   0.5000   2.5000   0.0000 -1.7229e-02 -1.7168e-02 -2.6798e-03    4.1053e-03  7.3348e-03 -4.3693e-02    1.0686e-15 -3.3654e-16  6.9389e-17
   21   1.0000   2.0000   0.0000 -2.8462e-02 -1.3891e-02 -6.0830e-03    8.2107e-03  1.0150e-02 -4.6184e-02   -7.8410e-16 -1.3878e-17  5.9674e-16
   22   1.5000   2.5000   0.0000 -5.0483e-02 -1.5974e-02 -7.9492e-03    1.1948e-02  2.1327e-02 -4.0354e-02   -4.7809e-15 -1.2837e-15 -5.5511e-16
   23   2.0000   2.0000   0.0000 -5.4557e-02 -1.2133e-02 -1.2133e-02    1.5860e-02  1.5860e-02 -4.4408e-02    4.4964e-15  1.7347e-15  1.9706e-15
   24   2.5000   2.5000   0.0000 -8.0232e-02 -1.3473e-02 -1.3473e-02    2.5902e-02  2.5902e-02 -4.0992e-02   -1.0160e-14  1.0478e-15  3.6082e-16
   25   3.0000   2.0000   0.0000 -7.5691e-02 -8.6029e-03 -1.7790e-02    3.8324e-02  1.1143e-02 -4.0117e-02    5.8287e-15 -1.0963e-15 -1.7486e-15
   26   3.5000   2.5000   0.0000 -1.0262e-01 -8.3650e-03 -1.9492e-02    4.9788e-02  2.1759e-02 -2.7855e-02    5.3985e-15 -1.2421e-15  1.9429e-16
   27   4.0000   2.0000   0.0000 -8.5658e-02  0.0000e+00 -2.1606e-02    5.2719e-02  1.4146e-02 -2.7346e-03    1.4155e-15  2.0879e-01 -1.5890e-15
   28   0.0000   3.0000   0.0000  0.0000e+00 -1.9848e-02 -1.0213e-04    3.1967e-03  6.1563e-03 -1.9973e-02    8.8212e-02 -5.3429e-16 -2.6975e-16
   29   0.5000   3.5000   0.0000 -2.1082e-02 -2.0962e-02 -1.0155e-03    3.0781e-03  1.6522e-02 -1.7727e-02    3.6915e-15 -2.4286e-16  1.6306e-16
   30   1.0000   3.0000   0.0000 -3.8807e-02 -1.9200e-02 -3.9557e-03    6.5893e-03  2.2434e-02 -3.0833e-02   -6.4532e-16  5.0654e-16 -7.3119e-16
   31   1.5000   3.5000   0.0000 -6.2579e-02 -2.0563e-02 -3.6851e-03    8.0283e-03  4.7139e-02 -2.4040e-02    1.3600e-15 -7.4940e-16  7.9797e-16
   32   2.0000   3.0000   0.0000 -7.5691e-02 -1.7790e-02 -8.6029e-03    1.1143e-02  3.8324e-02 -4.0117e-02    1.0041e-14  1.9568e-15 -7.2858e-16
   33   2.5000   3.5000   0.0000 -1.0262e-01 -1.9492e-02 -8.3650e-03    2.1759e-02  4.9788e-02 -2.7855e-02   -6.8279e-15  4.3021e-16  1.5613e-15
   34   3.0000   3.0000   0.0000 -1.0812e-01 -1.4449e-02 -1.4449e-02    2.6217e-02  2.6217e-02 -5.8969e-02   -4.7358e-15 -5.7940e-15 -1.2768e-15
   35   3.5000   3.5000   0.0000 -1.3785e-01 -1.6050e-02 -1.6050e-02    4.5014e-02  4.5014e-02 -4.5931e-02    1.1213e-14 -3.1086e-15 -1.5821e-15
   36   4.0000   3.0000   0.0000 -1.2708e-01  0.0000e+00 -2.0449e-02    5.4917e-02  2.9951e-02 -2.6303e-04   -2.4147e-15  2.9681e-01 -8.4655e-16
   37   0.0000   4.0000   0.0000  0.0000e+00 -2.1809e-02  0.0000e+00    1.5750e-03  5.5941e-03 -1.7911e-03    6.6518e-02 -5.3950e-16 -1.5626e-02
   38   1.0000   4.0000   0.0000 -4.3014e-02 -2.1584e-02  0.0000e+00    4.9587e-03  3.5256e-02 -4.5839e-03   -1.8319e-15  1.0061e-16  1.3372e-01
   39   2.0000   4.0000   0.0000 -8.5658e-02 -2.1606e-02  0.0000e+00    1.4146e-02  5.2719e-02 -2.7346e-03   -8.3267e-17  7.4246e-16  2.0879e-01
   40   3.0000   4.0000   0.0000 -1.2708e-01 -2.0449e-02  0.0000e+00    2.9951e-02  5.4917e-02 -2.6303e-04   -2.8727e-15 -2.2690e-15  2.9681e-01
   41   4.0000   4.0000   0.0000 -1.6000e-01  0.0000e+00  0.0000e+00    7.4148e-02  7.4148e-02  2.5839e-02   -2.6711e-01  1.7602e-01  1.7602e-01
