*HEADING
simple panel
*NODE
     1, 0.000000, 0.000000, 0.0
     2, 1.000000, 0.000000, 0.0
     3, 2.000000, 0.000000, 0.0
     4, 3.000000, 0.000000, 0.0
     5, 4.000000, 0.000000, 0.0
     6, 0.000000, 1.000000, 0.0
     7, 1.000000, 1.000000, 0.0
     8, 2.000000, 1.000000, 0.0
     9, 3.000000, 1.000000, 0.0
    10, 4.000000, 1.000000, 0.0
    11, 0.000000, 2.000000, 0.0
    12, 1.000000, 2.000000, 0.0
    13, 2.000000, 2.000000, 0.0
    14, 3.000000, 2.000000, 0.0
    15, 4.000000, 2.000000, 0.0
    16, 0.000000, 3.000000, 0.0
    17, 1.000000, 3.000000, 0.0
    18, 2.000000, 3.000000, 0.0
    19, 3.000000, 3.000000, 0.0
    20, 4.000000, 3.000000, 0.0
    21, 0.000000, 4.000000, 0.0
    22, 1.000000, 4.000000, 0.0
    23, 2.000000, 4.000000, 0.0
    24, 3.000000, 4.000000, 0.0
    25, 4.000000, 4.000000, 0.0
    26, 0.500000, 0.500000, 0.0
    27, 1.500000, 0.500000, 0.0
    28, 2.500000, 0.500000, 0.0
    29, 3.500000, 0.500000, 0.0
    30, 0.500000, 1.500000, 0.0
    31, 1.500000, 1.500000, 0.0
    32, 2.500000, 1.500000, 0.0
    33, 3.500000, 1.500000, 0.0
    34, 0.500000, 2.500000, 0.0
    35, 1.500000, 2.500000, 0.0
    36, 2.500000, 2.500000, 0.0
    37, 3.500000, 2.500000, 0.0
    38, 0.500000, 3.500000, 0.0
    39, 1.500000, 3.500000, 0.0
    40, 2.500000, 3.500000, 0.0
    41, 3.500000, 3.500000, 0.0
*MATERIAL, NAME=MATEL
*ELASTIC
 5800.,0.2
*MATERIAL, NAME=MAT2
*NLSLAB
**  ini stiffness, yield moment, yield stiffness, ult moment
    7.54,7.54, 0.1047,0.1047, 0.14,0.14, 0.1202,0.1202,  0.5,   4.10,4.10, -0.0533,-0.0533, 0.10,0.10, -0.0637,-0.0637
***SHELL SECTION, ELSET=EL1, MATERIAL=MATEL
*SHELL SECTION, ELSET=EL1, MATERIAL=MAT2
 0.250
*ELEMENT, ELSET=EL1, TYPE=SB3
     1,       1,      2,     26
     2,       2,      7,     26
     3,       7,      6,     26
     4,       6,      1,     26
     5,       2,      3,     27
     6,       3,      8,     27
     7,       8,      7,     27
     8,       7,      2,     27
     9,       3,      4,     28
    10,       4,      9,     28
    11,       9,      8,     28
    12,       8,      3,     28
    13,       4,      5,     29
    14,       5,     10,     29
    15,      10,      9,     29
    16,       9,      4,     29
    17,       6,      7,     30
    18,       7,     12,     30
    19,      12,     11,     30
    20,      11,      6,     30
    21,       7,      8,     31
    22,       8,     13,     31
    23,      13,     12,     31
    24,      12,      7,     31
    25,       8,      9,     32
    26,       9,     14,     32
    27,      14,     13,     32
    28,      13,      8,     32
    29,       9,     10,     33
    30,      10,     15,     33
    31,      15,     14,     33
    32,      14,      9,     33
    33,      11,     12,     34
    34,      12,     17,     34
    35,      17,     16,     34
    36,      16,     11,     34
    37,      12,     13,     35
    38,      13,     18,     35
    39,      18,     17,     35
    40,      17,     12,     35
    41,      13,     14,     36
    42,      14,     19,     36
    43,      19,     18,     36
    44,      18,     13,     36
    45,      14,     15,     37
    46,      15,     20,     37
    47,      20,     19,     37
    48,      19,     14,     37
    49,      16,     17,     38
    50,      17,     22,     38
    51,      22,     21,     38
    52,      21,     16,     38
    53,      17,     18,     39
    54,      18,     23,     39
    55,      23,     22,     39
    56,      22,     17,     39
    57,      18,     19,     40
    58,      19,     24,     40
    59,      24,     23,     40
    60,      23,     18,     40
    61,      19,     20,     41
    62,      20,     25,     41
    63,      25,     24,     41
    64,      24,     19,     41
*STEP
*STATIC
**1.0, 1.0
   0.01,   1.20
*CONTROLS, PARAMETERS=FIELD
  1.e-6
*CONTROLS, PARAMETERS=TIME INCREMENTATION
50
*BOUNDARY
       1,   3,   3,   0.0000
       2,   3,   3,   0.0000
       3,   3,   3,   0.0000
       4,   3,   3,   0.0000
       5,   3,   3,   0.0000
       1,   3,   3,   0.0000
       6,   3,   3,   0.0000
      11,   3,   3,   0.0000
      16,   3,   3,   0.0000
      21,   3,   3,   0.0000
       5,   4,   4,   0.0000
      10,   4,   4,   0.0000
      15,   4,   4,   0.0000
      20,   4,   4,   0.0000
      25,   4,   4,   0.0000
      21,   5,   5,   0.0000
      22,   5,   5,   0.0000
      23,   5,   5,   0.0000
      24,   5,   5,   0.0000
      25,   5,   5,   0.0000
   25, 3, 3, -0.2
*EL FILE, FREQUENCY=1.0
E
S
*NODE FILE, FREQUENCY=1.0
U
*END STEP
