*HEADING
simple slab
*NODE
    1,  0.0000e+00,  0.0000e+00,  0.0
    2,  5.0000e-01,  5.0000e-01,  0.0
    3,  1.0000e+00,  0.0000e+00,  0.0
    4,  1.5000e+00,  5.0000e-01,  0.0
    5,  2.0000e+00,  0.0000e+00,  0.0
    6,  2.5000e+00,  5.0000e-01,  0.0
    7,  3.0000e+00,  0.0000e+00,  0.0
    8,  3.5000e+00,  5.0000e-01,  0.0
    9,  4.0000e+00,  0.0000e+00,  0.0
   10,  0.0000e+00,  1.0000e+00,  0.0
   11,  5.0000e-01,  1.5000e+00,  0.0
   12,  1.0000e+00,  1.0000e+00,  0.0
   13,  1.5000e+00,  1.5000e+00,  0.0
   14,  2.0000e+00,  1.0000e+00,  0.0
   15,  2.5000e+00,  1.5000e+00,  0.0
   16,  3.0000e+00,  1.0000e+00,  0.0
   17,  3.5000e+00,  1.5000e+00,  0.0
   18,  4.0000e+00,  1.0000e+00,  0.0
   19,  0.0000e+00,  2.0000e+00,  0.0
   20,  5.0000e-01,  2.5000e+00,  0.0
   21,  1.0000e+00,  2.0000e+00,  0.0
   22,  1.5000e+00,  2.5000e+00,  0.0
   23,  2.0000e+00,  2.0000e+00,  0.0
   24,  2.5000e+00,  2.5000e+00,  0.0
   25,  3.0000e+00,  2.0000e+00,  0.0
   26,  3.5000e+00,  2.5000e+00,  0.0
   27,  4.0000e+00,  2.0000e+00,  0.0
   28,  0.0000e+00,  3.0000e+00,  0.0
   29,  5.0000e-01,  3.5000e+00,  0.0
   30,  1.0000e+00,  3.0000e+00,  0.0
   31,  1.5000e+00,  3.5000e+00,  0.0
   32,  2.0000e+00,  3.0000e+00,  0.0
   33,  2.5000e+00,  3.5000e+00,  0.0
   34,  3.0000e+00,  3.0000e+00,  0.0
   35,  3.5000e+00,  3.5000e+00,  0.0
   36,  4.0000e+00,  3.0000e+00,  0.0
   37,  0.0000e+00,  4.0000e+00,  0.0
   38,  1.0000e+00,  4.0000e+00,  0.0
   39,  2.0000e+00,  4.0000e+00,  0.0
   40,  3.0000e+00,  4.0000e+00,  0.0
   41,  4.0000e+00,  4.0000e+00,  0.0
*****************************************************************
*ELEMENT, TYPE=SB3, ELSET=PROP1
    1,       1,      3,      2
    2,       2,      3,     12
    3,      12,     10,      2
    4,      10,      1,      2
    5,       3,      5,      4
    6,       4,      5,     14
    7,      14,     12,      4
    8,      12,      3,      4
    9,       5,      7,      6
   10,       6,      7,     16
   11,      16,     14,      6
   12,      14,      5,      6
   13,       7,      9,      8
   14,       8,      9,     18
   15,      18,     16,      8
   16,      16,      7,      8
   17,      10,     12,     11
   18,      11,     12,     21
   19,      21,     19,     11
   20,      19,     10,     11
   21,      12,     14,     13
   22,      13,     14,     23
   23,      23,     21,     13
   24,      21,     12,     13
   25,      14,     16,     15
   26,      15,     16,     25
   27,      25,     23,     15
   28,      23,     14,     15
   29,      16,     18,     17
   30,      17,     18,     27
   31,      27,     25,     17
   32,      25,     16,     17
   33,      19,     21,     20
   34,      20,     21,     30
   35,      30,     28,     20
   36,      28,     19,     20
   37,      21,     23,     22
   38,      22,     23,     32
   39,      32,     30,     22
   40,      30,     21,     22
   41,      23,     25,     24
   42,      24,     25,     34
   43,      34,     32,     24
   44,      32,     23,     24
   45,      25,     27,     26
   46,      26,     27,     36
   47,      36,     34,     26
   48,      34,     25,     26
   49,      28,     30,     29
   50,      29,     30,     38
   51,      38,     37,     29
   52,      37,     28,     29
   53,      30,     32,     31
   54,      31,     32,     39
   55,      39,     38,     31
   56,      38,     30,     31
   57,      32,     34,     33
   58,      33,     34,     40
   59,      40,     39,     33
   60,      39,     32,     33
   61,      34,     36,     35
   62,      35,     36,     41
   63,      41,     40,     35
   64,      40,     34,     35
*****************************************************************
*MATERIAL, NAME=MAT1
*ELASTIC
 33000., 0.2, 1.0e-05
*MATERIAL, NAME=MAT2
*NLSLAB
**  7.52,7.52, 0.1047,0.1047, 0.1284,0.1284, 0.1188,0.1188,  0.25,  7.52,7.52, -0.1047,-0.1047, 0.1284,0.1284, -0.1188,-0.1188
**
    7.54,7.54, 0.1047,0.1047, 0.14,0.14, 0.1202,0.1202,  0.5,   4.10,4.10, -0.0533,-0.0533, 0.10,0.10, -0.0637,-0.0637
**  7.54,7.54, 0.1047,0.1047, 0.14,0.14, 0.1202,0.1202,  0.25,  4.10,4.10, -0.0533,-0.0533, 0.10,0.10, -0.0637,-0.0637
**  7.54,7.54, 0.1047,0.1047, 0.14,0.14, 0.1202,0.1202,  0.0,   4.10,4.10, -0.0533,-0.0533, 0.10,0.10, -0.0637,-0.0637
**
**  7.52,7.52, 0.1047,0.1047, 0.1284,0.1284, 0.1188,0.1188,  0.0,   4.09,4.09, -0.0532,-0.0532, 0.0900,0.0900, -0.0627,-0.0627
**  7.52,    7.52, 0.1047, 0.1047, 0.1284, 0.1284, 0.1188, 0.1188, 0.5 
**  7.52,    7.52, 0.1047, 0.1047, 0.1284, 0.1284, 0.1188, 0.1188, 0.0 
*****************************************************************
*SHELL SECTION, ELSET=PROP1, MATERIAL=MAT2
 0.250
*****************************************************************
*STEP
*STATIC
**   0.01,   1.20
   0.01,   1.50
*CONTROLS, ITOL=5.e-5, NITER=25 
*AMPLITUDE, NAME=AMPL0
 0.0, 0.0,  1.0, 1.0
*AMPLITUDE, NAME=AMPL1, "for unloading"
 0.0, 0.0,  1.0, 0.8, 1.5, 0.16
*BOUNDARY, AMPLITUDE=AMPL0
    1,   3,  3,  0.0
    3,   3,  3,  0.0
    5,   3,  3,  0.0
    7,   3,  3,  0.0
    9,   3,  3,  0.0
   10,   3,  3,  0.0
   19,   3,  3,  0.0
   28,   3,  3,  0.0
   37,   3,  3,  0.0
**    1,   4,  4,  0.0
**    3,   4,  4,  0.0
**    5,   4,  4,  0.0
**    7,   4,  4,  0.0
**    9,   4,  4,  0.0
   37,   5,  5,  0.0
   38,   5,  5,  0.0
   39,   5,  5,  0.0
   40,   5,  5,  0.0
   41,   5,  5,  0.0
**    1,   5,  5,  0.0
    9,   4,  4,  0.0
**   10,   5,  5,  0.0
   18,   4,  4,  0.0
**   19,   5,  5,  0.0
   27,   4,  4,  0.0
**   28,   5,  5,  0.0
   36,   4,  4,  0.0
**   37,   5,  5,  0.0
   41,   4,  4,  0.0
   41, 3,  3, -0.2
***DLOAD
**  PROP1,   3,   -0.016
*EL FILE, FREQUENCY=0.8
*NODE FILE, FREQUENCY=0.8
*RESTART FILE, FREQUENCY=0.8
*END STEP
*****************************************************************
