*HEADING
simple slab
*NODE
    1,  0.0000e+00,  0.0000e+00,  0.0
    2,  6.6667e-01,  6.6667e-01,  0.0
    3,  1.3333e+00,  0.0000e+00,  0.0
    4,  2.0000e+00,  6.6667e-01,  0.0
    5,  2.6667e+00,  0.0000e+00,  0.0
    6,  3.3333e+00,  6.6667e-01,  0.0
    7,  4.0000e+00,  0.0000e+00,  0.0
    8,  0.0000e+00,  1.3333e+00,  0.0
    9,  6.6667e-01,  2.0000e+00,  0.0
   10,  1.3333e+00,  1.3333e+00,  0.0
   11,  2.0000e+00,  2.0000e+00,  0.0
   12,  2.6667e+00,  1.3333e+00,  0.0
   13,  3.3333e+00,  2.0000e+00,  0.0
   14,  4.0000e+00,  1.3333e+00,  0.0
   15,  0.0000e+00,  2.6667e+00,  0.0
   16,  6.6667e-01,  3.3333e+00,  0.0
   17,  1.3333e+00,  2.6667e+00,  0.0
   18,  2.0000e+00,  3.3333e+00,  0.0
   19,  2.6667e+00,  2.6667e+00,  0.0
   20,  3.3333e+00,  3.3333e+00,  0.0
   21,  4.0000e+00,  2.6667e+00,  0.0
   22,  0.0000e+00,  4.0000e+00,  0.0
   23,  1.3333e+00,  4.0000e+00,  0.0
   24,  2.6667e+00,  4.0000e+00,  0.0
   25,  4.0000e+00,  4.0000e+00,  0.0
*SHELL SECTION, ELSET=PROP1, MATERIAL=MAT1
 0.250
*MATERIAL, NAME=MAT1
*ELASTIC
 33000., 0.2
*ELEMENT, TYPE=SB3, ELSET=PROP1
    1,       1,      3,      2
    2,       2,      3,     10
    3,      10,      8,      2
    4,       8,      1,      2
    5,       3,      5,      4
    6,       4,      5,     12
    7,      12,     10,      4
    8,      10,      3,      4
    9,       5,      7,      6
   10,       6,      7,     14
   11,      14,     12,      6
   12,      12,      5,      6
   13,       8,     10,      9
   14,       9,     10,     17
   15,      17,     15,      9
   16,      15,      8,      9
   17,      10,     12,     11
   18,      11,     12,     19
   19,      19,     17,     11
   20,      17,     10,     11
   21,      12,     14,     13
   22,      13,     14,     21
   23,      21,     19,     13
   24,      19,     12,     13
   25,      15,     17,     16
   26,      16,     17,     23
   27,      23,     22,     16
   28,      22,     15,     16
   29,      17,     19,     18
   30,      18,     19,     24
   31,      24,     23,     18
   32,      23,     17,     18
   33,      19,     21,     20
   34,      20,     21,     25
   35,      25,     24,     20
   36,      24,     19,     20
*STEP
*STATIC
   1.0,   1.0
*AMPLITUDE, NAME=AMPL0
 0.0, 0.0,  1.0, 1.0
*BOUNDARY, AMPLITUDE=AMPL0
    1,   3,  3,  0.0
    3,   3,  3,  0.0
    5,   3,  3,  0.0
    7,   3,  3,  0.0
    8,   3,  3,  0.0
**   14,   3,  3,  0.0
   15,   3,  3,  0.0
**   21,   3,  3,  0.0
   22,   3,  3,  0.0
**   23,   3,  3,  0.0
**   24,   3,  3,  0.0
**   25,   3,  3,  0.0
**    1,   4,  4,  0.0
**    3,   4,  4,  0.0
**    5,   4,  4,  0.0
**    7,   4,  4,  0.0
   22,   5,  5,  0.0
   23,   5,  5,  0.0
   24,   5,  5,  0.0
   25,   5,  5,  0.0
**    1,   5,  5,  0.0
    7,   4,  4,  0.0
**    8,   5,  5,  0.0
   14,   4,  4,  0.0
**   15,   5,  5,  0.0
   21,   4,  4,  0.0
**   22,   5,  5,  0.0
   25,   4,  4,  0.0
*DLOAD
  PROP1,   3,   -0.016
*EL FILE, FREQUENCY=1
S
E
*NODE FILE, FREQUENCY=1
U
*END STEP