Time   1.0000
El      1     SB3                                   PROP1                                    MAT1             ELASTIC      1      3      2
   0.5000   0.1667   1.6682e-04   6.0359e-05   9.3263e-04   1.3375e-02   7.0073e-03   2.7891e-02  -3.8143e-02   4.8914e-03
   0.7000   0.1000   2.6494e-04   1.1101e-04   9.5613e-04   2.1468e-02   1.2261e-02   2.8594e-02  -3.8143e-02   4.8914e-03
   0.5000   0.3000   1.6434e-04   5.3976e-05   9.4796e-04   1.3094e-02   6.4929e-03   2.8350e-02  -3.8143e-02   4.8914e-03
   0.3000   0.1000   7.0126e-05   1.9284e-05   9.6251e-04   5.5314e-03   2.4904e-03   2.8785e-02  -3.8143e-02   4.8914e-03
El      2     SB3                                   PROP1                                    MAT1             ELASTIC      2      3     18
   0.8333   0.5000   1.7763e-04   6.2395e-05   8.1425e-04   1.4213e-02   7.3211e-03   2.4351e-02   7.6760e-03  -2.0671e-02
   0.9000   0.3000   1.4717e-04  -8.6940e-06   7.8230e-04   1.0873e-02   1.5506e-03   2.3396e-02   7.6760e-03  -2.0671e-02
   0.9000   0.7000   1.9306e-04   1.3126e-04   7.7228e-04   1.6397e-02   1.2700e-02   2.3096e-02   7.6760e-03  -2.0671e-02
   0.7000   0.5000   1.8764e-04   6.6290e-05   8.2547e-04   1.5020e-02   7.7621e-03   2.4687e-02   7.6760e-03  -2.0671e-02
El      3     SB3                                   PROP1                                    MAT1             ELASTIC     18     16      2
   0.5000   0.8333   7.0461e-05   1.6497e-04   8.0700e-04   7.7349e-03   1.3388e-02   2.4134e-02  -2.6145e-02   8.2421e-03
   0.3000   0.9000  -1.5541e-05   1.2747e-04   7.7047e-04   7.4417e-04   9.2980e-03   2.3042e-02  -2.6145e-02   8.2421e-03
   0.5000   0.7000   7.4643e-05   1.7572e-04   8.1698e-04   8.2084e-03   1.4254e-02   2.4433e-02  -2.6145e-02   8.2421e-03
   0.7000   0.9000   1.5407e-04   1.8633e-04   7.5972e-04   1.4306e-02   1.6235e-02   2.2720e-02  -2.6145e-02   8.2421e-03
El      4     SB3                                   PROP1                                    MAT1             ELASTIC     16      1      2
   0.1667   0.5000   5.8897e-05   1.6369e-04   9.3602e-04   6.8512e-03   1.3119e-02   2.7993e-02   4.3253e-03  -3.7537e-02
   0.1000   0.3000   1.8010e-05   6.8335e-05   9.6527e-04   2.3683e-03   5.3784e-03   2.8868e-02   4.3253e-03  -3.7537e-02
   0.3000   0.5000   5.3253e-05   1.6150e-04   9.5097e-04   6.3964e-03   1.2871e-02   2.8440e-02   4.3253e-03  -3.7537e-02
   0.1000   0.7000   1.0825e-04   2.6030e-04   9.5963e-04   1.1986e-02   2.1080e-02   2.8699e-02   4.3253e-03  -3.7537e-02
El      5     SB3                                   PROP1                                    MAT1             ELASTIC      3      5      4
   1.5000   0.1667   4.1594e-04   4.7824e-06   6.7211e-04   3.1169e-02   6.5771e-03   2.0100e-02  -1.8186e-02   1.3738e-02
   1.7000   0.1000   4.6993e-04   3.9477e-05   6.8314e-04   3.5725e-02   9.9784e-03   2.0430e-02  -1.8186e-02   1.3738e-02
   1.5000   0.3000   4.0897e-04  -1.3145e-05   6.7311e-04   3.0380e-02   5.1326e-03   2.0130e-02  -1.8186e-02   1.3738e-02
   1.3000   0.1000   3.6593e-04  -3.0216e-06   7.0107e-04   2.7314e-02   5.2459e-03   2.0966e-02  -1.8186e-02   1.3738e-02
El      6     SB3                                   PROP1                                    MAT1             ELASTIC      4      5     20
   1.8333   0.5000   3.9725e-04  -5.2248e-06   5.5985e-04   2.9623e-02   5.5495e-03   1.6743e-02   5.7558e-03  -1.8151e-02
   1.9000   0.3000   3.7092e-04  -6.2539e-05   5.3764e-04   2.6797e-02   8.7063e-04   1.6079e-02   5.7558e-03  -1.8151e-02
   1.9000   0.7000   4.1232e-04   5.0421e-05   5.3013e-04   3.1581e-02   9.9352e-03   1.5854e-02   5.7558e-03  -1.8151e-02
   1.7000   0.5000   4.0476e-04  -2.3040e-06   5.6405e-04   3.0228e-02   5.8802e-03   1.6869e-02   5.7558e-03  -1.8151e-02
El      7     SB3                                   PROP1                                    MAT1             ELASTIC     20     18      4
   1.5000   0.8333   3.0478e-04   4.9345e-05   5.9053e-04   2.3525e-02   8.2468e-03   1.7660e-02  -2.2559e-02   1.7089e-02
   1.3000   0.9000   2.3858e-04   6.1762e-06   5.7788e-04   1.7930e-02   4.0293e-03   1.7282e-02  -2.2559e-02   1.7089e-02
   1.5000   0.7000   3.1346e-04   7.1644e-05   5.8841e-04   2.4507e-02   1.0044e-02   1.7597e-02  -2.2559e-02   1.7089e-02
   1.7000   0.9000   3.6603e-04   5.9065e-05   5.5558e-04   2.8250e-02   9.8893e-03   1.6615e-02  -2.2559e-02   1.7089e-02
El      8     SB3                                   PROP1                                    MAT1             ELASTIC     18      3      4
   1.1667   0.5000   3.2271e-04   6.0111e-05   7.2094e-04   2.5027e-02   9.3198e-03   2.1561e-02   2.4051e-03  -2.2082e-02
   1.1000   0.3000   2.9976e-04  -7.1577e-06   7.5265e-04   2.2305e-02   3.9472e-03   2.2509e-02   2.4051e-03  -2.2082e-02
   1.3000   0.5000   3.1957e-04   5.8891e-05   7.1706e-04   2.4774e-02   9.1816e-03   2.1445e-02   2.4051e-03  -2.2082e-02
   1.1000   0.7000   3.5037e-04   1.2808e-04   7.4952e-04   2.8111e-02   1.4815e-02   2.2415e-02   2.4051e-03  -2.2082e-02
El      9     SB3                                   PROP1                                    MAT1             ELASTIC      5      7      6
   2.5000   0.1667   5.5647e-04  -3.7764e-05   4.4176e-04   4.1040e-02   5.4975e-03   1.3211e-02  -8.4092e-03   1.0041e-02
   2.7000   0.1000   5.7949e-04  -1.7836e-05   4.4121e-04   4.3059e-02   7.3317e-03   1.3195e-02  -8.4092e-03   1.0041e-02
   2.5000   0.3000   5.5138e-04  -5.0866e-05   4.4503e-04   4.0463e-02   4.4417e-03   1.3309e-02  -8.4092e-03   1.0041e-02
   2.3000   0.1000   5.3636e-04  -3.8038e-05   4.5432e-04   3.9532e-02   5.1763e-03   1.3587e-02  -8.4092e-03   1.0041e-02
El     10     SB3                                   PROP1                                    MAT1             ELASTIC      6      7     22
   2.8333   0.5000   5.2283e-04  -1.9482e-05   3.6377e-04   3.8798e-02   6.3614e-03   1.0879e-02   1.3340e-03  -1.9138e-02
   2.9000   0.3000   4.9966e-04  -7.8877e-05   3.3773e-04   3.6178e-02   1.5742e-03   1.0100e-02   1.3340e-03  -1.9138e-02
   2.9000   0.7000   5.4339e-04   3.9527e-05   3.3599e-04   4.1218e-02   1.1081e-02   1.0048e-02   1.3340e-03  -1.9138e-02
   2.7000   0.5000   5.2457e-04  -1.8805e-05   3.6781e-04   3.8938e-02   6.4380e-03   1.1000e-02   1.3340e-03  -1.9138e-02
El     11     SB3                                   PROP1                                    MAT1             ELASTIC     22     20      6
   2.5000   0.8333   4.6320e-04   1.1451e-05   4.2812e-04   3.4803e-02   7.7824e-03   1.2803e-02  -4.0004e-03   1.3392e-02
   2.3000   0.9000   4.4895e-04  -6.2319e-06   4.3131e-04   3.3473e-02   6.2472e-03   1.2899e-02  -4.0004e-03   1.3392e-02
   2.5000   0.7000   4.6999e-04   2.8926e-05   4.2889e-04   3.5572e-02   9.1906e-03   1.2826e-02  -4.0004e-03   1.3392e-02
   2.7000   0.9000   4.7357e-04   2.9228e-06   4.1384e-04   3.5450e-02   7.2998e-03   1.2376e-02  -4.0004e-03   1.3392e-02
El     12     SB3                                   PROP1                                    MAT1             ELASTIC     20      5      6
   2.1667   0.5000   4.9608e-04  -6.0719e-06   4.9574e-04   3.6999e-02   6.9640e-03   1.4826e-02  -2.0167e-03  -1.8802e-02
   2.1000   0.3000   4.7232e-04  -6.1756e-05   5.1724e-04   3.4390e-02   2.4455e-03   1.5469e-02  -2.0167e-03  -1.8802e-02
   2.3000   0.5000   4.9871e-04  -5.0485e-06   4.9492e-04   3.7211e-02   7.0799e-03   1.4801e-02  -2.0167e-03  -1.8802e-02
   2.1000   0.7000   5.1590e-04   4.9027e-05   5.1987e-04   3.9304e-02   1.1380e-02   1.5547e-02  -2.0167e-03  -1.8802e-02
El     13     SB3                                   PROP1                                    MAT1             ELASTIC      7      9      8
   3.5000   0.1667   5.8517e-04  -3.6711e-05   2.1280e-04   4.3201e-02   6.0053e-03   6.3640e-03   8.0073e-04   1.3998e-02
   3.7000   0.1000   5.8358e-04  -2.3800e-05   2.0105e-04   4.3276e-02   6.9469e-03   6.0127e-03   8.0073e-04   1.3998e-02
   3.5000   0.3000   5.7806e-04  -5.4976e-05   2.1426e-04   4.2397e-02   4.5335e-03   6.4076e-03   8.0073e-04   1.3998e-02
   3.3000   0.1000   5.9081e-04  -2.2223e-05   2.1932e-04   4.3840e-02   7.1729e-03   6.5590e-03   8.0073e-04   1.3998e-02
El     14     SB3                                   PROP1                                    MAT1             ELASTIC      8      9     24
   3.8333   0.5000   5.2204e-04  -8.4711e-06   1.2970e-04   3.8904e-02   7.1728e-03   3.8789e-03   1.0406e-03  -2.1392e-02
   3.9000   0.3000   4.9665e-04  -7.5430e-05   9.9471e-05   3.6005e-02   1.7869e-03   2.9748e-03   1.0406e-03  -2.1392e-02
   3.9000   0.7000   5.4539e-04   5.8186e-05   9.8113e-05   4.1646e-02   1.2506e-02   2.9342e-03   1.0406e-03  -2.1392e-02
   3.7000   0.5000   5.2340e-04  -7.9430e-06   1.3494e-04   3.9013e-02   7.2326e-03   4.0354e-03   1.0406e-03  -2.1392e-02
El     15     SB3                                   PROP1                                    MAT1             ELASTIC     24     22      8
   3.5000   0.8333   4.7236e-04   8.2205e-06   2.2617e-04   3.5439e-02   7.6779e-03   6.7638e-03   6.0618e-03   1.7348e-02
   3.3000   0.9000   4.8568e-04  -1.5083e-06   2.4219e-04   3.6289e-02   7.1496e-03   7.2430e-03   6.0618e-03   1.7348e-02
   3.5000   0.7000   4.8116e-04   3.0858e-05   2.2820e-04   3.6436e-02   9.5020e-03   6.8247e-03   6.0618e-03   1.7348e-02
   3.7000   0.9000   4.5401e-04  -1.6007e-05   2.1955e-04   3.3705e-02   5.5921e-03   6.5659e-03   6.0618e-03   1.7348e-02
El     16     SB3                                   PROP1                                    MAT1             ELASTIC     22      7      8
   3.1667   0.5000   5.3473e-04  -1.9260e-05   2.9327e-04   3.9691e-02   6.5558e-03   8.7705e-03  -2.3101e-03  -1.9334e-02
   3.1000   0.3000   5.1028e-04  -7.8469e-05   3.1772e-04   3.6978e-02   1.7634e-03   9.5019e-03  -2.3101e-03  -1.9334e-02
   3.3000   0.5000   5.3774e-04  -1.8088e-05   2.9025e-04   3.9934e-02   6.6886e-03   8.6803e-03  -2.3101e-03  -1.9334e-02
   3.1000   0.7000   5.5466e-04   3.9279e-05   3.2074e-04   4.2057e-02   1.1231e-02   9.5920e-03  -2.3101e-03  -1.9334e-02
El     17     SB3                                   PROP1                                    MAT1             ELASTIC      9     11     10
   4.5000   0.1667   5.3165e-04  -3.2069e-05  -2.7977e-05   3.9269e-02   5.5521e-03  -8.3668e-04   8.0238e-03   1.2710e-02
   4.7000   0.1000   5.1238e-04  -2.9210e-05  -4.2691e-05   3.7872e-02   5.4778e-03  -1.2767e-03   8.0238e-03   1.2710e-02
   4.5000   0.3000   5.2520e-04  -4.8654e-05  -3.0502e-05   3.8539e-02   4.2157e-03  -9.1220e-04   8.0238e-03   1.2710e-02
   4.3000   0.1000   5.5460e-04  -1.0052e-05  -2.6107e-05   4.1314e-02   7.5414e-03  -7.8076e-04   8.0238e-03   1.2710e-02
El     18     SB3                                   PROP1                                    MAT1             ELASTIC     10     11     26
   4.8333   0.5000   4.6080e-04  -1.1534e-05  -9.9805e-05   3.4280e-02   6.0281e-03  -2.9848e-03   5.8546e-03  -1.6060e-02
   4.9000   0.3000   4.3690e-04  -6.3634e-05  -1.2062e-04   3.1714e-02   1.7754e-03  -3.6074e-03   5.8546e-03  -1.6060e-02
   4.9000   0.7000   4.7325e-04   3.8868e-05  -1.2826e-04   3.5964e-02   9.9825e-03  -3.8359e-03   5.8546e-03  -1.6060e-02
   4.7000   0.5000   4.6844e-04  -8.5631e-06  -9.4631e-05   3.4895e-02   6.3645e-03  -2.8301e-03   5.8546e-03  -1.6060e-02
El     19     SB3                                   PROP1                                    MAT1             ELASTIC     26     24     10
   4.5000   0.8333   4.2735e-04   1.0502e-05  -4.1428e-05   3.2108e-02   7.1754e-03  -1.2390e-03   4.4307e-03   1.6060e-02
   4.3000   0.9000   4.3460e-04   3.0436e-07  -3.0118e-05   3.2498e-02   6.5214e-03  -9.0073e-04   4.4307e-03   1.6060e-02
   4.5000   0.7000   4.3550e-04   3.1459e-05  -3.7677e-05   3.3031e-02   8.8641e-03  -1.1268e-03   4.4307e-03   1.6060e-02
   4.7000   0.9000   4.1544e-04  -1.0736e-05  -5.1075e-05   3.0900e-02   5.4095e-03  -1.5275e-03   4.4307e-03   1.6060e-02
El     20     SB3                                   PROP1                                    MAT1             ELASTIC     24      9     10
   4.1667   0.5000   4.9743e-04  -9.2741e-06   5.1144e-05   3.7052e-02   6.7448e-03   1.5295e-03   2.5040e-03  -2.1958e-02
   4.1000   0.3000   4.7457e-04  -7.4772e-05   8.0953e-05   3.4363e-02   1.5059e-03   2.4210e-03   2.5040e-03  -2.1958e-02
   4.3000   0.5000   4.9417e-04  -1.0545e-05   4.8856e-05   3.6789e-02   6.6009e-03   1.4611e-03   2.5040e-03  -2.1958e-02
   4.1000   0.7000   5.2520e-04   5.6950e-05   7.7685e-05   4.0118e-02   1.2111e-02   2.3233e-03   2.5040e-03  -2.1958e-02
El     21     SB3                                   PROP1                                    MAT1             ELASTIC     11     13     12
   5.5000   0.1667   3.9478e-04  -2.5571e-05  -2.2041e-04   2.9134e-02   3.9914e-03  -6.5915e-03   1.6076e-02   8.0275e-03
   5.7000   0.1000   3.5337e-04  -3.6875e-05  -2.3888e-04   2.5869e-02   2.5271e-03  -7.1441e-03   1.6076e-02   8.0275e-03
   5.5000   0.3000   3.9071e-04  -3.6046e-05  -2.2514e-04   2.8673e-02   3.1473e-03  -6.7332e-03   1.6076e-02   8.0275e-03
   5.3000   0.1000   4.3852e-04   1.4451e-06  -2.2841e-04   3.2808e-02   6.6653e-03  -6.8309e-03   1.6076e-02   8.0275e-03
El     22     SB3                                   PROP1                                    MAT1             ELASTIC     12     13     28
   5.8333   0.5000   3.2337e-04  -8.1162e-06  -2.6129e-04   2.4056e-02   4.2286e-03  -7.8143e-03   8.0386e-03  -8.5274e-03
   5.9000   0.3000   3.0602e-04  -3.8005e-05  -2.7111e-04   2.2312e-02   1.7345e-03  -8.1078e-03   8.0386e-03  -8.5274e-03
   5.9000   0.7000   3.2499e-04   1.9442e-05  -2.8160e-04   2.4588e-02   6.3131e-03  -8.4215e-03   8.0386e-03  -8.5274e-03
   5.7000   0.5000   3.3386e-04  -4.0369e-06  -2.5683e-04   2.4901e-02   4.6904e-03  -7.6808e-03   8.0386e-03  -8.5274e-03
El     23     SB3                                   PROP1                                    MAT1             ELASTIC     28     26     12
   5.5000   0.8333   3.2464e-04   2.7735e-06  -2.3086e-04   2.4314e-02   5.0618e-03  -6.9042e-03   1.0637e-02   1.1378e-02
   5.3000   0.9000   3.4849e-04   4.6135e-06  -2.1818e-04   2.6124e-02   5.5559e-03  -6.5250e-03   1.0637e-02   1.1378e-02
   5.5000   0.7000   3.3042e-04   1.7621e-05  -2.2468e-04   2.4967e-02   6.2582e-03  -6.7195e-03   1.0637e-02   1.1378e-02
   5.7000   0.9000   2.9750e-04  -2.1337e-05  -2.3303e-04   2.1924e-02   2.8533e-03  -6.9690e-03   1.0637e-02   1.1378e-02
El     24     SB3                                   PROP1                                    MAT1             ELASTIC     26     11     12
   5.1667   0.5000   3.9530e-04  -1.3922e-05  -1.5971e-04   2.9346e-02   4.8700e-03  -4.7762e-03   4.6880e-03  -1.6939e-02
   5.1000   0.3000   3.8024e-04  -6.3024e-05  -1.3625e-04   2.7487e-02   9.7377e-04  -4.0748e-03   4.6880e-03  -1.6939e-02
   5.3000   0.5000   3.8918e-04  -1.6301e-05  -1.6031e-04   2.8854e-02   4.6007e-03  -4.7942e-03   4.6880e-03  -1.6939e-02
   5.1000   0.7000   4.1953e-04   3.6539e-05  -1.4237e-04   3.1913e-02   9.0051e-03  -4.2578e-03   4.6880e-03  -1.6939e-02
El     25     SB3                                   PROP1                                    MAT1             ELASTIC     13     15     14
   6.5000   0.1667   1.5791e-04  -1.0047e-05  -3.2481e-04   1.1656e-02   1.6101e-03  -9.7137e-03   2.5864e-02   1.7366e-03
   6.7000   0.1000   8.9724e-05  -3.9180e-05  -3.4717e-04   6.1224e-03  -1.5877e-03  -1.0383e-02   2.5864e-02   1.7366e-03
   6.5000   0.3000   1.5703e-04  -1.2313e-05  -3.3249e-04   1.1557e-02   1.4275e-03  -9.9434e-03   2.5864e-02   1.7366e-03
   6.3000   0.1000   2.2661e-04   2.2485e-05  -3.4491e-04   1.7279e-02   5.0696e-03  -1.0315e-02   2.5864e-02   1.7366e-03
El     26     SB3                                   PROP1                                    MAT1             ELASTIC     14     15     30
   6.8333   0.5000   8.5457e-05   2.5805e-06  -3.2948e-04   6.4279e-03   1.4708e-03  -9.8536e-03   1.1391e-02   6.5245e-04
   6.9000   0.3000   7.5400e-05  -1.6185e-07  -3.2520e-04   5.6349e-03   1.1154e-03  -9.7256e-03   1.1391e-02   6.5245e-04
   6.9000   0.7000   7.3219e-05   2.0198e-06  -3.4007e-04   5.5045e-03   1.2459e-03  -1.0170e-02   1.1391e-02   6.5245e-04
   6.7000   0.5000   1.0032e-04   8.3609e-06  -3.2609e-04   7.6256e-03   2.1252e-03  -9.7521e-03   1.1391e-02   6.5245e-04
El     27     SB3                                   PROP1                                    MAT1             ELASTIC     30     28     14
   6.5000   0.8333   1.3314e-04   1.0989e-07  -3.3483e-04   9.9561e-03   1.9991e-03  -1.0014e-02   1.9508e-02   5.0872e-03
   6.3000   0.9000   1.8051e-04   1.8777e-05  -3.2009e-04   1.3777e-02   4.1031e-03  -9.5728e-03   1.9508e-02   5.0872e-03
   6.5000   0.7000   1.3572e-04   6.7482e-06  -3.2505e-04   1.0248e-02   2.5340e-03  -9.7211e-03   1.9508e-02   5.0872e-03
   6.7000   0.9000   8.4294e-05  -2.8514e-05  -3.2673e-04   5.8759e-03  -8.7144e-04  -9.7714e-03   1.9508e-02   5.0872e-03
El     28     SB3                                   PROP1                                    MAT1             ELASTIC     28     13     14
   6.1667   0.5000   2.0484e-04  -1.1759e-05  -2.9364e-04   1.5139e-02   2.1838e-03  -8.7818e-03   8.0401e-03  -9.6986e-03
   6.1000   0.3000   2.0127e-04  -3.7359e-05  -2.7899e-04   1.4489e-02   2.1644e-04  -8.3437e-03   8.0401e-03  -9.6986e-03
   6.3000   0.5000   1.9435e-04  -1.5839e-05  -2.9201e-04   1.4294e-02   1.7219e-03  -8.7330e-03   8.0401e-03  -9.6986e-03
   6.1000   0.7000   2.2415e-04   1.6173e-05  -2.8949e-04   1.7000e-02   4.5609e-03  -8.6574e-03   8.0401e-03  -9.6986e-03
El     29     SB3                                   PROP1                                    MAT1             ELASTIC     16     18     17
   0.5000   1.1667   6.5552e-05   2.9185e-04   7.3372e-04   9.2652e-03   2.2801e-02   2.1943e-02  -3.0877e-02   1.3425e-02
   0.7000   1.1000   1.4439e-04   3.4233e-04   7.4401e-04   1.5915e-02   2.7754e-02   2.2250e-02  -3.0877e-02   1.3425e-02
   0.5000   1.3000   5.8740e-05   2.7433e-04   7.4835e-04   8.4939e-03   2.1389e-02   2.2380e-02  -3.0877e-02   1.3425e-02
   0.3000   1.1000  -9.3968e-06   2.6765e-04   7.6153e-04   3.2996e-03   1.9870e-02   2.2774e-02  -3.0877e-02   1.3425e-02
El     30     SB3                                   PROP1                                    MAT1             ELASTIC     17     18     33
   0.8333   1.5000   1.0357e-05   2.3934e-04   5.3479e-04   4.3532e-03   1.8049e-02   1.5994e-02   2.7128e-02  -6.9023e-03
   0.9000   1.3000  -2.1489e-05   1.9076e-04   5.1230e-04   1.2458e-03   1.3941e-02   1.5321e-02   2.7128e-02  -6.9023e-03
   0.9000   1.7000  -1.0895e-05   2.8005e-04   4.7690e-04   3.3731e-03   2.0775e-02   1.4262e-02   2.7128e-02  -6.9023e-03
   0.7000   1.5000   4.5756e-05   2.5311e-04   5.6271e-04   7.2057e-03   1.9608e-02   1.6829e-02   2.7128e-02  -6.9023e-03
El     31     SB3                                   PROP1                                    MAT1             ELASTIC     33     31     17
   0.5000   1.8333  -3.6164e-05   3.2297e-04   5.1828e-04   2.1256e-03   2.3606e-02   1.5500e-02   3.5319e-03   1.6775e-02
   0.3000   1.9000  -5.8980e-05   3.1407e-04   4.9322e-04   2.8659e-04   2.2600e-02   1.4750e-02   3.5319e-03   1.6775e-02
   0.5000   1.7000  -2.7651e-05   3.4486e-04   5.5310e-04   3.0894e-03   2.5370e-02   1.6541e-02   3.5319e-03   1.6775e-02
   0.7000   1.9000  -1.8212e-05   2.9904e-04   4.7133e-04   3.1099e-03   2.2086e-02   1.4096e-02   3.5319e-03   1.6775e-02
El     32     SB3                                   PROP1                                    MAT1             ELASTIC     31     16     17
   0.1667   1.5000   1.8272e-05   3.7624e-04   6.8483e-04   6.9921e-03   2.8403e-02   2.0481e-02   2.3777e-02  -2.6498e-02
   0.1000   1.3000   8.8705e-06   3.1932e-04   7.0933e-04   5.4381e-03   2.4007e-02   2.1213e-02   2.3777e-02  -2.6498e-02
   0.3000   1.5000  -1.2755e-05   3.6418e-04   7.0377e-04   4.4920e-03   2.7037e-02   2.1047e-02   2.3777e-02  -2.6498e-02
   0.1000   1.7000   7.4214e-05   4.4006e-04   6.7830e-04   1.2129e-02   3.4011e-02   2.0286e-02   2.3777e-02  -2.6498e-02
El     33     SB3                                   PROP1                                    MAT1             ELASTIC     18     20     19
   1.5000   1.1667   3.0026e-04   1.4499e-04   5.1828e-04   2.4617e-02   1.5330e-02   1.5500e-02  -2.0899e-02   2.8800e-03
   1.7000   1.1000   3.6718e-04   1.7147e-04   5.4821e-04   3.0016e-02   1.8311e-02   1.6395e-02  -2.0899e-02   2.8800e-03
   1.5000   1.3000   2.9880e-04   1.4123e-04   5.1176e-04   2.4452e-02   1.5027e-02   1.5305e-02  -2.0899e-02   2.8800e-03
   1.3000   1.1000   2.3418e-04   1.2413e-04   5.5197e-04   1.9365e-02   1.2783e-02   1.6507e-02  -2.0899e-02   2.8800e-03
El     34     SB3                                   PROP1                                    MAT1             ELASTIC     19     20     35
   1.8333   1.5000   3.2865e-04   3.9813e-05   4.2952e-04   2.5167e-02   7.8909e-03   1.2845e-02   2.8305e-02   1.8465e-02
   1.9000   1.3000   3.2324e-04   8.2044e-05   4.5984e-04   2.5394e-02   1.0967e-02   1.3752e-02   2.8305e-02   1.8465e-02
   1.9000   1.7000   2.7865e-04  -1.0626e-05   4.2291e-04   2.0675e-02   3.3722e-03   1.2648e-02   2.8305e-02   1.8465e-02
   1.7000   1.5000   3.6558e-04   5.4176e-05   4.3788e-04   2.8143e-02   9.5171e-03   1.3095e-02   2.8305e-02   1.8465e-02
El     35     SB3                                   PROP1                                    MAT1             ELASTIC     35     33     19
   1.5000   1.8333   2.8833e-04   1.2161e-04   2.4464e-04   2.3375e-02   1.3404e-02   7.3162e-03  -4.4999e-02   6.2306e-03
   1.3000   1.9000   1.4947e-04   6.3965e-05   1.8705e-04   1.2131e-02   7.0174e-03   5.5940e-03  -4.4999e-02   6.2306e-03
   1.5000   1.7000   2.9149e-04   1.2974e-04   2.5272e-04   2.3733e-02   1.4059e-02   7.5579e-03  -4.4999e-02   6.2306e-03
   1.7000   1.9000   4.2538e-04   1.6706e-04   1.7892e-04   3.4302e-02   1.8851e-02   5.3509e-03  -4.4999e-02   6.2306e-03
El     36     SB3                                   PROP1                                    MAT1             ELASTIC     33     18     19
   1.1667   1.5000   2.5918e-04   2.2754e-04   4.5445e-04   2.2780e-02   2.0888e-02   1.3591e-02   2.4954e-02  -1.2827e-02
   1.1000   1.3000   2.6840e-04   1.9642e-04   4.8231e-04   2.3004e-02   1.8699e-02   1.4424e-02   2.4954e-02  -1.2827e-02
   1.3000   1.5000   2.2662e-04   2.1488e-04   4.5735e-04   2.0156e-02   1.9454e-02   1.3678e-02   2.4954e-02  -1.2827e-02
   1.1000   1.7000   2.9881e-04   2.6590e-04   4.4975e-04   2.6316e-02   2.4348e-02   1.3450e-02   2.4954e-02  -1.2827e-02
El     37     SB3                                   PROP1                                    MAT1             ELASTIC     20     22     21
   2.5000   1.1667   4.6215e-04   7.7126e-05   4.0562e-04   3.5706e-02   1.2677e-02   1.2131e-02  -3.1738e-03  -8.7460e-03
   2.7000   1.1000   4.7457e-04   7.1762e-05   4.2086e-04   3.6555e-02   1.2462e-02   1.2586e-02  -3.1738e-03  -8.7460e-03
   2.5000   1.3000   4.6658e-04   8.8539e-05   4.0055e-04   3.6208e-02   1.3597e-02   1.1979e-02  -3.1738e-03  -8.7460e-03
   2.3000   1.1000   4.4719e-04   6.5372e-05   4.0945e-04   3.4412e-02   1.1574e-02   1.2245e-02  -3.1738e-03  -8.7460e-03
El     38     SB3                                   PROP1                                    MAT1             ELASTIC     21     22     37
   2.8333   1.5000   5.1105e-04   1.5430e-04   4.6457e-04   4.0516e-02   1.9178e-02   1.3894e-02  -2.7275e-02  -3.1056e-02
   2.9000   1.3000   4.9881e-04   9.3244e-05   4.4375e-04   3.8688e-02   1.4430e-02   1.3271e-02  -2.7275e-02  -3.1056e-02
   2.9000   1.7000   5.7667e-04   2.2327e-04   4.7934e-04   4.6454e-02   2.5316e-02   1.4335e-02  -2.7275e-02  -3.1056e-02
   2.7000   1.5000   4.7546e-04   1.4046e-04   4.3585e-04   3.7648e-02   1.7611e-02   1.3035e-02  -2.7275e-02  -3.1056e-02
El     39     SB3                                   PROP1                                    MAT1             ELASTIC     37     35     21
   2.5000   1.8333   4.7875e-04   1.1676e-04   6.0539e-04   3.7540e-02   1.5888e-02   1.8105e-02  -7.1285e-04  -5.3953e-03
   2.3000   1.9000   5.0753e-04   1.1787e-04   6.4039e-04   3.9708e-02   1.6402e-02   1.9152e-02  -7.1285e-04  -5.3953e-03
   2.5000   1.7000   4.7602e-04   1.0972e-04   5.7125e-04   3.7230e-02   1.5321e-02   1.7084e-02  -7.1285e-04  -5.3953e-03
   2.7000   1.9000   4.5155e-04   1.2621e-04   6.4743e-04   3.5647e-02   1.6188e-02   1.9362e-02  -7.1285e-04  -5.3953e-03
El     40     SB3                                   PROP1                                    MAT1             ELASTIC     35     20     21
   2.1667   1.5000   4.2909e-04   4.0338e-05   4.2796e-04   3.2685e-02   9.4322e-03   1.2799e-02  -3.0626e-02   2.0699e-02
   2.1000   1.3000   4.2515e-04   7.8498e-05   4.0691e-04   3.2960e-02   1.2226e-02   1.2169e-02  -3.0626e-02   2.0699e-02
   2.3000   1.5000   4.6906e-04   5.5880e-05   4.0798e-04   3.5905e-02   1.1192e-02   1.2201e-02  -3.0626e-02   2.0699e-02
   2.1000   1.7000   3.7309e-04  -6.7020e-06   4.4688e-04   2.7794e-02   5.0778e-03   1.3364e-02  -3.0626e-02   2.0699e-02
El     41     SB3                                   PROP1                                    MAT1             ELASTIC     22     24     23
   3.5000   1.1667   4.6091e-04   1.5785e-04   2.1725e-04   3.6821e-02   1.8694e-02   6.4973e-03   8.0132e-03   3.3189e-02
   3.7000   1.1000   4.5315e-04   1.7982e-04   2.0032e-04   3.6569e-02   2.0220e-02   5.9909e-03   8.0132e-03   3.3189e-02
   3.5000   1.3000   4.4407e-04   1.1454e-04   2.0507e-04   3.4914e-02   1.5204e-02   6.1328e-03   8.0132e-03   3.3189e-02
   3.3000   1.1000   4.7829e-04   2.0084e-04   2.4363e-04   3.8763e-02   2.2168e-02   7.2860e-03   8.0132e-03   3.3189e-02
El     42     SB3                                   PROP1                                    MAT1             ELASTIC     23     24     39
   3.8333   1.5000   3.7845e-04   1.5539e-04   9.4554e-05   3.0619e-02   1.7277e-02   2.8278e-03  -3.1976e-04  -2.2097e-02
   3.9000   1.3000   3.5321e-04   8.9895e-05   6.6952e-05   2.7752e-02   1.2003e-02   2.0023e-03  -3.1976e-04  -2.2097e-02
   3.9000   1.7000   4.0432e-04   2.2098e-04   6.7369e-05   3.3534e-02   2.2568e-02   2.0148e-03  -3.1976e-04  -2.2097e-02
   3.7000   1.5000   3.7804e-04   1.5523e-04   9.6024e-05   3.0585e-02   1.7259e-02   2.8717e-03  -3.1976e-04  -2.2097e-02
El     43     SB3                                   PROP1                                    MAT1             ELASTIC     39     37     23
   3.5000   1.8333   2.6704e-04   1.5810e-04   2.1608e-04   2.2329e-02   1.5813e-02   6.4623e-03  -1.9826e-02   3.6539e-02
   3.3000   1.9000   2.1836e-04   9.7696e-05   2.3554e-04   1.7787e-02   1.0570e-02   7.0442e-03  -1.9826e-02   3.6539e-02
   3.5000   1.7000   2.8558e-04   2.0578e-04   1.9988e-04   2.4428e-02   1.9656e-02   5.9776e-03  -1.9826e-02   3.6539e-02
   3.7000   1.9000   3.0511e-04   1.4698e-04   1.8786e-04   2.5010e-02   1.5552e-02   5.6182e-03  -1.9826e-02   3.6539e-02
El     44     SB3                                   PROP1                                    MAT1             ELASTIC     37     22     23
   3.1667   1.5000   3.4873e-04   1.6131e-04   3.9653e-04   2.8486e-02   1.7275e-02   1.1859e-02  -3.6704e-03  -2.0681e-02
   3.1000   1.3000   3.2356e-04   7.8421e-05   4.4728e-04   2.5364e-02   1.0701e-02   1.3376e-02  -3.6704e-03  -2.0681e-02
   3.3000   1.5000   3.5352e-04   1.6318e-04   3.7129e-04   2.8871e-02   1.7486e-02   1.1104e-02  -3.6704e-03  -2.0681e-02
   3.1000   1.7000   3.6673e-04   2.4314e-04   4.5207e-04   3.1054e-02   2.3662e-02   1.3520e-02  -3.6704e-03  -2.0681e-02
El     45     SB3                                   PROP1                                    MAT1             ELASTIC     24     26     25
   4.5000   1.1667   4.1991e-04   1.1979e-04  -4.6736e-05   3.3186e-02   1.5235e-02  -1.3977e-03   4.7210e-03   1.6784e-02
   4.7000   1.1000   4.1325e-04   1.3021e-04  -5.7115e-05   3.2844e-02   1.5915e-02  -1.7081e-03   4.7210e-03   1.6784e-02
   4.5000   1.3000   4.1139e-04   9.7893e-05  -5.1997e-05   3.2222e-02   1.3471e-02  -1.5550e-03   4.7210e-03   1.6784e-02
   4.3000   1.1000   4.3144e-04   1.4223e-04  -3.5214e-05   3.4383e-02   1.7085e-02  -1.0531e-03   4.7210e-03   1.6784e-02
El     46     SB3                                   PROP1                                    MAT1             ELASTIC     25     26     41
   4.8333   1.5000   3.4539e-04   1.0811e-04  -1.5316e-04   2.7440e-02   1.3247e-02  -4.5804e-03   1.3264e-02  -1.1042e-02
   4.9000   1.3000   3.2039e-04   6.6710e-05  -1.6699e-04   2.4952e-02   9.7784e-03  -4.9940e-03   1.3264e-02  -1.1042e-02
   4.9000   1.7000   3.4444e-04   1.4566e-04  -1.8430e-04   2.7930e-02   1.6041e-02  -5.5116e-03   1.3264e-02  -1.1042e-02
   4.7000   1.5000   3.6270e-04   1.1484e-04  -1.4479e-04   2.8835e-02   1.4009e-02  -4.3301e-03   1.3264e-02  -1.1042e-02
El     47     SB3                                   PROP1                                    MAT1             ELASTIC     41     39     25
   4.5000   1.8333   3.0533e-04   1.4077e-04  -1.2615e-04   2.4933e-02   1.5090e-02  -3.7727e-03  -2.7414e-03   2.0135e-02
   4.3000   1.9000   2.8876e-04   1.1851e-04  -1.2364e-04   2.3361e-02   1.3178e-02  -3.6975e-03  -2.7414e-03   2.0135e-02
   4.5000   1.7000   3.1555e-04   1.6705e-04  -1.1970e-04   2.6090e-02   1.7208e-02  -3.5798e-03  -2.7414e-03   2.0135e-02
   4.7000   1.9000   3.1606e-04   1.2362e-04  -1.4991e-04   2.5479e-02   1.3969e-02  -4.4832e-03  -2.7414e-03   2.0135e-02
El     48     SB3                                   PROP1                                    MAT1             ELASTIC     39     24     25
   4.1667   1.5000   3.7908e-04   1.5322e-04   1.9665e-05   3.0633e-02   1.7124e-02   5.8810e-04   9.9130e-03  -2.1605e-02
   4.1000   1.3000   3.6405e-04   8.8290e-05   5.5901e-05   2.8539e-02   1.2045e-02   1.6718e-03   9.9130e-03  -2.1605e-02
   4.3000   1.5000   3.6615e-04   1.4819e-04   1.5636e-05   2.9591e-02   1.6554e-02   4.6763e-04   9.9130e-03  -2.1605e-02
   4.1000   1.7000   4.1352e-04   2.2102e-04   4.2966e-05   3.4222e-02   2.2708e-02   1.2849e-03   9.9130e-03  -2.1605e-02
El     49     SB3                                   PROP1                                    MAT1             ELASTIC     26     28     27
   5.5000   1.1667   3.1987e-04   7.5120e-05  -2.3191e-04   2.5039e-02   1.0400e-02  -6.9356e-03   1.1333e-02   9.6894e-03
   5.7000   1.1000   2.9695e-04   7.0463e-05  -2.4012e-04   2.3255e-02   9.7086e-03  -7.1812e-03   1.1333e-02   9.6894e-03
   5.5000   1.3000   3.1495e-04   6.2477e-05  -2.4171e-04   2.4482e-02   9.3807e-03  -7.2286e-03   1.1333e-02   9.6894e-03
   5.3000   1.1000   3.4560e-04   9.8743e-05  -2.2748e-04   2.7316e-02   1.2550e-02  -6.8031e-03   1.1333e-02   9.6894e-03
El     50     SB3                                   PROP1                                    MAT1             ELASTIC     27     28     43
   5.8333   1.5000   2.4893e-04   5.6832e-05  -3.1453e-04   1.9461e-02   7.9714e-03  -9.4063e-03   1.7364e-02  -5.6690e-03
   5.9000   1.3000   2.2578e-04   3.3906e-05  -3.1493e-04   1.7388e-02   5.9111e-03  -9.4183e-03   1.7364e-02  -5.6690e-03
   5.9000   1.7000   2.3810e-04   7.4723e-05  -3.3759e-04   1.8919e-02   9.1470e-03  -1.0096e-02   1.7364e-02  -5.6690e-03
   5.7000   1.5000   2.7159e-04   6.5643e-05  -3.1007e-04   2.1287e-02   8.9690e-03  -9.2730e-03   1.7364e-02  -5.6690e-03
El     51     SB3                                   PROP1                                    MAT1             ELASTIC     43     41     27
   5.5000   1.8333   2.5228e-04   8.2880e-05  -3.2210e-04   2.0101e-02   9.9689e-03  -9.6328e-03   4.7373e-03   1.3040e-02
   5.3000   1.9000   2.5677e-04   7.6449e-05  -3.1776e-04   2.0341e-02   9.5553e-03  -9.5030e-03   4.7373e-03   1.3040e-02
   5.5000   1.7000   2.5890e-04   9.9895e-05  -3.1370e-04   2.0850e-02   1.1340e-02  -9.3817e-03   4.7373e-03   1.3040e-02
   5.7000   1.9000   2.4401e-04   6.3786e-05  -3.3477e-04   1.9197e-02   8.4177e-03  -1.0012e-02   4.7373e-03   1.3040e-02
El     52     SB3                                   PROP1                                    MAT1             ELASTIC     41     26     27
   5.1667   1.5000   3.2246e-04   1.0193e-04  -2.1133e-04   2.5633e-02   1.2442e-02  -6.3200e-03   1.4013e-02  -1.1957e-02
   5.1000   1.3000   3.2262e-04   6.6016e-05  -1.8412e-04   2.5108e-02   9.7599e-03  -5.5064e-03   1.4013e-02  -1.1957e-02
   5.3000   1.5000   3.0417e-04   9.4816e-05  -2.1493e-04   2.4160e-02   1.1637e-02  -6.4278e-03   1.4013e-02  -1.1957e-02
   5.1000   1.7000   3.4973e-04   1.4190e-04  -2.0241e-04   2.8270e-02   1.5839e-02  -6.0532e-03   1.4013e-02  -1.1957e-02
El     53     SB3                                   PROP1                                    MAT1             ELASTIC     28     30     29
   6.5000   1.1667   1.3148e-04   2.5211e-05  -3.2553e-04   1.0207e-02   3.8510e-03  -9.7353e-03   2.0263e-02   2.2479e-03
   6.7000   1.1000   8.4959e-05   2.5028e-06  -3.3477e-04   6.3894e-03   1.4575e-03  -1.0012e-02   2.0263e-02   2.2479e-03
   6.5000   1.3000   1.3034e-04   2.2278e-05  -3.3924e-04   1.0078e-02   3.6146e-03  -1.0145e-02   2.0263e-02   2.2479e-03
   6.3000   1.1000   1.7865e-04   5.2320e-05  -3.3183e-04   1.4139e-02   6.5831e-03  -9.9239e-03   2.0263e-02   2.2479e-03
El     54     SB3                                   PROP1                                    MAT1             ELASTIC     29     30     45
   6.8333   1.5000   5.8637e-05   4.9994e-06  -3.7872e-04   4.4588e-03   1.2506e-03  -1.1326e-02   2.2068e-02   3.4962e-04
   6.9000   1.3000   3.7624e-05   1.2153e-06  -3.6601e-04   2.8311e-03   6.5345e-04  -1.0946e-02   2.2068e-02   3.4962e-04
   6.9000   1.7000   3.6455e-05   2.3843e-06  -3.9481e-04   2.7612e-03   7.2338e-04  -1.1807e-02   2.2068e-02   3.4962e-04
   6.7000   1.5000   8.7433e-05   1.6198e-05  -3.7690e-04   6.7792e-03   2.5184e-03  -1.1272e-02   2.2068e-02   3.4962e-04
El     55     SB3                                   PROP1                                    MAT1             ELASTIC     45     43     29
   6.5000   1.8333   1.0826e-04   2.7687e-05  -4.2654e-04   8.5083e-03   3.6889e-03  -1.2756e-02   1.3162e-02   5.5986e-03
   6.3000   1.9000   1.3504e-04   3.8703e-05  -4.2156e-04   1.0675e-02   4.9129e-03  -1.2607e-02   1.3162e-02   5.5986e-03
   6.5000   1.7000   1.1110e-04   3.4993e-05  -4.1441e-04   8.8300e-03   4.2776e-03  -1.2393e-02   1.3162e-02   5.5986e-03
   6.7000   1.9000   7.9865e-05   5.7128e-06  -4.2887e-04   6.0566e-03   1.6213e-03  -1.2826e-02   1.3162e-02   5.5986e-03
El     56     SB3                                   PROP1                                    MAT1             ELASTIC     43     28     29
   6.1667   1.5000   1.8035e-04   4.8658e-05  -3.4322e-04   1.4211e-02   6.3347e-03  -1.0264e-02   1.8717e-02  -6.3373e-03
   6.1000   1.3000   1.9139e-04   3.2080e-05  -3.2250e-04   1.4789e-02   5.2604e-03  -9.6449e-03   1.8717e-02  -6.3373e-03
   6.3000   1.5000   1.5592e-04   3.9160e-05  -3.4420e-04   1.2243e-02   5.2593e-03  -1.0294e-02   1.8717e-02  -6.3373e-03
   6.1000   1.7000   2.0594e-04   7.0664e-05  -3.4693e-04   1.6454e-02   8.3626e-03  -1.0375e-02   1.8717e-02  -6.3373e-03
El     57     SB3                                   PROP1                                    MAT1             ELASTIC     31     33     32
   0.5000   2.1667  -3.7852e-05   5.8599e-04   4.4008e-04   5.9323e-03   4.3246e-02   1.3161e-02  -2.4259e-03  -9.3234e-03
   0.7000   2.1000  -2.8781e-05   5.7931e-04   4.5339e-04   6.5107e-03   4.2882e-02   1.3559e-02  -2.4259e-03  -9.3234e-03
   0.5000   2.3000  -3.3121e-05   5.9815e-04   4.3625e-04   6.4680e-03   4.4226e-02   1.3047e-02  -2.4259e-03  -9.3234e-03
   0.3000   2.1000  -4.9627e-05   5.7442e-04   4.4123e-04   4.8789e-03   4.2205e-02   1.3195e-02  -2.4259e-03  -9.3234e-03
El     58     SB3                                   PROP1                                    MAT1             ELASTIC     32     33     48
   0.8333   2.5000   1.7076e-05   6.5685e-04   5.1679e-04   1.1099e-02   4.9365e-02   1.5455e-02  -2.2318e-02  -2.3116e-02
   0.9000   2.3000   9.7039e-06   6.1383e-04   5.0278e-04   9.9042e-03   4.6039e-02   1.5036e-02  -2.2318e-02  -2.3116e-02
   0.9000   2.7000   6.8132e-05   7.0633e-04   5.3190e-04   1.5656e-02   5.3828e-02   1.5907e-02  -2.2318e-02  -2.3116e-02
   0.7000   2.5000  -1.2046e-05   6.4552e-04   4.9298e-04   8.7519e-03   4.8083e-02   1.4743e-02  -2.2318e-02  -2.3116e-02
El     59     SB3                                   PROP1                                    MAT1             ELASTIC     48     46     32
   0.5000   2.8333  -3.5032e-05   6.5532e-04   5.8090e-04   7.1798e-03   4.8471e-02   1.7373e-02  -1.9920e-02  -5.9728e-03
   0.3000   2.9000  -6.4559e-05   6.3493e-04   5.8986e-04   4.6675e-03   4.6506e-02   1.7640e-02  -1.9920e-02  -5.9728e-03
   0.5000   2.7000  -3.8063e-05   6.4752e-04   5.4963e-04   6.8367e-03   4.7843e-02   1.6437e-02  -1.9920e-02  -5.9728e-03
   0.7000   2.9000  -3.7730e-06   6.8739e-04   5.9765e-04   9.9965e-03   5.1337e-02   1.7874e-02  -1.9920e-02  -5.9728e-03
El     60     SB3                                   PROP1                                    MAT1             ELASTIC     46     31     32
   0.1667   2.5000  -9.0719e-05   5.8522e-04   4.9360e-04   1.9681e-03   4.2398e-02   1.4762e-02  -2.5669e-02  -7.7811e-04
   0.1000   2.3000  -1.1556e-04   5.6855e-04   4.9174e-04  -1.3818e-04   4.0780e-02   1.4706e-02  -2.5669e-02  -7.7811e-04
   0.3000   2.5000  -5.7225e-05   5.9824e-04   4.8147e-04   4.6671e-03   4.3872e-02   1.4399e-02  -2.5669e-02  -7.7811e-04
   0.1000   2.7000  -1.1612e-04   5.9444e-04   5.2523e-04   2.0676e-04   4.2707e-02   1.5708e-02  -2.5669e-02  -7.7811e-04
El     69     SB3                                   PROP1                                    MAT1             ELASTIC     37     39     38
   3.5000   2.1667   2.5439e-04   4.1641e-04   1.3855e-04   2.5246e-02   3.4937e-02   4.1436e-03  -1.0477e-02   1.9268e-02
   3.7000   2.1000   3.1619e-04   4.4428e-04   1.7552e-04   3.0284e-02   3.7945e-02   5.2491e-03  -1.0477e-02   1.9268e-02
   3.5000   2.3000   2.4462e-04   3.9127e-04   1.0614e-04   2.4139e-02   3.2911e-02   3.1741e-03  -1.0477e-02   1.9268e-02
   3.3000   2.1000   1.9818e-04   4.2625e-04   2.0066e-04   2.1191e-02   3.4832e-02   6.0010e-03  -1.0477e-02   1.9268e-02
El     70     SB3                                   PROP1                                    MAT1             ELASTIC     38     39     54
   3.8333   2.5000   1.8280e-04   2.7088e-04  -1.3365e-04   1.7717e-02   2.2986e-02  -3.9971e-03   4.7463e-02  -8.2165e-03
   3.9000   2.3000   1.2650e-04   2.4272e-04  -1.0883e-04   1.3087e-02   2.0038e-02  -3.2547e-03   4.7463e-02  -8.2165e-03
   3.9000   2.7000   1.4619e-04   2.8528e-04  -1.7076e-04   1.5196e-02   2.3515e-02  -5.1069e-03   4.7463e-02  -8.2165e-03
   3.7000   2.5000   2.4473e-04   2.9497e-04  -1.3662e-04   2.2708e-02   2.5713e-02  -4.0857e-03   4.7463e-02  -8.2165e-03
El     71     SB3                                   PROP1                                    MAT1             ELASTIC     54     52     38
   3.5000   2.8333   1.8253e-04   3.3863e-04  -2.1404e-04   1.8711e-02   2.8047e-02  -6.4013e-03  -1.1697e-02   2.2618e-02
   3.3000   2.9000   1.3766e-04   3.0373e-04  -2.2281e-04   1.4834e-02   2.4767e-02  -6.6636e-03  -1.1697e-02   2.2618e-02
   3.5000   2.7000   1.9401e-04   3.6815e-04  -2.0543e-04   2.0010e-02   3.0426e-02  -6.1437e-03  -1.1697e-02   2.2618e-02
   3.7000   2.9000   2.2085e-04   3.2926e-04  -2.5233e-04   2.1435e-02   2.7919e-02  -7.5462e-03  -1.1697e-02   2.2618e-02
El     72     SB3                                   PROP1                                    MAT1             ELASTIC     52     37     38
   3.1667   2.5000   2.5337e-04   4.8492e-04  -6.1193e-07   2.6194e-02   4.0044e-02  -1.8300e-05   4.4113e-02   1.9897e-02
   3.1000   2.3000   3.2218e-04   5.2668e-04   3.4460e-05   3.1964e-02   4.4195e-02   1.0306e-03   4.4113e-02   1.9897e-02
   3.3000   2.5000   1.9581e-04   4.6254e-04  -2.6157e-05   2.1556e-02   3.7510e-02  -7.8226e-04   4.4113e-02   1.9897e-02
   3.1000   2.7000   2.7090e-04   4.5595e-04  -2.3102e-05   2.7072e-02   3.8141e-02  -6.9089e-04   4.4113e-02   1.9897e-02
El     73     SB3                                   PROP1                                    MAT1             ELASTIC     39     41     40
   4.5000   2.1667   2.9700e-04   2.2386e-04  -1.6563e-04   2.5553e-02   2.1178e-02  -4.9533e-03  -2.2179e-03   1.6620e-02
   4.7000   2.1000   3.1394e-04   2.4181e-04  -1.6332e-04   2.7087e-02   2.2773e-02  -4.8844e-03  -2.2179e-03   1.6620e-02
   4.5000   2.3000   2.8857e-04   2.0217e-04  -1.7480e-04   2.4598e-02   1.9431e-02  -5.2277e-03  -2.2179e-03   1.6620e-02
   4.3000   2.1000   2.8489e-04   2.3844e-04  -1.4164e-04   2.4865e-02   2.2087e-02  -4.2358e-03  -2.2179e-03   1.6620e-02
El     74     SB3                                   PROP1                                    MAT1             ELASTIC     40     41     56
   4.8333   2.5000   2.3290e-04   1.6913e-04  -3.0847e-04   1.9942e-02   1.6128e-02  -9.2253e-03   2.1347e-02  -5.0646e-03
   4.9000   2.3000   2.0691e-04   1.4412e-04  -3.0985e-04   1.7625e-02   1.3869e-02  -9.2665e-03   2.1347e-02  -5.0646e-03
   4.9000   2.7000   2.1710e-04   1.8796e-04  -3.3771e-04   1.9042e-02   1.7299e-02  -1.0100e-02   2.1347e-02  -5.0646e-03
   4.7000   2.5000   2.6075e-04   1.7996e-04  -3.0030e-04   2.2186e-02   1.7354e-02  -8.9809e-03   2.1347e-02  -5.0646e-03
El     75     SB3                                   PROP1                                    MAT1             ELASTIC     56     54     40
   4.5000   2.8333   2.0868e-04   2.0056e-04  -3.1165e-04   1.8601e-02   1.8116e-02  -9.3203e-03  -3.0855e-03   1.9970e-02
   4.3000   2.9000   1.8871e-04   1.7833e-04  -3.1280e-04   1.6776e-02   1.6155e-02  -9.3547e-03  -3.0855e-03   1.9970e-02
   4.5000   2.7000   2.1881e-04   2.2662e-04  -3.0246e-04   1.9748e-02   2.0215e-02  -9.0454e-03  -3.0855e-03   1.9970e-02
   4.7000   2.9000   2.2285e-04   1.8371e-04  -3.3886e-04   1.9408e-02   1.7067e-02  -1.0134e-02  -3.0855e-03   1.9970e-02
El     76     SB3                                   PROP1                                    MAT1             ELASTIC     54     39     40
   4.1667   2.5000   2.7202e-04   2.5605e-04  -1.6455e-04   2.4167e-02   2.3211e-02  -4.9210e-03   1.7996e-02  -6.1452e-03
   4.1000   2.3000   2.8325e-04   2.3391e-04  -1.3666e-04   2.4675e-02   2.1724e-02  -4.0870e-03   1.7996e-02  -6.1452e-03
   4.3000   2.5000   2.4854e-04   2.4692e-04  -1.7236e-04   2.2274e-02   2.2177e-02  -5.1547e-03   1.7996e-02  -6.1452e-03
   4.1000   2.7000   2.9602e-04   2.8341e-04  -1.6014e-04   2.6370e-02   2.5615e-02  -4.7893e-03   1.7996e-02  -6.1452e-03
El     77     SB3                                   PROP1                                    MAT1             ELASTIC     41     43     42
   5.5000   2.1667   2.4668e-04   1.3212e-04  -3.4745e-04   2.0419e-02   1.3566e-02  -1.0391e-02   5.2153e-03   1.1669e-02
   5.7000   2.1000   2.4279e-04   1.3641e-04  -3.4859e-04   2.0192e-02   1.3829e-02  -1.0425e-02   5.2153e-03   1.1669e-02
   5.5000   2.3000   2.4076e-04   1.1689e-04  -3.5834e-04   1.9749e-02   1.2340e-02  -1.0717e-02   5.2153e-03   1.1669e-02
   5.3000   2.1000   2.5396e-04   1.5067e-04  -3.3337e-04   2.1240e-02   1.5062e-02  -9.9697e-03   5.2153e-03   1.1669e-02
El     78     SB3                                   PROP1                                    MAT1             ELASTIC     42     43     58
   5.8333   2.5000   1.8159e-04   8.8478e-05  -4.5843e-04   1.4900e-02   9.3305e-03  -1.3710e-02   2.1242e-02  -3.0323e-03
   5.9000   2.3000   1.5783e-04   7.1619e-05  -4.5459e-04   1.2871e-02   7.7147e-03  -1.3595e-02   2.1242e-02  -3.0323e-03
   5.9000   2.7000   1.6378e-04   9.9178e-05  -4.8231e-04   1.3728e-02   9.8641e-03  -1.4424e-02   2.1242e-02  -3.0323e-03
   5.7000   2.5000   2.0931e-04   9.9257e-05  -4.5279e-04   1.7134e-02   1.0551e-02  -1.3541e-02   2.1242e-02  -3.0323e-03
El     79     SB3                                   PROP1                                    MAT1             ELASTIC     58     56     42
   5.5000   2.8333   1.8185e-04   1.1584e-04  -4.7677e-04   1.5328e-02   1.1380e-02  -1.4258e-02   1.8202e-03   1.5019e-02
   5.3000   2.9000   1.7657e-04   1.0420e-04  -4.7584e-04   1.4759e-02   1.0430e-02  -1.4231e-02   1.8202e-03   1.5019e-02
   5.5000   2.7000   1.8947e-04   1.3544e-04  -4.6723e-04   1.6191e-02   1.2960e-02  -1.3973e-02   1.8202e-03   1.5019e-02
   5.7000   2.9000   1.8277e-04   9.8096e-05  -4.9544e-04   1.5132e-02   1.0067e-02  -1.4817e-02   1.8202e-03   1.5019e-02
El     80     SB3                                   PROP1                                    MAT1             ELASTIC     56     41     42
   5.1667   2.5000   2.4618e-04   1.6024e-04  -3.5300e-04   2.0802e-02   1.5662e-02  -1.0557e-02   1.7891e-02  -5.4896e-03
   5.1000   2.3000   2.5788e-04   1.4163e-04  -3.2808e-04   2.1399e-02   1.4445e-02  -9.8116e-03   1.7891e-02  -5.4896e-03
   5.3000   2.5000   2.2283e-04   1.5116e-04  -3.5897e-04   1.8920e-02   1.4634e-02  -1.0735e-02   1.7891e-02  -5.4896e-03
   5.1000   2.7000   2.6949e-04   1.8405e-04  -3.5142e-04   2.2900e-02   1.7790e-02  -1.0510e-02   1.7891e-02  -5.4896e-03
El     81     SB3                                   PROP1                                    MAT1             ELASTIC     43     45     44
   6.5000   2.1667   1.0625e-04   4.4745e-05  -4.4293e-04   8.6127e-03   4.9341e-03  -1.3246e-02   1.3650e-02   3.2958e-03
   6.7000   2.1000   7.9955e-05   3.0659e-05  -4.4405e-04   6.4363e-03   3.4878e-03  -1.3280e-02   1.3650e-02   3.2958e-03
   6.5000   2.3000   1.0458e-04   4.0444e-05  -4.5760e-04   8.4234e-03   4.5875e-03  -1.3685e-02   1.3650e-02   3.2958e-03
   6.3000   2.1000   1.3350e-04   6.5281e-05  -4.3975e-04   1.0957e-02   6.8770e-03  -1.3151e-02   1.3650e-02   3.2958e-03
El     82     SB3                                   PROP1                                    MAT1             ELASTIC     44     45     60
   6.8333   2.5000   3.9740e-05   5.8626e-06  -5.2383e-04   3.0589e-03   1.0326e-03  -1.5666e-02   2.5879e-02   4.0214e-04
   6.9000   2.3000   1.5086e-05   1.4382e-06  -5.0888e-04   1.1494e-03   3.3311e-04  -1.5219e-02   2.5879e-02   4.0214e-04
   6.9000   2.7000   1.3741e-05   2.7829e-06  -5.4265e-04   1.0690e-03   4.1354e-04  -1.6229e-02   2.5879e-02   4.0214e-04
   6.7000   2.5000   7.3509e-05   1.8995e-05  -5.2173e-04   5.7800e-03   2.5194e-03  -1.5603e-02   2.5879e-02   4.0214e-04
El     83     SB3                                   PROP1                                    MAT1             ELASTIC     60     58     44
   6.5000   2.8333   8.1957e-05   3.8921e-05  -5.8546e-04   6.7096e-03   4.1355e-03  -1.7509e-02   8.5207e-03   6.6465e-03
   6.3000   2.9000   9.4374e-05   4.3593e-05  -5.8613e-04   7.7077e-03   4.6704e-03  -1.7529e-02   8.5207e-03   6.6465e-03
   6.5000   2.7000   8.5330e-05   4.7594e-05  -5.7252e-04   7.0914e-03   4.8344e-03  -1.7122e-02   8.5207e-03   6.6465e-03
   6.7000   2.9000   6.7613e-05   2.1240e-05  -5.9480e-04   5.3728e-03   2.5991e-03  -1.7788e-02   8.5207e-03   6.6465e-03
El     84     SB3                                   PROP1                                    MAT1             ELASTIC     58     43     44
   6.1667   2.5000   1.4771e-04   7.8562e-05  -4.8440e-04   1.2218e-02   8.0824e-03  -1.4487e-02   2.2528e-02  -3.6913e-03
   6.1000   2.3000   1.6568e-04   6.9151e-05  -4.6287e-04   1.3421e-02   7.6475e-03  -1.3843e-02   2.2528e-02  -3.6913e-03
   6.3000   2.5000   1.1831e-04   6.7130e-05  -4.8661e-04   9.8492e-03   6.7881e-03  -1.4553e-02   2.2528e-02  -3.6913e-03
   6.1000   2.7000   1.7383e-04   9.4506e-05  -4.9226e-04   1.4410e-02   9.6651e-03  -1.4722e-02   2.2528e-02  -3.6913e-03
El     85     SB3                                   PROP1                                    MAT1             ELASTIC     46     48     47
   0.5000   3.1667  -3.3768e-05   4.0076e-04   5.6298e-04   3.4680e-03   2.9458e-02   1.6837e-02  -1.0323e-02   3.9390e-04
   0.7000   3.1000   1.2727e-05   4.1133e-04   5.9622e-04   7.1022e-03   3.0944e-02   1.7831e-02  -1.0323e-02   3.9390e-04
   0.5000   3.3000  -3.3968e-05   4.0025e-04   5.4433e-04   3.4454e-03   2.9417e-02   1.6279e-02  -1.0323e-02   3.9390e-04
   0.3000   3.1000  -8.0149e-05   3.9097e-04   5.9674e-04  -1.4619e-04   2.8032e-02   1.7846e-02  -1.0323e-02   3.9390e-04
El     86     SB3                                   PROP1                                    MAT1             ELASTIC     47     48     63
   0.8333   3.5000  -1.6851e-05   2.9591e-04   4.7040e-04   3.1649e-03   2.1872e-02   1.4068e-02   2.4436e-02   1.0620e-02
   0.9000   3.3000  -2.9043e-05   3.2890e-04   5.0609e-04   2.7466e-03   2.4156e-02   1.5135e-02   2.4436e-02   1.0620e-02
   0.9000   3.7000  -5.2488e-05   2.5583e-04   4.7420e-04  -9.8886e-05   1.8342e-02   1.4182e-02   2.4436e-02   1.0620e-02
   0.7000   3.5000   1.5036e-05   3.0831e-04   4.6397e-04   5.7343e-03   2.3275e-02   1.3876e-02   2.4436e-02   1.0620e-02
El     87     SB3                                   PROP1                                    MAT1             ELASTIC     63     61     47
   0.5000   3.8333   3.7753e-06   3.1508e-04   3.6777e-04   4.9936e-03   2.3613e-02   1.0999e-02  -1.6110e-02   3.7446e-03
   0.3000   3.9000  -4.2774e-05   2.9258e-04   3.5257e-04   1.1770e-03   2.1235e-02   1.0544e-02  -1.6110e-02   3.7446e-03
   0.5000   3.7000   5.6755e-06   3.1996e-04   3.6682e-04   5.2088e-03   2.4007e-02   1.0970e-02  -1.6110e-02   3.7446e-03
   0.7000   3.9000   4.9239e-05   3.3024e-04   3.4768e-04   8.6195e-03   2.5427e-02   1.0398e-02  -1.6110e-02   3.7446e-03
El     88     SB3                                   PROP1                                    MAT1             ELASTIC     61     46     47
   0.1667   3.5000  -1.3901e-05   4.2069e-04   4.3514e-04   5.2514e-03   3.1246e-02   1.3013e-02   2.1086e-02   2.7947e-02
   0.1000   3.3000   4.0725e-05   4.9163e-04   4.3390e-04   1.0396e-02   3.7366e-02   1.2976e-02   2.1086e-02   2.7947e-02
   0.3000   3.5000  -4.1416e-05   4.0999e-04   4.1994e-04   3.0342e-03   3.0034e-02   1.2559e-02   2.1086e-02   2.7947e-02
   0.1000   3.7000  -2.7256e-05   3.5587e-04   4.0638e-04   3.2836e-03   2.6199e-02   1.2153e-02   2.1086e-02   2.7947e-02
El     89     SB3                                   PROP1                                    MAT1             ELASTIC     48     50     49
   1.5000   3.1667   2.1937e-04   2.1697e-04   5.2704e-04   1.9646e-02   1.9502e-02   1.5762e-02  -6.2299e-03   2.8412e-02
   1.7000   3.1000   2.7765e-04   2.4802e-04   5.6292e-04   2.4467e-02   2.2695e-02   1.6835e-02  -6.2299e-03   2.8412e-02
   1.5000   3.3000   2.0495e-04   1.7990e-04   4.8610e-04   1.8013e-02   1.6515e-02   1.4538e-02  -6.2299e-03   2.8412e-02
   1.3000   3.1000   1.6933e-04   2.4153e-04   6.0000e-04   1.6272e-02   2.0590e-02   1.7944e-02  -6.2299e-03   2.8412e-02
El     90     SB3                                   PROP1                                    MAT1             ELASTIC     49     50     65
   1.8333   3.5000   1.1604e-04   1.0758e-04   2.0951e-04   1.0285e-02   9.7782e-03   6.2656e-03   3.9727e-02  -3.5083e-02
   1.9000   3.3000   3.4917e-05   1.2793e-05   2.1162e-04   2.8019e-03   1.4786e-03   6.3287e-03   3.9727e-02  -3.5083e-02
   1.9000   3.7000   1.1941e-04   1.9084e-04   1.5978e-04   1.1781e-02   1.6054e-02   4.7784e-03   3.9727e-02  -3.5083e-02
   1.7000   3.5000   1.6788e-04   1.2774e-04   1.9476e-04   1.4462e-02   1.2061e-02   5.8245e-03   3.9727e-02  -3.5083e-02
El     91     SB3                                   PROP1                                    MAT1             ELASTIC     65     63     49
   1.5000   3.8333   7.7932e-05   1.7198e-04   2.3763e-04   8.3982e-03   1.4023e-02   7.1065e-03  -9.4114e-03   3.1763e-02
   1.3000   3.9000   5.1557e-05   1.2932e-04   2.5473e-04   5.7885e-03   1.0440e-02   7.6179e-03  -9.4114e-03   3.1763e-02
   1.5000   3.7000   9.4050e-05   2.1342e-04   2.3127e-04   1.0223e-02   1.7363e-02   6.9165e-03  -9.4114e-03   3.1763e-02
   1.7000   3.9000   9.5097e-05   1.5246e-04   2.1328e-04   9.3897e-03   1.2821e-02   6.3784e-03  -9.4114e-03   3.1763e-02
El     92     SB3                                   PROP1                                    MAT1             ELASTIC     63     48     49
   1.1667   3.5000   1.8050e-04   2.8213e-04   4.4206e-04   1.7714e-02   2.3793e-02   1.3220e-02   3.6376e-02   1.9852e-02
   1.1000   3.3000   2.4326e-04   3.0850e-04   4.9063e-04   2.2800e-02   2.6703e-02   1.4673e-02   3.6376e-02   1.9852e-02
   1.3000   3.5000   1.3303e-04   2.6367e-04   4.0046e-04   1.3889e-02   2.1703e-02   1.1976e-02   3.6376e-02   1.9852e-02
   1.1000   3.7000   1.8894e-04   2.6630e-04   4.4316e-04   1.8108e-02   2.2736e-02   1.3253e-02   3.6376e-02   1.9852e-02
El     93     SB3                                   PROP1                                    MAT1             ELASTIC     50     52     51
   2.5000   3.1667   2.7927e-04   1.4727e-04  -6.7877e-05   2.3082e-02   1.5186e-02  -2.0299e-03  -9.2487e-03   3.1997e-02
   2.7000   3.1000   2.8403e-04   1.9231e-04  -1.1303e-04   2.4111e-02   1.8625e-02  -3.3804e-03  -9.2487e-03   3.1997e-02
   2.5000   3.3000   2.6303e-04   1.0551e-04  -3.7468e-05   2.1243e-02   1.1822e-02  -1.1205e-03  -9.2487e-03   3.1997e-02
   2.3000   3.1000   2.8379e-04   1.6485e-04  -7.1279e-05   2.3683e-02   1.6569e-02  -2.1317e-03  -9.2487e-03   3.1997e-02
El     94     SB3                                   PROP1                                    MAT1             ELASTIC     51     52     67
   2.8333   3.5000   2.2414e-04   1.6567e-04  -1.1582e-04   1.9235e-02   1.5738e-02  -3.4639e-03  -1.6032e-02   5.6702e-03
   2.9000   3.3000   2.5011e-04   1.5136e-04  -1.6303e-04   2.0963e-02   1.5057e-02  -4.8755e-03  -1.6032e-02   5.6702e-03
   2.9000   3.7000   2.2956e-04   1.8462e-04  -1.4211e-04   1.9924e-02   1.7236e-02  -4.2498e-03  -1.6032e-02   5.6702e-03
   2.7000   3.5000   2.0322e-04   1.5753e-04  -7.8211e-05   1.7550e-02   1.4817e-02  -2.3390e-03  -1.6032e-02   5.6702e-03
El     95     SB3                                   PROP1                                    MAT1             ELASTIC     67     65     51
   2.5000   3.8333   1.0741e-04   1.2061e-04   4.6714e-05   9.8343e-03   1.0624e-02   1.3970e-03   1.0010e-03   3.5348e-02
   2.3000   3.9000   9.4986e-05   8.8316e-05   5.7576e-05   8.4223e-03   8.0233e-03   1.7219e-03   1.0010e-03   3.5348e-02
   2.5000   3.7000   1.2535e-04   1.6674e-04   5.8314e-05   1.1865e-02   1.4341e-02   1.7439e-03   1.0010e-03   3.5348e-02
   2.7000   3.9000   1.0959e-04   8.3718e-05   1.1451e-05   9.4454e-03   7.8979e-03   3.4244e-04   1.0010e-03   3.5348e-02
El     96     SB3                                   PROP1                                    MAT1             ELASTIC     65     50     51
   2.1667   3.5000   1.6178e-04   1.0297e-04   1.5914e-04   1.3635e-02   1.0118e-02   4.7594e-03  -1.9382e-02  -3.4085e-02
   2.1000   3.3000   1.0223e-04   9.4641e-06   1.7513e-04   7.7850e-03   2.2363e-03   5.2375e-03  -1.9382e-02  -3.4085e-02
   2.3000   3.5000   1.8707e-04   1.1280e-04   1.6870e-04   1.5673e-02   1.1231e-02   5.0451e-03  -1.9382e-02  -3.4085e-02
   2.1000   3.7000   1.8339e-04   1.9085e-04   2.0042e-04   1.6565e-02   1.7011e-02   5.9939e-03  -1.9382e-02  -3.4085e-02
El     97     SB3                                   PROP1                                    MAT1             ELASTIC     52     54     53
   3.5000   3.1667   1.7445e-04   2.0337e-04  -2.3340e-04   1.6084e-02   1.7814e-02  -6.9802e-03  -1.7105e-02   1.3064e-02
   3.7000   3.1000   2.0890e-04   2.3796e-04  -2.4452e-04   1.9176e-02   2.0915e-02  -7.3126e-03  -1.7105e-02   1.3064e-02
   3.5000   3.3000   1.6782e-04   1.8632e-04  -2.1389e-04   1.5333e-02   1.6440e-02  -6.3966e-03  -1.7105e-02   1.3064e-02
   3.3000   3.1000   1.4379e-04   1.9435e-04  -2.2747e-04   1.3657e-02   1.6681e-02  -6.8028e-03  -1.7105e-02   1.3064e-02
El     98     SB3                                   PROP1                                    MAT1             ELASTIC     53     54     69
   3.8333   3.5000   1.7070e-04   1.8768e-04  -2.7451e-04   1.5569e-02   1.6584e-02  -8.2095e-03  -6.1350e-03   7.8688e-03
   3.9000   3.3000   1.8794e-04   1.9270e-04  -2.9390e-04   1.6933e-02   1.7217e-02  -8.7894e-03  -6.1350e-03   7.8688e-03
   3.9000   3.7000   1.6546e-04   1.8444e-04  -2.8589e-04   1.5129e-02   1.6264e-02  -8.5499e-03  -6.1350e-03   7.8688e-03
   3.7000   3.5000   1.6269e-04   1.8456e-04  -2.5321e-04   1.4923e-02   1.6232e-02  -7.5725e-03  -6.1350e-03   7.8688e-03
El     99     SB3                                   PROP1                                    MAT1             ELASTIC     69     67     53
   3.5000   3.8333   1.2023e-04   1.5500e-04  -1.9525e-04   1.1307e-02   1.3386e-02  -5.8391e-03   3.8912e-03   1.6415e-02
   3.3000   3.9000   1.2076e-04   1.4439e-04  -1.9101e-04   1.1188e-02   1.2601e-02  -5.7123e-03   3.8912e-03   1.6415e-02
   3.5000   3.7000   1.2856e-04   1.7642e-04  -1.8570e-04   1.2250e-02   1.5112e-02  -5.5537e-03   3.8912e-03   1.6415e-02
   3.7000   3.9000   1.1494e-04   1.3347e-04  -2.1243e-04   1.0589e-02   1.1698e-02  -6.3529e-03   3.8912e-03   1.6415e-02
El    100     SB3                                   PROP1                                    MAT1             ELASTIC     67     52     53
   3.1667   3.5000   1.2322e-04   1.7145e-04  -1.7692e-04   1.1777e-02   1.4661e-02  -5.2911e-03  -9.4857e-03  -2.7027e-03
   3.1000   3.3000   1.1022e-04   1.6744e-04  -1.8681e-04   1.0744e-02   1.4167e-02  -5.5868e-03  -9.4857e-03  -2.7027e-03
   3.3000   3.5000   1.3560e-04   1.7626e-04  -1.7099e-04   1.2774e-02   1.5206e-02  -5.1135e-03  -9.4857e-03  -2.7027e-03
   3.1000   3.7000   1.1766e-04   1.7270e-04  -1.7443e-04   1.1380e-02   1.4672e-02  -5.2167e-03  -9.4857e-03  -2.7027e-03
El    101     SB3                                   PROP1                                    MAT1             ELASTIC     54     56     55
   4.5000   3.1667   1.9985e-04   2.0083e-04  -3.4942e-04   1.7945e-02   1.8004e-02  -1.0450e-02  -4.0730e-03   1.8969e-02
   4.7000   3.1000   2.1802e-04   2.2374e-04  -3.5239e-04   1.9646e-02   1.9988e-02  -1.0539e-02  -4.0730e-03   1.8969e-02
   4.5000   3.3000   1.9023e-04   1.7608e-04  -3.5348e-04   1.6856e-02   1.6009e-02  -1.0571e-02  -4.0730e-03   1.8969e-02
   4.3000   3.1000   1.8719e-04   2.1506e-04  -3.2763e-04   1.7211e-02   1.8878e-02  -9.7983e-03  -4.0730e-03   1.8969e-02
El    102     SB3                                   PROP1                                    MAT1             ELASTIC     55     56     71
   4.8333   3.5000   1.5483e-04   1.4906e-04  -4.6079e-04   1.3805e-02   1.3460e-02  -1.3780e-02   9.8671e-03   2.1875e-04
   4.9000   3.3000   1.4635e-04   1.3998e-04  -4.6494e-04   1.3035e-02   1.2654e-02  -1.3905e-02   9.8671e-03   2.1875e-04
   4.9000   3.7000   1.4400e-04   1.5528e-04  -4.7781e-04   1.3088e-02   1.3763e-02  -1.4290e-02   9.8671e-03   2.1875e-04
   4.7000   3.5000   1.6771e-04   1.5407e-04  -4.5138e-04   1.4843e-02   1.4027e-02  -1.3499e-02   9.8671e-03   2.1875e-04
El    103     SB3                                   PROP1                                    MAT1             ELASTIC     71     69     55
   4.5000   3.8333   1.2278e-04   1.3506e-04  -4.1276e-04   1.1199e-02   1.1934e-02  -1.2344e-02  -9.2646e-05   2.2320e-02
   4.3000   3.9000   1.1642e-04   1.1343e-04  -4.0205e-04   1.0400e-02   1.0221e-02  -1.2024e-02  -9.2646e-05   2.2320e-02
   4.5000   3.7000   1.3411e-04   1.6419e-04  -4.0951e-04   1.2482e-02   1.4281e-02  -1.2247e-02  -9.2646e-05   2.2320e-02
   4.7000   3.9000   1.2268e-04   1.1301e-04  -4.3117e-04   1.0862e-02   1.0283e-02  -1.2895e-02  -9.2646e-05   2.2320e-02
El    104     SB3                                   PROP1                                    MAT1             ELASTIC     69     54     55
   4.1667   3.5000   1.6704e-04   1.8759e-04  -3.2288e-04   1.5294e-02   1.6523e-02  -9.6562e-03   6.5164e-03   6.0692e-03
   4.1000   3.3000   1.8165e-04   1.9567e-04  -3.1193e-04   1.6507e-02   1.7346e-02  -9.3288e-03   6.5164e-03   6.0692e-03
   4.3000   3.5000   1.5854e-04   1.8428e-04  -3.3482e-04   1.4609e-02   1.6149e-02  -1.0013e-02   6.5164e-03   6.0692e-03
   4.1000   3.7000   1.6520e-04   1.8140e-04  -3.2044e-04   1.5063e-02   1.6033e-02  -9.5831e-03   6.5164e-03   6.0692e-03
El    105     SB3                                   PROP1                                    MAT1             ELASTIC     56     58     57
   5.5000   3.1667   1.7490e-04   1.3573e-04  -5.0860e-04   1.5106e-02   1.2763e-02  -1.5210e-02   1.5766e-03   1.5624e-02
   5.7000   3.1000   1.7987e-04   1.4838e-04  -5.1110e-04   1.5667e-02   1.3783e-02  -1.5285e-02   1.5766e-03   1.5624e-02
   5.5000   3.3000   1.6698e-04   1.1534e-04  -5.1687e-04   1.4209e-02   1.1120e-02  -1.5458e-02   1.5766e-03   1.5624e-02
   5.3000   3.1000   1.7447e-04   1.5366e-04  -4.9071e-04   1.5342e-02   1.4098e-02  -1.4675e-02   1.5766e-03   1.5624e-02
El    106     SB3                                   PROP1                                    MAT1             ELASTIC     57     58     73
   5.8333   3.5000   1.1723e-04   8.5286e-05  -6.2159e-04   1.0040e-02   8.1295e-03  -1.8589e-02   1.6650e-02  -6.5707e-04
   5.9000   3.3000   1.0093e-04   7.4166e-05  -6.2038e-04   8.6551e-03   7.0543e-03  -1.8553e-02   1.6650e-02  -6.5707e-04
   5.9000   3.7000   1.0095e-04   9.1579e-05  -6.4211e-04   8.9168e-03   8.3564e-03  -1.9203e-02   1.6650e-02  -6.5707e-04
   5.7000   3.5000   1.3896e-04   9.3736e-05  -6.1387e-04   1.1791e-02   9.0861e-03  -1.8359e-02   1.6650e-02  -6.5707e-04
El    107     SB3                                   PROP1                                    MAT1             ELASTIC     73     71     57
   5.5000   3.8333   1.0345e-04   9.2611e-05  -6.1148e-04   9.1195e-03   8.4711e-03  -1.8287e-02   7.8820e-04   1.8975e-02
   5.3000   3.9000   9.6978e-05   7.5626e-05  -6.0605e-04   8.3815e-03   7.1043e-03  -1.8125e-02   7.8820e-04   1.8975e-02
   5.5000   3.7000   1.1308e-04   1.1737e-04  -6.0465e-04   1.0210e-02   1.0466e-02  -1.8083e-02   7.8820e-04   1.8975e-02
   5.7000   3.9000   1.0442e-04   7.2456e-05  -6.3081e-04   8.8908e-03   6.9787e-03  -1.8865e-02   7.8820e-04   1.8975e-02
El    108     SB3                                   PROP1                                    MAT1             ELASTIC     71     56     57
   5.1667   3.5000   1.6036e-04   1.4381e-04  -4.9858e-04   1.4140e-02   1.3150e-02  -1.4911e-02   1.3300e-02   1.7141e-04
   5.1000   3.3000   1.7448e-04   1.3817e-04  -4.7954e-04   1.5111e-02   1.2939e-02  -1.4341e-02   1.3300e-02   1.7141e-04
   5.3000   3.5000   1.4301e-04   1.3706e-04  -5.0774e-04   1.2742e-02   1.2386e-02  -1.5185e-02   1.3300e-02   1.7141e-04
   5.1000   3.7000   1.7228e-04   1.5331e-04  -4.9690e-04   1.5173e-02   1.4039e-02  -1.4860e-02   1.3300e-02   1.7141e-04
El    109     SB3                                   PROP1                                    MAT1             ELASTIC     58     60     59
   6.5000   3.1667   7.9231e-05   4.8895e-05  -6.1391e-04   6.6549e-03   4.8404e-03  -1.8360e-02   8.4956e-03   5.3891e-03
   6.7000   3.1000   6.6590e-05   4.3035e-05  -6.1254e-04   5.6221e-03   4.2133e-03  -1.8319e-02   8.4956e-03   5.3891e-03
   6.5000   3.3000   7.6496e-05   4.1863e-05  -6.2672e-04   6.3452e-03   4.2738e-03  -1.8743e-02   8.4956e-03   5.3891e-03
   6.3000   3.1000   9.3434e-05   6.5303e-05  -6.0551e-04   7.9621e-03   6.2796e-03  -1.8109e-02   8.4956e-03   5.3891e-03
El    110     SB3                                   PROP1                                    MAT1             ELASTIC     59     60     75
   6.8333   3.5000   2.3202e-05   5.2075e-06  -6.9998e-04   1.8126e-03   7.3629e-04  -2.0934e-02   2.2987e-02   5.1504e-04
   6.9000   3.3000   1.5669e-06   1.0136e-06  -6.8747e-04   1.3230e-04   9.9213e-05  -2.0560e-02   2.2987e-02   5.1504e-04
   6.9000   3.7000  -1.5531e-07   2.7358e-06  -7.1747e-04   2.9297e-05   2.0222e-04  -2.1457e-02   2.2987e-02   5.1504e-04
   6.7000   3.5000   5.3197e-05   1.6872e-05  -6.9730e-04   4.2296e-03   2.0569e-03  -2.0854e-02   2.2987e-02   5.1504e-04
El    111     SB3                                   PROP1                                    MAT1             ELASTIC     75     73     59
   6.5000   3.8333   4.9290e-05   3.2619e-05  -7.4792e-04   4.1730e-03   3.1759e-03  -2.2367e-02   4.4513e-03   8.7398e-03
   6.3000   3.9000   5.1850e-05   3.0256e-05  -7.4897e-04   4.3290e-03   3.0374e-03  -2.2399e-02   4.4513e-03   8.7398e-03
   6.5000   3.7000   5.3726e-05   4.4024e-05  -7.3756e-04   4.6751e-03   4.0948e-03  -2.2058e-02   4.4513e-03   8.7398e-03
   6.7000   3.9000   4.4196e-05   1.7876e-05  -7.6037e-04   3.5717e-03   1.9974e-03  -2.2740e-02   4.4513e-03   8.7398e-03
El    112     SB3                                   PROP1                                    MAT1             ELASTIC     73     58     59
   6.1667   3.5000   1.0456e-04   7.7066e-05  -6.4893e-04   8.9699e-03   7.3254e-03  -1.9407e-02   1.9636e-02  -1.3521e-03
   6.1000   3.3000   1.2261e-04   7.2369e-05  -6.2981e-04   1.0249e-02   7.2440e-03  -1.8835e-02   1.9636e-02  -1.3521e-03
   6.3000   3.5000   7.8937e-05   6.7102e-05  -6.5303e-04   6.9051e-03   6.1972e-03  -1.9530e-02   1.9636e-02  -1.3521e-03
   6.1000   3.7000   1.2495e-04   8.7457e-05  -6.5544e-04   1.0650e-02   8.4072e-03  -1.9602e-02   1.9636e-02  -1.3521e-03
El    113     SB3                                   PROP1                                    MAT1             ELASTIC     61     63     62
   0.5000   4.1667   6.6197e-07   1.9674e-04   3.2880e-04   2.9913e-03   1.4719e-02   9.8332e-03  -1.6536e-02   9.9980e-03
   0.7000   4.1000   4.7407e-05   2.2606e-04   3.3787e-04   6.9248e-03   1.7611e-02   1.0104e-02  -1.6536e-02   9.9980e-03
   0.5000   4.3000  -4.4116e-06   1.8369e-04   3.3196e-04   2.4169e-03   1.3668e-02   9.9278e-03  -1.6536e-02   9.9980e-03
   0.3000   4.1000  -4.3184e-05   1.8698e-04   3.5091e-04  -4.3269e-04   1.3334e-02   1.0494e-02  -1.6536e-02   9.9980e-03
El    114     SB3                                   PROP1                                    MAT1             ELASTIC     62     63     77
   0.8333   4.5000   9.8874e-06   1.1711e-04   2.5370e-04   2.4904e-03   8.9037e-03   7.5874e-03   7.5972e-03   1.6104e-02
   0.9000   4.3000   2.2328e-05   1.5252e-04   2.6389e-04   3.9500e-03   1.1737e-02   7.8921e-03   7.5972e-03   1.6104e-02
   0.9000   4.7000  -1.7423e-05   7.9500e-05   2.5398e-04  -1.1390e-04   5.6833e-03   7.5956e-03   7.5972e-03   1.6104e-02
   0.7000   4.5000   1.9801e-05   1.2097e-04   2.6542e-04   3.2893e-03   9.3402e-03   7.9377e-03   7.5972e-03   1.6104e-02
El    115     SB3                                   PROP1                                    MAT1             ELASTIC     77     76     62
   0.5000   4.8333   3.0241e-06   7.9274e-05   2.6708e-04   1.4115e-03   5.9722e-03   7.9874e-03   1.2094e-03   1.3349e-02
   0.3000   4.9000  -9.3337e-07   6.8232e-05   2.6995e-04   9.5050e-04   5.0875e-03   8.0731e-03   1.2094e-03   1.3349e-02
   0.5000   4.7000   9.7979e-06   9.6693e-05   2.7337e-04   2.1784e-03   7.3758e-03   8.1755e-03   1.2094e-03   1.3349e-02
   0.7000   4.9000   3.1107e-06   6.4188e-05   2.5253e-04   1.1924e-03   4.8456e-03   7.5522e-03   1.2094e-03   1.3349e-02
El    116     SB3                                   PROP1                                    MAT1             ELASTIC     76     61     62
   0.1667   4.5000  -6.9604e-06   1.5966e-04   2.8187e-04   1.8670e-03   1.1833e-02   8.4297e-03   4.2465e-03   2.5953e-02
   0.1000   4.3000   2.8073e-05   2.2950e-04   2.6262e-04   5.5306e-03   1.7578e-02   7.8540e-03   4.2465e-03   2.5953e-02
   0.3000   4.5000  -1.2502e-05   1.5750e-04   2.7478e-04   1.4205e-03   1.1589e-02   8.2177e-03   4.2465e-03   2.5953e-02
   0.1000   4.7000  -3.3682e-05   9.1054e-05   2.5708e-04  -1.1567e-03   6.3040e-03   7.6883e-03   4.2465e-03   2.5953e-02
El    117     SB3                                   PROP1                                    MAT1             ELASTIC     63     65     64
   1.5000   4.1667   6.6102e-05   1.5575e-04   2.2469e-04   7.2711e-03   1.2633e-02   6.7196e-03  -8.1385e-03   2.0456e-02
   1.7000   4.1000   9.2966e-05   1.8521e-04   2.2111e-04   9.7201e-03   1.5238e-02   6.6127e-03  -8.1385e-03   2.0456e-02
   1.5000   4.3000   5.5722e-05   1.2906e-04   2.2442e-04   6.0959e-03   1.0482e-02   6.7117e-03  -8.1385e-03   2.0456e-02
   1.3000   4.1000   4.5170e-05   1.6633e-04   2.4781e-04   5.8644e-03   1.3111e-02   7.4110e-03  -8.1385e-03   2.0456e-02
El    118     SB3                                   PROP1                                    MAT1             ELASTIC     64     65     78
   1.8333   4.5000   3.8048e-05   8.8633e-05   1.2510e-04   4.1700e-03   7.1956e-03   3.7413e-03   5.8373e-03   8.6840e-03
   1.9000   4.3000   4.3680e-05   1.0183e-04   1.2435e-04   4.7885e-03   8.2668e-03   3.7188e-03   5.8373e-03   8.6840e-03
   1.9000   4.7000   2.0990e-05   7.3739e-05   1.1673e-04   2.6720e-03   5.8270e-03   3.4910e-03   5.8373e-03   8.6840e-03
   1.7000   4.5000   4.5665e-05   9.1595e-05   1.3783e-04   4.7838e-03   7.5310e-03   4.1219e-03   5.8373e-03   8.6840e-03
El    119     SB3                                   PROP1                                    MAT1             ELASTIC     78     77     64
   1.5000   4.8333   5.3933e-06   4.6949e-05   1.8533e-04   1.1053e-03   3.5909e-03   5.5426e-03   4.7614e-04   2.3807e-02
   1.3000   4.9000   1.1455e-06   2.4446e-05   1.9857e-04   4.5120e-04   1.8449e-03   5.9384e-03   4.7614e-04   2.3807e-02
   1.5000   4.7000   1.7474e-05   7.8015e-05   1.8781e-04   2.4730e-03   6.0941e-03   5.6167e-03   4.7614e-04   2.3807e-02
   1.7000   4.9000   2.7376e-06   2.2854e-05   1.6750e-04   5.4643e-04   1.7497e-03   5.0093e-03   4.7614e-04   2.3807e-02
El    120     SB3                                   PROP1                                    MAT1             ELASTIC     77     63     64
   1.1667   4.5000   3.2689e-05   1.1483e-04   2.4918e-04   4.1610e-03   9.0739e-03   7.4521e-03   2.4866e-03   1.6422e-02
   1.1000   4.3000   5.5531e-05   1.5116e-04   2.4711e-04   6.4122e-03   1.2132e-02   7.3901e-03   2.4866e-03   1.6422e-02
   1.3000   4.5000   2.9444e-05   1.1356e-04   2.3581e-04   3.8996e-03   8.9310e-03   7.0521e-03   2.4866e-03   1.6422e-02
   1.1000   4.7000   1.4714e-05   7.9210e-05   2.4387e-04   2.2845e-03   6.1422e-03   7.2931e-03   2.4866e-03   1.6422e-02
El    121     SB3                                   PROP1                                    MAT1             ELASTIC     65     67     66
   2.5000   4.1667   9.3893e-05   1.3371e-04   2.0825e-05   9.0194e-03   1.1401e-02   6.2280e-04  -1.0567e-03   2.4332e-02
   2.7000   4.1000   1.0128e-04   1.5867e-04   7.2117e-06   9.9451e-03   1.3377e-02   2.1568e-04  -1.0567e-03   2.4332e-02
   2.5000   4.3000   8.1545e-05   1.0196e-04   1.9928e-05   7.6215e-03   8.8427e-03   5.9598e-04  -1.0567e-03   2.4332e-02
   2.3000   4.1000   9.3559e-05   1.5639e-04   3.8963e-05   9.3334e-03   1.3091e-02   1.1652e-03  -1.0567e-03   2.4332e-02
El    122     SB3                                   PROP1                                    MAT1             ELASTIC     66     67     79
   2.8333   4.5000   4.9286e-05   8.1353e-05  -6.9457e-05   4.9014e-03   6.8194e-03  -2.0772e-03   2.8535e-03   6.7681e-03
   2.9000   4.3000   5.5679e-05   8.8791e-05  -7.5202e-05   5.4906e-03   7.4711e-03  -2.2490e-03   2.8535e-03   6.7681e-03
   2.9000   4.7000   3.7308e-05   7.3088e-05  -7.8926e-05   3.8822e-03   6.0223e-03  -2.3604e-03   2.8535e-03   6.7681e-03
   2.7000   4.5000   5.3010e-05   8.2801e-05  -5.6024e-05   5.2014e-03   6.9834e-03  -1.6755e-03   2.8535e-03   6.7681e-03
El    123     SB3                                   PROP1                                    MAT1             ELASTIC     79     78     66
   2.5000   4.8333   6.2714e-06   3.4303e-05   1.1143e-05   9.8182e-04   2.6585e-03   3.3323e-04   1.4718e-05   2.7683e-02
   2.3000   4.9000   2.2331e-06   7.2350e-06   2.9133e-05   2.7514e-04   5.7432e-04   8.7126e-04   1.4718e-05   2.7683e-02
   2.5000   4.7000   2.0319e-05   7.0426e-05   1.1219e-05   2.5723e-03   5.5693e-03   3.3552e-04   1.4718e-05   2.7683e-02
   2.7000   4.9000   2.2823e-06   7.1858e-06  -6.9902e-06   2.7809e-04   5.7138e-04  -2.0905e-04   1.4718e-05   2.7683e-02
El    124     SB3                                   PROP1                                    MAT1             ELASTIC     78     65     66
   2.1667   4.5000   5.0119e-05   8.7423e-05   9.4004e-05   5.0544e-03   7.2857e-03   2.8113e-03  -4.9719e-04   9.0923e-03
   2.1000   4.3000   6.1660e-05   1.0072e-04   1.0021e-04   6.1160e-03   8.4521e-03   2.9970e-03  -4.9719e-04   9.0923e-03
   2.3000   4.5000   5.0768e-05   8.7676e-05   7.9156e-05   5.1067e-03   7.3143e-03   2.3673e-03  -4.9719e-04   9.0923e-03
   2.1000   4.7000   3.7605e-05   7.3987e-05   1.0086e-04   3.9179e-03   6.0940e-03   3.0164e-03  -4.9719e-04   9.0923e-03
El    125     SB3                                   PROP1                                    MAT1             ELASTIC     67     69     68
   3.5000   4.1667   1.1022e-04   1.3429e-04  -2.0927e-04   1.0249e-02   1.1689e-02  -6.2584e-03   2.3748e-03   2.7766e-02
   3.7000   4.1000   1.0880e-04   1.5854e-04  -2.2824e-04   1.0505e-02   1.3480e-02  -6.8257e-03   2.3748e-03   2.7766e-02
   3.5000   4.3000   9.6131e-05   9.8062e-05  -2.1093e-04   8.6537e-03   8.7691e-03  -6.3080e-03   2.3748e-03   2.7766e-02
   3.3000   4.1000   1.1969e-04   1.6439e-04  -1.9201e-04   1.1407e-02   1.4081e-02  -5.7422e-03   2.3748e-03   2.7766e-02
El    126     SB3                                   PROP1                                    MAT1             ELASTIC     68     69     80
   3.8333   4.5000   5.5714e-05   8.2731e-05  -3.0076e-04   5.4026e-03   7.0186e-03  -8.9947e-03   1.8939e-03   7.1876e-03
   3.9000   4.3000   6.3645e-05   9.0536e-05  -3.0794e-04   6.1122e-03   7.7207e-03  -9.2095e-03   1.8939e-03   7.1876e-03
   3.9000   4.7000   4.4077e-05   7.4377e-05  -3.1042e-04   4.4076e-03   6.2200e-03  -9.2834e-03   1.8939e-03   7.1876e-03
   3.7000   4.5000   5.8186e-05   8.3692e-05  -2.8620e-04   5.6018e-03   7.1274e-03  -8.5593e-03   1.8939e-03   7.1876e-03
El    127     SB3                                   PROP1                                    MAT1             ELASTIC     80     79     68
   3.5000   4.8333   7.0493e-06   2.8716e-05  -2.0801e-04   9.5644e-04   2.2524e-03  -6.2207e-03  -2.0431e-04   3.1117e-02
   3.3000   4.9000   2.8793e-06  -2.0783e-06  -1.8672e-04   1.8420e-04  -1.1233e-04  -5.5840e-03  -2.0431e-04   3.1117e-02
   3.5000   4.7000   2.2840e-05   6.9320e-05  -2.0907e-04   2.7442e-03   5.5243e-03  -6.2525e-03  -2.0431e-04   3.1117e-02
   3.7000   4.9000   2.1961e-06  -1.3952e-06  -2.2732e-04   1.4333e-04  -7.1471e-05  -6.7984e-03  -2.0431e-04   3.1117e-02
El    128     SB3                                   PROP1                                    MAT1             ELASTIC     79     67     68
   3.1667   4.5000   6.0797e-05   8.1037e-05  -1.1140e-04   5.7573e-03   6.9679e-03  -3.3317e-03  -1.4568e-03   7.4289e-03
   3.1000   4.3000   6.9662e-05   8.7572e-05  -1.0156e-04   6.5178e-03   7.5891e-03  -3.0372e-03  -1.4568e-03   7.4289e-03
   3.3000   4.5000   6.2698e-05   8.1776e-05  -1.2827e-04   5.9105e-03   7.0516e-03  -3.8362e-03  -1.4568e-03   7.4289e-03
   3.1000   4.7000   4.9081e-05   7.4079e-05  -9.9655e-05   4.7773e-03   6.2725e-03  -2.9803e-03  -1.4568e-03   7.4289e-03
El    129     SB3                                   PROP1                                    MAT1             ELASTIC     69     71     70
   4.5000   4.1667   1.1147e-04   1.2604e-04  -4.2438e-04   1.0219e-02   1.1091e-02  -1.2692e-02  -3.1541e-04   2.7613e-02
   4.7000   4.1000   1.1823e-04   1.5323e-04  -4.3962e-04   1.1131e-02   1.3224e-02  -1.3147e-02  -3.1541e-04   2.7613e-02
   4.5000   4.3000   9.7458e-05   9.0011e-05  -4.2647e-04   8.6324e-03   8.1870e-03  -1.2754e-02  -3.1541e-04   2.7613e-02
   4.3000   4.1000   1.1272e-04   1.5291e-04  -4.0359e-04   1.0714e-02   1.3118e-02  -1.2070e-02  -3.1541e-04   2.7613e-02
El    130     SB3                                   PROP1                                    MAT1             ELASTIC     70     71     81
   4.8333   4.5000   5.5017e-05   6.9019e-05  -5.3345e-04   5.1454e-03   5.9829e-03  -1.5953e-02   4.7991e-03   5.4965e-03
   4.9000   4.3000   5.8152e-05   7.1353e-05  -5.4087e-04   5.4147e-03   6.2043e-03  -1.6175e-02   4.7991e-03   5.4965e-03
   4.9000   4.7000   4.2489e-05   6.5293e-05  -5.4713e-04   4.1530e-03   5.5170e-03  -1.6363e-02   4.7991e-03   5.4965e-03
   4.7000   4.5000   6.1279e-05   7.1454e-05  -5.1874e-04   5.6501e-03   6.2586e-03  -1.5513e-02   4.7991e-03   5.4965e-03
El    131     SB3                                   PROP1                                    MAT1             ELASTIC     81     80     70
   4.5000   4.8333   7.0147e-06   2.4191e-05  -4.4665e-04   8.8618e-04   1.9135e-03  -1.3358e-02   1.8269e-04   3.0964e-02
   4.3000   4.9000   2.2199e-06  -5.8075e-06  -4.2733e-04   7.9128e-05  -4.0101e-04  -1.2780e-02   1.8269e-04   3.0964e-02
   4.5000   4.7000   2.2728e-05   6.4595e-05  -4.4570e-04   2.6651e-03   5.1693e-03  -1.3329e-02   1.8269e-04   3.0964e-02
   4.7000   4.9000   2.8307e-06  -6.4184e-06  -4.6774e-04   1.1567e-04  -4.3754e-04  -1.3988e-02   1.8269e-04   3.0964e-02
El    132     SB3                                   PROP1                                    MAT1             ELASTIC     80     69     70
   4.1667   4.5000   6.2709e-05   8.1974e-05  -3.4310e-04   5.9142e-03   7.0665e-03  -1.0261e-02   1.4484e-03   7.5204e-03
   4.1000   4.3000   7.4467e-05   8.9707e-05  -3.3213e-04   6.9090e-03   7.8205e-03  -9.9327e-03   1.4484e-03   7.5204e-03
   4.3000   4.5000   6.0819e-05   8.1239e-05  -3.5939e-04   5.7619e-03   6.9833e-03  -1.0748e-02   1.4484e-03   7.5204e-03
   4.1000   4.7000   5.3786e-05   7.4661e-05  -3.3402e-04   5.1378e-03   6.3864e-03  -9.9892e-03   1.4484e-03   7.5204e-03
El    133     SB3                                   PROP1                                    MAT1             ELASTIC     71     73     72
   5.5000   4.1667   9.4101e-05   9.3901e-05  -6.3193e-04   8.4396e-03   8.4277e-03  -1.8899e-02   1.9908e-04   2.2302e-02
   5.7000   4.1000   1.0007e-04   1.1513e-04  -6.4237e-04   9.2035e-03   1.0104e-02  -1.9211e-02   1.9908e-04   2.2302e-02
   5.5000   4.3000   8.2784e-05   6.4799e-05  -6.3570e-04   7.1583e-03   6.0826e-03  -1.9011e-02   1.9908e-04   2.2302e-02
   5.3000   4.1000   9.4597e-05   1.1633e-04  -6.1327e-04   8.8121e-03   1.0112e-02  -1.8341e-02   1.9908e-04   2.2302e-02
El    134     SB3                                   PROP1                                    MAT1             ELASTIC     72     73     82
   5.8333   4.5000   4.1255e-05   4.3080e-05  -7.3484e-04   3.7287e-03   3.8378e-03  -2.1976e-02   7.6851e-03   3.0733e-03
   5.9000   4.3000   3.8435e-05   4.0767e-05  -7.3951e-04   3.4832e-03   3.6227e-03  -2.2116e-02   7.6851e-03   3.0733e-03
   5.9000   4.7000   2.9034e-05   4.3164e-05  -7.4954e-04   2.8162e-03   3.6613e-03  -2.2416e-02   7.6851e-03   3.0733e-03
   5.7000   4.5000   5.1284e-05   4.6980e-05  -7.2333e-04   4.5368e-03   4.2793e-03  -2.1632e-02   7.6851e-03   3.0733e-03
El    135     SB3                                   PROP1                                    MAT1             ELASTIC     82     81     72
   5.5000   4.8333   5.8115e-06   1.5369e-05  -6.7363e-04   6.6431e-04   1.2360e-03  -2.0146e-02   4.3015e-04   2.5653e-02
   5.3000   4.9000   1.3730e-06  -9.0172e-06  -6.5897e-04  -3.2186e-05  -6.5365e-04  -1.9707e-02   4.3015e-04   2.5653e-02
   5.5000   4.7000   1.8829e-05   4.8843e-05  -6.7139e-04   2.1381e-03   3.9333e-03  -2.0079e-02   4.3015e-04   2.5653e-02
   5.7000   4.9000   2.8113e-06  -1.0456e-05  -6.9245e-04   5.3844e-05  -7.3968e-04  -2.0708e-02   4.3015e-04   2.5653e-02
El    136     SB3                                   PROP1                                    MAT1             ELASTIC     81     71     72
   5.1667   4.5000   5.7898e-05   6.6950e-05  -5.7600e-04   5.3299e-03   5.8713e-03  -1.7226e-02   4.3345e-03   5.2565e-03
   5.1000   4.3000   6.9571e-05   7.1009e-05  -5.6377e-04   6.2633e-03   6.3493e-03  -1.6860e-02   4.3345e-03   5.2565e-03
   5.3000   4.5000   5.2242e-05   6.4750e-05  -5.8946e-04   4.8741e-03   5.6223e-03  -1.7629e-02   4.3345e-03   5.2565e-03
   5.1000   4.7000   5.4709e-05   6.4147e-05  -5.6943e-04   5.0496e-03   5.6141e-03  -1.7029e-02   4.3345e-03   5.2565e-03
El    137     SB3                                   PROP1                                    MAT1             ELASTIC     73     75     74
   6.5000   4.1667   4.5152e-05   3.8168e-05  -7.7312e-04   3.9465e-03   3.5288e-03  -2.3121e-02   3.9535e-03   9.5298e-03
   6.7000   4.1000   4.1874e-05   4.2137e-05  -7.7499e-04   3.7608e-03   3.7766e-03  -2.3177e-02   3.9535e-03   9.5298e-03
   6.5000   4.3000   4.0316e-05   2.5733e-05  -7.8088e-04   3.3990e-03   2.5268e-03  -2.3353e-02   3.9535e-03   9.5298e-03
   6.3000   4.1000   5.1192e-05   5.2853e-05  -7.6255e-04   4.6177e-03   4.7170e-03  -2.2805e-02   3.9535e-03   9.5298e-03
El    138     SB3                                   PROP1                                    MAT1             ELASTIC     74     75     83
   6.8333   4.5000   5.7986e-06   2.7083e-06  -8.4237e-04   4.7403e-04   2.8920e-04  -2.5192e-02   1.1955e-02   6.8889e-04
   6.9000   4.3000  -4.7495e-06  -1.7675e-07  -8.3789e-04  -3.5775e-04  -8.4236e-05  -2.5058e-02   1.1955e-02   6.8889e-04
   6.9000   4.7000  -7.0530e-06   2.1267e-06  -8.5349e-04  -4.9552e-04   5.3542e-05  -2.5525e-02   1.1955e-02   6.8889e-04
   6.7000   4.5000   2.1398e-05   8.7749e-06  -8.3878e-04   1.7311e-03   9.7604e-04  -2.5085e-02   1.1955e-02   6.8889e-04
El    139     SB3                                   PROP1                                    MAT1             ELASTIC     83     82     74
   6.5000   4.8333   2.9180e-06   3.1702e-06  -8.3995e-04   2.6557e-04   2.8066e-04  -2.5120e-02   5.9858e-04   1.2880e-02
   6.3000   4.9000   4.9709e-08  -8.4348e-06  -8.3443e-04  -1.2241e-04  -6.2989e-04  -2.4955e-02   5.9858e-04   1.2880e-02
   6.5000   4.7000   9.4543e-06   1.9978e-05  -8.3683e-04   1.0056e-03   1.6350e-03  -2.5027e-02   5.9858e-04   1.2880e-02
   6.7000   4.9000   2.0512e-06  -1.0436e-05  -8.5124e-04  -2.6925e-06  -7.4960e-04  -2.5457e-02   5.9858e-04   1.2880e-02
El    140     SB3                                   PROP1                                    MAT1             ELASTIC     82     73     74
   6.1667   4.5000   4.1512e-05   3.9389e-05  -7.6708e-04   3.6927e-03   3.5657e-03  -2.2940e-02   8.6042e-03   2.3877e-03
   6.1000   4.3000   5.3487e-05   4.0585e-05  -7.5509e-04   4.6058e-03   3.8341e-03  -2.2582e-02   8.6042e-03   2.3877e-03
   6.3000   4.5000   3.0284e-05   3.5023e-05  -7.7502e-04   2.7879e-03   3.0714e-03  -2.3178e-02   8.6042e-03   2.3877e-03
   6.1000   4.7000   4.6378e-05   4.0689e-05  -7.6632e-04   4.0759e-03   3.7356e-03  -2.2918e-02   8.6042e-03   2.3877e-03
