   -0.00200000 -4.966997e-03  0       1
   -0.00400000 -9.933995e-03  0       2
   -0.00600000 -1.490099e-02  0       3
   -0.00800000 -1.986799e-02  0       4
   -0.01000000 -2.483499e-02  0       5
   -0.01200000 -2.980198e-02  0       6
   -0.01400000 -3.476898e-02  0       7
   -0.01600000 -3.973598e-02  0       8
   -0.01800000 -4.470298e-02  0       9
   -0.02000000 -4.966997e-02  0      10
   -0.02200000 -5.463697e-02  0      11
   -0.02400000 -5.960397e-02  0      12
   -0.02600000 -6.457097e-02  0      13
   -0.02800000 -6.953796e-02  0      14
   -0.03000000 -7.450496e-02  0      15
   -0.03200000 -7.947196e-02  0      16
   -0.03400000 -8.443896e-02  0      17
   -0.03600000 -8.940595e-02  0      18
   -0.03800000 -9.437295e-02  0      19
   -0.04000000 -9.933995e-02  0      20
   -0.04200000 -1.043069e-01  0      21
   -0.04400000 -1.092739e-01  0      22
   -0.04600000 -1.142409e-01  0      23
   -0.04800000 -1.185710e-01  0      24
   -0.05000000 -1.229011e-01  0      25
   -0.05200000 -1.265132e-01  0      26
   -0.05400000 -1.307248e-01  0      27
   -0.05600000 -1.349365e-01  0      28
   -0.05800000 -1.384757e-01  0      29
   -0.06000000 -1.420150e-01  0      30
   -0.06200000 -1.455542e-01  0      31
   -0.06400000 -1.490948e-01  0      32
   -0.06600000 -1.526353e-01  0      33
   -0.06800000 -1.559960e-01  0      34
   -0.07000000 -1.589734e-01  0      35
   -0.07200000 -1.619508e-01  0      36
   -0.07400000 -1.649256e-01  0      37
   -0.07600000 -1.679005e-01  0      38
   -0.07800000 -1.708753e-01  0      39
   -0.08000000 -1.738501e-01  0      40
   -0.08200000 -1.768710e-01  0      41
   -0.08400000 -1.800781e-01  0      42
   -0.08600000 -1.827761e-01  0      43
   -0.08600000 -1.830409e-01  0      44
   -0.08800000 -1.859728e-01  0      45
   -0.09000000 -1.886626e-01  0      46
   -0.09200000 -1.913524e-01  0      47
   -0.09400000 -1.938368e-01  0      48
   -0.09600000 -1.963213e-01  0      49
   -0.09800000 -1.988058e-01  0      50
   -0.10000000 -2.012898e-01  0      51
   -0.10200000 -2.037738e-01  0      52
   -0.10400000 -2.062579e-01  0      53
   -0.10600000 -2.087419e-01  0      54
   -0.10800000 -2.112260e-01  0      55
   -0.11000000 -2.137100e-01  0      56
   -0.11200000 -2.160745e-01  0      57
   -0.11400000 -2.184389e-01  0      58
   -0.11600000 -2.206731e-01  0      59
   -0.11800000 -2.228797e-01  0      60
   -0.12000000 -2.250813e-01  0      61
   -0.12200000 -2.270793e-01  0      62
   -0.12400000 -2.290772e-01  0      63
   -0.12600000 -2.310752e-01  0      64
   -0.12800000 -2.332285e-01  0      65
   -0.13000000 -2.353818e-01  0      66
   -0.13200000 -2.375351e-01  0      67
   -0.13400000 -2.397681e-01  0      68
   -0.13600000 -2.419964e-01  0      69
   -0.13800000 -2.442248e-01  0      70
   -0.14000000 -2.464532e-01  0      71
   -0.14200000 -2.485695e-01  0      72
   -0.14400000 -2.506859e-01  0      73
   -0.14600000 -2.528022e-01  0      74
   -0.14800000 -2.549160e-01  0      75
   -0.15000000 -2.569237e-01  0      76
   -0.15200000 -2.589314e-01  0      77
   -0.15400000 -2.610156e-01  0      78
   -0.15600000 -2.630999e-01  0      79
   -0.15800000 -2.651191e-01  0      80
   -0.16000000 -2.671107e-01  0      81
   -0.16200000 -2.691023e-01  0      82
   -0.16400000 -2.710939e-01  0      83
