   -0.00200000 -2.679786e-03  0    1
   -0.00400000 -5.359573e-03  0    2
   -0.00600000 -8.039360e-03  0    3
   -0.00800000 -1.071915e-02  0    4
   -0.01000000 -1.339893e-02  0    5
   -0.01200000 -1.607872e-02  0    6
   -0.01400000 -1.875851e-02  0    7
   -0.01600000 -2.143829e-02  0    8
   -0.01800000 -2.411808e-02  0    9
   -0.02000000 -2.679787e-02  0   10
   -0.02200000 -2.947765e-02  0   11
   -0.02400000 -3.215744e-02  0   12
   -0.02600000 -3.483723e-02  0   13
   -0.02800000 -3.751701e-02  0   14
   -0.03000000 -4.019680e-02  0   15
   -0.03200000 -4.287659e-02  0   16
   -0.03400000 -4.555637e-02  0   17
   -0.03600000 -4.823616e-02  0   18
   -0.03800000 -5.091595e-02  0   19
   -0.04000000 -5.359573e-02  0   20
   -0.04200000 -5.627552e-02  0   21
   -0.04400000 -5.895531e-02  0   22
   -0.04600000 -6.163509e-02  0   23
   -0.04800000 -6.431488e-02  0   24
   -0.05000000 -6.699467e-02  0   25
   -0.05200000 -6.967445e-02  0   26
   -0.05400000 -7.174710e-02  0   27
   -0.05600000 -7.381975e-02  0   28
   -0.05800000 -7.479628e-02  0   29
   -0.06000000 -7.656384e-02  0   30
   -0.06200000 -7.764011e-02  0   31
   -0.06400000 -7.871638e-02  0   32
   -0.06600000 -7.979266e-02  0   33
   -0.06800000 -8.086893e-02  0   34
   -0.07000000 -8.214395e-02  0   35
   -0.07200000 -8.341897e-02  0   36
   -0.07400000 -8.469399e-02  0   37
   -0.07600000 -8.575021e-02  0   38
   -0.07800000 -8.680645e-02  0   39
   -0.08000000 -8.762266e-02  0   40
   -0.08200000 -8.843887e-02  0   41
   -0.08400000 -8.925507e-02  0   42
   -0.08600000 -9.019964e-02  0   43
   -0.08600000 -9.009262e-02  0   44
   -0.08800000 -9.103719e-02  0   45
   -0.09000000 -9.187843e-02  0   46
   -0.09200000 -9.271968e-02  0   47
   -0.09400000 -9.356092e-02  0   48
   -0.09600000 -9.440216e-02  0   49
   -0.09800000 -9.524341e-02  0   50
   -0.10000000 -9.608464e-02  0   51
   -0.10200000 -9.692588e-02  0   52
   -0.10400000 -9.748310e-02  0   53
   -0.10600000 -9.822217e-02  0   54
   -0.10800000 -9.891138e-02  0   55
   -0.11000000 -9.954713e-02  0   56
   -0.11200000 -1.001829e-01  0   57
   -0.11400000 -1.007420e-01  0   58
   -0.11600000 -1.012652e-01  0   59
   -0.11800000 -1.018371e-01  0   60
   -0.12000000 -1.024076e-01  0   61
   -0.12200000 -1.029781e-01  0   62
   -0.12400000 -1.035471e-01  0   63
   -0.12600000 -1.041108e-01  0   64
   -0.12800000 -1.046746e-01  0   65
   -0.13000000 -1.052000e-01  0   66
   -0.13200000 -1.057234e-01  0   67
   -0.13400000 -1.062083e-01  0   68
   -0.13600000 -1.066930e-01  0   69
   -0.13800000 -1.071775e-01  0   70
   -0.14000000 -1.076593e-01  0   71
   -0.14200000 -1.081412e-01  0   72
   -0.14400000 -1.086231e-01  0   73
   -0.14600000 -1.091089e-01  0   74
   -0.14800000 -1.095463e-01  0   75
   -0.15000000 -1.099838e-01  0   76
   -0.15200000 -1.103865e-01  0   77
   -0.15400000 -1.107217e-01  0   78
   -0.15600000 -1.110570e-01  0   79
   -0.15800000 -1.114378e-01  0   80
   -0.16000000 -1.118186e-01  0   81
   -0.16200000 -1.122352e-01  0   82
   -0.16400000 -1.126518e-01  0   83
   -0.16600000 -1.130681e-01  0   84
   -0.16800000 -1.134521e-01  0   85
   -0.17000000 -1.138361e-01  0   86
   -0.17200000 -1.142200e-01  0   87
   -0.17400000 -1.146040e-01  0   88
   -0.17600000 -1.149880e-01  0   89
