*HEADING
simple panel
*NODE
    1,  0.0000e+00,  0.0000e+00,  0.0
    2,  5.0000e-01,  0.0000e+00,  0.0
    3,  1.0000e+00,  0.0000e+00,  0.0
    4,  1.5000e+00,  0.0000e+00,  0.0
    5,  2.0000e+00,  0.0000e+00,  0.0
    6,  2.5000e+00,  0.0000e+00,  0.0
    7,  3.0000e+00,  0.0000e+00,  0.0
    8,  3.5000e+00,  0.0000e+00,  0.0
    9,  4.0000e+00,  0.0000e+00,  0.0
   10,  0.0000e+00,  5.0000e-01,  0.0
   11,  5.0000e-01,  5.0000e-01,  0.0
   12,  1.0000e+00,  5.0000e-01,  0.0
   13,  1.5000e+00,  5.0000e-01,  0.0
   14,  2.0000e+00,  5.0000e-01,  0.0
   15,  2.5000e+00,  5.0000e-01,  0.0
   16,  3.0000e+00,  5.0000e-01,  0.0
   17,  3.5000e+00,  5.0000e-01,  0.0
   18,  4.0000e+00,  5.0000e-01,  0.0
   19,  0.0000e+00,  1.0000e+00,  0.0
   20,  5.0000e-01,  1.0000e+00,  0.0
   21,  1.0000e+00,  1.0000e+00,  0.0
   22,  1.5000e+00,  1.0000e+00,  0.0
   23,  2.0000e+00,  1.0000e+00,  0.0
   24,  2.5000e+00,  1.0000e+00,  0.0
   25,  3.0000e+00,  1.0000e+00,  0.0
   26,  3.5000e+00,  1.0000e+00,  0.0
   27,  4.0000e+00,  1.0000e+00,  0.0
   28,  0.0000e+00,  1.5000e+00,  0.0
   29,  5.0000e-01,  1.5000e+00,  0.0
   30,  1.0000e+00,  1.5000e+00,  0.0
   31,  1.5000e+00,  1.5000e+00,  0.0
   32,  2.0000e+00,  1.5000e+00,  0.0
   33,  2.5000e+00,  1.5000e+00,  0.0
   34,  3.0000e+00,  1.5000e+00,  0.0
   35,  3.5000e+00,  1.5000e+00,  0.0
   36,  4.0000e+00,  1.5000e+00,  0.0
   37,  0.0000e+00,  2.0000e+00,  0.0
   38,  5.0000e-01,  2.0000e+00,  0.0
   39,  1.0000e+00,  2.0000e+00,  0.0
   40,  1.5000e+00,  2.0000e+00,  0.0
   41,  2.0000e+00,  2.0000e+00,  0.0
   42,  2.5000e+00,  2.0000e+00,  0.0
   43,  3.0000e+00,  2.0000e+00,  0.0
   44,  3.5000e+00,  2.0000e+00,  0.0
   45,  4.0000e+00,  2.0000e+00,  0.0
   46,  0.0000e+00,  2.5000e+00,  0.0
   47,  5.0000e-01,  2.5000e+00,  0.0
   48,  1.0000e+00,  2.5000e+00,  0.0
   49,  1.5000e+00,  2.5000e+00,  0.0
   50,  2.0000e+00,  2.5000e+00,  0.0
   51,  2.5000e+00,  2.5000e+00,  0.0
   52,  3.0000e+00,  2.5000e+00,  0.0
   53,  3.5000e+00,  2.5000e+00,  0.0
   54,  4.0000e+00,  2.5000e+00,  0.0
   55,  0.0000e+00,  3.0000e+00,  0.0
   56,  5.0000e-01,  3.0000e+00,  0.0
   57,  1.0000e+00,  3.0000e+00,  0.0
   58,  1.5000e+00,  3.0000e+00,  0.0
   59,  2.0000e+00,  3.0000e+00,  0.0
   60,  2.5000e+00,  3.0000e+00,  0.0
   61,  3.0000e+00,  3.0000e+00,  0.0
   62,  3.5000e+00,  3.0000e+00,  0.0
   63,  4.0000e+00,  3.0000e+00,  0.0
   64,  0.0000e+00,  3.5000e+00,  0.0
   65,  5.0000e-01,  3.5000e+00,  0.0
   66,  1.0000e+00,  3.5000e+00,  0.0
   67,  1.5000e+00,  3.5000e+00,  0.0
   68,  2.0000e+00,  3.5000e+00,  0.0
   69,  2.5000e+00,  3.5000e+00,  0.0
   70,  3.0000e+00,  3.5000e+00,  0.0
   71,  3.5000e+00,  3.5000e+00,  0.0
   72,  4.0000e+00,  3.5000e+00,  0.0
   73,  0.0000e+00,  4.0000e+00,  0.0
   74,  5.0000e-01,  4.0000e+00,  0.0
   75,  1.0000e+00,  4.0000e+00,  0.0
   76,  1.5000e+00,  4.0000e+00,  0.0
   77,  2.0000e+00,  4.0000e+00,  0.0
   78,  2.5000e+00,  4.0000e+00,  0.0
   79,  3.0000e+00,  4.0000e+00,  0.0
   80,  3.5000e+00,  4.0000e+00,  0.0
   81,  4.0000e+00,  4.0000e+00,  0.0
*MATERIAL, NAME=MATEL
*ELASTIC
5800.,0.2
*SOLID SECTION, ELSET=EL1, MATERIAL=MATEL
 0.250
*ELEMENT, ELSET=EL1, TYPE=CPS4
    1,       1,      2,     11,     10
    2,       2,      3,     12,     11
    3,       3,      4,     13,     12
    4,       4,      5,     14,     13
    5,       5,      6,     15,     14
    6,       6,      7,     16,     15
    7,       7,      8,     17,     16
    8,       8,      9,     18,     17
    9,      10,     11,     20,     19
   10,      11,     12,     21,     20
   11,      12,     13,     22,     21
   12,      13,     14,     23,     22
   13,      14,     15,     24,     23
   14,      15,     16,     25,     24
   15,      16,     17,     26,     25
   16,      17,     18,     27,     26
   17,      19,     20,     29,     28
   18,      20,     21,     30,     29
   19,      21,     22,     31,     30
   20,      22,     23,     32,     31
   21,      23,     24,     33,     32
   22,      24,     25,     34,     33
   23,      25,     26,     35,     34
   24,      26,     27,     36,     35
   25,      28,     29,     38,     37
   26,      29,     30,     39,     38
   27,      30,     31,     40,     39
   28,      31,     32,     41,     40
   29,      32,     33,     42,     41
   30,      33,     34,     43,     42
   31,      34,     35,     44,     43
   32,      35,     36,     45,     44
   33,      37,     38,     47,     46
   34,      38,     39,     48,     47
   35,      39,     40,     49,     48
   36,      40,     41,     50,     49
   37,      41,     42,     51,     50
   38,      42,     43,     52,     51
   39,      43,     44,     53,     52
   40,      44,     45,     54,     53
   41,      46,     47,     56,     55
   42,      47,     48,     57,     56
   43,      48,     49,     58,     57
   44,      49,     50,     59,     58
   45,      50,     51,     60,     59
   46,      51,     52,     61,     60
   47,      52,     53,     62,     61
   48,      53,     54,     63,     62
   49,      55,     56,     65,     64
   50,      56,     57,     66,     65
   51,      57,     58,     67,     66
   52,      58,     59,     68,     67
   53,      59,     60,     69,     68
   54,      60,     61,     70,     69
   55,      61,     62,     71,     70
   56,      62,     63,     72,     71
   57,      64,     65,     74,     73
   58,      65,     66,     75,     74
   59,      66,     67,     76,     75
   60,      67,     68,     77,     76
   61,      68,     69,     78,     77
   62,      69,     70,     79,     78
   63,      70,     71,     80,     79
   64,      71,     72,     81,     80
*STEP
*STATIC
1.0, 1.0
*CONTROLS, PARAMETERS=FIELD
  1.e-6
*CONTROLS, PARAMETERS=TIME INCREMENTATION
50
*BOUNDARY
       1,   3,   3,   0.0000
       2,   3,   3,   0.0000
       3,   3,   3,   0.0000
       4,   3,   3,   0.0000
       5,   3,   3,   0.0000
       6,   3,   3,   0.0000
       7,   3,   3,   0.0000
       8,   3,   3,   0.0000
       9,   3,   3,   0.0000
       1,   3,   3,   0.0000
      10,   3,   3,   0.0000
      19,   3,   3,   0.0000
      28,   3,   3,   0.0000
      37,   3,   3,   0.0000
      46,   3,   3,   0.0000
      55,   3,   3,   0.0000
      64,   3,   3,   0.0000
      73,   3,   3,   0.0000
       9,   4,   4,   0.0000
      18,   4,   4,   0.0000
      27,   4,   4,   0.0000
      36,   4,   4,   0.0000
      45,   4,   4,   0.0000
      54,   4,   4,   0.0000
      63,   4,   4,   0.0000
      72,   4,   4,   0.0000
      81,   4,   4,   0.0000
      73,   5,   5,   0.0000
      74,   5,   5,   0.0000
      75,   5,   5,   0.0000
      76,   5,   5,   0.0000
      77,   5,   5,   0.0000
      78,   5,   5,   0.0000
      79,   5,   5,   0.0000
      80,   5,   5,   0.0000
      81,   5,   5,   0.0000
*EL FILE, FREQUENCY=1.0
E
S
*NODE FILE, FREQUENCY=1.0
U
*END STEP
