*HEADING
simple slab
*NODE
    1,  0.0000e+00,  0.0000e+00,  0.0
    2,  1.0000e+00,  1.0000e+00,  0.0
    3,  2.0000e+00,  0.0000e+00,  0.0
    4,  3.0000e+00,  1.0000e+00,  0.0
    5,  4.0000e+00,  0.0000e+00,  0.0
    6,  0.0000e+00,  2.0000e+00,  0.0
    7,  1.0000e+00,  3.0000e+00,  0.0
    8,  2.0000e+00,  2.0000e+00,  0.0
    9,  3.0000e+00,  3.0000e+00,  0.0
   10,  4.0000e+00,  2.0000e+00,  0.0
   11,  0.0000e+00,  4.0000e+00,  0.0
   12,  2.0000e+00,  4.0000e+00,  0.0
   13,  4.0000e+00,  4.0000e+00,  0.0
*SHELL SECTION, ELSET=PROP1, MATERIAL=MAT1
 0.250
*MATERIAL, NAME=MAT1
*ELASTIC
 33000., 0.2
*ELEMENT, TYPE=SB3, ELSET=PROP1
    1,       1,      3,      2
    2,       2,      3,      8
    3,       8,      6,      2
    4,       6,      1,      2
    5,       3,      5,      4
    6,       4,      5,     10
    7,      10,      8,      4
    8,       8,      3,      4
    9,       6,      8,      7
   10,       7,      8,     12
   11,      12,     11,      7
   12,      11,      6,      7
   13,       8,     10,      9
   14,       9,     10,     13
   15,      13,     12,      9
   16,      12,      8,      9
*STEP
*STATIC
   1.0,   1.0
*AMPLITUDE, NAME=AMPL0
 0.0, 0.0,  1.0, 1.0
*BOUNDARY, AMPLITUDE=AMPL0
    1,   3,  3,  0.0
    3,   3,  3,  0.0
    5,   3,  3,  0.0
    6,   3,  3,  0.0
**   10,   3,  3,  0.0
   11,   3,  3,  0.0
**   12,   3,  3,  0.0
**   13,   3,  3,  0.0
**    1,   4,  4,  0.0
**    3,   4,  4,  0.0
**    5,   4,  4,  0.0
   11,   5,  5,  0.0
   12,   5,  5,  0.0
   13,   5,  5,  0.0
**    1,   5,  5,  0.0
    5,   4,  4,  0.0
**    6,   5,  5,  0.0
   10,   4,  4,  0.0
**   11,   5,  5,  0.0
   13,   4,  4,  0.0
*DLOAD
  PROP1,   3,   -0.016
*EL FILE, FREQUENCY=1
S
E
*NODE FILE, FREQUENCY=1
U
*END STEP