ConFem  ../DataExamples/E09/E9-05
symmetric system False, used LinAlg2 True, used ConFemMatC True, used CaeFemElemC True
ndofs 123, elems 64, active nodes 41, abs.size 2.35 MItems, rel.size 0.1590 (abs.size/(ndofs**2)
used material MAT2, spec. inertial mass 0.00e+00, type NLSLAB
0 step starts, solution type NR
0   1 1.500 0.00000 iter 0 0.000000e+00 1.000000e+00    0.000000e+00
0   1 1.500 0.01000 iter 1 2.107330e-03 1.000000e+00    6.008150e-03
0   1 1.500 0.01000 iter 2 9.371954e-04 9.117620e-05    6.040753e-03
0   1 1.500 0.01000 iter 3 1.495837e-03 3.128672e-04    6.064435e-03
0   1 1.500 0.01000 iter 4 6.414585e-16 2.187057e-17    6.052289e-03
0   2 1.500 0.01000 iter 0 6.414585e-16 1.000000e+00    0.000000e+00
0   2 1.500 0.02000 iter 1 2.345952e-15 1.000000e+00    6.052289e-03
0   3 1.500 0.02000 iter 0 2.345952e-15 1.000000e+00    0.000000e+00
0   3 1.500 0.03000 iter 1 2.308077e-15 1.000000e+00    6.052289e-03
0   4 1.500 0.03000 iter 0 2.308077e-15 1.000000e+00    0.000000e+00
0   4 1.500 0.04000 iter 1 3.008408e-15 1.000000e+00    6.052289e-03
0   5 1.500 0.04000 iter 0 3.008408e-15 1.000000e+00    0.000000e+00
0   5 1.500 0.05000 iter 1 4.250170e-15 1.000000e+00    6.052289e-03
0   6 1.500 0.05000 iter 0 4.250170e-15 1.000000e+00    0.000000e+00
0   6 1.500 0.06000 iter 1 4.314923e-15 1.000000e+00    6.052289e-03
0   7 1.500 0.06000 iter 0 4.314923e-15 1.000000e+00    0.000000e+00
0   7 1.500 0.07000 iter 1 2.735045e-15 1.000000e+00    6.052289e-03
0   8 1.500 0.07000 iter 0 2.735045e-15 1.000000e+00    0.000000e+00
0   8 1.500 0.08000 iter 1 3.066009e-15 1.000000e+00    6.052289e-03
0   9 1.500 0.08000 iter 0 3.066009e-15 1.000000e+00    0.000000e+00
0   9 1.500 0.09000 iter 1 6.329382e-15 1.000000e+00    6.052289e-03
0  10 1.500 0.09000 iter 0 6.329382e-15 1.000000e+00    0.000000e+00
0  10 1.500 0.10000 iter 1 4.708300e-15 1.000000e+00    6.052289e-03
0  11 1.500 0.10000 iter 0 4.708300e-15 1.000000e+00    0.000000e+00
0  11 1.500 0.11000 iter 1 8.012364e-15 1.000000e+00    6.052289e-03
0  12 1.500 0.11000 iter 0 8.012364e-15 1.000000e+00    0.000000e+00
0  12 1.500 0.12000 iter 1 5.822330e-15 1.000000e+00    6.052289e-03
0  13 1.500 0.12000 iter 0 5.822330e-15 1.000000e+00    0.000000e+00
0  13 1.500 0.13000 iter 1 7.877623e-15 1.000000e+00    6.052289e-03
0  14 1.500 0.13000 iter 0 7.877623e-15 1.000000e+00    0.000000e+00
0  14 1.500 0.14000 iter 1 1.194125e-14 1.000000e+00    6.052289e-03
0  15 1.500 0.14000 iter 0 1.194125e-14 1.000000e+00    0.000000e+00
0  15 1.500 0.15000 iter 1 1.084840e-14 1.000000e+00    6.052289e-03
0  16 1.500 0.15000 iter 0 1.084840e-14 1.000000e+00    0.000000e+00
0  16 1.500 0.16000 iter 1 9.150193e-15 1.000000e+00    6.052289e-03
0  17 1.500 0.16000 iter 0 9.150193e-15 1.000000e+00    0.000000e+00
0  17 1.500 0.17000 iter 1 7.477188e-15 1.000000e+00    6.052289e-03
0  18 1.500 0.17000 iter 0 7.477188e-15 1.000000e+00    0.000000e+00
0  18 1.500 0.18000 iter 1 1.062733e-14 1.000000e+00    6.052289e-03
0  19 1.500 0.18000 iter 0 1.062733e-14 1.000000e+00    0.000000e+00
0  19 1.500 0.19000 iter 1 9.963532e-15 1.000000e+00    6.052289e-03
0  20 1.500 0.19000 iter 0 9.963532e-15 1.000000e+00    0.000000e+00
0  20 1.500 0.20000 iter 1 8.599079e-15 1.000000e+00    6.052289e-03
0  21 1.500 0.20000 iter 0 8.599079e-15 1.000000e+00    0.000000e+00
0  21 1.500 0.21000 iter 1 8.813527e-15 1.000000e+00    6.052289e-03
0  22 1.500 0.21000 iter 0 8.813527e-15 1.000000e+00    0.000000e+00
0  22 1.500 0.22000 iter 1 1.070883e-14 1.000000e+00    6.052289e-03
0  23 1.500 0.22000 iter 0 1.070883e-14 1.000000e+00    0.000000e+00
0  23 1.500 0.23000 iter 1 1.502652e-14 1.000000e+00    6.052289e-03
0  24 1.500 0.23000 iter 0 1.502652e-14 1.000000e+00    0.000000e+00
0  24 1.500 0.24000 iter 1 1.368464e-02 1.000000e+00    6.052289e-03
0  24 1.500 0.24000 iter 2 1.431535e-14 4.603496e-15    5.707211e-03
0  25 1.500 0.24000 iter 0 1.431535e-14 1.000000e+00    0.000000e+00
0  25 1.500 0.25000 iter 1 1.543607e-14 1.000000e+00    5.707211e-03
0  26 1.500 0.25000 iter 0 1.543607e-14 1.000000e+00    0.000000e+00
0  26 1.500 0.26000 iter 1 3.756633e-03 1.000000e+00    5.707211e-03
0  26 1.500 0.26000 iter 2 1.270306e-14 1.534437e-13    5.361485e-03
0  27 1.500 0.26000 iter 0 1.270306e-14 1.000000e+00    0.000000e+00
0  27 1.500 0.27000 iter 1 3.856098e-03 1.000000e+00    5.361485e-03
0  27 1.500 0.27000 iter 2 1.640814e-14 5.148309e-15    5.637263e-03
0  28 1.500 0.27000 iter 0 1.640814e-14 1.000000e+00    0.000000e+00
0  28 1.500 0.28000 iter 1 1.090976e-14 1.000000e+00    5.637263e-03
0  29 1.500 0.28000 iter 0 1.090976e-14 1.000000e+00    0.000000e+00
0  29 1.500 0.29000 iter 1 1.864632e-02 1.000000e+00    5.637263e-03
0  29 1.500 0.29000 iter 2 1.320052e-14 6.548634e-15    5.349459e-03
0  30 1.500 0.29000 iter 0 1.320052e-14 1.000000e+00    0.000000e+00
0  30 1.500 0.30000 iter 1 1.541059e-14 1.000000e+00    5.349459e-03
0  31 1.500 0.30000 iter 0 1.541059e-14 1.000000e+00    0.000000e+00
0  31 1.500 0.31000 iter 1 1.846782e-14 1.000000e+00    5.349459e-03
0  32 1.500 0.31000 iter 0 1.846782e-14 1.000000e+00    0.000000e+00
0  32 1.500 0.32000 iter 1 1.122262e-04 1.000000e+00    5.349459e-03
0  32 1.500 0.32000 iter 2 1.419063e-14 9.290790e-18    5.349247e-03
0  33 1.500 0.32000 iter 0 1.419063e-14 1.000000e+00    0.000000e+00
0  33 1.500 0.33000 iter 1 1.453095e-14 1.000000e+00    5.349247e-03
0  34 1.500 0.33000 iter 0 1.453095e-14 1.000000e+00    0.000000e+00
0  34 1.500 0.34000 iter 1 5.288690e-03 1.000000e+00    5.349247e-03
0  34 1.500 0.34000 iter 2 9.381173e-15 1.412710e-14    5.257924e-03
0  35 1.500 0.34000 iter 0 9.381173e-15 1.000000e+00    0.000000e+00
0  35 1.500 0.35000 iter 1 6.198734e-03 1.000000e+00    5.257924e-03
0  35 1.500 0.35000 iter 2 1.261210e-14 1.823152e-15    5.123320e-03
0  36 1.500 0.35000 iter 0 1.261210e-14 1.000000e+00    0.000000e+00
0  36 1.500 0.36000 iter 1 1.393632e-14 1.000000e+00    5.123320e-03
0  37 1.500 0.36000 iter 0 1.393632e-14 1.000000e+00    0.000000e+00
0  37 1.500 0.37000 iter 1 5.893713e-04 1.000000e+00    5.123320e-03
0  37 1.500 0.37000 iter 2 2.564306e-14 1.075268e-17    5.121429e-03
0  38 1.500 0.37000 iter 0 2.564306e-14 1.000000e+00    0.000000e+00
0  38 1.500 0.38000 iter 1 1.618495e-14 1.000000e+00    5.121429e-03
0  39 1.500 0.38000 iter 0 1.618495e-14 1.000000e+00    0.000000e+00
0  39 1.500 0.39000 iter 1 1.619323e-14 1.000000e+00    5.121429e-03
0  40 1.500 0.39000 iter 0 1.619323e-14 1.000000e+00    0.000000e+00
0  40 1.500 0.40000 iter 1 1.652998e-14 1.000000e+00    5.121429e-03
0  41 1.500 0.40000 iter 0 1.652998e-14 1.000000e+00    0.000000e+00
0  41 1.500 0.41000 iter 1 3.509868e-03 1.000000e+00    5.121429e-03
0  41 1.500 0.41000 iter 2 2.439319e-14 1.633836e-15    5.126820e-03
0  42 1.500 0.41000 iter 0 2.439319e-14 1.000000e+00    0.000000e+00
0  42 1.500 0.42000 iter 1 3.351323e-03 1.000000e+00    5.126820e-03
0  42 1.500 0.42000 iter 2 1.589863e-14 1.092297e-15    5.183896e-03
0  43 1.500 0.42000 iter 0 1.589863e-14 1.000000e+00    0.000000e+00
0  43 1.500 0.43000 iter 1 1.597903e-02 1.000000e+00    5.183896e-03
0  43 1.500 0.43000 iter 2 3.141151e-03 2.323374e-02    5.071579e-03
0  43 1.500 0.43000 iter 3 2.517594e-03 1.317889e-02    5.104653e-03
0  43 1.500 0.43000 iter 4 3.141151e-03 1.649282e-02    5.071579e-03
0  43 1.500 0.43000 iter 5 2.517594e-03 1.317889e-02    5.104653e-03
0  43 1.500 0.43000 iter 6 3.141151e-03 1.649282e-02    5.071579e-03
0  43 1.500 0.43000 iter 7 2.517594e-03 1.317889e-02    5.104653e-03
0  43 1.500 0.43000 iter 8 3.141151e-03 1.649282e-02    5.071579e-03
0  43 1.500 0.43000 iter 9 2.517594e-03 1.317889e-02    5.104653e-03
0  43 1.500 0.43000 iter 10 3.141151e-03 1.649282e-02    5.071579e-03
0  43 1.500 0.43000 iter 11 2.517594e-03 1.317889e-02    5.104653e-03
0  43 1.500 0.43000 iter 12 3.141151e-03 1.649282e-02    5.071579e-03
0  43 1.500 0.43000 iter 13 2.517594e-03 1.317889e-02    5.104653e-03
0  43 1.500 0.43000 iter 14 3.141151e-03 1.649282e-02    5.071579e-03
0  43 1.500 0.43000 iter 15 2.517594e-03 1.317889e-02    5.104653e-03
0  43 1.500 0.43000 iter 16 3.141151e-03 1.649282e-02    5.071579e-03
0  43 1.500 0.43000 iter 17 2.517594e-03 1.317889e-02    5.104653e-03
0  43 1.500 0.43000 iter 18 3.141151e-03 1.649282e-02    5.071579e-03
0  43 1.500 0.43000 iter 19 2.517594e-03 1.317889e-02    5.104653e-03
0  43 1.500 0.43000 iter 20 3.141151e-03 1.649282e-02    5.071579e-03
0  43 1.500 0.43000 iter 21 2.517594e-03 1.317889e-02    5.104653e-03
0  43 1.500 0.43000 iter 22 3.141151e-03 1.649282e-02    5.071579e-03
0  43 1.500 0.43000 iter 23 2.517594e-03 1.317889e-02    5.104653e-03
0  43 1.500 0.43000 iter 24 3.141151e-03 1.649282e-02    5.071579e-03
0  44 1.500 0.43000 iter 0 3.141151e-03 1.000000e+00    0.000000e+00
0  44 1.500 0.43000 iter 1 1.194967e-03 1.000000e+00    7.548281e-05
0  44 1.500 0.43000 iter 2 2.134472e-14 4.201541e-13    8.571372e-05
0  45 1.500 0.43000 iter 0 2.134472e-14 1.000000e+00    0.000000e+00
0  45 1.500 0.44000 iter 1 1.450845e-02 1.000000e+00    5.949053e-03
0  45 1.500 0.44000 iter 2 6.583357e-03 2.408251e-02    4.943921e-03
0  45 1.500 0.44000 iter 3 1.578791e-14 1.198970e-15    5.104653e-03
0  46 1.500 0.44000 iter 0 1.578791e-14 1.000000e+00    0.000000e+00
0  46 1.500 0.45000 iter 1 4.820135e-03 1.000000e+00    5.104653e-03
0  46 1.500 0.45000 iter 2 6.588492e-03 4.737336e-03    5.095886e-03
0  46 1.500 0.45000 iter 3 2.476697e-14 1.413786e-15    5.082239e-03
0  47 1.500 0.45000 iter 0 2.476697e-14 1.000000e+00    0.000000e+00
0  47 1.500 0.46000 iter 1 1.976035e-14 1.000000e+00    5.082239e-03
0  48 1.500 0.46000 iter 0 1.976035e-14 1.000000e+00    0.000000e+00
0  48 1.500 0.47000 iter 1 5.185740e-03 1.000000e+00    5.082239e-03
0  48 1.500 0.47000 iter 2 2.694081e-14 1.677799e-14    4.940962e-03
0  49 1.500 0.47000 iter 0 2.694081e-14 1.000000e+00    0.000000e+00
0  49 1.500 0.48000 iter 1 2.697471e-14 1.000000e+00    4.940962e-03
0  50 1.500 0.48000 iter 0 2.697471e-14 1.000000e+00    0.000000e+00
0  50 1.500 0.49000 iter 1 1.858091e-14 1.000000e+00    4.940962e-03
0  51 1.500 0.49000 iter 0 1.858091e-14 1.000000e+00    0.000000e+00
0  51 1.500 0.50000 iter 1 9.415423e-05 1.000000e+00    4.940962e-03
0  51 1.500 0.50000 iter 2 2.340847e-14 1.094436e-17    4.940040e-03
0  52 1.500 0.50000 iter 0 2.340847e-14 1.000000e+00    0.000000e+00
0  52 1.500 0.51000 iter 1 1.897340e-14 1.000000e+00    4.940040e-03
0  53 1.500 0.51000 iter 0 1.897340e-14 1.000000e+00    0.000000e+00
0  53 1.500 0.52000 iter 1 2.193601e-14 1.000000e+00    4.940040e-03
0  54 1.500 0.52000 iter 0 2.193601e-14 1.000000e+00    0.000000e+00
0  54 1.500 0.53000 iter 1 2.989277e-14 1.000000e+00    4.940040e-03
0  55 1.500 0.53000 iter 0 2.989277e-14 1.000000e+00    0.000000e+00
0  55 1.500 0.54000 iter 1 2.495140e-14 1.000000e+00    4.940040e-03
0  56 1.500 0.54000 iter 0 2.495140e-14 1.000000e+00    0.000000e+00
0  56 1.500 0.55000 iter 1 2.982400e-14 1.000000e+00    4.940040e-03
0  57 1.500 0.55000 iter 0 2.982400e-14 1.000000e+00    0.000000e+00
0  57 1.500 0.56000 iter 1 1.534511e-03 1.000000e+00    4.940040e-03
0  57 1.500 0.56000 iter 2 1.836919e-14 8.721355e-16    4.935468e-03
0  58 1.500 0.56000 iter 0 1.836919e-14 1.000000e+00    0.000000e+00
0  58 1.500 0.57000 iter 1 2.479828e-14 1.000000e+00    4.935468e-03
0  59 1.500 0.57000 iter 0 2.479828e-14 1.000000e+00    0.000000e+00
0  59 1.500 0.58000 iter 1 2.949462e-03 1.000000e+00    4.935468e-03
0  59 1.500 0.58000 iter 2 3.165973e-14 1.069417e-15    4.932991e-03
0  60 1.500 0.58000 iter 0 3.165973e-14 1.000000e+00    0.000000e+00
0  60 1.500 0.59000 iter 1 1.479394e-03 1.000000e+00    4.932991e-03
0  60 1.500 0.59000 iter 2 2.752845e-14 8.315975e-16    4.928021e-03
0  61 1.500 0.59000 iter 0 2.752845e-14 1.000000e+00    0.000000e+00
0  61 1.500 0.60000 iter 1 3.471210e-04 1.000000e+00    4.928021e-03
0  61 1.500 0.60000 iter 2 2.170161e-14 1.203942e-16    4.920368e-03
0  62 1.500 0.60000 iter 0 2.170161e-14 1.000000e+00    0.000000e+00
0  62 1.500 0.61000 iter 1 5.247238e-03 1.000000e+00    4.920368e-03
0  62 1.500 0.61000 iter 2 3.077155e-14 2.594833e-16    4.890134e-03
0  63 1.500 0.61000 iter 0 3.077155e-14 1.000000e+00    0.000000e+00
0  63 1.500 0.62000 iter 1 3.557272e-14 1.000000e+00    4.890134e-03
0  64 1.500 0.62000 iter 0 3.557272e-14 1.000000e+00    0.000000e+00
0  64 1.500 0.63000 iter 1 2.934386e-14 1.000000e+00    4.890134e-03
0  65 1.500 0.63000 iter 0 2.934386e-14 1.000000e+00    0.000000e+00
0  65 1.500 0.64000 iter 1 3.102232e-03 1.000000e+00    4.890134e-03
0  65 1.500 0.64000 iter 2 3.230181e-14 4.297433e-16    4.904166e-03
0  66 1.500 0.64000 iter 0 3.230181e-14 1.000000e+00    0.000000e+00
0  66 1.500 0.65000 iter 1 3.066380e-14 1.000000e+00    4.904166e-03
0  67 1.500 0.65000 iter 0 3.066380e-14 1.000000e+00    0.000000e+00
0  67 1.500 0.66000 iter 1 1.996207e-14 1.000000e+00    4.904166e-03
0  68 1.500 0.66000 iter 0 1.996207e-14 1.000000e+00    0.000000e+00
0  68 1.500 0.67000 iter 1 1.761500e-03 1.000000e+00    4.904166e-03
0  68 1.500 0.67000 iter 2 3.983894e-14 1.215633e-16    4.903776e-03
0  69 1.500 0.67000 iter 0 3.983894e-14 1.000000e+00    0.000000e+00
0  69 1.500 0.68000 iter 1 3.389154e-04 1.000000e+00    4.903776e-03
0  69 1.500 0.68000 iter 2 2.723355e-14 2.679227e-16    4.890569e-03
0  70 1.500 0.68000 iter 0 2.723355e-14 1.000000e+00    0.000000e+00
0  70 1.500 0.69000 iter 1 2.663180e-14 1.000000e+00    4.890569e-03
0  71 1.500 0.69000 iter 0 2.663180e-14 1.000000e+00    0.000000e+00
0  71 1.500 0.70000 iter 1 2.236219e-14 1.000000e+00    4.890569e-03
0  72 1.500 0.70000 iter 0 2.236219e-14 1.000000e+00    0.000000e+00
0  72 1.500 0.71000 iter 1 4.623654e-03 1.000000e+00    4.890569e-03
0  72 1.500 0.71000 iter 2 2.739135e-14 1.449580e-15    4.932520e-03
0  73 1.500 0.71000 iter 0 2.739135e-14 1.000000e+00    0.000000e+00
0  73 1.500 0.72000 iter 1 2.160525e-14 1.000000e+00    4.932520e-03
0  74 1.500 0.72000 iter 0 2.160525e-14 1.000000e+00    0.000000e+00
0  74 1.500 0.73000 iter 1 3.170683e-14 1.000000e+00    4.932520e-03
0  75 1.500 0.73000 iter 0 3.170683e-14 1.000000e+00    0.000000e+00
0  75 1.500 0.74000 iter 1 3.506357e-04 1.000000e+00    4.932520e-03
0  75 1.500 0.74000 iter 2 2.394482e-14 8.207781e-17    4.927206e-03
0  76 1.500 0.74000 iter 0 2.394482e-14 1.000000e+00    0.000000e+00
0  76 1.500 0.75000 iter 1 6.892648e-03 1.000000e+00    4.927206e-03
0  76 1.500 0.75000 iter 2 3.685047e-14 6.118283e-15    4.942607e-03
0  77 1.500 0.75000 iter 0 3.685047e-14 1.000000e+00    0.000000e+00
0  77 1.500 0.76000 iter 1 2.439438e-14 1.000000e+00    4.942607e-03
0  78 1.500 0.76000 iter 0 2.439438e-14 1.000000e+00    0.000000e+00
0  78 1.500 0.77000 iter 1 1.809241e-03 1.000000e+00    4.942607e-03
0  78 1.500 0.77000 iter 2 2.508950e-14 2.816593e-16    4.928944e-03
0  79 1.500 0.77000 iter 0 2.508950e-14 1.000000e+00    0.000000e+00
0  79 1.500 0.78000 iter 1 2.086125e-14 1.000000e+00    4.928944e-03
0  80 1.500 0.78000 iter 0 2.086125e-14 1.000000e+00    0.000000e+00
0  80 1.500 0.79000 iter 1 2.097165e-03 1.000000e+00    4.928944e-03
0  80 1.500 0.79000 iter 2 3.343091e-14 2.000881e-15    4.880173e-03
0  81 1.500 0.79000 iter 0 3.343091e-14 1.000000e+00    0.000000e+00
0  81 1.500 0.80000 iter 1 2.733586e-03 1.000000e+00    4.880173e-03
0  81 1.500 0.80000 iter 2 2.808081e-14 9.915317e-16    4.887891e-03
Element data written 0.800000
Nodal data written 0.800000
Restart data written 0.800000
0  82 1.500 0.80000 iter 0 2.808081e-14 1.000000e+00    0.000000e+00
0  82 1.500 0.81000 iter 1 3.903431e-14 1.000000e+00    4.887891e-03
0  83 1.500 0.81000 iter 0 3.903431e-14 1.000000e+00    0.000000e+00
0  83 1.500 0.82000 iter 1 3.124233e-14 1.000000e+00    4.887891e-03
0  84 1.500 0.82000 iter 0 3.124233e-14 1.000000e+00    0.000000e+00
