Time,   1.0000
     1, PROP1,       MAT1,    SB3,   0,     0.5000,    0.1667,  1.668218e-04,  6.035871e-05,  9.326272e-04,  1.337509e-02,  7.007264e-03,  2.789138e-02, -3.814254e-02,  4.891448e-03,
     1, PROP1,       MAT1,    SB3,   1,     0.7000,    0.1000,  2.649361e-04,  1.110076e-04,  9.561315e-04,  2.146802e-02,  1.226118e-02,  2.859431e-02, -3.814254e-02,  4.891448e-03,
     1, PROP1,       MAT1,    SB3,   2,     0.5000,    0.3000,  1.643396e-04,  5.397590e-05,  9.479601e-04,  1.309406e-02,  6.492933e-03,  2.834993e-02, -3.814254e-02,  4.891448e-03,
     1, PROP1,       MAT1,    SB3,   3,     0.3000,    0.1000,  7.012597e-05,  1.928399e-05,  9.625143e-04,  5.531368e-03,  2.490382e-03,  2.878519e-02, -3.814254e-02,  4.891448e-03,
     2, PROP1,       MAT1,    SB3,   0,     0.8333,    0.5000,  1.776267e-04,  6.239515e-05,  8.142531e-04,  1.421337e-02,  7.321086e-03,  2.435126e-02,  7.675973e-03, -2.067101e-02,
     2, PROP1,       MAT1,    SB3,   1,     0.9000,    0.3000,  1.471698e-04, -8.693971e-06,  7.823003e-04,  1.087324e-02,  1.550639e-03,  2.339567e-02,  7.675973e-03, -2.067101e-02,
     2, PROP1,       MAT1,    SB3,   2,     0.9000,    0.7000,  1.930590e-04,  1.312584e-04,  7.722840e-04,  1.639690e-02,  1.270045e-02,  2.309612e-02,  7.675973e-03, -2.067101e-02,
     2, PROP1,       MAT1,    SB3,   3,     0.7000,    0.5000,  1.876430e-04,  6.629038e-05,  8.254662e-04,  1.502049e-02,  7.762090e-03,  2.468660e-02,  7.675973e-03, -2.067101e-02,
     3, PROP1,       MAT1,    SB3,   0,     0.5000,    0.8333,  7.046092e-05,  1.649686e-04,  8.070020e-04,  7.734851e-03,  1.338759e-02,  2.413440e-02, -2.614537e-02,  8.242117e-03,
     3, PROP1,       MAT1,    SB3,   1,     0.3000,    0.9000, -1.554060e-05,  1.274700e-04,  7.704742e-04,  7.441719e-04,  9.297991e-03,  2.304199e-02, -2.614537e-02,  8.242117e-03,
     3, PROP1,       MAT1,    SB3,   2,     0.5000,    0.7000,  7.464344e-05,  1.757237e-04,  8.169803e-04,  8.208382e-03,  1.425424e-02,  2.443282e-02, -2.614537e-02,  8.242117e-03,
     3, PROP1,       MAT1,    SB3,   3,     0.7000,    0.9000,  1.540724e-04,  1.863347e-04,  7.597192e-04,  1.430561e-02,  1.623529e-02,  2.272035e-02, -2.614537e-02,  8.242117e-03,
     4, PROP1,       MAT1,    SB3,   0,     0.1667,    0.5000,  5.889701e-05,  1.636912e-04,  9.360175e-04,  6.851168e-03,  1.311917e-02,  2.799277e-02,  4.325304e-03, -3.753735e-02,
     4, PROP1,       MAT1,    SB3,   1,     0.1000,    0.3000,  1.800961e-05,  6.833539e-05,  9.652732e-04,  2.368327e-03,  5.378438e-03,  2.886770e-02,  4.325304e-03, -3.753735e-02,
     4, PROP1,       MAT1,    SB3,   2,     0.3000,    0.5000,  5.325296e-05,  1.614963e-04,  9.509670e-04,  6.396366e-03,  1.287067e-02,  2.843986e-02,  4.325304e-03, -3.753735e-02,
     4, PROP1,       MAT1,    SB3,   3,     0.1000,    0.7000,  1.082505e-04,  2.603013e-04,  9.596291e-04,  1.198573e-02,  2.108028e-02,  2.869891e-02,  4.325304e-03, -3.753735e-02,
     5, PROP1,       MAT1,    SB3,   0,     1.5000,    0.1667,  4.159387e-04,  4.782440e-06,  6.721084e-04,  3.116943e-02,  6.577145e-03,  2.010024e-02, -1.818616e-02,  1.373842e-02,
     5, PROP1,       MAT1,    SB3,   1,     1.7000,    0.1000,  4.699279e-04,  3.947724e-05,  6.831428e-04,  3.572476e-02,  9.978431e-03,  2.043024e-02, -1.818616e-02,  1.373842e-02,
     5, PROP1,       MAT1,    SB3,   2,     1.5000,    0.3000,  4.089670e-04, -1.314470e-05,  6.731095e-04,  3.038012e-02,  5.132563e-03,  2.013018e-02, -1.818616e-02,  1.373842e-02,
     5, PROP1,       MAT1,    SB3,   3,     1.3000,    0.1000,  3.659333e-04, -3.021643e-06,  7.010699e-04,  2.731405e-02,  5.245931e-03,  2.096637e-02, -1.818616e-02,  1.373842e-02,
     6, PROP1,       MAT1,    SB3,   0,     1.8333,    0.5000,  3.972527e-04, -5.224843e-06,  5.598455e-04,  2.962272e-02,  5.549530e-03,  1.674288e-02,  5.755806e-03, -1.815054e-02,
     6, PROP1,       MAT1,    SB3,   1,     1.9000,    0.3000,  3.709213e-04, -6.253947e-05,  5.376423e-04,  2.679700e-02,  8.706292e-04,  1.607887e-02,  5.755806e-03, -1.815054e-02,
     6, PROP1,       MAT1,    SB3,   2,     1.9000,    0.7000,  4.123181e-04,  5.042074e-05,  5.301316e-04,  3.158117e-02,  9.935182e-03,  1.585425e-02,  5.755806e-03, -1.815054e-02,
     6, PROP1,       MAT1,    SB3,   3,     1.7000,    0.5000,  4.047634e-04, -2.304016e-06,  5.640535e-04,  3.022793e-02,  5.880216e-03,  1.686873e-02,  5.755806e-03, -1.815054e-02,
     7, PROP1,       MAT1,    SB3,   0,     1.5000,    0.8333,  3.047843e-04,  4.934498e-05,  5.905270e-04,  2.352525e-02,  8.246786e-03,  1.766045e-02, -2.255852e-02,  1.708909e-02,
     7, PROP1,       MAT1,    SB3,   1,     1.3000,    0.9000,  2.385815e-04,  6.176196e-06,  5.778830e-04,  1.793005e-02,  4.029306e-03,  1.728231e-02, -2.255852e-02,  1.708909e-02,
     7, PROP1,       MAT1,    SB3,   2,     1.5000,    0.7000,  3.134563e-04,  7.164438e-05,  5.884065e-04,  2.450706e-02,  1.004369e-02,  1.759703e-02, -2.255852e-02,  1.708909e-02,
     7, PROP1,       MAT1,    SB3,   3,     1.7000,    0.9000,  3.660316e-04,  5.906466e-05,  5.555836e-04,  2.824978e-02,  9.889323e-03,  1.661542e-02, -2.255852e-02,  1.708909e-02,
     8, PROP1,       MAT1,    SB3,   0,     1.1667,    0.5000,  3.227112e-04,  6.011134e-05,  7.209370e-04,  2.502656e-02,  9.319802e-03,  2.156052e-02,  2.405137e-03, -2.208167e-02,
     8, PROP1,       MAT1,    SB3,   1,     1.1000,    0.3000,  2.997620e-04, -7.157666e-06,  7.526538e-04,  2.230486e-02,  3.947231e-03,  2.250905e-02,  2.405137e-03, -2.208167e-02,
     8, PROP1,       MAT1,    SB3,   2,     1.3000,    0.5000,  3.195728e-04,  5.889083e-05,  7.170613e-04,  2.477366e-02,  9.181621e-03,  2.144462e-02,  2.405137e-03, -2.208167e-02,
     8, PROP1,       MAT1,    SB3,   3,     1.1000,    0.7000,  3.503681e-04,  1.280778e-04,  7.495153e-04,  2.811065e-02,  1.481491e-02,  2.241519e-02,  2.405137e-03, -2.208167e-02,
     9, PROP1,       MAT1,    SB3,   0,     2.5000,    0.1667,  5.564705e-04, -3.776394e-05,  4.417587e-04,  4.104017e-02,  5.497528e-03,  1.321135e-02, -8.409241e-03,  1.004099e-02,
     9, PROP1,       MAT1,    SB3,   1,     2.7000,    0.1000,  5.794937e-04, -1.783634e-05,  4.412143e-04,  4.305950e-02,  7.331697e-03,  1.319506e-02, -8.409241e-03,  1.004099e-02,
     9, PROP1,       MAT1,    SB3,   2,     2.5000,    0.3000,  5.513751e-04, -5.086634e-05,  4.450339e-04,  4.046329e-02,  4.441727e-03,  1.330930e-02, -8.409241e-03,  1.004099e-02,
     9, PROP1,       MAT1,    SB3,   3,     2.3000,    0.1000,  5.363589e-04, -3.803796e-05,  4.543167e-04,  3.953242e-02,  5.176310e-03,  1.358691e-02, -8.409241e-03,  1.004099e-02,
    10, PROP1,       MAT1,    SB3,   0,     2.8333,    0.5000,  5.228272e-04, -1.948151e-05,  3.637680e-04,  3.879820e-02,  6.361354e-03,  1.087894e-02,  1.333964e-03, -1.913829e-02,
    10, PROP1,       MAT1,    SB3,   1,     2.9000,    0.3000,  4.996578e-04, -7.887658e-05,  3.377280e-04,  3.617778e-02,  1.574189e-03,  1.010018e-02,  1.333964e-03, -1.913829e-02,
    10, PROP1,       MAT1,    SB3,   2,     2.9000,    0.7000,  5.433857e-04,  3.952673e-05,  3.359873e-04,  4.121762e-02,  1.108055e-02,  1.004812e-02,  1.333964e-03, -1.913829e-02,
    10, PROP1,       MAT1,    SB3,   3,     2.7000,    0.5000,  5.245679e-04, -1.880458e-05,  3.678051e-04,  3.893846e-02,  6.437993e-03,  1.099967e-02,  1.333964e-03, -1.913829e-02,
    11, PROP1,       MAT1,    SB3,   0,     2.5000,    0.8333,  4.631988e-04,  1.145145e-05,  4.281179e-04,  3.480258e-02,  7.782443e-03,  1.280340e-02, -4.000437e-03,  1.339166e-02,
    11, PROP1,       MAT1,    SB3,   1,     2.3000,    0.9000,  4.489467e-04, -6.231874e-06,  4.313145e-04,  3.347260e-02,  6.247227e-03,  1.289900e-02, -4.000437e-03,  1.339166e-02,
    11, PROP1,       MAT1,    SB3,   2,     2.5000,    0.7000,  4.699944e-04,  2.892610e-05,  4.288886e-04,  3.557196e-02,  9.190564e-03,  1.282645e-02, -4.000437e-03,  1.339166e-02,
    11, PROP1,       MAT1,    SB3,   3,     2.7000,    0.9000,  4.735675e-04,  2.922785e-06,  4.138398e-04,  3.545028e-02,  7.299838e-03,  1.237640e-02, -4.000437e-03,  1.339166e-02,
    12, PROP1,       MAT1,    SB3,   0,     2.1667,    0.5000,  4.960829e-04, -6.071912e-06,  4.957377e-04,  3.699916e-02,  6.964020e-03,  1.482566e-02, -2.016705e-03, -1.880174e-02,
    12, PROP1,       MAT1,    SB3,   1,     2.1000,    0.3000,  4.723221e-04, -6.175567e-05,  5.172352e-04,  3.439001e-02,  2.445490e-03,  1.546856e-02, -2.016705e-03, -1.880174e-02,
    12, PROP1,       MAT1,    SB3,   2,     2.3000,    0.5000,  4.987145e-04, -5.048520e-06,  4.949169e-04,  3.721121e-02,  7.079884e-03,  1.480111e-02, -2.016705e-03, -1.880174e-02,
    12, PROP1,       MAT1,    SB3,   3,     2.1000,    0.7000,  5.158964e-04,  4.902705e-05,  5.198668e-04,  3.930442e-02,  1.137980e-02,  1.554727e-02, -2.016705e-03, -1.880174e-02,
    13, PROP1,       MAT1,    SB3,   0,     3.5000,    0.1667,  5.851658e-04, -3.671097e-05,  2.127973e-04,  4.320134e-02,  6.005338e-03,  6.363968e-03,  8.007292e-04,  1.399762e-02,
    13, PROP1,       MAT1,    SB3,   1,     3.7000,    0.1000,  5.835820e-04, -2.380046e-05,  2.010517e-04,  4.327598e-02,  6.946919e-03,  6.012702e-03,  8.007292e-04,  1.399762e-02,
    13, PROP1,       MAT1,    SB3,   2,     3.5000,    0.3000,  5.780626e-04, -5.497634e-05,  2.142568e-04,  4.239714e-02,  4.533501e-03,  6.407617e-03,  8.007292e-04,  1.399762e-02,
    13, PROP1,       MAT1,    SB3,   3,     3.3000,    0.1000,  5.908085e-04, -2.222343e-05,  2.193171e-04,  4.383986e-02,  7.172884e-03,  6.558951e-03,  8.007292e-04,  1.399762e-02,
    14, PROP1,       MAT1,    SB3,   0,     3.8333,    0.5000,  5.220389e-04, -8.471063e-06,  1.297023e-04,  3.890389e-02,  7.172768e-03,  3.878909e-03,  1.040583e-03, -2.139192e-02,
    14, PROP1,       MAT1,    SB3,   1,     3.9000,    0.3000,  4.966525e-04, -7.543018e-05,  9.947060e-05,  3.600462e-02,  1.786923e-03,  2.974793e-03,  1.040583e-03, -2.139192e-02,
    14, PROP1,       MAT1,    SB3,   2,     3.9000,    0.7000,  5.453884e-04,  5.818631e-05,  9.811276e-05,  4.164638e-02,  1.250560e-02,  2.934185e-03,  1.040583e-03, -2.139192e-02,
    14, PROP1,       MAT1,    SB3,   3,     3.7000,    0.5000,  5.233967e-04, -7.943011e-06,  1.349364e-04,  3.901331e-02,  7.232552e-03,  4.035441e-03,  1.040583e-03, -2.139192e-02,
    15, PROP1,       MAT1,    SB3,   0,     3.5000,    0.8333,  4.723599e-04,  8.220456e-06,  2.261664e-04,  3.543921e-02,  7.677865e-03,  6.763788e-03,  6.061827e-03,  1.734829e-02,
    15, PROP1,       MAT1,    SB3,   1,     3.3000,    0.9000,  4.856770e-04, -1.508275e-06,  2.421887e-04,  3.628939e-02,  7.149621e-03,  7.242956e-03,  6.061827e-03,  1.734829e-02,
    15, PROP1,       MAT1,    SB3,   2,     3.5000,    0.7000,  4.811635e-04,  3.085808e-05,  2.282032e-04,  3.643591e-02,  9.502021e-03,  6.824701e-03,  6.061827e-03,  1.734829e-02,
    15, PROP1,       MAT1,    SB3,   3,     3.7000,    0.9000,  4.540123e-04, -1.600725e-05,  2.195511e-04,  3.370515e-02,  5.592111e-03,  6.565950e-03,  6.061827e-03,  1.734829e-02,
    16, PROP1,       MAT1,    SB3,   0,     3.1667,    0.5000,  5.347277e-04, -1.926038e-05,  2.932666e-04,  3.969125e-02,  6.555836e-03,  8.770503e-03, -2.310086e-03, -1.933434e-02,
    16, PROP1,       MAT1,    SB3,   1,     3.1000,    0.3000,  5.102752e-04, -7.846920e-05,  3.177228e-04,  3.697769e-02,  1.763411e-03,  9.501899e-03, -2.310086e-03, -1.933434e-02,
    16, PROP1,       MAT1,    SB3,   2,     3.3000,    0.5000,  5.377421e-04, -1.808811e-05,  2.902491e-04,  3.993415e-02,  6.688557e-03,  8.680264e-03, -2.310086e-03, -1.933434e-02,
    16, PROP1,       MAT1,    SB3,   3,     3.1000,    0.7000,  5.546586e-04,  3.927857e-05,  3.207373e-04,  4.205674e-02,  1.123057e-02,  9.592048e-03, -2.310086e-03, -1.933434e-02,
    17, PROP1,       MAT1,    SB3,   0,     4.5000,    0.1667,  5.316467e-04, -3.206910e-05, -2.797667e-05,  3.926936e-02,  5.552113e-03, -8.366772e-04,  8.023772e-03,  1.270956e-02,
    17, PROP1,       MAT1,    SB3,   1,     4.7000,    0.1000,  5.123826e-04, -2.920979e-05, -4.269140e-05,  3.787183e-02,  5.477833e-03, -1.276740e-03,  8.023772e-03,  1.270956e-02,
    17, PROP1,       MAT1,    SB3,   2,     4.5000,    0.3000,  5.251971e-04, -4.865369e-05, -3.050203e-05,  3.853917e-02,  4.215714e-03, -9.122012e-04,  8.023772e-03,  1.270956e-02,
    17, PROP1,       MAT1,    SB3,   3,     4.3000,    0.1000,  5.545962e-04, -1.005152e-05, -2.610681e-05,  4.131443e-02,  7.541438e-03, -7.807567e-04,  8.023772e-03,  1.270956e-02,
    18, PROP1,       MAT1,    SB3,   0,     4.8333,    0.5000,  4.608044e-04, -1.153407e-05, -9.980493e-05,  3.427986e-02,  6.028113e-03, -2.984791e-03,  5.854631e-03, -1.605990e-02,
    18, PROP1,       MAT1,    SB3,   1,     4.9000,    0.3000,  4.369022e-04, -6.363422e-05, -1.206244e-04,  3.171374e-02,  1.775401e-03, -3.607424e-03,  5.854631e-03, -1.605990e-02,
    18, PROP1,       MAT1,    SB3,   2,     4.9000,    0.7000,  4.732471e-04,  3.886837e-05, -1.282641e-04,  3.596382e-02,  9.982541e-03, -3.835897e-03,  5.854631e-03, -1.605990e-02,
    18, PROP1,       MAT1,    SB3,   3,     4.7000,    0.5000,  4.684441e-04, -8.563098e-06, -9.463143e-05,  3.489547e-02,  6.364477e-03, -2.830071e-03,  5.854631e-03, -1.605990e-02,
    19, PROP1,       MAT1,    SB3,   0,     4.5000,    0.8333,  4.273492e-04,  1.050190e-05, -4.142792e-05,  3.210807e-02,  7.175387e-03, -1.238954e-03,  4.430691e-03,  1.606023e-02,
    19, PROP1,       MAT1,    SB3,   1,     4.3000,    0.9000,  4.346008e-04,  3.043649e-07, -3.011841e-05,  3.249775e-02,  6.521396e-03, -9.007286e-04,  4.430691e-03,  1.606023e-02,
    19, PROP1,       MAT1,    SB3,   2,     4.5000,    0.7000,  4.354991e-04,  3.145875e-05, -3.767671e-05,  3.303077e-02,  8.864105e-03, -1.126769e-03,  4.430691e-03,  1.606023e-02,
    19, PROP1,       MAT1,    SB3,   3,     4.7000,    0.9000,  4.154405e-04, -1.073584e-05, -5.107526e-05,  3.090013e-02,  5.409462e-03, -1.527469e-03,  4.430691e-03,  1.606023e-02,
    20, PROP1,       MAT1,    SB3,   0,     4.1667,    0.5000,  4.974324e-04, -9.274057e-06,  5.114376e-05,  3.705217e-02,  6.744788e-03,  1.529518e-03,  2.503962e-03, -2.195829e-02,
    20, PROP1,       MAT1,    SB3,   1,     4.1000,    0.3000,  4.745681e-04, -7.477235e-05,  8.095253e-05,  3.436330e-02,  1.505874e-03,  2.420987e-03,  2.503962e-03, -2.195829e-02,
    20, PROP1,       MAT1,    SB3,   2,     4.3000,    0.5000,  4.941650e-04, -1.054471e-05,  4.885559e-05,  3.678888e-02,  6.600929e-03,  1.461087e-03,  2.503962e-03, -2.195829e-02,
    20, PROP1,       MAT1,    SB3,   3,     4.1000,    0.7000,  5.251978e-04,  5.695033e-05,  7.768513e-05,  4.011833e-02,  1.211128e-02,  2.323271e-03,  2.503962e-03, -2.195829e-02,
    21, PROP1,       MAT1,    SB3,   0,     5.5000,    0.1667,  3.947831e-04, -2.557118e-05, -2.204065e-04,  2.913384e-02,  3.991396e-03, -6.591533e-03,  1.607554e-02,  8.027499e-03,
    21, PROP1,       MAT1,    SB3,   1,     5.7000,    0.1000,  3.533746e-04, -3.687493e-05, -2.388845e-04,  2.586888e-02,  2.527078e-03, -7.144138e-03,  1.607554e-02,  8.027499e-03,
    21, PROP1,       MAT1,    SB3,   2,     5.5000,    0.3000,  3.907095e-04, -3.604619e-05, -2.251422e-04,  2.867264e-02,  3.147312e-03, -6.733160e-03,  1.607554e-02,  8.027499e-03,
    21, PROP1,       MAT1,    SB3,   3,     5.3000,    0.1000,  4.385194e-04,  1.445078e-06, -2.284094e-04,  3.280778e-02,  6.665277e-03, -6.830870e-03,  1.607554e-02,  8.027499e-03,
    22, PROP1,       MAT1,    SB3,   0,     5.8333,    0.5000,  3.233711e-04, -8.116192e-06, -2.612928e-04,  2.405568e-02,  4.228597e-03, -7.814287e-03,  8.038646e-03, -8.527385e-03,
    22, PROP1,       MAT1,    SB3,   1,     5.9000,    0.3000,  3.060227e-04, -3.800550e-05, -2.711078e-04,  2.231168e-02,  1.734492e-03, -8.107818e-03,  8.038646e-03, -8.527385e-03,
    22, PROP1,       MAT1,    SB3,   2,     5.9000,    0.7000,  3.249852e-04,  1.944210e-05, -2.815974e-04,  2.458844e-02,  6.313145e-03, -8.421521e-03,  8.038646e-03, -8.527385e-03,
    22, PROP1,       MAT1,    SB3,   3,     5.7000,    0.5000,  3.338607e-04, -4.036920e-06, -2.568299e-04,  2.490094e-02,  4.690438e-03, -7.680820e-03,  8.038646e-03, -8.527385e-03,
    23, PROP1,       MAT1,    SB3,   0,     5.5000,    0.8333,  3.246447e-04,  2.773484e-06, -2.308608e-04,  2.431373e-02,  5.061814e-03, -6.904180e-03,  1.063692e-02,  1.137817e-02,
    23, PROP1,       MAT1,    SB3,   1,     5.3000,    0.9000,  3.484859e-04,  4.613506e-06, -2.181814e-04,  2.612375e-02,  5.555884e-03, -6.524989e-03,  1.063692e-02,  1.137817e-02,
    23, PROP1,       MAT1,    SB3,   2,     5.5000,    0.7000,  3.304186e-04,  1.762075e-05, -2.246850e-04,  2.496744e-02,  6.258217e-03, -6.719485e-03,  1.063692e-02,  1.137817e-02,
    23, PROP1,       MAT1,    SB3,   3,     5.7000,    0.9000,  2.975041e-04, -2.133744e-05, -2.330287e-04,  2.192402e-02,  2.853309e-03, -6.969015e-03,  1.063692e-02,  1.137817e-02,
    24, PROP1,       MAT1,    SB3,   0,     5.1667,    0.5000,  3.952976e-04, -1.392243e-05, -1.597053e-04,  2.934649e-02,  4.870014e-03, -4.776185e-03,  4.687978e-03, -1.693895e-02,
    24, PROP1,       MAT1,    SB3,   1,     5.1000,    0.3000,  3.802434e-04, -6.302436e-05, -1.362530e-04,  2.748673e-02,  9.737720e-04, -4.074817e-03,  4.687978e-03, -1.693895e-02,
    24, PROP1,       MAT1,    SB3,   2,     5.3000,    0.5000,  3.891803e-04, -1.630138e-05, -1.603064e-04,  2.885355e-02,  4.600678e-03, -4.794165e-03,  4.687978e-03, -1.693895e-02,
    24, PROP1,       MAT1,    SB3,   3,     5.1000,    0.7000,  4.195277e-04,  3.653889e-05, -1.423703e-04,  3.191262e-02,  9.005102e-03, -4.257762e-03,  4.687978e-03, -1.693895e-02,
    25, PROP1,       MAT1,    SB3,   0,     6.5000,    0.1667,  1.579140e-04, -1.004718e-05, -3.248065e-04,  1.165630e-02,  1.610124e-03, -9.713745e-03,  2.586412e-02,  1.736578e-03,
    25, PROP1,       MAT1,    SB3,   1,     6.7000,    0.1000,  8.972410e-05, -3.918036e-05, -3.471721e-04,  6.122410e-03, -1.587688e-03, -1.038262e-02,  2.586412e-02,  1.736578e-03,
    25, PROP1,       MAT1,    SB3,   2,     6.5000,    0.3000,  1.570328e-04, -1.231323e-05, -3.324866e-04,  1.155653e-02,  1.427524e-03, -9.943428e-03,  2.586412e-02,  1.736578e-03,
    25, PROP1,       MAT1,    SB3,   3,     6.3000,    0.1000,  2.266074e-04,  2.248506e-05, -3.449061e-04,  1.727867e-02,  5.069599e-03, -1.031485e-02,  2.586412e-02,  1.736578e-03,
    26, PROP1,       MAT1,    SB3,   0,     6.8333,    0.5000,  8.545746e-05,  2.580511e-06, -3.294829e-04,  6.427867e-03,  1.470790e-03, -9.853599e-03,  1.139079e-02,  6.524522e-04,
    26, PROP1,       MAT1,    SB3,   1,     6.9000,    0.3000,  7.540048e-05, -1.618454e-07, -3.252023e-04,  5.634944e-03,  1.115372e-03, -9.725583e-03,  1.139079e-02,  6.524522e-04,
    26, PROP1,       MAT1,    SB3,   2,     6.9000,    0.7000,  7.321882e-05,  2.019813e-06, -3.400661e-04,  5.504454e-03,  1.245863e-03, -1.017010e-02,  1.139079e-02,  6.524522e-04,
    26, PROP1,       MAT1,    SB3,   3,     6.7000,    0.5000,  1.003212e-04,  8.360854e-06, -3.260892e-04,  7.625598e-03,  2.125220e-03, -9.752106e-03,  1.139079e-02,  6.524522e-04,
    27, PROP1,       MAT1,    SB3,   0,     6.5000,    0.8333,  1.331418e-04,  1.098897e-07, -3.348324e-04,  9.956070e-03,  1.999101e-03, -1.001358e-02,  1.950790e-02,  5.087247e-03,
    27, PROP1,       MAT1,    SB3,   1,     6.3000,    0.9000,  1.805140e-04,  1.877682e-05, -3.200946e-04,  1.377701e-02,  4.103109e-03, -9.572830e-03,  1.950790e-02,  5.087247e-03,
    27, PROP1,       MAT1,    SB3,   2,     6.5000,    0.7000,  1.357233e-04,  6.748191e-06, -3.250508e-04,  1.024835e-02,  2.534020e-03, -9.721051e-03,  1.950790e-02,  5.087247e-03,
    27, PROP1,       MAT1,    SB3,   3,     6.7000,    0.9000,  8.429432e-05, -2.851450e-05, -3.267329e-04,  5.875937e-03, -8.714405e-04, -9.771357e-03,  1.950790e-02,  5.087247e-03,
    28, PROP1,       MAT1,    SB3,   0,     6.1667,    0.5000,  2.048392e-04, -1.175873e-05, -2.936428e-04,  1.513910e-02,  2.183837e-03, -8.781753e-03,  8.040124e-03, -9.698551e-03,
    28, PROP1,       MAT1,    SB3,   1,     6.1000,    0.3000,  2.012685e-04, -3.735875e-05, -2.789938e-04,  1.448934e-02,  2.164434e-04, -8.343659e-03,  8.040124e-03, -9.698551e-03,
    28, PROP1,       MAT1,    SB3,   2,     6.3000,    0.5000,  1.943477e-04, -1.583875e-05, -2.920139e-04,  1.429369e-02,  1.721912e-03, -8.733039e-03,  8.040124e-03, -9.698551e-03,
    28, PROP1,       MAT1,    SB3,   3,     6.1000,    0.7000,  2.241471e-04,  1.617272e-05, -2.894853e-04,  1.700033e-02,  4.560864e-03, -8.657420e-03,  8.040124e-03, -9.698551e-03,
    29, PROP1,       MAT1,    SB3,   0,     0.5000,    1.1667,  6.555246e-05,  2.918527e-04,  7.337150e-04,  9.265180e-03,  2.280076e-02,  2.194266e-02, -3.087704e-02,  1.342462e-02,
    29, PROP1,       MAT1,    SB3,   1,     0.7000,    1.1000,  1.443945e-04,  3.423341e-04,  7.440079e-04,  1.591471e-02,  2.775397e-02,  2.225049e-02, -3.087704e-02,  1.342462e-02,
    29, PROP1,       MAT1,    SB3,   2,     0.5000,    1.3000,  5.874003e-05,  2.743350e-04,  7.483482e-04,  8.493901e-03,  2.138917e-02,  2.238029e-02, -3.087704e-02,  1.342462e-02,
    29, PROP1,       MAT1,    SB3,   3,     0.3000,    1.1000, -9.396795e-06,  2.676477e-04,  7.615256e-04,  3.299612e-03,  1.987034e-02,  2.277437e-02, -3.087704e-02,  1.342462e-02,
    30, PROP1,       MAT1,    SB3,   0,     0.8333,    1.5000,  1.035716e-05,  2.393396e-04,  5.347941e-04,  4.353235e-03,  1.804925e-02,  1.599369e-02,  2.712808e-02, -6.902346e-03,
    30, PROP1,       MAT1,    SB3,   1,     0.9000,    1.3000, -2.148922e-05,  1.907596e-04,  5.123030e-04,  1.245796e-03,  1.394093e-02,  1.532106e-02,  2.712808e-02, -6.902346e-03,
    30, PROP1,       MAT1,    SB3,   2,     0.9000,    1.7000, -1.089523e-05,  2.800532e-04,  4.769038e-04,  3.373082e-03,  2.077543e-02,  1.426240e-02,  2.712808e-02, -6.902346e-03,
    30, PROP1,       MAT1,    SB3,   3,     0.7000,    1.5000,  4.575634e-05,  2.531060e-04,  5.627090e-04,  7.205726e-03,  1.960783e-02,  1.682852e-02,  2.712808e-02, -6.902346e-03,
    31, PROP1,       MAT1,    SB3,   0,     0.5000,    1.8333, -3.616407e-05,  3.229715e-04,  5.182797e-04,  2.125605e-03,  2.360640e-02,  1.549980e-02,  3.531857e-03,  1.677529e-02,
    31, PROP1,       MAT1,    SB3,   1,     0.3000,    1.9000, -5.898037e-05,  3.140678e-04,  4.932180e-04,  2.865900e-04,  2.259953e-02,  1.475030e-02,  3.531857e-03,  1.677529e-02,
    31, PROP1,       MAT1,    SB3,   2,     0.5000,    1.7000, -2.765132e-05,  3.448615e-04,  5.530960e-04,  3.089388e-03,  2.537031e-02,  1.654103e-02,  3.531857e-03,  1.677529e-02,
    31, PROP1,       MAT1,    SB3,   3,     0.7000,    1.9000, -1.821219e-05,  2.990404e-04,  4.713281e-04,  3.109943e-03,  2.208561e-02,  1.409566e-02,  3.531857e-03,  1.677529e-02,
    32, PROP1,       MAT1,    SB3,   0,     0.1667,    1.5000,  1.827216e-05,  3.762436e-04,  6.848265e-04,  6.992148e-03,  2.840332e-02,  2.048059e-02,  2.377741e-02, -2.649796e-02,
    32, PROP1,       MAT1,    SB3,   1,     0.1000,    1.3000,  8.870502e-06,  3.193241e-04,  7.093311e-04,  5.438102e-03,  2.400711e-02,  2.121343e-02,  2.377741e-02, -2.649796e-02,
    32, PROP1,       MAT1,    SB3,   2,     0.3000,    1.5000, -1.275476e-05,  3.641776e-04,  7.037711e-04,  4.491976e-03,  2.703724e-02,  2.104715e-02,  2.377741e-02, -2.649796e-02,
    32, PROP1,       MAT1,    SB3,   3,     0.1000,    1.7000,  7.421420e-05,  4.400581e-04,  6.783042e-04,  1.212891e-02,  3.401095e-02,  2.028554e-02,  2.377741e-02, -2.649796e-02,
    33, PROP1,       MAT1,    SB3,   0,     1.5000,    1.1667,  3.002604e-04,  1.449853e-04,  5.182761e-04,  2.461714e-02,  1.532975e-02,  1.549969e-02, -2.089866e-02,  2.879961e-03,
    33, PROP1,       MAT1,    SB3,   1,     1.7000,    1.1000,  3.671781e-04,  1.714730e-04,  5.482077e-04,  3.001636e-02,  1.831075e-02,  1.639484e-02, -2.089866e-02,  2.879961e-03,
    33, PROP1,       MAT1,    SB3,   2,     1.5000,    1.3000,  2.987989e-04,  1.412273e-04,  5.117629e-04,  2.445168e-02,  1.502693e-02,  1.530491e-02, -2.089866e-02,  2.879961e-03,
    33, PROP1,       MAT1,    SB3,   3,     1.3000,    1.1000,  2.341778e-04,  1.241348e-04,  5.519658e-04,  1.936465e-02,  1.278270e-02,  1.650723e-02, -2.089866e-02,  2.879961e-03,
    34, PROP1,       MAT1,    SB3,   0,     1.8333,    1.5000,  3.286460e-04,  3.981261e-05,  4.295219e-04,  2.516675e-02,  7.890900e-03,  1.284539e-02,  2.830469e-02,  1.846536e-02,
    34, PROP1,       MAT1,    SB3,   1,     1.9000,    1.3000,  3.232386e-04,  8.204393e-05,  4.598398e-04,  2.539395e-02,  1.096749e-02,  1.375208e-02,  2.830469e-02,  1.846536e-02,
    34, PROP1,       MAT1,    SB3,   2,     1.9000,    1.7000,  2.786516e-04, -1.062637e-05,  4.229053e-04,  2.067467e-02,  3.372226e-03,  1.264751e-02,  2.830469e-02,  1.846536e-02,
    34, PROP1,       MAT1,    SB3,   3,     1.7000,    1.5000,  3.655805e-04,  5.417604e-05,  4.378762e-04,  2.814296e-02,  9.517077e-03,  1.309524e-02,  2.830469e-02,  1.846536e-02,
    35, PROP1,       MAT1,    SB3,   0,     1.5000,    1.8333,  2.883268e-04,  1.216090e-04,  2.446377e-04,  2.337537e-02,  1.340356e-02,  7.316196e-03, -4.499924e-02,  6.230630e-03,
    35, PROP1,       MAT1,    SB3,   1,     1.3000,    1.9000,  1.494651e-04,  6.396541e-05,  1.870528e-04,  1.213133e-02,  7.017385e-03,  5.594048e-03, -4.499924e-02,  6.230630e-03,
    35, PROP1,       MAT1,    SB3,   2,     1.5000,    1.7000,  2.914886e-04,  1.297392e-04,  2.527211e-04,  2.373333e-02,  1.405870e-02,  7.557940e-03, -4.499924e-02,  6.230630e-03,
    35, PROP1,       MAT1,    SB3,   3,     1.7000,    1.9000,  4.253818e-04,  1.670571e-04,  1.789225e-04,  3.430196e-02,  1.885091e-02,  5.350902e-03, -4.499924e-02,  6.230630e-03,
    36, PROP1,       MAT1,    SB3,   0,     1.1667,    1.5000,  2.591821e-04,  2.275408e-04,  4.544515e-04,  2.278036e-02,  2.088781e-02,  1.359094e-02,  2.495402e-02, -1.282678e-02,
    36, PROP1,       MAT1,    SB3,   1,     1.1000,    1.3000,  2.684018e-04,  1.964170e-04,  4.823088e-04,  2.300428e-02,  1.869868e-02,  1.442405e-02,  2.495402e-02, -1.282678e-02,
    36, PROP1,       MAT1,    SB3,   2,     1.3000,    1.5000,  2.266199e-04,  2.148777e-04,  4.573521e-04,  2.015647e-02,  1.945414e-02,  1.367769e-02,  2.495402e-02, -1.282678e-02,
    36, PROP1,       MAT1,    SB3,   3,     1.1000,    1.7000,  2.988058e-04,  2.659006e-04,  4.497466e-04,  2.631645e-02,  2.434831e-02,  1.345023e-02,  2.495402e-02, -1.282678e-02,
    37, PROP1,       MAT1,    SB3,   0,     2.5000,    1.1667,  4.621463e-04,  7.712626e-05,  4.056242e-04,  3.570594e-02,  1.267692e-02,  1.213070e-02, -3.173761e-03, -8.745968e-03,
    37, PROP1,       MAT1,    SB3,   1,     2.7000,    1.1000,  4.745707e-04,  7.176207e-05,  4.208640e-04,  3.655465e-02,  1.246165e-02,  1.258646e-02, -3.173761e-03, -8.745968e-03,
    37, PROP1,       MAT1,    SB3,   2,     2.5000,    1.3000,  4.665845e-04,  8.853879e-05,  4.005536e-04,  3.620841e-02,  1.359655e-02,  1.197906e-02, -3.173761e-03, -8.745968e-03,
    37, PROP1,       MAT1,    SB3,   3,     2.3000,    1.1000,  4.471857e-04,  6.537164e-05,  4.094515e-04,  3.441163e-02,  1.157438e-02,  1.224516e-02, -3.173761e-03, -8.745968e-03,
    38, PROP1,       MAT1,    SB3,   0,     2.8333,    1.5000,  5.110478e-04,  1.543035e-04,  4.645742e-04,  4.051612e-02,  1.917836e-02,  1.389367e-02, -2.727506e-02, -3.105629e-02,
    38, PROP1,       MAT1,    SB3,   1,     2.9000,    1.3000,  4.988113e-04,  9.324377e-05,  4.437490e-04,  3.868822e-02,  1.443022e-02,  1.327087e-02, -2.727506e-02, -3.105629e-02,
    38, PROP1,       MAT1,    SB3,   2,     2.9000,    1.7000,  5.766707e-04,  2.232723e-04,  4.793400e-04,  4.645377e-02,  2.531612e-02,  1.433526e-02, -2.727506e-02, -3.105629e-02,
    38, PROP1,       MAT1,    SB3,   3,     2.7000,    1.5000,  4.754568e-04,  1.404625e-04,  4.358541e-04,  3.764818e-02,  1.761133e-02,  1.303476e-02, -2.727506e-02, -3.105629e-02,
    39, PROP1,       MAT1,    SB3,   0,     2.5000,    1.8333,  4.787544e-04,  1.167566e-04,  6.053946e-04,  3.754025e-02,  1.588825e-02,  1.810508e-02, -7.128524e-04, -5.395299e-03,
    39, PROP1,       MAT1,    SB3,   1,     2.3000,    1.9000,  5.075261e-04,  1.178675e-04,  6.403860e-04,  3.970799e-02,  1.640154e-02,  1.915154e-02, -7.128524e-04, -5.395299e-03,
    39, PROP1,       MAT1,    SB3,   2,     2.5000,    1.7000,  4.760165e-04,  1.097163e-04,  5.712498e-04,  3.723027e-02,  1.532094e-02,  1.708394e-02, -7.128524e-04, -5.395299e-03,
    39, PROP1,       MAT1,    SB3,   3,     2.7000,    1.9000,  4.515471e-04,  1.262061e-04,  6.474263e-04,  3.564738e-02,  1.618792e-02,  1.936209e-02, -7.128524e-04, -5.395299e-03,
    40, PROP1,       MAT1,    SB3,   0,     2.1667,    1.5000,  4.290938e-04,  4.033843e-05,  4.279554e-04,  3.268465e-02,  9.432222e-03,  1.279854e-02, -3.062573e-02,  2.069938e-02,
    40, PROP1,       MAT1,    SB3,   1,     2.1000,    1.3000,  4.251499e-04,  7.849818e-05,  4.069133e-04,  3.296039e-02,  1.222629e-02,  1.216925e-02, -3.062573e-02,  2.069938e-02,
    40, PROP1,       MAT1,    SB3,   2,     2.3000,    1.5000,  4.690571e-04,  5.587969e-05,  4.079810e-04,  3.590492e-02,  1.119175e-02,  1.220118e-02, -3.062573e-02,  2.069938e-02,
    40, PROP1,       MAT1,    SB3,   3,     2.1000,    1.7000,  3.730929e-04, -6.702038e-06,  4.468765e-04,  2.779431e-02,  5.077822e-03,  1.336440e-02, -3.062573e-02,  2.069938e-02,
    41, PROP1,       MAT1,    SB3,   0,     3.5000,    1.1667,  4.609111e-04,  1.578466e-04,  2.172545e-04,  3.682061e-02,  1.869356e-02,  6.497266e-03,  8.013181e-03,  3.318874e-02,
    41, PROP1,       MAT1,    SB3,   1,     3.7000,    1.1000,  4.531532e-04,  1.798154e-04,  2.003220e-04,  3.656908e-02,  2.022007e-02,  5.990879e-03,  8.013181e-03,  3.318874e-02,
    41, PROP1,       MAT1,    SB3,   2,     3.5000,    1.3000,  4.440692e-04,  1.145389e-04,  2.050678e-04,  3.491383e-02,  1.520379e-02,  6.132810e-03,  8.013181e-03,  3.318874e-02,
    41, PROP1,       MAT1,    SB3,   3,     3.3000,    1.1000,  4.782929e-04,  2.008393e-04,  2.436297e-04,  3.876305e-02,  2.216785e-02,  7.286049e-03,  8.013181e-03,  3.318874e-02,
    42, PROP1,       MAT1,    SB3,   0,     3.8333,    1.5000,  3.784527e-04,  1.553919e-04,  9.455392e-05,  3.061885e-02,  1.727702e-02,  2.827753e-03, -3.197580e-04, -2.209671e-02,
    42, PROP1,       MAT1,    SB3,   1,     3.9000,    1.3000,  3.532098e-04,  8.989481e-05,  6.695193e-05,  2.775216e-02,  1.200263e-02,  2.002281e-03, -3.197580e-04, -2.209671e-02,
    42, PROP1,       MAT1,    SB3,   2,     3.9000,    1.7000,  4.043216e-04,  2.209817e-04,  6.736918e-05,  3.353372e-02,  2.256771e-02,  2.014759e-03, -3.197580e-04, -2.209671e-02,
    42, PROP1,       MAT1,    SB3,   3,     3.7000,    1.5000,  3.780355e-04,  1.552296e-04,  9.602391e-05,  3.058523e-02,  1.725865e-02,  2.871715e-03, -3.197580e-04, -2.209671e-02,
    43, PROP1,       MAT1,    SB3,   0,     3.5000,    1.8333,  2.670357e-04,  1.581002e-04,  2.160850e-04,  2.232918e-02,  1.581348e-02,  6.462291e-03, -1.982566e-02,  3.653941e-02,
    43, PROP1,       MAT1,    SB3,   1,     3.3000,    1.9000,  2.183628e-04,  9.769632e-05,  2.355418e-04,  1.778690e-02,  1.056953e-02,  7.044173e-03, -1.982566e-02,  3.653941e-02,
    43, PROP1,       MAT1,    SB3,   2,     3.5000,    1.7000,  2.855779e-04,  2.057802e-04,  1.998763e-04,  2.442847e-02,  1.965557e-02,  5.977550e-03, -1.982566e-02,  3.653941e-02,
    43, PROP1,       MAT1,    SB3,   3,     3.7000,    1.9000,  3.051131e-04,  1.469842e-04,  1.878619e-04,  2.500984e-02,  1.555176e-02,  5.618245e-03, -1.982566e-02,  3.653941e-02,
    44, PROP1,       MAT1,    SB3,   0,     3.1667,    1.5000,  3.487350e-04,  1.613140e-04,  3.965331e-04,  2.848554e-02,  1.727542e-02,  1.185882e-02, -3.670427e-03, -2.068117e-02,
    44, PROP1,       MAT1,    SB3,   1,     3.1000,    1.3000,  3.235592e-04,  7.842147e-05,  4.472788e-04,  2.536375e-02,  1.070145e-02,  1.337643e-02, -3.670427e-03, -2.068117e-02,
    44, PROP1,       MAT1,    SB3,   2,     3.3000,    1.5000,  3.535245e-04,  1.631766e-04,  3.712876e-04,  2.887148e-02,  1.748629e-02,  1.110382e-02, -3.670427e-03, -2.068117e-02,
    44, PROP1,       MAT1,    SB3,   3,     3.1000,    1.7000,  3.667265e-04,  2.431422e-04,  4.520684e-04,  3.105427e-02,  2.366238e-02,  1.351967e-02, -3.670427e-03, -2.068117e-02,
    45, PROP1,       MAT1,    SB3,   0,     4.5000,    1.1667,  4.199085e-04,  1.197942e-04, -4.673603e-05,  3.318602e-02,  1.523543e-02, -1.397699e-03,  4.721037e-03,  1.678411e-02,
    45, PROP1,       MAT1,    SB3,   1,     4.7000,    1.1000,  4.132473e-04,  1.302147e-04, -5.711549e-05,  3.284381e-02,  1.591492e-02, -1.708110e-03,  4.721037e-03,  1.678411e-02,
    45, PROP1,       MAT1,    SB3,   2,     4.5000,    1.3000,  4.113913e-04,  9.789274e-05, -5.199746e-05,  3.222173e-02,  1.347060e-02, -1.555049e-03,  4.721037e-03,  1.678411e-02,
    45, PROP1,       MAT1,    SB3,   3,     4.3000,    1.1000,  4.314367e-04,  1.422258e-04, -3.521406e-05,  3.438336e-02,  1.708493e-02, -1.053120e-03,  4.721037e-03,  1.678411e-02,
    46, PROP1,       MAT1,    SB3,   0,     4.8333,    1.5000,  3.453947e-04,  1.081063e-04, -1.531581e-04,  2.744018e-02,  1.324737e-02, -4.580383e-03,  1.326365e-02, -1.104168e-02,
    46, PROP1,       MAT1,    SB3,   1,     4.9000,    1.3000,  3.203906e-04,  6.670977e-05, -1.669888e-04,  2.495172e-02,  9.778439e-03, -4.994008e-03,  1.326365e-02, -1.104168e-02,
    46, PROP1,       MAT1,    SB3,   2,     4.9000,    1.7000,  3.444374e-04,  1.456567e-04, -1.842964e-04,  2.793010e-02,  1.604053e-02, -5.511614e-03,  1.326365e-02, -1.104168e-02,
    46, PROP1,       MAT1,    SB3,   3,     4.7000,    1.5000,  3.627023e-04,  1.148371e-04, -1.447891e-04,  2.883484e-02,  1.400940e-02, -4.330101e-03,  1.326365e-02, -1.104168e-02,
    47, PROP1,       MAT1,    SB3,   0,     4.5000,    1.8333,  3.053284e-04,  1.407717e-04, -1.261520e-04,  2.493304e-02,  1.509050e-02, -3.772733e-03, -2.741406e-03,  2.013478e-02,
    47, PROP1,       MAT1,    SB3,   1,     4.3000,    1.9000,  2.887588e-04,  1.185090e-04, -1.236357e-04,  2.336131e-02,  1.317825e-02, -3.697479e-03, -2.741406e-03,  2.013478e-02,
    47, PROP1,       MAT1,    SB3,   2,     4.5000,    1.7000,  3.155459e-04,  1.670454e-04, -1.197015e-04,  2.608984e-02,  1.720765e-02, -3.579823e-03, -2.741406e-03,  2.013478e-02,
    47, PROP1,       MAT1,    SB3,   3,     4.7000,    1.9000,  3.160593e-04,  1.236238e-04, -1.499094e-04,  2.547894e-02,  1.396888e-02, -4.483227e-03, -2.741406e-03,  2.013478e-02,
    48, PROP1,       MAT1,    SB3,   0,     4.1667,    1.5000,  3.790831e-04,  1.532186e-04,  1.966468e-05,  3.063348e-02,  1.712396e-02,  5.880968e-04,  9.912980e-03, -2.160488e-02,
    48, PROP1,       MAT1,    SB3,   1,     4.1000,    1.3000,  3.640511e-04,  8.829013e-05,  5.590126e-05,  2.853872e-02,  1.204477e-02,  1.671797e-03,  9.912980e-03, -2.160488e-02,
    48, PROP1,       MAT1,    SB3,   2,     4.3000,    1.5000,  3.661478e-04,  1.481882e-04,  1.563642e-05,  2.959114e-02,  1.655444e-02,  4.676268e-04,  9.912980e-03, -2.160488e-02,
    48, PROP1,       MAT1,    SB3,   3,     4.1000,    1.7000,  4.135182e-04,  2.210216e-04,  4.296591e-05,  3.422191e-02,  2.270821e-02,  1.284949e-03,  9.912980e-03, -2.160488e-02,
    49, PROP1,       MAT1,    SB3,   0,     5.5000,    1.1667,  3.198719e-04,  7.512040e-05, -2.319112e-04,  2.503871e-02,  1.039951e-02, -6.935594e-03,  1.133348e-02,  9.689419e-03,
    49, PROP1,       MAT1,    SB3,   1,     5.7000,    1.1000,  2.969505e-04,  7.046307e-05, -2.401244e-04,  2.325533e-02,  9.708553e-03, -7.181219e-03,  1.133348e-02,  9.689419e-03,
    49, PROP1,       MAT1,    SB3,   2,     5.5000,    1.3000,  3.149550e-04,  6.247676e-05, -2.417102e-04,  2.448203e-02,  9.380675e-03, -7.228644e-03,  1.133348e-02,  9.689419e-03,
    49, PROP1,       MAT1,    SB3,   3,     5.3000,    1.1000,  3.456031e-04,  9.874318e-05, -2.274807e-04,  2.731575e-02,  1.255044e-02, -6.803095e-03,  1.133348e-02,  9.689419e-03,
    50, PROP1,       MAT1,    SB3,   0,     5.8333,    1.5000,  2.489332e-04,  5.683211e-05, -3.145269e-04,  1.946146e-02,  7.971417e-03, -9.406321e-03,  1.736374e-02, -5.669045e-03,
    50, PROP1,       MAT1,    SB3,   1,     5.9000,    1.3000,  2.257826e-04,  3.390584e-05, -3.149282e-04,  1.738777e-02,  5.911146e-03, -9.418320e-03,  1.736374e-02, -5.669045e-03,
    50, PROP1,       MAT1,    SB3,   2,     5.9000,    1.7000,  2.380971e-04,  7.472332e-05, -3.375859e-04,  1.891883e-02,  9.147032e-03, -1.009593e-02,  1.736374e-02, -5.669045e-03,
    50, PROP1,       MAT1,    SB3,   3,     5.7000,    1.5000,  2.715910e-04,  6.564347e-05, -3.100687e-04,  2.128724e-02,  8.969009e-03, -9.272991e-03,  1.736374e-02, -5.669045e-03,
    51, PROP1,       MAT1,    SB3,   0,     5.5000,    1.8333,  2.522803e-04,  8.287959e-05, -3.221006e-04,  2.010120e-02,  9.968923e-03, -9.632820e-03,  4.737302e-03,  1.304009e-02,
    51, PROP1,       MAT1,    SB3,   1,     5.3000,    1.9000,  2.567701e-04,  7.644896e-05, -3.177589e-04,  2.034073e-02,  9.555270e-03, -9.502976e-03,  4.737302e-03,  1.304009e-02,
    51, PROP1,       MAT1,    SB3,   2,     5.5000,    1.7000,  2.588976e-04,  9.989548e-05, -3.137025e-04,  2.085039e-02,  1.134008e-02, -9.381667e-03,  4.737302e-03,  1.304009e-02,
    51, PROP1,       MAT1,    SB3,   3,     5.7000,    1.9000,  2.440092e-04,  6.378638e-05, -3.347748e-04,  1.919731e-02,  8.417729e-03, -1.001186e-02,  4.737302e-03,  1.304009e-02,
    52, PROP1,       MAT1,    SB3,   0,     5.1667,    1.5000,  3.224600e-04,  1.019269e-04, -2.113262e-04,  2.563305e-02,  1.244242e-02, -6.319975e-03,  1.401307e-02, -1.195727e-02,
    52, PROP1,       MAT1,    SB3,   1,     5.1000,    1.3000,  3.226200e-04,  6.601597e-05, -1.841212e-04,  2.510803e-02,  9.759902e-03, -5.506373e-03,  1.401307e-02, -1.195727e-02,
    52, PROP1,       MAT1,    SB3,   2,     5.3000,    1.5000,  3.041745e-04,  9.481591e-05, -2.149328e-04,  2.415959e-02,  1.163733e-02, -6.427833e-03,  1.401307e-02, -1.195727e-02,
    52, PROP1,       MAT1,    SB3,   3,     5.1000,    1.7000,  3.497283e-04,  1.419014e-04, -2.024067e-04,  2.826952e-02,  1.583888e-02, -6.053225e-03,  1.401307e-02, -1.195727e-02,
    53, PROP1,       MAT1,    SB3,   0,     6.5000,    1.1667,  1.314800e-04,  2.521122e-05, -3.255277e-04,  1.020717e-02,  3.850970e-03, -9.735313e-03,  2.026315e-02,  2.247904e-03,
    53, PROP1,       MAT1,    SB3,   1,     6.7000,    1.1000,  8.495878e-05,  2.502835e-06, -3.347653e-04,  6.389422e-03,  1.457525e-03, -1.001157e-02,  2.026315e-02,  2.247904e-03,
    53, PROP1,       MAT1,    SB3,   2,     6.5000,    1.3000,  1.303393e-04,  2.227795e-05, -3.392377e-04,  1.007802e-02,  3.614605e-03, -1.014533e-02,  2.026315e-02,  2.247904e-03,
    53, PROP1,       MAT1,    SB3,   3,     6.3000,    1.1000,  1.786531e-04,  5.231951e-05, -3.318320e-04,  1.413945e-02,  6.583123e-03, -9.923850e-03,  2.026315e-02,  2.247904e-03,
    54, PROP1,       MAT1,    SB3,   0,     6.8333,    1.5000,  5.863668e-05,  4.999375e-06, -3.787187e-04,  4.458764e-03,  1.250583e-03, -1.132606e-02,  2.206805e-02,  3.496152e-04,
    54, PROP1,       MAT1,    SB3,   1,     6.9000,    1.3000,  3.762390e-05,  1.215256e-06, -3.660091e-04,  2.831146e-03,  6.534542e-04, -1.094596e-02,  2.206805e-02,  3.496152e-04,
    54, PROP1,       MAT1,    SB3,   2,     6.9000,    1.7000,  3.645486e-05,  2.384294e-06, -3.948055e-04,  2.761223e-03,  7.233773e-04, -1.180715e-02,  2.206805e-02,  3.496152e-04,
    54, PROP1,       MAT1,    SB3,   3,     6.7000,    1.5000,  8.743308e-05,  1.619797e-05, -3.769002e-04,  6.779199e-03,  2.518449e-03, -1.127167e-02,  2.206805e-02,  3.496152e-04,
    55, PROP1,       MAT1,    SB3,   0,     6.5000,    1.8333,  1.082626e-04,  2.768724e-05, -4.265428e-04,  8.508329e-03,  3.688918e-03, -1.275630e-02,  1.316201e-02,  5.598573e-03,
    55, PROP1,       MAT1,    SB3,   1,     6.3000,    1.9000,  1.350369e-04,  3.870339e-05, -4.215638e-04,  1.067486e-02,  4.912907e-03, -1.260739e-02,  1.316201e-02,  5.598573e-03,
    55, PROP1,       MAT1,    SB3,   2,     6.5000,    1.7000,  1.111036e-04,  3.499277e-05, -4.144076e-04,  8.829981e-03,  4.277602e-03, -1.239338e-02,  1.316201e-02,  5.598573e-03,
    55, PROP1,       MAT1,    SB3,   3,     6.7000,    1.9000,  7.986476e-05,  5.712813e-06, -4.288694e-04,  6.056563e-03,  1.621350e-03, -1.282587e-02,  1.316201e-02,  5.598573e-03,
    56, PROP1,       MAT1,    SB3,   0,     6.1667,    1.5000,  1.803468e-04,  4.865816e-05, -3.432184e-04,  1.421134e-02,  6.334707e-03, -1.026438e-02,  1.871738e-02, -6.337270e-03,
    56, PROP1,       MAT1,    SB3,   1,     6.1000,    1.3000,  1.913905e-04,  3.208042e-05, -3.225037e-04,  1.478913e-02,  5.260398e-03, -9.644876e-03,  1.871738e-02, -6.337270e-03,
    56, PROP1,       MAT1,    SB3,   2,     6.3000,    1.5000,  1.559227e-04,  3.915989e-05, -3.442009e-04,  1.224322e-02,  5.259345e-03, -1.029376e-02,  1.871738e-02, -6.337270e-03,
    56, PROP1,       MAT1,    SB3,   3,     6.1000,    1.7000,  2.059394e-04,  7.066350e-05, -3.469278e-04,  1.645383e-02,  8.362639e-03, -1.037531e-02,  1.871738e-02, -6.337270e-03,
    57, PROP1,       MAT1,    SB3,   0,     0.5000,    2.1667, -3.785224e-05,  5.859879e-04,  4.400804e-04,  5.932304e-03,  4.324574e-02,  1.316115e-02, -2.425929e-03, -9.323437e-03,
    57, PROP1,       MAT1,    SB3,   1,     0.7000,    2.1000, -2.878070e-05,  5.793104e-04,  4.533945e-04,  6.510694e-03,  4.288214e-02,  1.355933e-02, -2.425929e-03, -9.323437e-03,
    57, PROP1,       MAT1,    SB3,   2,     0.5000,    2.3000, -3.312099e-05,  5.981540e-04,  4.362532e-04,  6.467959e-03,  4.422609e-02,  1.304670e-02, -2.425929e-03, -9.323437e-03,
    57, PROP1,       MAT1,    SB3,   3,     0.3000,    2.1000, -4.962735e-05,  5.744162e-04,  4.412285e-04,  4.878898e-03,  4.220451e-02,  1.319549e-02, -2.425929e-03, -9.323437e-03,
    58, PROP1,       MAT1,    SB3,   0,     0.8333,    2.5000,  1.707635e-05,  6.568457e-04,  5.167923e-04,  1.109862e-02,  4.936482e-02,  1.545532e-02, -2.231785e-02, -2.311583e-02,
    58, PROP1,       MAT1,    SB3,   1,     0.9000,    2.3000,  9.703931e-06,  6.138320e-04,  5.027792e-04,  9.904228e-03,  4.603864e-02,  1.503624e-02, -2.231785e-02, -2.311583e-02,
    58, PROP1,       MAT1,    SB3,   2,     0.9000,    2.7000,  6.813231e-05,  7.063310e-04,  5.319015e-04,  1.565581e-02,  5.382807e-02,  1.590718e-02, -2.231785e-02, -2.311583e-02,
    58, PROP1,       MAT1,    SB3,   3,     0.7000,    2.5000, -1.204600e-05,  6.455203e-04,  4.929825e-04,  8.751919e-03,  4.808261e-02,  1.474326e-02, -2.231785e-02, -2.311583e-02,
    59, PROP1,       MAT1,    SB3,   0,     0.5000,    2.8333, -3.503174e-05,  6.553153e-04,  5.808996e-04,  7.179841e-03,  4.847122e-02,  1.737253e-02, -1.992032e-02, -5.972768e-03,
    59, PROP1,       MAT1,    SB3,   1,     0.3000,    2.9000, -6.455852e-05,  6.349335e-04,  5.898590e-04,  4.667482e-03,  4.650585e-02,  1.764047e-02, -1.992032e-02, -5.972768e-03,
    59, PROP1,       MAT1,    SB3,   2,     0.5000,    2.7000, -3.806267e-05,  6.475215e-04,  5.496329e-04,  6.836690e-03,  4.784319e-02,  1.643746e-02, -1.992032e-02, -5.972768e-03,
    59, PROP1,       MAT1,    SB3,   3,     0.7000,    2.9000, -3.773002e-06,  6.873877e-04,  5.976528e-04,  9.996504e-03,  5.133656e-02,  1.787355e-02, -1.992032e-02, -5.972768e-03,
    60, PROP1,       MAT1,    SB3,   0,     0.1667,    2.5000, -9.071940e-05,  5.852165e-04,  4.936027e-04,  1.968123e-03,  4.239754e-02,  1.476181e-02, -2.566852e-02, -7.781056e-04,
    60, PROP1,       MAT1,    SB3,   1,     0.1000,    2.3000, -1.155586e-04,  5.685519e-04,  4.917373e-04, -1.381843e-04,  4.078018e-02,  1.470602e-02, -2.566852e-02, -7.781056e-04,
    60, PROP1,       MAT1,    SB3,   2,     0.3000,    2.5000, -5.722479e-05,  5.982422e-04,  4.814718e-04,  4.667143e-03,  4.387226e-02,  1.439901e-02, -2.566852e-02, -7.781056e-04,
    60, PROP1,       MAT1,    SB3,   3,     0.1000,    2.7000, -1.161221e-04,  5.944378e-04,  5.252319e-04,  2.067614e-04,  4.270713e-02,  1.570772e-02, -2.566852e-02, -7.781056e-04,
    69, PROP1,       MAT1,    SB3,   0,     3.5000,    2.1667,  2.543930e-04,  4.164097e-04,  1.385540e-04,  2.524647e-02,  3.493710e-02,  4.143630e-03, -1.047688e-02,  1.926773e-02,
    69, PROP1,       MAT1,    SB3,   1,     3.7000,    2.1000,  3.161918e-04,  4.442803e-04,  1.755197e-04,  3.028366e-02,  3.794495e-02,  5.249135e-03, -1.047688e-02,  1.926773e-02,
    69, PROP1,       MAT1,    SB3,   2,     3.5000,    2.3000,  2.446154e-04,  3.912674e-04,  1.061356e-04,  2.413949e-02,  3.291112e-02,  3.174117e-03, -1.047688e-02,  1.926773e-02,
    69, PROP1,       MAT1,    SB3,   3,     3.3000,    2.1000,  1.981813e-04,  4.262526e-04,  2.006620e-04,  2.119096e-02,  3.483247e-02,  6.001047e-03, -1.047688e-02,  1.926773e-02,
    70, PROP1,       MAT1,    SB3,   0,     3.8333,    2.5000,  1.827975e-04,  2.708798e-04, -1.336536e-04,  1.771747e-02,  2.298589e-02, -3.997078e-03,  4.746326e-02, -8.216501e-03,
    70, PROP1,       MAT1,    SB3,   1,     3.9000,    2.3000,  1.265007e-04,  2.427153e-04, -1.088301e-04,  1.308726e-02,  2.003834e-02, -3.254700e-03,  4.746326e-02, -8.216501e-03,
    70, PROP1,       MAT1,    SB3,   2,     3.9000,    2.7000,  1.461927e-04,  2.852811e-04, -1.707645e-04,  1.519603e-02,  2.351526e-02, -5.106925e-03,  4.746326e-02, -8.216501e-03,
    70, PROP1,       MAT1,    SB3,   3,     3.7000,    2.5000,  2.447319e-04,  2.949654e-04, -1.366154e-04,  2.270818e-02,  2.571278e-02, -4.085655e-03,  4.746326e-02, -8.216501e-03,
    71, PROP1,       MAT1,    SB3,   0,     3.5000,    2.8333,  1.825323e-04,  3.386321e-04, -2.140439e-04,  1.871075e-02,  2.804747e-02, -6.401252e-03, -1.169672e-02,  2.261840e-02,
    71, PROP1,       MAT1,    SB3,   1,     3.3000,    2.9000,  1.376593e-04,  3.037349e-04, -2.228150e-04,  1.483397e-02,  2.476737e-02, -6.663560e-03, -1.169672e-02,  2.261840e-02,
    71, PROP1,       MAT1,    SB3,   2,     3.5000,    2.7000,  1.940101e-04,  3.681466e-04, -2.054303e-04,  2.001023e-02,  3.042577e-02, -6.143651e-03, -1.169672e-02,  2.261840e-02,
    71, PROP1,       MAT1,    SB3,   3,     3.7000,    2.9000,  2.208464e-04,  3.292575e-04, -2.523295e-04,  2.143515e-02,  2.791949e-02, -7.546229e-03, -1.169672e-02,  2.261840e-02,
    72, PROP1,       MAT1,    SB3,   0,     3.1667,    2.5000,  2.533687e-04,  4.849211e-04, -6.119283e-07,  2.619435e-02,  4.004408e-02, -1.830048e-05,  4.411259e-02,  1.989701e-02,
    72, PROP1,       MAT1,    SB3,   1,     3.1000,    2.3000,  3.221805e-04,  5.266794e-04,  3.446010e-05,  3.196353e-02,  4.419512e-02,  1.030572e-03,  4.411259e-02,  1.989701e-02,
    72, PROP1,       MAT1,    SB3,   2,     3.3000,    2.5000,  1.958065e-04,  4.625358e-04, -2.615693e-05,  2.155595e-02,  3.750970e-02, -7.822558e-04,  4.411259e-02,  1.989701e-02,
    72, PROP1,       MAT1,    SB3,   3,     3.1000,    2.7000,  2.709000e-04,  4.559543e-04, -2.310201e-05,  2.707195e-02,  3.814051e-02, -6.908944e-04,  4.411259e-02,  1.989701e-02,
    73, PROP1,       MAT1,    SB3,   0,     4.5000,    2.1667,  2.970019e-04,  2.238601e-04, -1.656290e-04,  2.555294e-02,  2.117815e-02, -4.953343e-03, -2.217887e-03,  1.661954e-02,
    73, PROP1,       MAT1,    SB3,   1,     4.7000,    2.1000,  3.139371e-04,  2.418073e-04, -1.633233e-04,  2.708748e-02,  2.277321e-02, -4.884387e-03, -2.217887e-03,  1.661954e-02,
    73, PROP1,       MAT1,    SB3,   2,     4.5000,    2.3000,  2.885682e-04,  2.021734e-04, -1.748026e-04,  2.459811e-02,  1.943062e-02, -5.227689e-03, -2.217887e-03,  1.661954e-02,
    73, PROP1,       MAT1,    SB3,   3,     4.3000,    2.1000,  2.848860e-04,  2.384430e-04, -1.416366e-04,  2.486515e-02,  2.208728e-02, -4.235820e-03, -2.217887e-03,  1.661954e-02,
    74, PROP1,       MAT1,    SB3,   0,     4.8333,    2.5000,  2.328975e-04,  1.691318e-04, -3.084726e-04,  1.994177e-02,  1.612779e-02, -9.225258e-03,  2.134702e-02, -5.064560e-03,
    74, PROP1,       MAT1,    SB3,   1,     4.9000,    2.3000,  2.069149e-04,  1.441159e-04, -3.098507e-04,  1.762510e-02,  1.386894e-02, -9.266474e-03,  2.134702e-02, -5.064560e-03,
    74, PROP1,       MAT1,    SB3,   2,     4.9000,    2.7000,  2.170967e-04,  1.879575e-04, -3.377063e-04,  1.904193e-02,  1.729904e-02, -1.009953e-02,  2.134702e-02, -5.064560e-03,
    74, PROP1,       MAT1,    SB3,   3,     4.7000,    2.5000,  2.607530e-04,  1.799645e-04, -3.003006e-04,  2.218639e-02,  1.735423e-02, -8.980865e-03,  2.134702e-02, -5.064560e-03,
    75, PROP1,       MAT1,    SB3,   0,     4.5000,    2.8333,  2.086759e-04,  2.005629e-04, -3.116506e-04,  1.860082e-02,  1.811557e-02, -9.320301e-03, -3.085532e-03,  1.997021e-02,
    75, PROP1,       MAT1,    SB3,   1,     4.3000,    2.9000,  1.887148e-04,  1.783294e-04, -3.128019e-04,  1.677596e-02,  1.615479e-02, -9.354732e-03, -3.085532e-03,  1.997021e-02,
    75, PROP1,       MAT1,    SB3,   2,     4.5000,    2.7000,  2.188099e-04,  2.266219e-04, -3.024574e-04,  1.974816e-02,  2.021542e-02, -9.045367e-03, -3.085532e-03,  1.997021e-02,
    75, PROP1,       MAT1,    SB3,   3,     4.7000,    2.9000,  2.228460e-04,  1.837080e-04, -3.388609e-04,  1.940823e-02,  1.706729e-02, -1.013406e-02, -3.085532e-03,  1.997021e-02,
    76, PROP1,       MAT1,    SB3,   0,     4.1667,    2.5000,  2.720213e-04,  2.560504e-04, -1.645490e-04,  2.416659e-02,  2.321133e-02, -4.921044e-03,  1.799635e-02, -6.145235e-03,
    76, PROP1,       MAT1,    SB3,   1,     4.1000,    2.3000,  2.832507e-04,  2.339138e-04, -1.366597e-04,  2.467515e-02,  2.172419e-02, -4.086978e-03,  1.799635e-02, -6.145235e-03,
    76, PROP1,       MAT1,    SB3,   2,     4.3000,    2.5000,  2.485380e-04,  2.469180e-04, -1.723607e-04,  2.227429e-02,  2.217740e-02, -5.154663e-03,  1.799635e-02, -6.145235e-03,
    76, PROP1,       MAT1,    SB3,   3,     4.1000,    2.7000,  2.960168e-04,  2.834054e-04, -1.601429e-04,  2.636968e-02,  2.561536e-02, -4.789275e-03,  1.799635e-02, -6.145235e-03,
    77, PROP1,       MAT1,    SB3,   0,     5.5000,    2.1667,  2.466827e-04,  1.321167e-04, -3.474538e-04,  2.041894e-02,  1.356646e-02, -1.039104e-02,  5.215331e-03,  1.166859e-02,
    77, PROP1,       MAT1,    SB3,   1,     5.7000,    2.1000,  2.427933e-04,  1.364059e-04, -3.485918e-04,  2.019229e-02,  1.382899e-02, -1.042507e-02,  5.215331e-03,  1.166859e-02,
    77, PROP1,       MAT1,    SB3,   2,     5.5000,    2.3000,  2.407614e-04,  1.168905e-04, -3.583382e-04,  1.974855e-02,  1.233952e-02, -1.071655e-02,  5.215331e-03,  1.166859e-02,
    77, PROP1,       MAT1,    SB3,   3,     5.3000,    2.1000,  2.539557e-04,  1.506669e-04, -3.333656e-04,  2.124010e-02,  1.506213e-02, -9.969714e-03,  5.215331e-03,  1.166859e-02,
    78, PROP1,       MAT1,    SB3,   0,     5.8333,    2.5000,  1.815944e-04,  8.847806e-05, -4.584268e-04,  1.490004e-02,  9.330521e-03, -1.370983e-02,  2.124197e-02, -3.032294e-03,
    78, PROP1,       MAT1,    SB3,   1,     5.9000,    2.3000,  1.578302e-04,  7.161880e-05, -4.545886e-04,  1.287120e-02,  7.714680e-03, -1.359504e-02,  2.124197e-02, -3.032294e-03,
    78, PROP1,       MAT1,    SB3,   2,     5.9000,    2.7000,  1.637809e-04,  9.917767e-05, -4.823071e-04,  1.372820e-02,  9.864116e-03, -1.442400e-02,  2.124197e-02, -3.032294e-03,
    78, PROP1,       MAT1,    SB3,   3,     5.7000,    2.5000,  2.093128e-04,  9.925746e-05, -4.527903e-04,  1.713361e-02,  1.055093e-02, -1.354126e-02,  2.124197e-02, -3.032294e-03,
    79, PROP1,       MAT1,    SB3,   0,     5.5000,    2.8333,  1.818469e-04,  1.158449e-04, -4.767681e-04,  1.532814e-02,  1.138040e-02, -1.425835e-02,  1.820164e-03,  1.501926e-02,
    79, PROP1,       MAT1,    SB3,   1,     5.3000,    2.9000,  1.765654e-04,  1.041959e-04, -4.758397e-04,  1.475908e-02,  1.043048e-02, -1.423058e-02,  1.820164e-03,  1.501926e-02,
    79, PROP1,       MAT1,    SB3,   2,     5.5000,    2.7000,  1.894686e-04,  1.354434e-04, -4.672315e-04,  1.619104e-02,  1.295966e-02, -1.397314e-02,  1.820164e-03,  1.501926e-02,
    79, PROP1,       MAT1,    SB3,   3,     5.7000,    2.9000,  1.827733e-04,  9.809616e-05, -4.954382e-04,  1.513200e-02,  1.006725e-02, -1.481670e-02,  1.820164e-03,  1.501926e-02,
    80, PROP1,       MAT1,    SB3,   0,     5.1667,    2.5000,  2.461762e-04,  1.602426e-04, -3.530046e-04,  2.080164e-02,  1.566174e-02, -1.055704e-02,  1.789130e-02, -5.489593e-03,
    80, PROP1,       MAT1,    SB3,   1,     5.1000,    2.3000,  2.578843e-04,  1.416264e-04, -3.280784e-04,  2.139864e-02,  1.444496e-02, -9.811595e-03,  1.789130e-02, -5.489593e-03,
    80, PROP1,       MAT1,    SB3,   2,     5.3000,    2.5000,  2.228300e-04,  1.511635e-04, -3.589658e-04,  1.892039e-02,  1.463384e-02, -1.073532e-02,  1.789130e-02, -5.489593e-03,
    80, PROP1,       MAT1,    SB3,   3,     5.1000,    2.7000,  2.694874e-04,  1.840468e-04, -3.514246e-04,  2.290047e-02,  1.779005e-02, -1.050979e-02,  1.789130e-02, -5.489593e-03,
    81, PROP1,       MAT1,    SB3,   0,     6.5000,    2.1667,  1.062476e-04,  4.474464e-05, -4.429267e-04,  8.612740e-03,  4.934094e-03, -1.324628e-02,  1.364977e-02,  3.295825e-03,
    81, PROP1,       MAT1,    SB3,   1,     6.7000,    2.1000,  7.995484e-05,  3.065940e-05, -4.440475e-04,  6.436327e-03,  3.487844e-03, -1.327979e-02,  1.364977e-02,  3.295825e-03,
    81, PROP1,       MAT1,    SB3,   2,     6.5000,    2.3000,  1.045751e-04,  4.044394e-05, -4.575989e-04,  8.423386e-03,  4.587541e-03, -1.368507e-02,  1.364977e-02,  3.295825e-03,
    81, PROP1,       MAT1,    SB3,   3,     6.3000,    2.1000,  1.334961e-04,  6.528091e-05, -4.397468e-04,  1.095707e-02,  6.876951e-03, -1.315118e-02,  1.364977e-02,  3.295825e-03,
    82, PROP1,       MAT1,    SB3,   0,     6.8333,    2.5000,  3.974018e-05,  5.862634e-06, -5.238264e-04,  3.058864e-03,  1.032563e-03, -1.566568e-02,  2.587862e-02,  4.021411e-04,
    82, PROP1,       MAT1,    SB3,   1,     6.9000,    2.3000,  1.508594e-05,  1.438212e-06, -5.088844e-04,  1.149415e-03,  3.331107e-04, -1.521882e-02,  2.587862e-02,  4.021411e-04,
    82, PROP1,       MAT1,    SB3,   2,     6.9000,    2.7000,  1.374126e-05,  2.782885e-06, -5.426531e-04,  1.068987e-03,  4.135389e-04, -1.622872e-02,  2.587862e-02,  4.021411e-04,
    82, PROP1,       MAT1,    SB3,   3,     6.7000,    2.5000,  7.350895e-05,  1.899494e-05, -5.217347e-04,  5.779977e-03,  2.519357e-03, -1.560313e-02,  2.587862e-02,  4.021411e-04,
    83, PROP1,       MAT1,    SB3,   0,     6.5000,    2.8333,  8.195712e-05,  3.892120e-05, -5.854596e-04,  6.709569e-03,  4.135483e-03, -1.750890e-02,  8.520730e-03,  6.646494e-03,
    83, PROP1,       MAT1,    SB3,   1,     6.3000,    2.9000,  9.437354e-05,  4.359268e-05, -5.861251e-04,  7.707744e-03,  4.670414e-03, -1.752880e-02,  8.520730e-03,  6.646494e-03,
    83, PROP1,       MAT1,    SB3,   2,     6.5000,    2.7000,  8.532994e-05,  4.759415e-05, -5.725170e-04,  7.091427e-03,  4.834355e-03, -1.712184e-02,  8.520730e-03,  6.646494e-03,
    83, PROP1,       MAT1,    SB3,   3,     6.7000,    2.9000,  6.761338e-05,  2.124029e-05, -5.947981e-04,  5.372765e-03,  2.599075e-03, -1.778818e-02,  8.520730e-03,  6.646494e-03,
    84, PROP1,       MAT1,    SB3,   0,     6.1667,    2.5000,  1.477055e-04,  7.856227e-05, -4.844043e-04,  1.221804e-02,  8.082416e-03, -1.448672e-02,  2.252795e-02, -3.691270e-03,
    84, PROP1,       MAT1,    SB3,   1,     6.1000,    2.3000,  1.656758e-04,  6.915085e-05, -4.628678e-04,  1.342088e-02,  7.647478e-03, -1.384264e-02,  2.252795e-02, -3.691270e-03,
    84, PROP1,       MAT1,    SB3,   2,     6.3000,    2.5000,  1.183089e-04,  6.713029e-05, -4.866133e-04,  9.849250e-03,  6.788127e-03, -1.455278e-02,  2.252795e-02, -3.691270e-03,
    84, PROP1,       MAT1,    SB3,   3,     6.1000,    2.7000,  1.738299e-04,  9.450625e-05, -4.922644e-04,  1.440967e-02,  9.665119e-03, -1.472178e-02,  2.252795e-02, -3.691270e-03,
    85, PROP1,       MAT1,    SB3,   0,     0.5000,    3.1667, -3.376789e-05,  4.007635e-04,  5.629833e-04,  3.467990e-03,  2.945840e-02,  1.683672e-02, -1.032325e-02,  3.939006e-04,
    85, PROP1,       MAT1,    SB3,   1,     0.7000,    3.1000,  1.272724e-05,  4.113309e-04,  5.962230e-04,  7.102242e-03,  3.094372e-02,  1.783079e-02, -1.032325e-02,  3.939006e-04,
    85, PROP1,       MAT1,    SB3,   2,     0.5000,    3.3000, -3.396777e-05,  4.002495e-04,  5.443314e-04,  3.445359e-03,  2.941698e-02,  1.627891e-02, -1.032325e-02,  3.939006e-04,
    85, PROP1,       MAT1,    SB3,   3,     0.3000,    3.1000, -8.014880e-05,  3.909671e-04,  5.967370e-04, -1.461943e-04,  2.803243e-02,  1.784617e-02, -1.032325e-02,  3.939006e-04,
    86, PROP1,       MAT1,    SB3,   0,     0.8333,    3.5000, -1.685054e-05,  2.959052e-04,  4.703959e-04,  3.164866e-03,  2.187157e-02,  1.406778e-02,  2.443624e-02,  1.061965e-02,
    86, PROP1,       MAT1,    SB3,   1,     0.9000,    3.3000, -2.904265e-05,  3.288956e-04,  5.060912e-04,  2.746625e-03,  2.415581e-02,  1.513529e-02,  2.443624e-02,  1.061965e-02,
    86, PROP1,       MAT1,    SB3,   2,     0.9000,    3.7000, -5.248837e-05,  2.558288e-04,  4.742046e-04, -9.888618e-05,  1.834233e-02,  1.418168e-02,  2.443624e-02,  1.061965e-02,
    86, PROP1,       MAT1,    SB3,   3,     0.7000,    3.5000,  1.503608e-05,  3.083055e-04,  4.639725e-04,  5.734313e-03,  2.327549e-02,  1.387568e-02,  2.443624e-02,  1.061965e-02,
    87, PROP1,       MAT1,    SB3,   0,     0.5000,    3.8333,  3.775264e-06,  3.150759e-04,  3.677702e-04,  4.993629e-03,  2.361330e-02,  1.099863e-02, -1.611012e-02,  3.744569e-03,
    87, PROP1,       MAT1,    SB3,   1,     0.3000,    3.9000, -4.277404e-05,  2.925814e-04,  3.525704e-04,  1.176978e-03,  2.123542e-02,  1.054406e-02, -1.611012e-02,  3.744569e-03,
    87, PROP1,       MAT1,    SB3,   2,     0.5000,    3.7000,  5.675474e-06,  3.199622e-04,  3.668206e-04,  5.208765e-03,  2.400704e-02,  1.097023e-02, -1.611012e-02,  3.744569e-03,
    87, PROP1,       MAT1,    SB3,   3,     0.7000,    3.9000,  4.923873e-05,  3.302411e-04,  3.476841e-04,  8.619500e-03,  2.542695e-02,  1.039793e-02, -1.611012e-02,  3.744569e-03,
    88, PROP1,       MAT1,    SB3,   0,     0.1667,    3.5000, -1.390115e-05,  4.206933e-04,  4.351364e-04,  5.251352e-03,  3.124553e-02,  1.301330e-02,  2.108557e-02,  2.794686e-02,
    88, PROP1,       MAT1,    SB3,   1,     0.1000,    3.3000,  4.072489e-05,  4.916309e-04,  4.338980e-04,  1.039624e-02,  3.736606e-02,  1.297626e-02,  2.108557e-02,  2.794686e-02,
    88, PROP1,       MAT1,    SB3,   2,     0.3000,    3.5000, -4.141552e-05,  4.099933e-04,  4.199407e-04,  3.034224e-03,  3.003411e-02,  1.255885e-02,  2.108557e-02,  2.794686e-02,
    88, PROP1,       MAT1,    SB3,   3,     0.1000,    3.7000, -2.725564e-05,  3.558700e-04,  4.063837e-04,  3.283584e-03,  2.619929e-02,  1.215341e-02,  2.108557e-02,  2.794686e-02,
    89, PROP1,       MAT1,    SB3,   0,     1.5000,    3.1667,  2.193679e-04,  2.169696e-04,  5.270443e-04,  1.964555e-02,  1.950210e-02,  1.576192e-02, -6.229862e-03,  2.841188e-02,
    89, PROP1,       MAT1,    SB3,   1,     1.7000,    3.1000,  2.776477e-04,  2.480159e-04,  5.629245e-04,  2.446712e-02,  2.269477e-02,  1.683496e-02, -6.229862e-03,  2.841188e-02,
    89, PROP1,       MAT1,    SB3,   2,     1.5000,    3.3000,  2.049500e-04,  1.798952e-04,  4.861029e-04,  1.801321e-02,  1.651462e-02,  1.453751e-02, -6.229862e-03,  2.841188e-02,
    89, PROP1,       MAT1,    SB3,   3,     1.3000,    3.1000,  1.693268e-04,  2.415349e-04,  5.999989e-04,  1.627152e-02,  2.059047e-02,  1.794372e-02, -6.229862e-03,  2.841188e-02,
    90, PROP1,       MAT1,    SB3,   0,     1.8333,    3.5000,  1.160428e-04,  1.075767e-04,  2.095089e-04,  1.028462e-02,  9.778240e-03,  6.265626e-03,  3.972675e-02, -3.508331e-02,
    90, PROP1,       MAT1,    SB3,   1,     1.9000,    3.3000,  3.491681e-05,  1.279311e-05,  2.116185e-04,  2.801874e-03,  1.478600e-03,  6.328716e-03,  3.972675e-02, -3.508331e-02,
    90, PROP1,       MAT1,    SB3,   2,     1.9000,    3.7000,  1.194102e-04,  1.908404e-04,  1.597794e-04,  1.178144e-02,  1.605386e-02,  4.778404e-03,  3.972675e-02, -3.508331e-02,
    90, PROP1,       MAT1,    SB3,   3,     1.7000,    3.5000,  1.678819e-04,  1.277363e-04,  1.947595e-04,  1.446185e-02,  1.206064e-02,  5.824527e-03,  3.972675e-02, -3.508331e-02,
    91, PROP1,       MAT1,    SB3,   0,     1.5000,    3.8333,  7.793216e-05,  1.719765e-04,  2.376269e-04,  8.398233e-03,  1.402326e-02,  7.106530e-03, -9.411449e-03,  3.176255e-02,
    91, PROP1,       MAT1,    SB3,   1,     1.3000,    3.9000,  5.155734e-05,  1.293238e-04,  2.547267e-04,  5.788512e-03,  1.043992e-02,  7.617919e-03, -9.411449e-03,  3.176255e-02,
    91, PROP1,       MAT1,    SB3,   2,     1.5000,    3.7000,  9.405030e-05,  2.134232e-04,  2.312716e-04,  1.022307e-02,  1.736306e-02,  6.916466e-03, -9.411449e-03,  3.176255e-02,
    91, PROP1,       MAT1,    SB3,   3,     1.7000,    3.9000,  9.509660e-05,  1.524593e-04,  2.132800e-04,  9.389700e-03,  1.282071e-02,  6.378405e-03, -9.411449e-03,  3.176255e-02,
    92, PROP1,       MAT1,    SB3,   0,     1.1667,    3.5000,  1.804981e-04,  2.821285e-04,  4.420566e-04,  1.771376e-02,  2.379253e-02,  1.322026e-02,  3.637608e-02,  1.985155e-02,
    92, PROP1,       MAT1,    SB3,   1,     1.1000,    3.3000,  2.432559e-04,  3.085013e-04,  4.906272e-04,  2.280023e-02,  2.670273e-02,  1.467282e-02,  3.637608e-02,  1.985155e-02,
    92, PROP1,       MAT1,    SB3,   2,     1.3000,    3.5000,  1.330313e-04,  2.636692e-04,  4.004608e-04,  1.388885e-02,  2.170263e-02,  1.197628e-02,  3.637608e-02,  1.985155e-02,
    92, PROP1,       MAT1,    SB3,   3,     1.1000,    3.7000,  1.889407e-04,  2.663039e-04,  4.431604e-04,  1.810834e-02,  2.273563e-02,  1.325327e-02,  3.637608e-02,  1.985155e-02,
    93, PROP1,       MAT1,    SB3,   0,     2.5000,    3.1667,  2.792682e-04,  1.472652e-04, -6.787653e-05,  2.308174e-02,  1.518631e-02, -2.029933e-03, -9.248743e-03,  3.199741e-02,
    93, PROP1,       MAT1,    SB3,   1,     2.7000,    3.1000,  2.840265e-04,  1.923117e-04, -1.130325e-04,  2.411108e-02,  1.862539e-02, -3.380378e-03, -9.248743e-03,  3.199741e-02,
    93, PROP1,       MAT1,    SB3,   2,     2.5000,    3.3000,  2.630309e-04,  1.055121e-04, -3.746777e-05,  2.124341e-02,  1.182181e-02, -1.120521e-03, -9.248743e-03,  3.199741e-02,
    93, PROP1,       MAT1,    SB3,   3,     2.3000,    3.1000,  2.837884e-04,  1.648485e-04, -7.127935e-05,  2.368262e-02,  1.656853e-02, -2.131698e-03, -9.248743e-03,  3.199741e-02,
    94, PROP1,       MAT1,    SB3,   0,     2.8333,    3.5000,  2.241438e-04,  1.656672e-04, -1.158239e-04,  1.923550e-02,  1.573786e-02, -3.463859e-03, -1.603165e-02,  5.670223e-03,
    94, PROP1,       MAT1,    SB3,   1,     2.9000,    3.3000,  2.501078e-04,  1.513630e-04, -1.630253e-04,  2.096282e-02,  1.505664e-02, -4.875475e-03, -1.603165e-02,  5.670223e-03,
    94, PROP1,       MAT1,    SB3,   2,     2.9000,    3.7000,  2.295592e-04,  1.846202e-04, -1.421057e-04,  1.992379e-02,  1.723587e-02, -4.249850e-03, -1.603165e-02,  5.670223e-03,
    94, PROP1,       MAT1,    SB3,   3,     2.7000,    3.5000,  2.032243e-04,  1.575318e-04, -7.821120e-05,  1.754978e-02,  1.481680e-02, -2.339004e-03, -1.603165e-02,  5.670223e-03,
    95, PROP1,       MAT1,    SB3,   0,     2.5000,    3.8333,  1.074131e-04,  1.206107e-04,  4.671396e-05,  9.834312e-03,  1.062369e-02,  1.397039e-03,  1.000992e-03,  3.534808e-02,
    95, PROP1,       MAT1,    SB3,   1,     2.3000,    3.9000,  9.498575e-05,  8.831560e-05,  5.757597e-05,  8.422263e-03,  8.023305e-03,  1.721881e-03,  1.000992e-03,  3.534808e-02,
    95, PROP1,       MAT1,    SB3,   2,     2.5000,    3.7000,  1.253507e-04,  1.667361e-04,  5.831369e-05,  1.186515e-02,  1.434051e-02,  1.743944e-03,  1.000992e-03,  3.534808e-02,
    95, PROP1,       MAT1,    SB3,   3,     2.7000,    3.9000,  1.095903e-04,  8.371767e-05,  1.145058e-05,  9.445428e-03,  7.897922e-03,  3.424440e-04,  1.000992e-03,  3.534808e-02,
    96, PROP1,       MAT1,    SB3,   0,     2.1667,    3.5000,  1.617784e-04,  1.029678e-04,  1.591440e-04,  1.363515e-02,  1.011754e-02,  4.759400e-03, -1.938232e-02, -3.408455e-02,
    96, PROP1,       MAT1,    SB3,   1,     2.1000,    3.3000,  1.022327e-04,  9.464082e-06,  1.751320e-04,  7.785006e-03,  2.236286e-03,  5.237540e-03, -1.938232e-02, -3.408455e-02,
    96, PROP1,       MAT1,    SB3,   2,     2.3000,    3.5000,  1.870702e-04,  1.128035e-04,  1.686984e-04,  1.567318e-02,  1.123111e-02,  5.045135e-03, -1.938232e-02, -3.408455e-02,
    96, PROP1,       MAT1,    SB3,   3,     2.1000,    3.7000,  1.833864e-04,  1.908511e-04,  2.004238e-04,  1.656482e-02,  1.701130e-02,  5.993923e-03, -1.938232e-02, -3.408455e-02,
    97, PROP1,       MAT1,    SB3,   0,     3.5000,    3.1667,  1.744487e-04,  2.033684e-04, -2.334024e-04,  1.608376e-02,  1.781352e-02, -6.980190e-03, -1.710453e-02,  1.306390e-02,
    97, PROP1,       MAT1,    SB3,   1,     3.7000,    3.1000,  2.088950e-04,  2.379562e-04, -2.445168e-04,  1.917636e-02,  2.091458e-02, -7.312581e-03, -1.710453e-02,  1.306390e-02,
    97, PROP1,       MAT1,    SB3,   2,     3.5000,    3.3000,  1.678193e-04,  1.863215e-04, -2.138876e-04,  1.533320e-02,  1.643986e-02, -6.396576e-03, -1.710453e-02,  1.306390e-02,
    97, PROP1,       MAT1,    SB3,   3,     3.3000,    3.1000,  1.437905e-04,  1.943511e-04, -2.274699e-04,  1.365674e-02,  1.668090e-02, -6.802770e-03, -1.710453e-02,  1.306390e-02,
    98, PROP1,       MAT1,    SB3,   0,     3.8333,    3.5000,  1.706962e-04,  1.876780e-04, -2.745070e-04,  1.556858e-02,  1.658431e-02, -8.209476e-03, -6.135004e-03,  7.868825e-03,
    98, PROP1,       MAT1,    SB3,   1,     3.9000,    3.3000,  1.879357e-04,  1.926957e-04, -2.938969e-04,  1.693254e-02,  1.721724e-02, -8.789354e-03, -6.135004e-03,  7.868825e-03,
    98, PROP1,       MAT1,    SB3,   2,     3.9000,    3.7000,  1.654650e-04,  1.844393e-04, -2.858914e-04,  1.512904e-02,  1.626394e-02, -8.549939e-03, -6.135004e-03,  7.868825e-03,
    98, PROP1,       MAT1,    SB3,   3,     3.7000,    3.5000,  1.626907e-04,  1.845648e-04, -2.532091e-04,  1.492349e-02,  1.623183e-02, -7.572533e-03, -6.135004e-03,  7.868825e-03,
    99, PROP1,       MAT1,    SB3,   0,     3.5000,    3.8333,  1.202302e-04,  1.549985e-04, -1.952465e-04,  1.130680e-02,  1.338638e-02, -5.839090e-03,  3.891217e-03,  1.641456e-02,
    99, PROP1,       MAT1,    SB3,   1,     3.3000,    3.9000,  1.207614e-04,  1.443935e-04, -1.910078e-04,  1.118794e-02,  1.260143e-02, -5.712327e-03,  3.891217e-03,  1.641456e-02,
    99, PROP1,       MAT1,    SB3,   2,     3.5000,    3.7000,  1.285599e-04,  1.764177e-04, -1.857023e-04,  1.224986e-02,  1.511235e-02, -5.553658e-03,  3.891217e-03,  1.641456e-02,
    99, PROP1,       MAT1,    SB3,   3,     3.7000,    3.9000,  1.149391e-04,  1.334747e-04, -2.124270e-04,  1.058936e-02,  1.169802e-02, -6.352895e-03,  3.891217e-03,  1.641456e-02,
   100, PROP1,       MAT1,    SB3,   0,     3.1667,    3.5000,  1.232235e-04,  1.714480e-04, -1.769238e-04,  1.177657e-02,  1.466099e-02, -5.291127e-03, -9.485672e-03, -2.702691e-03,
   100, PROP1,       MAT1,    SB3,   1,     3.1000,    3.3000,  1.102159e-04,  1.674427e-04, -1.868115e-04,  1.074415e-02,  1.416703e-02, -5.586831e-03, -9.485672e-03, -2.702691e-03,
   100, PROP1,       MAT1,    SB3,   2,     3.3000,    3.5000,  1.356013e-04,  1.762616e-04, -1.709853e-04,  1.277398e-02,  1.520597e-02, -5.113529e-03, -9.485672e-03, -2.702691e-03,
   100, PROP1,       MAT1,    SB3,   3,     3.1000,    3.7000,  1.176645e-04,  1.727027e-04, -1.744337e-04,  1.137971e-02,  1.467168e-02, -5.216658e-03, -9.485672e-03, -2.702691e-03,
   101, PROP1,       MAT1,    SB3,   0,     4.5000,    3.1667,  1.998544e-04,  2.008332e-04, -3.494225e-04,  1.794533e-02,  1.800387e-02, -1.044992e-02, -4.072962e-03,  1.896906e-02,
   101, PROP1,       MAT1,    SB3,   1,     4.7000,    3.1000,  2.180195e-04,  2.237378e-04, -3.523872e-04,  1.964594e-02,  1.998797e-02, -1.053858e-02, -4.072962e-03,  1.896906e-02,
   101, PROP1,       MAT1,    SB3,   2,     4.5000,    3.3000,  1.902284e-04,  1.760806e-04, -3.534797e-04,  1.685550e-02,  1.600929e-02, -1.057125e-02, -4.072962e-03,  1.896906e-02,
   101, PROP1,       MAT1,    SB3,   3,     4.3000,    3.1000,  1.871900e-04,  2.150574e-04, -3.276347e-04,  1.721116e-02,  1.887798e-02, -9.798324e-03, -4.072962e-03,  1.896906e-02,
   102, PROP1,       MAT1,    SB3,   0,     4.8333,    3.5000,  1.548332e-04,  1.490614e-04, -4.607873e-04,  1.380513e-02,  1.345991e-02, -1.378042e-02,  9.867062e-03,  2.187546e-04,
   102, PROP1,       MAT1,    SB3,   1,     4.9000,    3.3000,  1.463516e-04,  1.399817e-04, -4.649374e-04,  1.303523e-02,  1.265423e-02, -1.390453e-02,  9.867062e-03,  2.187546e-04,
   102, PROP1,       MAT1,    SB3,   2,     4.9000,    3.7000,  1.440016e-04,  1.552798e-04, -4.778128e-04,  1.308829e-02,  1.376287e-02, -1.428959e-02,  9.867062e-03,  2.187546e-04,
   102, PROP1,       MAT1,    SB3,   3,     4.7000,    3.5000,  1.677086e-04,  1.540685e-04, -4.513770e-04,  1.484265e-02,  1.402679e-02, -1.349899e-02,  9.867062e-03,  2.187546e-04,
   103, PROP1,       MAT1,    SB3,   0,     4.5000,    3.8333,  1.227825e-04,  1.350607e-04, -4.127614e-04,  1.119949e-02,  1.193388e-02, -1.234414e-02, -9.264554e-05,  2.231973e-02,
   103, PROP1,       MAT1,    SB3,   1,     4.3000,    3.9000,  1.164165e-04,  1.134272e-04, -4.020501e-04,  1.040004e-02,  1.022125e-02, -1.202381e-02, -9.264554e-05,  2.231973e-02,
   103, PROP1,       MAT1,    SB3,   2,     4.5000,    3.7000,  1.341088e-04,  1.641855e-04, -4.095123e-04,  1.248182e-02,  1.428078e-02, -1.224698e-02, -9.264554e-05,  2.231973e-02,
   103, PROP1,       MAT1,    SB3,   3,     4.7000,    3.9000,  1.226763e-04,  1.130070e-04, -4.311749e-04,  1.086178e-02,  1.028344e-02, -1.289483e-02, -9.264554e-05,  2.231973e-02,
   104, PROP1,       MAT1,    SB3,   0,     4.1667,    3.5000,  1.670447e-04,  1.875916e-04, -3.228815e-04,  1.529428e-02,  1.652324e-02, -9.656175e-03,  6.516393e-03,  6.069165e-03,
   104, PROP1,       MAT1,    SB3,   1,     4.1000,    3.3000,  1.816486e-04,  1.956735e-04, -3.119350e-04,  1.650700e-02,  1.734586e-02, -9.328806e-03,  6.516393e-03,  6.069165e-03,
   104, PROP1,       MAT1,    SB3,   2,     4.3000,    3.5000,  1.585415e-04,  1.842848e-04, -3.348186e-04,  1.460909e-02,  1.614886e-02, -1.001317e-02,  6.516393e-03,  6.069165e-03,
   104, PROP1,       MAT1,    SB3,   3,     4.1000,    3.7000,  1.651955e-04,  1.813994e-04, -3.204382e-04,  1.506343e-02,  1.603263e-02, -9.583104e-03,  6.516393e-03,  6.069165e-03,
   105, PROP1,       MAT1,    SB3,   0,     5.5000,    3.1667,  1.749048e-04,  1.357293e-04, -5.086033e-04,  1.510644e-02,  1.276326e-02, -1.521042e-02,  1.576565e-03,  1.562445e-02,
   105, PROP1,       MAT1,    SB3,   1,     5.7000,    3.1000,  1.798668e-04,  1.483778e-04, -5.111031e-04,  1.566657e-02,  1.378313e-02, -1.528518e-02,  1.576565e-03,  1.562445e-02,
   105, PROP1,       MAT1,    SB3,   2,     5.5000,    3.3000,  1.669761e-04,  1.153411e-04, -5.168728e-04,  1.420878e-02,  1.112036e-02, -1.545773e-02,  1.576565e-03,  1.562445e-02,
   105, PROP1,       MAT1,    SB3,   3,     5.3000,    3.1000,  1.744735e-04,  1.536630e-04, -4.907149e-04,  1.534236e-02,  1.409764e-02, -1.467544e-02,  1.576565e-03,  1.562445e-02,
   106, PROP1,       MAT1,    SB3,   0,     5.8333,    3.5000,  1.172338e-04,  8.528645e-05, -6.215890e-04,  1.004036e-02,  8.129507e-03, -1.858940e-02,  1.665021e-02, -6.570672e-04,
   106, PROP1,       MAT1,    SB3,   1,     5.9000,    3.3000,  1.009297e-04,  7.416600e-05, -6.203833e-04,  8.655083e-03,  7.054281e-03, -1.855334e-02,  1.665021e-02, -6.570672e-04,
   106, PROP1,       MAT1,    SB3,   2,     5.9000,    3.7000,  1.009479e-04,  9.157875e-05, -6.421100e-04,  8.916820e-03,  8.356429e-03, -1.920310e-02,  1.665021e-02, -6.570672e-04,
   106, PROP1,       MAT1,    SB3,   3,     5.7000,    3.5000,  1.389605e-04,  9.373573e-05, -6.138703e-04,  1.179111e-02,  9.086104e-03, -1.835856e-02,  1.665021e-02, -6.570672e-04,
   107, PROP1,       MAT1,    SB3,   0,     5.5000,    3.8333,  1.034522e-04,  9.261124e-05, -6.114779e-04,  9.119497e-03,  8.471072e-03, -1.828701e-02,  7.882032e-04,  1.897512e-02,
   107, PROP1,       MAT1,    SB3,   1,     5.3000,    3.9000,  9.697833e-05,  7.562591e-05, -6.060518e-04,  8.381489e-03,  7.104347e-03, -1.812474e-02,  7.882032e-04,  1.897512e-02,
   107, PROP1,       MAT1,    SB3,   2,     5.5000,    3.7000,  1.130813e-04,  1.173717e-04, -6.046466e-04,  1.020967e-02,  1.046629e-02, -1.808271e-02,  7.882032e-04,  1.897512e-02,
   107, PROP1,       MAT1,    SB3,   3,     5.7000,    3.9000,  1.044238e-04,  7.245590e-05, -6.308123e-04,  8.890751e-03,  6.978672e-03, -1.886523e-02,  7.882032e-04,  1.897512e-02,
   108, PROP1,       MAT1,    SB3,   0,     5.1667,    3.5000,  1.603641e-04,  1.438131e-04, -4.985798e-04,  1.414018e-02,  1.315022e-02, -1.491065e-02,  1.329954e-02,  1.714053e-04,
   108, PROP1,       MAT1,    SB3,   1,     5.1000,    3.3000,  1.744758e-04,  1.381715e-04, -4.795435e-04,  1.511089e-02,  1.293944e-02, -1.434135e-02,  1.329954e-02,  1.714053e-04,
   108, PROP1,       MAT1,    SB3,   2,     5.3000,    3.5000,  1.430097e-04,  1.370642e-04, -5.077438e-04,  1.274175e-02,  1.238613e-02, -1.518471e-02,  1.329954e-02,  1.714053e-04,
   108, PROP1,       MAT1,    SB3,   3,     5.1000,    3.7000,  1.722842e-04,  1.533113e-04, -4.968979e-04,  1.517342e-02,  1.403860e-02, -1.486035e-02,  1.329954e-02,  1.714053e-04,
   109, PROP1,       MAT1,    SB3,   0,     6.5000,    3.1667,  7.923054e-05,  4.889502e-05, -6.139097e-04,  6.654854e-03,  4.840411e-03, -1.835974e-02,  8.495619e-03,  5.389083e-03,
   109, PROP1,       MAT1,    SB3,   1,     6.7000,    3.1000,  6.658983e-05,  4.303493e-05, -6.125450e-04,  5.622137e-03,  4.213259e-03, -1.831892e-02,  8.495619e-03,  5.389083e-03,
   109, PROP1,       MAT1,    SB3,   2,     6.5000,    3.3000,  7.649581e-05,  4.186286e-05, -6.267216e-04,  6.345237e-03,  4.273754e-03, -1.874289e-02,  8.495619e-03,  5.389083e-03,
   109, PROP1,       MAT1,    SB3,   3,     6.3000,    3.1000,  9.343396e-05,  6.530336e-05, -6.055128e-04,  7.962138e-03,  6.279576e-03, -1.810862e-02,  8.495619e-03,  5.389083e-03,
   110, PROP1,       MAT1,    SB3,   0,     6.8333,    3.5000,  2.320217e-05,  5.207497e-06, -6.999832e-04,  1.812593e-03,  7.362867e-04, -2.093387e-02,  2.298674e-02,  5.150375e-04,
   110, PROP1,       MAT1,    SB3,   1,     6.9000,    3.3000,  1.566865e-06,  1.013612e-06, -6.874732e-04,  1.323043e-04,  9.921289e-05, -2.055974e-02,  2.298674e-02,  5.150375e-04,
   110, PROP1,       MAT1,    SB3,   2,     6.9000,    3.7000, -1.553080e-07,  2.735786e-06, -7.174684e-04,  2.929685e-05,  2.022204e-04, -2.145679e-02,  2.298674e-02,  5.150375e-04,
   110, PROP1,       MAT1,    SB3,   3,     6.7000,    3.5000,  5.319735e-05,  1.687229e-05, -6.973042e-04,  4.229626e-03,  2.056934e-03, -2.085376e-02,  2.298674e-02,  5.150375e-04,
   111, PROP1,       MAT1,    SB3,   0,     6.5000,    3.8333,  4.929045e-05,  3.261943e-05, -7.479185e-04,  4.172994e-03,  3.175859e-03, -2.236744e-02,  4.451288e-03,  8.739752e-03,
   111, PROP1,       MAT1,    SB3,   1,     6.3000,    3.9000,  5.185012e-05,  3.025609e-05, -7.489687e-04,  4.329029e-03,  3.037437e-03, -2.239884e-02,  4.451288e-03,  8.739752e-03,
   111, PROP1,       MAT1,    SB3,   2,     6.5000,    3.7000,  5.372550e-05,  4.402385e-05, -7.375646e-04,  4.675115e-03,  4.094835e-03, -2.205779e-02,  4.451288e-03,  8.739752e-03,
   111, PROP1,       MAT1,    SB3,   3,     6.7000,    3.9000,  4.419647e-05,  1.787615e-05, -7.603731e-04,  3.571681e-03,  1.997397e-03, -2.273991e-02,  4.451288e-03,  8.739752e-03,
   112, PROP1,       MAT1,    SB3,   0,     6.1667,    3.5000,  1.045598e-04,  7.706603e-05, -6.489256e-04,  8.969853e-03,  7.325385e-03, -1.940693e-02,  1.963607e-02, -1.352119e-03,
   112, PROP1,       MAT1,    SB3,   1,     6.1000,    3.3000,  1.226058e-04,  7.236869e-05, -6.298136e-04,  1.024884e-02,  7.244030e-03, -1.883536e-02,  1.963607e-02, -1.352119e-03,
   112, PROP1,       MAT1,    SB3,   2,     6.3000,    3.5000,  7.893683e-05,  6.710156e-05, -6.530291e-04,  6.905139e-03,  6.197242e-03, -1.952965e-02,  1.963607e-02, -1.352119e-03,
   112, PROP1,       MAT1,    SB3,   3,     6.1000,    3.7000,  1.249481e-04,  8.745735e-05, -6.554365e-04,  1.064958e-02,  8.407168e-03, -1.960165e-02,  1.963607e-02, -1.352119e-03,
   113, PROP1,       MAT1,    SB3,   0,     0.5000,    4.1667,  6.619722e-07,  1.967378e-04,  3.288010e-04,  2.991337e-03,  1.471912e-02,  9.833204e-03, -1.653552e-02,  9.998006e-03,
   113, PROP1,       MAT1,    SB3,   1,     0.7000,    4.1000,  4.740673e-05,  2.260635e-04,  3.378661e-04,  6.924750e-03,  1.761066e-02,  1.010431e-02, -1.653552e-02,  9.998006e-03,
   113, PROP1,       MAT1,    SB3,   2,     0.5000,    4.3000, -4.411591e-06,  1.836914e-04,  3.319632e-04,  2.416926e-03,  1.366784e-02,  9.927774e-03, -1.653552e-02,  9.998006e-03,
   113, PROP1,       MAT1,    SB3,   3,     0.3000,    4.1000, -4.318361e-05,  1.869814e-04,  3.509124e-04, -4.326927e-04,  1.333405e-02,  1.049447e-02, -1.653552e-02,  9.998006e-03,
   114, PROP1,       MAT1,    SB3,   0,     0.8333,    4.5000,  9.887403e-06,  1.171111e-04,  2.537048e-04,  2.490415e-03,  8.903736e-03,  7.587361e-03,  7.597179e-03,  1.610388e-02,
   114, PROP1,       MAT1,    SB3,   1,     0.9000,    4.3000,  2.232805e-05,  1.525192e-04,  2.638931e-04,  3.950010e-03,  1.173707e-02,  7.892052e-03,  7.597179e-03,  1.610388e-02,
   114, PROP1,       MAT1,    SB3,   2,     0.9000,    4.7000, -1.742348e-05,  7.950008e-05,  2.539796e-04, -1.139030e-04,  5.683337e-03,  7.595577e-03,  7.597179e-03,  1.610388e-02,
   114, PROP1,       MAT1,    SB3,   3,     0.7000,    4.5000,  1.980089e-05,  1.209664e-04,  2.654203e-04,  3.289252e-03,  9.340213e-03,  7.937725e-03,  7.597179e-03,  1.610388e-02,
   115, PROP1,       MAT1,    SB3,   0,     0.5000,    4.8333,  3.024056e-06,  7.927403e-05,  2.670801e-04,  1.411490e-03,  5.972191e-03,  7.987365e-03,  1.209428e-03,  1.334867e-02,
   115, PROP1,       MAT1,    SB3,   1,     0.3000,    4.9000, -9.333721e-07,  6.823214e-05,  2.699480e-04,  9.504996e-04,  5.087462e-03,  8.073132e-03,  1.209428e-03,  1.334867e-02,
   115, PROP1,       MAT1,    SB3,   2,     0.5000,    4.7000,  9.797942e-06,  9.669259e-05,  2.733709e-04,  2.178406e-03,  7.375792e-03,  8.175498e-03,  1.209428e-03,  1.334867e-02,
   115, PROP1,       MAT1,    SB3,   3,     0.7000,    4.9000,  3.110692e-06,  6.418808e-05,  2.525294e-04,  1.192385e-03,  4.845576e-03,  7.552208e-03,  1.209428e-03,  1.334867e-02,
   116, PROP1,       MAT1,    SB3,   0,     0.1667,    4.5000, -6.960447e-06,  1.596597e-04,  2.818706e-04,  1.867009e-03,  1.183298e-02,  8.429691e-03,  4.246511e-03,  2.595274e-02,
   116, PROP1,       MAT1,    SB3,   1,     0.1000,    4.3000,  2.807322e-05,  2.294970e-04,  2.626221e-04,  5.530609e-03,  1.757827e-02,  7.854041e-03,  4.246511e-03,  2.595274e-02,
   116, PROP1,       MAT1,    SB3,   2,     0.3000,    4.5000, -1.250168e-05,  1.575048e-04,  2.747837e-04,  1.420493e-03,  1.158900e-02,  8.217749e-03,  4.246511e-03,  2.595274e-02,
   116, PROP1,       MAT1,    SB3,   3,     0.1000,    4.7000, -3.368226e-05,  9.105382e-05,  2.570808e-04, -1.156736e-03,  6.304040e-03,  7.688324e-03,  4.246511e-03,  2.595274e-02,
   117, PROP1,       MAT1,    SB3,   0,     1.5000,    4.1667,  6.610233e-05,  1.557511e-04,  2.246888e-04,  7.271148e-03,  1.263327e-02,  6.719599e-03, -8.138522e-03,  2.045624e-02,
   117, PROP1,       MAT1,    SB3,   1,     1.7000,    4.1000,  9.296606e-05,  1.852106e-04,  2.211139e-04,  9.720143e-03,  1.523752e-02,  6.612688e-03, -8.138522e-03,  2.045624e-02,
   117, PROP1,       MAT1,    SB3,   2,     1.5000,    4.3000,  5.572165e-05,  1.290580e-04,  2.244230e-04,  6.095884e-03,  1.048231e-02,  6.711652e-03, -8.138522e-03,  2.045624e-02,
   117, PROP1,       MAT1,    SB3,   3,     1.3000,    4.1000,  4.517041e-05,  1.663315e-04,  2.478071e-04,  5.864369e-03,  1.311131e-02,  7.410980e-03, -8.138522e-03,  2.045624e-02,
   118, PROP1,       MAT1,    SB3,   0,     1.8333,    4.5000,  3.804769e-05,  8.863297e-05,  1.251018e-04,  4.170000e-03,  7.195632e-03,  3.741326e-03,  5.837271e-03,  8.683975e-03,
   118, PROP1,       MAT1,    SB3,   1,     1.9000,    4.3000,  4.367962e-05,  1.018339e-04,  1.243500e-04,  4.788468e-03,  8.266819e-03,  3.718843e-03,  5.837271e-03,  8.683975e-03,
   118, PROP1,       MAT1,    SB3,   2,     1.9000,    4.7000,  2.099027e-05,  7.373942e-05,  1.167330e-04,  2.671985e-03,  5.827044e-03,  3.491047e-03,  5.837271e-03,  8.683975e-03,
   118, PROP1,       MAT1,    SB3,   3,     1.7000,    4.5000,  4.566470e-05,  9.159514e-05,  1.378258e-04,  4.783783e-03,  7.530998e-03,  4.121852e-03,  5.837271e-03,  8.683975e-03,
   119, PROP1,       MAT1,    SB3,   0,     1.5000,    4.8333,  5.393302e-06,  4.694949e-05,  1.853331e-04,  1.105275e-03,  3.590855e-03,  5.542617e-03,  4.761408e-04,  2.380691e-02,
   119, PROP1,       MAT1,    SB3,   1,     1.3000,    4.9000,  1.145533e-06,  2.444648e-05,  1.985661e-04,  4.511978e-04,  1.844886e-03,  5.938367e-03,  4.761408e-04,  2.380691e-02,
   119, PROP1,       MAT1,    SB3,   2,     1.5000,    4.7000,  1.747430e-05,  7.801491e-05,  1.878097e-04,  2.473043e-03,  6.094129e-03,  5.616684e-03,  4.761408e-04,  2.380691e-02,
   119, PROP1,       MAT1,    SB3,   3,     1.7000,    4.9000,  2.737644e-06,  2.285437e-05,  1.675007e-04,  5.464259e-04,  1.749658e-03,  5.009317e-03,  4.761408e-04,  2.380691e-02,
   120, PROP1,       MAT1,    SB3,   0,     1.1667,    4.5000,  3.268886e-05,  1.148267e-04,  2.491807e-04,  4.161022e-03,  9.073893e-03,  7.452060e-03,  2.486602e-03,  1.642241e-02,
   120, PROP1,       MAT1,    SB3,   1,     1.1000,    4.3000,  5.553074e-05,  1.511643e-04,  2.471100e-04,  6.412169e-03,  1.213225e-02,  7.390135e-03,  2.486602e-03,  1.642241e-02,
   120, PROP1,       MAT1,    SB3,   2,     1.3000,    4.5000,  2.944412e-05,  1.135649e-04,  2.358085e-04,  3.899558e-03,  8.931031e-03,  7.052147e-03,  2.486602e-03,  1.642241e-02,
   120, PROP1,       MAT1,    SB3,   3,     1.1000,    4.7000,  1.471410e-05,  7.921023e-05,  2.438653e-04,  2.284550e-03,  6.142224e-03,  7.293097e-03,  2.486602e-03,  1.642241e-02,
   121, PROP1,       MAT1,    SB3,   0,     2.5000,    4.1667,  9.389286e-05,  1.337146e-04,  2.082497e-05,  9.019409e-03,  1.140124e-02,  6.227967e-04, -1.056695e-03,  2.433232e-02,
   121, PROP1,       MAT1,    SB3,   1,     2.7000,    4.1000,  1.012828e-04,  1.586691e-04,  7.211708e-06,  9.945070e-03,  1.337749e-02,  2.156751e-04, -1.056695e-03,  2.433232e-02,
   121, PROP1,       MAT1,    SB3,   2,     2.5000,    4.3000,  8.154524e-05,  1.019635e-04,  1.992818e-05,  7.621454e-03,  8.842724e-03,  5.959771e-04, -1.056695e-03,  2.433232e-02,
   121, PROP1,       MAT1,    SB3,   3,     2.3000,    4.1000,  9.355870e-05,  1.563866e-04,  3.896273e-05,  9.333442e-03,  1.309133e-02,  1.165229e-03, -1.056695e-03,  2.433232e-02,
   122, PROP1,       MAT1,    SB3,   0,     2.8333,    4.5000,  4.928614e-05,  8.135328e-05, -6.945745e-05,  4.901395e-03,  6.819411e-03, -2.077212e-03,  2.853478e-03,  6.768060e-03,
   122, PROP1,       MAT1,    SB3,   1,     2.9000,    4.3000,  5.567933e-05,  8.879113e-05, -7.520204e-05,  5.490605e-03,  7.471104e-03, -2.249011e-03,  2.853478e-03,  6.768060e-03,
   122, PROP1,       MAT1,    SB3,   2,     2.9000,    4.7000,  3.730775e-05,  7.308799e-05, -7.892551e-05,  3.882231e-03,  6.022337e-03, -2.360366e-03,  2.853478e-03,  6.768060e-03,
   122, PROP1,       MAT1,    SB3,   3,     2.7000,    4.5000,  5.300962e-05,  8.280130e-05, -5.602375e-05,  5.201436e-03,  6.983350e-03, -1.675460e-03,  2.853478e-03,  6.768060e-03,
   123, PROP1,       MAT1,    SB3,   0,     2.5000,    4.8333,  6.271402e-06,  3.430286e-05,  1.114252e-05,  9.818202e-04,  2.658452e-03,  3.332309e-04,  1.471847e-05,  2.768299e-02,
   123, PROP1,       MAT1,    SB3,   1,     2.3000,    4.9000,  2.233097e-06,  7.235012e-06,  2.913306e-05,  2.751449e-04,  5.743220e-04,  8.712607e-04,  1.471847e-05,  2.768299e-02,
   123, PROP1,       MAT1,    SB3,   2,     2.5000,    4.7000,  2.031934e-05,  7.042614e-05,  1.121907e-05,  2.572279e-03,  5.569292e-03,  3.355204e-04,  1.471847e-05,  2.768299e-02,
   123, PROP1,       MAT1,    SB3,   3,     2.7000,    4.9000,  2.282312e-06,  7.185796e-06, -6.990210e-06,  2.780886e-04,  5.713783e-04, -2.090510e-04,  1.471847e-05,  2.768299e-02,
   124, PROP1,       MAT1,    SB3,   0,     2.1667,    4.5000,  5.011904e-05,  8.742321e-05,  9.400390e-05,  5.054432e-03,  7.285688e-03,  2.811304e-03, -4.971909e-04,  9.092253e-03,
   124, PROP1,       MAT1,    SB3,   1,     2.1000,    4.3000,  6.165973e-05,  1.007157e-04,  1.002118e-04,  6.116043e-03,  8.452081e-03,  2.996958e-03, -4.971909e-04,  9.092253e-03,
   124, PROP1,       MAT1,    SB3,   2,     2.3000,    4.5000,  5.076782e-05,  8.767552e-05,  7.915630e-05,  5.106711e-03,  7.314252e-03,  2.367268e-03, -4.971909e-04,  9.092253e-03,
   124, PROP1,       MAT1,    SB3,   3,     2.1000,    4.7000,  3.760519e-05,  7.398651e-05,  1.008605e-04,  3.917905e-03,  6.093963e-03,  3.016360e-03, -4.971909e-04,  9.092253e-03,
   125, PROP1,       MAT1,    SB3,   0,     3.5000,    4.1667,  1.102214e-04,  1.342931e-04, -2.092689e-04,  1.024887e-02,  1.168866e-02, -6.258449e-03,  2.374779e-03,  2.776587e-02,
   125, PROP1,       MAT1,    SB3,   1,     3.7000,    4.1000,  1.088006e-04,  1.585426e-04, -2.282380e-04,  1.050525e-02,  1.348045e-02, -6.825743e-03,  2.374779e-03,  2.776587e-02,
   125, PROP1,       MAT1,    SB3,   2,     3.5000,    4.3000,  9.613138e-05,  9.806169e-05, -2.109255e-04,  8.653652e-03,  8.769108e-03, -6.307991e-03,  2.374779e-03,  2.776587e-02,
   125, PROP1,       MAT1,    SB3,   3,     3.3000,    4.1000,  1.196936e-04,  1.643907e-04, -1.920066e-04,  1.140712e-02,  1.408057e-02, -5.742196e-03,  2.374779e-03,  2.776587e-02,
   126, PROP1,       MAT1,    SB3,   0,     3.8333,    4.5000,  5.571433e-05,  8.273135e-05, -3.007634e-04,  5.402609e-03,  7.018564e-03, -8.994706e-03,  1.893916e-03,  7.187569e-03,
   126, PROP1,       MAT1,    SB3,   1,     3.9000,    4.3000,  6.364474e-05,  9.053605e-05, -3.079444e-04,  6.112236e-03,  7.720672e-03, -9.209462e-03,  1.893916e-03,  7.187569e-03,
   126, PROP1,       MAT1,    SB3,   2,     3.9000,    4.7000,  4.407688e-05,  7.437745e-05, -3.104158e-04,  4.407611e-03,  6.219964e-03, -9.283371e-03,  1.893916e-03,  7.187569e-03,
   126, PROP1,       MAT1,    SB3,   3,     3.7000,    4.5000,  5.818568e-05,  8.369243e-05, -2.862030e-04,  5.601752e-03,  7.127374e-03, -8.559258e-03,  1.893916e-03,  7.187569e-03,
   127, PROP1,       MAT1,    SB3,   0,     3.5000,    4.8333,  7.049250e-06,  2.871602e-05, -2.080070e-04,  9.564358e-04,  2.252379e-03, -6.220711e-03, -2.043080e-04,  3.111654e-02,
   127, PROP1,       MAT1,    SB3,   1,     3.3000,    4.9000,  2.879311e-06, -2.078326e-06, -1.867184e-04,  1.841960e-04, -1.123326e-04, -5.584048e-03, -2.043080e-04,  3.111654e-02,
   127, PROP1,       MAT1,    SB3,   2,     3.5000,    4.7000,  2.283957e-05,  6.931970e-05, -2.090697e-04,  2.744161e-03,  5.524254e-03, -6.252492e-03, -2.043080e-04,  3.111654e-02,
   127, PROP1,       MAT1,    SB3,   3,     3.7000,    4.9000,  2.196149e-06, -1.395164e-06, -2.273221e-04,  1.433344e-04, -7.147103e-05, -6.798352e-03, -2.043080e-04,  3.111654e-02,
   128, PROP1,       MAT1,    SB3,   0,     3.1667,    4.5000,  6.079723e-05,  8.103686e-05, -1.114034e-04,  5.757297e-03,  6.967880e-03, -3.331658e-03, -1.456752e-03,  7.428896e-03,
   128, PROP1,       MAT1,    SB3,   1,     3.1000,    4.3000,  6.966219e-05,  8.757238e-05, -1.015558e-04,  6.517818e-03,  7.589071e-03, -3.037152e-03, -1.456752e-03,  7.428896e-03,
   128, PROP1,       MAT1,    SB3,   2,     3.3000,    4.5000,  6.269814e-05,  8.177610e-05, -1.282744e-04,  5.910474e-03,  7.051575e-03, -3.836207e-03, -1.456752e-03,  7.428896e-03,
   128, PROP1,       MAT1,    SB3,   3,     3.1000,    4.7000,  4.908092e-05,  7.407893e-05, -9.965486e-05,  4.777277e-03,  6.272470e-03, -2.980303e-03, -1.456752e-03,  7.428896e-03,
   129, PROP1,       MAT1,    SB3,   0,     4.5000,    4.1667,  1.114705e-04,  1.260433e-04, -4.243814e-04,  1.021890e-02,  1.109053e-02, -1.269166e-02, -3.154123e-04,  2.761328e-02,
   129, PROP1,       MAT1,    SB3,   1,     4.7000,    4.1000,  1.182316e-04,  1.532298e-04, -4.396224e-04,  1.113092e-02,  1.322426e-02, -1.314746e-02, -3.154123e-04,  2.761328e-02,
   129, PROP1,       MAT1,    SB3,   2,     4.5000,    4.3000,  9.745793e-05,  9.001093e-05, -4.264717e-04,  8.632447e-03,  8.187024e-03, -1.275417e-02, -3.154123e-04,  2.761328e-02,
   129, PROP1,       MAT1,    SB3,   3,     4.3000,    4.1000,  1.127166e-04,  1.529051e-04, -4.035900e-04,  1.071374e-02,  1.311751e-02, -1.206986e-02, -3.154123e-04,  2.761328e-02,
   130, PROP1,       MAT1,    SB3,   0,     4.8333,    4.5000,  5.501721e-05,  6.901866e-05, -5.334471e-04,  5.145441e-03,  5.982903e-03, -1.595340e-02,  4.799054e-03,  5.496463e-03,
   130, PROP1,       MAT1,    SB3,   1,     4.9000,    4.3000,  5.815230e-05,  7.135289e-05, -5.408724e-04,  5.414741e-03,  6.204302e-03, -1.617547e-02,  4.799054e-03,  5.496463e-03,
   130, PROP1,       MAT1,    SB3,   2,     4.9000,    4.7000,  4.248877e-05,  6.529283e-05, -5.471347e-04,  4.153031e-03,  5.516999e-03, -1.636275e-02,  4.799054e-03,  5.496463e-03,
   130, PROP1,       MAT1,    SB3,   3,     4.7000,    4.5000,  6.127945e-05,  7.145398e-05, -5.187365e-04,  5.650057e-03,  6.258621e-03, -1.551346e-02,  4.799054e-03,  5.496463e-03,
   131, PROP1,       MAT1,    SB3,   0,     4.5000,    4.8333,  7.014683e-06,  2.419051e-05, -4.466507e-04,  8.861808e-04,  1.913510e-03, -1.335765e-02,  1.826877e-04,  3.096395e-02,
   131, PROP1,       MAT1,    SB3,   1,     4.3000,    4.9000,  2.219852e-06, -5.807491e-06, -4.273308e-04,  7.912847e-05, -4.010070e-04, -1.277986e-02,  1.826877e-04,  3.096395e-02,
   131, PROP1,       MAT1,    SB3,   2,     4.5000,    4.7000,  2.272757e-05,  6.459508e-05, -4.457005e-04,  2.665140e-03,  5.169340e-03, -1.332923e-02,  1.826877e-04,  3.096395e-02,
   131, PROP1,       MAT1,    SB3,   3,     4.7000,    4.9000,  2.830720e-06, -6.418359e-06, -4.677354e-04,  1.156660e-04, -4.375445e-04, -1.398821e-02,  1.826877e-04,  3.096395e-02,
   132, PROP1,       MAT1,    SB3,   0,     4.1667,    4.5000,  6.270889e-05,  8.197417e-05, -3.430969e-04,  5.914239e-03,  7.066544e-03, -1.026074e-02,  1.448385e-03,  7.520381e-03,
   132, PROP1,       MAT1,    SB3,   1,     4.1000,    4.3000,  7.446674e-05,  8.970704e-05, -3.321278e-04,  6.908953e-03,  7.820514e-03, -9.932697e-03,  1.448385e-03,  7.520381e-03,
   132, PROP1,       MAT1,    SB3,   2,     4.3000,    4.5000,  6.081891e-05,  8.123917e-05, -3.593885e-04,  5.761943e-03,  6.983330e-03, -1.074796e-02,  1.448385e-03,  7.520381e-03,
   132, PROP1,       MAT1,    SB3,   3,     4.1000,    4.7000,  5.378602e-05,  7.466129e-05, -3.340178e-04,  5.137765e-03,  6.386367e-03, -9.989219e-03,  1.448385e-03,  7.520381e-03,
   133, PROP1,       MAT1,    SB3,   0,     5.5000,    4.1667,  9.410114e-05,  9.390103e-05, -6.319305e-04,  8.439645e-03,  8.427675e-03, -1.889867e-02,  1.990776e-04,  2.230202e-02,
   133, PROP1,       MAT1,    SB3,   1,     5.7000,    4.1000,  1.000724e-04,  1.151273e-04, -6.423726e-04,  9.203490e-03,  1.010396e-02, -1.921096e-02,  1.990776e-04,  2.230202e-02,
   133, PROP1,       MAT1,    SB3,   2,     5.5000,    4.3000,  8.278381e-05,  6.479932e-05, -6.356975e-04,  7.158336e-03,  6.082638e-03, -1.901133e-02,  1.990776e-04,  2.230202e-02,
   133, PROP1,       MAT1,    SB3,   3,     5.3000,    4.1000,  9.459690e-05,  1.163274e-04, -6.132709e-04,  8.812054e-03,  1.011181e-02, -1.834063e-02,  1.990776e-04,  2.230202e-02,
   134, PROP1,       MAT1,    SB3,   0,     5.8333,    4.5000,  4.125550e-05,  4.307964e-05, -7.348395e-04,  3.728668e-03,  3.837775e-03, -2.197629e-02,  7.685139e-03,  3.073336e-03,
   134, PROP1,       MAT1,    SB3,   1,     5.9000,    4.3000,  3.843482e-05,  4.076699e-05, -7.395134e-04,  3.483197e-03,  3.622690e-03, -2.211607e-02,  7.685139e-03,  3.073336e-03,
   134, PROP1,       MAT1,    SB3,   2,     5.9000,    4.7000,  2.903378e-05,  4.316378e-05, -7.495416e-04,  2.816162e-03,  3.661313e-03, -2.241598e-02,  7.685139e-03,  3.073336e-03,
   134, PROP1,       MAT1,    SB3,   3,     5.7000,    4.5000,  5.128377e-05,  4.697952e-05, -7.233287e-04,  4.536753e-03,  4.279306e-03, -2.163205e-02,  7.685139e-03,  3.073336e-03,
   135, PROP1,       MAT1,    SB3,   0,     5.5000,    4.8333,  5.811452e-06,  1.536906e-05, -6.736305e-04,  6.643123e-04,  1.235977e-03, -2.014576e-02,  4.301533e-04,  2.565269e-02,
   135, PROP1,       MAT1,    SB3,   1,     5.3000,    4.9000,  1.372953e-06, -9.017241e-06, -6.589711e-04, -3.218623e-05, -6.536497e-04, -1.970735e-02,  4.301533e-04,  2.565269e-02,
   135, PROP1,       MAT1,    SB3,   2,     5.5000,    4.7000,  1.882910e-05,  4.884302e-05, -6.713931e-04,  2.138125e-03,  3.933333e-03, -2.007885e-02,  4.301533e-04,  2.565269e-02,
   135, PROP1,       MAT1,    SB3,   3,     5.7000,    4.9000,  2.811292e-06, -1.045558e-05, -6.924451e-04,  5.384442e-05, -7.396803e-04, -2.070844e-02,  4.301533e-04,  2.565269e-02,
   136, PROP1,       MAT1,    SB3,   0,     5.1667,    4.5000,  5.789802e-05,  6.694952e-05, -5.759978e-04,  5.329886e-03,  5.871279e-03, -1.722593e-02,  4.334470e-03,  5.256526e-03,
   136, PROP1,       MAT1,    SB3,   1,     5.1000,    4.3000,  6.957065e-05,  7.100915e-05, -5.637722e-04,  6.263302e-03,  6.349342e-03, -1.686031e-02,  4.334470e-03,  5.256526e-03,
   136, PROP1,       MAT1,    SB3,   2,     5.3000,    4.5000,  5.224201e-05,  6.474996e-05, -5.894603e-04,  4.874121e-03,  5.622253e-03, -1.762855e-02,  4.334470e-03,  5.256526e-03,
   136, PROP1,       MAT1,    SB3,   3,     5.1000,    4.7000,  5.470942e-05,  6.414679e-05, -5.694282e-04,  5.049579e-03,  5.614051e-03, -1.702946e-02,  4.334470e-03,  5.256526e-03,
   137, PROP1,       MAT1,    SB3,   0,     6.5000,    4.1667,  4.515160e-05,  3.816842e-05, -7.731180e-04,  3.946524e-03,  3.528843e-03, -2.312106e-02,  3.953486e-03,  9.529825e-03,
   137, PROP1,       MAT1,    SB3,   1,     6.7000,    4.1000,  4.187421e-05,  4.213725e-05, -7.749877e-04,  3.760835e-03,  3.776568e-03, -2.317698e-02,  3.953486e-03,  9.529825e-03,
   137, PROP1,       MAT1,    SB3,   2,     6.5000,    4.3000,  4.031561e-05,  2.573304e-05, -7.808826e-04,  3.399011e-03,  2.526791e-03, -2.335327e-02,  3.953486e-03,  9.529825e-03,
   137, PROP1,       MAT1,    SB3,   3,     6.3000,    4.1000,  5.119240e-05,  5.285265e-05, -7.625523e-04,  4.617744e-03,  4.717048e-03, -2.280508e-02,  3.953486e-03,  9.529825e-03,
   138, PROP1,       MAT1,    SB3,   0,     6.8333,    4.5000,  5.798595e-06,  2.708306e-06, -8.423663e-04,  4.740333e-04,  2.891953e-04, -2.519202e-02,  1.195490e-02,  6.888861e-04,
   138, PROP1,       MAT1,    SB3,   1,     6.9000,    4.3000, -4.749546e-06, -1.767524e-07, -8.378936e-04, -3.577458e-04, -8.423556e-05, -2.505826e-02,  1.195490e-02,  6.888861e-04,
   138, PROP1,       MAT1,    SB3,   2,     6.9000,    4.7000, -7.053031e-06,  2.126733e-06, -8.534934e-04, -4.955230e-04,  5.354167e-05, -2.552479e-02,  1.195490e-02,  6.888861e-04,
   138, PROP1,       MAT1,    SB3,   3,     6.7000,    4.5000,  2.139844e-05,  8.774913e-06, -8.387831e-04,  1.731080e-03,  9.760354e-04, -2.508486e-02,  1.195490e-02,  6.888861e-04,
   139, PROP1,       MAT1,    SB3,   0,     6.5000,    4.8333,  2.917993e-06,  3.170202e-06, -8.399476e-04,  2.655700e-04,  2.806553e-04, -2.511968e-02,  5.985848e-04,  1.288049e-02,
   139, PROP1,       MAT1,    SB3,   1,     6.3000,    4.9000,  4.970872e-08, -8.434758e-06, -8.344348e-04, -1.224095e-04, -6.298866e-04, -2.495482e-02,  5.985848e-04,  1.288049e-02,
   139, PROP1,       MAT1,    SB3,   2,     6.5000,    4.7000,  9.454296e-06,  1.997784e-05, -8.368340e-04,  1.005588e-03,  1.635027e-03, -2.502657e-02,  5.985848e-04,  1.288049e-02,
   139, PROP1,       MAT1,    SB3,   3,     6.7000,    4.9000,  2.051246e-06, -1.043629e-05, -8.512425e-04, -2.692531e-06, -7.496036e-04, -2.545747e-02,  5.985848e-04,  1.288049e-02,
   140, PROP1,       MAT1,    SB3,   0,     6.1667,    4.5000,  4.151192e-05,  3.938939e-05, -7.670801e-04,  3.692659e-03,  3.565705e-03, -2.294049e-02,  8.604236e-03,  2.387738e-03,
   140, PROP1,       MAT1,    SB3,   1,     6.1000,    4.3000,  5.348688e-05,  4.058475e-05, -7.550896e-04,  4.605849e-03,  3.834140e-03, -2.258190e-02,  8.604236e-03,  2.387738e-03,
   140, PROP1,       MAT1,    SB3,   2,     6.3000,    4.5000,  3.028433e-05,  3.502310e-05, -7.750248e-04,  2.787932e-03,  3.071369e-03, -2.317809e-02,  8.604236e-03,  2.387738e-03,
   140, PROP1,       MAT1,    SB3,   3,     6.1000,    4.7000,  4.637834e-05,  4.068904e-05, -7.663172e-04,  4.075934e-03,  3.735643e-03, -2.291767e-02,  8.604236e-03,  2.387738e-03,
