*HEADING
Ultimate limit reinforced concrete cantilever column
*NODE
        1,   0.0000000,  0.0
        2,   0.0,    0.25
        3,   0.0,    0.50
        4,   0.0,    0.75
        5,   0.0,    1.00
        6,   0.0,    1.25
        7,   0.0,    1.50
        8,   0.0,    1.75
        9,   0.0,    2.00
        10,  0.0,    2.25
        11,  0.0,    2.50
        12,  0.0,    2.75
        13,   0.0,   3.00
        14,   0.0,   3.25
        15,   0.0,   3.50
        16,   0.0,   3.75
        17,   0.0,   4.00
        18,   0.0,   4.25
        19,   0.0,   4.50
        20,   0.0,   4.75
        21,   0.0,   5.00
*BEAM SECTION, SECTION=RECT, ELSET=PROP1, MATERIAL=MAT2
   0.2, 0.4
 0.1256637062e-2, -0.15,   0.06285, 0.0, TensionStiffening rho, betat!   
 0.1256637062e-2,  0.15,   0.06285, 0.0, TensionStiffening rho, betat!   
*MATERIAL, NAME=MAT1
*RCBEAM
  33000.0, 38.,    -0.0023, -0.0045, 3.0, 50, 1.e-5, 2.0, 6.931471806e-3
 200000.0, 0.2, 500.0, 525.0, 0.02500, 1.e-5 
**31900.0, 21.675, -0.0023, -0.0035, 3.0, 0, 1.e-5, 2.0, 6.931471806e-3, Kriechen!
** 200000.0, 0.2, 500.0, 540.0, 0.0500, 1.e-5 
*MATERIAL, NAME=MAT2
*ELASTIC
    33000.0, 0.2
***ELEMENT, TYPE=B23, ELSET=PROP1
**        1,       1,       3
**        2,       3,       5
**        3,       5,       7
**        4,       7,       9
**        5,       9,      11
**        6,      11,      13
**        7,      13,      15
**        8,      15,      17
**        9,      17,      19
**       10,      19,      21
*ELEMENT, TYPE=B23E, ELSET=PROP1
        1,       1,   2,    3
        2,       3,   4,    5
        3,       5,   6,    7
        4,       7,   8,    9
        5,       9,  10,    11
        6,      11,  12,    13
        7,      13,  14,    15
        8,      15,  16,    17
        9,      17,  18,    19
       10,      19,  20,    21
************************************************************
*STEP, NLGEOM=YES
*CONTROLS, PARAMETERS=FIELD
   1.e-5
*CONTROLS, PARAMETERS=TIME INCREMENTATION
   2000
*STATIC, RIKS
   0.01,    1.0, 0.002
*BOUNDARY
        1,   1,   1,     0.0
        1,   2,   2,     0.0
        1,   6,   6,     0.0
*CLOAD
        21,  2,   -2.0
        21,  6,  -0.0639
**        21,  6,  -0.0639
*EL FILE, FREQUENCY=0.25
S
E
*NODE FILE, FREQUENCY=0.25
U
*END STEP
**************************************************************
