   -0.00029307   -0.02437153  0       1
   -0.00058614   -0.04874307  0       2
   -0.00087920   -0.07311460  0       3
   -0.00117227   -0.09748614  0       4
   -0.00146534   -0.12185767  0       5
   -0.00175841   -0.14622921  0       6
   -0.00205147   -0.17060074  0       7
   -0.00234454   -0.19497228  0       8
   -0.00263761   -0.21934381  0       9
   -0.00293068   -0.24371535  0      10
   -0.00322375   -0.26808688  0      11
   -0.00351681   -0.29245842  0      12
   -0.00380988   -0.31682995  0      13
   -0.00410295   -0.34120149  0      14
   -0.00439709   -0.36393713  0      15
   -0.00468941   -0.38595728  0      16
   -0.00498173   -0.40797743  0      17
   -0.00525311   -0.41636608  0      18
   -0.00550988   -0.41909767  0      19
   -0.00576665   -0.42182926  0      20
   -0.00602342   -0.42456085  0      21
   -0.00628018   -0.42729244  0      22
   -0.00653695   -0.43002403  0      23
   -0.00679372   -0.43275562  0      24
   -0.00705049   -0.43548721  0      25
   -0.00730726   -0.43821880  0      26
   -0.00758637   -0.44008897  0      27
   -0.00787930   -0.44017557  0      28
   -0.00817223   -0.44026216  0      29
   -0.00846516   -0.44034876  0      30
   -0.00875809   -0.44043536  0      31
   -0.00905162   -0.44051846  0      32
   -0.00932392   -0.44055837  0      33
   -0.00959622   -0.44059828  0      34
   -0.00986852   -0.44063819  0      35
   -0.01014082   -0.44067810  0      36
   -0.01041312   -0.44071800  0      37
   -0.01068541   -0.44075791  0      38
   -0.01095771   -0.44079782  0      39
   -0.01123001   -0.44083773  0      40
   -0.01150231   -0.44087764  0      41
   -0.01177461   -0.44091755  0      42
   -0.01204691   -0.44095746  0      43
   -0.01231920   -0.44099737  0      44
   -0.01259150   -0.44103727  0      45
