ConFem  ../DataExamples/E05/E5-03
symmetric system True, used LinAlg2 True, used ConFemMatC True, used CaeFemElemC True
ndofs 18, elems 14, active nodes 9, abs.size 0.09 MItems, rel.size 0.2932 (abs.size/(ndofs**2)
used material MAT3, spec. inertial mass 0.00e+00, type MISES
used material MAT2, spec. inertial mass 0.00e+00, type MISES
0 step starts, solution type NR
0   1 1.000 0.00000 iter 0 0.000000e+00 1.000000e+00    0.000000e+00
0   1 1.000 0.05526 iter 1 1.976341e-16 1.000000e+00    5.000000e-04
0   2 1.000 0.05526 iter 0 1.976341e-16 1.000000e+00    0.000000e+00
0   2 1.000 0.11053 iter 1 4.393617e-16 1.000000e+00    5.000000e-04
0   3 1.000 0.11053 iter 0 4.393617e-16 1.000000e+00    0.000000e+00
0   3 1.000 0.16579 iter 1 4.552480e-16 1.000000e+00    5.000000e-04
0   4 1.000 0.16579 iter 0 4.552480e-16 1.000000e+00    0.000000e+00
0   4 1.000 0.22106 iter 1 1.095300e-16 1.000000e+00    5.000000e-04
0   5 1.000 0.22106 iter 0 1.095300e-16 1.000000e+00    0.000000e+00
0   5 1.000 0.27632 iter 1 3.304591e-16 1.000000e+00    5.000000e-04
0   6 1.000 0.27632 iter 0 3.304591e-16 1.000000e+00    0.000000e+00
0   6 1.000 0.33159 iter 1 3.869794e-16 1.000000e+00    5.000000e-04
0   7 1.000 0.33159 iter 0 3.869794e-16 1.000000e+00    0.000000e+00
0   7 1.000 0.38685 iter 1 7.493212e-16 1.000000e+00    5.000000e-04
0   8 1.000 0.38685 iter 0 7.493212e-16 1.000000e+00    0.000000e+00
0   8 1.000 0.44211 iter 1 2.641255e-16 1.000000e+00    5.000000e-04
0   9 1.000 0.44211 iter 0 2.641255e-16 1.000000e+00    0.000000e+00
0   9 1.000 0.49738 iter 1 4.429222e-16 1.000000e+00    5.000000e-04
0  10 1.000 0.49738 iter 0 4.429222e-16 1.000000e+00    0.000000e+00
0  10 1.000 0.55264 iter 1 3.611559e-16 1.000000e+00    5.000000e-04
0  11 1.000 0.55264 iter 0 3.611559e-16 1.000000e+00    0.000000e+00
0  11 1.000 0.60791 iter 1 4.997268e-16 1.000000e+00    5.000000e-04
0  12 1.000 0.60791 iter 0 4.997268e-16 1.000000e+00    0.000000e+00
0  12 1.000 0.66317 iter 1 7.522862e-16 1.000000e+00    5.000000e-04
0  13 1.000 0.66317 iter 0 7.522862e-16 1.000000e+00    0.000000e+00
0  13 1.000 0.71844 iter 1 8.074127e-16 1.000000e+00    5.000000e-04
0  14 1.000 0.71844 iter 0 8.074127e-16 1.000000e+00    0.000000e+00
0  14 1.000 0.77370 iter 1 6.380623e-16 1.000000e+00    5.000000e-04
0  15 1.000 0.77370 iter 0 6.380623e-16 1.000000e+00    0.000000e+00
0  15 1.000 0.82896 iter 1 3.708539e-03 1.000000e+00    5.000000e-04
0  15 1.000 0.82525 iter 2 7.177815e-16 1.530147e-14    5.000000e-04
0  16 1.000 0.82525 iter 0 7.177815e-16 1.000000e+00    0.000000e+00
0  16 1.000 0.87519 iter 1 6.841104e-16 1.000000e+00    5.000000e-04
0  17 1.000 0.87519 iter 0 6.841104e-16 1.000000e+00    0.000000e+00
0  17 1.000 0.92512 iter 1 3.878960e-16 1.000000e+00    5.000000e-04
0  18 1.000 0.92512 iter 0 3.878960e-16 1.000000e+00    0.000000e+00
0  18 1.000 0.97505 iter 1 1.938076e-02 1.000000e+00    5.000000e-04
0  18 1.000 0.94414 iter 2 1.926368e-15 1.305602e-15    5.000000e-04
0  19 1.000 0.94414 iter 0 1.926368e-15 1.000000e+00    0.000000e+00
0  19 1.000 0.95033 iter 1 1.314808e-15 1.000000e+00    5.000000e-04
0  20 1.000 0.95033 iter 0 1.314808e-15 1.000000e+00    0.000000e+00
0  20 1.000 0.95653 iter 1 9.696996e-16 1.000000e+00    5.000000e-04
0  21 1.000 0.95653 iter 0 9.696996e-16 1.000000e+00    0.000000e+00
0  21 1.000 0.96272 iter 1 7.049853e-16 1.000000e+00    5.000000e-04
0  22 1.000 0.96272 iter 0 7.049853e-16 1.000000e+00    0.000000e+00
0  22 1.000 0.96892 iter 1 1.594350e-15 1.000000e+00    5.000000e-04
0  23 1.000 0.96892 iter 0 1.594350e-15 1.000000e+00    0.000000e+00
0  23 1.000 0.97511 iter 1 1.488108e-15 1.000000e+00    5.000000e-04
0  24 1.000 0.97511 iter 0 1.488108e-15 1.000000e+00    0.000000e+00
0  24 1.000 0.98131 iter 1 5.600847e-16 1.000000e+00    5.000000e-04
0  25 1.000 0.98131 iter 0 5.600847e-16 1.000000e+00    0.000000e+00
0  25 1.000 0.98750 iter 1 9.226585e-16 1.000000e+00    5.000000e-04
0  26 1.000 0.98750 iter 0 9.226585e-16 1.000000e+00    0.000000e+00
0  26 1.000 0.99369 iter 1 7.592455e-16 1.000000e+00    5.000000e-04
0  27 1.000 0.99369 iter 0 7.592455e-16 1.000000e+00    0.000000e+00
0  27 1.000 0.99989 iter 1 1.713828e-03 1.000000e+00    5.000000e-04
0  27 1.000 0.99916 iter 2 7.407777e-02 2.773060e+02    4.187366e-03
0  27 1.000 0.99879 iter 3 1.568098e-02 1.308314e+02    2.350849e-03
0  27 1.000 0.99793 iter 4 1.397606e-15 7.624024e-12    5.000000e-04
0  28 1.000 0.99793 iter 0 1.397606e-15 1.000000e+00    0.000000e+00
0  28 1.000 0.99813 iter 1 1.255507e-15 1.000000e+00    5.000000e-04
0  29 1.000 0.99813 iter 0 1.255507e-15 1.000000e+00    0.000000e+00
0  29 1.000 0.99833 iter 1 2.244029e-15 1.000000e+00    5.000000e-04
0  30 1.000 0.99833 iter 0 2.244029e-15 1.000000e+00    0.000000e+00
0  30 1.000 0.99852 iter 1 1.525845e-15 1.000000e+00    5.000000e-04
0  31 1.000 0.99852 iter 0 1.525845e-15 1.000000e+00    0.000000e+00
0  31 1.000 0.99872 iter 1 3.316835e-15 1.000000e+00    5.000000e-04
0  32 1.000 0.99872 iter 0 3.316835e-15 1.000000e+00    0.000000e+00
0  32 1.000 0.99892 iter 1 1.643107e-05 1.000000e+00    5.000000e-04
0  32 1.000 0.99891 iter 2 2.683662e-15 1.000000e+00    5.000000e-04
0  33 1.000 0.99891 iter 0 2.683662e-15 1.000000e+00    0.000000e+00
0  33 1.000 0.99900 iter 1 7.358540e-16 1.000000e+00    5.000000e-04
0  34 1.000 0.99900 iter 0 7.358540e-16 1.000000e+00    0.000000e+00
0  34 1.000 0.99909 iter 1 8.687311e-16 1.000000e+00    5.000000e-04
0  35 1.000 0.99909 iter 0 8.687311e-16 1.000000e+00    0.000000e+00
0  35 1.000 0.99918 iter 1 2.287848e-15 1.000000e+00    5.000000e-04
0  36 1.000 0.99918 iter 0 2.287848e-15 1.000000e+00    0.000000e+00
0  36 1.000 0.99927 iter 1 4.169395e-15 1.000000e+00    5.000000e-04
0  37 1.000 0.99927 iter 0 4.169395e-15 1.000000e+00    0.000000e+00
0  37 1.000 0.99936 iter 1 1.932771e-15 1.000000e+00    5.000000e-04
0  38 1.000 0.99936 iter 0 1.932771e-15 1.000000e+00    0.000000e+00
0  38 1.000 0.99945 iter 1 2.210838e-15 1.000000e+00    5.000000e-04
0  39 1.000 0.99945 iter 0 2.210838e-15 1.000000e+00    0.000000e+00
0  39 1.000 0.99954 iter 1 2.335513e-15 1.000000e+00    5.000000e-04
0  40 1.000 0.99954 iter 0 2.335513e-15 1.000000e+00    0.000000e+00
0  40 1.000 0.99963 iter 1 1.331488e-15 1.000000e+00    5.000000e-04
0  41 1.000 0.99963 iter 0 1.331488e-15 1.000000e+00    0.000000e+00
0  41 1.000 0.99972 iter 1 2.071820e-15 1.000000e+00    5.000000e-04
0  42 1.000 0.99972 iter 0 2.071820e-15 1.000000e+00    0.000000e+00
0  42 1.000 0.99981 iter 1 1.921420e-15 1.000000e+00    5.000000e-04
0  43 1.000 0.99981 iter 0 1.921420e-15 1.000000e+00    0.000000e+00
0  43 1.000 0.99990 iter 1 1.240555e-15 1.000000e+00    5.000000e-04
0  44 1.000 0.99990 iter 0 1.240555e-15 1.000000e+00    0.000000e+00
0  44 1.000 0.99999 iter 1 4.466533e-15 1.000000e+00    5.000000e-04
0  45 1.000 0.99999 iter 0 4.466533e-15 1.000000e+00    0.000000e+00
0  45 1.000 1.00008 iter 1 1.790417e-15 1.000000e+00    5.000000e-04
Element data written 1.000085
Nodal data written 1.000085
Restart data written 1.000085
last iteration data
   42, 0.9998,    1
   43, 0.9999,    1
   44, 1.0000,    1
   45, 1.0001,    1
last timeout data
total comp time 0 seconds
