  1.0001
    1  -0.1000   0.1000   0.0000  0.0000e+00  0.0000e+00  6.0129e-01  4.4104e-01
    2   0.4000   0.1000   0.0000 -4.1806e-05 -8.3097e-03 -9.9226e-16 -9.9226e-16
    3   0.0000   0.5000   0.0000  2.4996e-04 -6.2618e-05 -1.5447e-16 -1.4504e-16
    4   0.8000   0.5000   0.0000  2.7272e-03 -1.1173e-02  7.7195e-16  4.8572e-17
    5  -0.1000   0.9000   0.0000  0.0000e+00  0.0000e+00 -5.0130e-01  0.0000e+00
    6   0.4000   0.9000   0.0000  4.3278e-03 -4.1408e-03  1.3910e-16  1.6683e-16
    7   0.9000   0.9000   0.0000  8.2536e-03 -1.2592e-02 -3.9725e-16  4.9960e-16
    8   0.4000   0.5000   0.0000  2.3509e-03 -4.1443e-03  3.3307e-16  1.6653e-16
    9  -0.1000   0.5000   0.0000  0.0000e+00  0.0000e+00 -9.9985e-02  0.0000e+00
