Time   1.0034
El      1  CPS4                                     EL1      0      2      3      1
   0.7887   0.7887   1.0034e-04  -2.0227e-05   1.3214e-18   2.9762e+00  -8.5075e-08   1.6341e-14
   0.7887   0.2113   1.0034e-04  -2.0227e-05   1.3061e-18   2.9762e+00  -8.5075e-08   1.6175e-14
   0.2113   0.7887   1.0034e-04  -2.0227e-05  -1.3688e-18   2.9762e+00  -8.5075e-08  -1.6903e-14
   0.2113   0.2113   1.0034e-04  -2.0227e-05  -1.3874e-18   2.9762e+00  -8.5075e-08  -1.7167e-14
El      2  CPS4                                     EL1      2      4      5      3
   1.7887   0.7887   1.0034e-04  -2.0227e-05   1.2638e-18   2.9762e+00  -8.5075e-08   1.5599e-14
   1.7887   0.2113   1.0034e-04  -2.0227e-05   1.2443e-18   2.9762e+00  -8.5075e-08   1.5377e-14
   1.2113   0.7887   1.0034e-04  -2.0227e-05  -1.3417e-18   2.9762e+00  -8.5075e-08  -1.6556e-14
   1.2113   0.2113   1.0034e-04  -2.0227e-05  -1.3341e-18   2.9762e+00  -8.5075e-08  -1.6459e-14
El      3  CPS4                                     EL1      4      7      6      5
   2.7887   0.7887   1.0034e-04  -2.0227e-05   1.1892e-18   2.9762e+00  -8.5075e-08   1.4662e-14
   2.7887   0.2113   1.0034e-04  -2.0227e-05   1.1672e-18   2.9762e+00  -8.5075e-08   1.4377e-14
   2.2113   0.7887   1.0034e-04  -2.0227e-05  -1.3044e-18   2.9762e+00  -8.5075e-08  -1.6091e-14
   2.2113   0.2113   1.0034e-04  -2.0227e-05  -1.2451e-18   2.9762e+00  -8.5075e-08  -1.5411e-14
El      4  CPS4                                     EL1      7      8      9      6
   3.7887   0.7887   1.0034e-04  -2.0227e-05   1.1384e-18   2.9762e+00  -8.5075e-08   1.4003e-14
   3.7887   0.2113   1.0034e-04  -2.0227e-05   1.0656e-18   2.9762e+00  -8.5075e-08   1.3156e-14
   3.2113   0.7887   1.0034e-04  -2.0227e-05  -1.1520e-18   2.9762e+00  -8.5075e-08  -1.4148e-14
   3.2113   0.2113   1.0034e-04  -2.0227e-05  -1.1842e-18   2.9762e+00  -8.5075e-08  -1.4634e-14
El      5  CPS4                                     EL1      8     10     11      9
   4.7887   0.7887   1.0034e-04  -2.0227e-05   1.1215e-18   2.9762e+00  -8.5075e-08   1.3836e-14
   4.7887   0.2113   1.0034e-04  -2.0227e-05   1.1333e-18   2.9762e+00  -8.5075e-08   1.3975e-14
   4.2113   0.7887   1.0034e-04  -2.0227e-05  -1.1825e-18   2.9762e+00  -8.5075e-08  -1.4613e-14
   4.2113   0.2113   1.0034e-04  -2.0227e-05  -1.1570e-18   2.9762e+00  -8.5075e-08  -1.4308e-14
El      6  CPS4                                     EL1     10     12     13     11
   5.7887   0.7887   1.0034e-04  -2.0227e-05   9.5884e-19   2.9762e+00  -8.5075e-08   1.1803e-14
   5.7887   0.2113   1.0034e-04  -2.0227e-05   9.3258e-19   2.9762e+00  -8.5075e-08   1.1512e-14
   5.2113   0.7887   1.0034e-04  -2.0227e-05  -1.1147e-18   2.9762e+00  -8.5075e-08  -1.3774e-14
   5.2113   0.2113   1.0034e-04  -2.0227e-05  -1.0596e-18   2.9762e+00  -8.5075e-08  -1.3031e-14
El      7  CPS4                                     EL1     12     15     14     13
   6.7887   0.7887   1.0034e-04  -2.0227e-05   9.0124e-19   2.9762e+00  -8.5075e-08   1.1172e-14
   6.7887   0.2113   1.0034e-04  -2.0227e-05   8.7837e-19   2.9762e+00  -8.5075e-08   1.0832e-14
   6.2113   0.7887   1.0034e-04  -2.0227e-05  -9.9611e-19   2.9762e+00  -8.5075e-08  -1.2323e-14
   6.2113   0.2113   1.0034e-04  -2.0227e-05  -9.3767e-19   2.9762e+00  -8.5075e-08  -1.1532e-14
El      8  CPS4                                     EL1     15     16     17     14
   7.7887   0.7887   1.0034e-04  -2.0227e-05   9.8595e-19   2.9762e+00  -8.5075e-08   1.2192e-14
   7.7887   0.2113   1.0034e-04  -2.0227e-05   9.9357e-19   2.9762e+00  -8.5075e-08   1.2226e-14
   7.2113   0.7887   1.0034e-04  -2.0227e-05  -9.9272e-19   2.9762e+00  -8.5075e-08  -1.2192e-14
   7.2113   0.2113   1.0034e-04  -2.0227e-05  -8.7668e-19   2.9762e+00  -8.5075e-08  -1.0818e-14
El      9  CPS4                                     EL1     16     18     19     17
   8.7887   0.7887   1.0034e-04  -2.0227e-05   9.2157e-19   2.9762e+00  -8.5075e-08   1.1373e-14
   8.7887   0.2113   1.0034e-04  -2.0227e-05   8.6059e-19   2.9762e+00  -8.5075e-08   1.0596e-14
   8.2113   0.7887   1.0034e-04  -2.0227e-05  -1.0300e-18   2.9762e+00  -8.5075e-08  -1.2712e-14
   8.2113   0.2113   1.0034e-04  -2.0227e-05  -9.2835e-19   2.9762e+00  -8.5075e-08  -1.1463e-14
El     10  CPS4                                     EL1     18     20     21     19
   9.7887   0.7887   1.0034e-04  -2.0227e-05   5.7937e-19   2.9762e+00  -8.5075e-08   7.1540e-15
   9.7887   0.2113   1.0034e-04  -2.0227e-05   7.5979e-19   2.9762e+00  -8.5075e-08   9.3953e-15
   9.2113   0.7887   1.0034e-04  -2.0227e-05  -8.8430e-19   2.9762e+00  -8.5075e-08  -1.0915e-14
   9.2113   0.2113   1.0034e-04  -2.0227e-05  -9.4783e-19   2.9762e+00  -8.5075e-08  -1.1692e-14
El     11  CPS4                                     EL1     20     23     22     21
  10.7887   0.7887   1.0034e-04  -2.0227e-05   6.6407e-19   2.9762e+00  -8.5075e-08   8.1740e-15
  10.7887   0.2113   1.0034e-04  -2.0227e-05   8.6736e-19   2.9762e+00  -8.5075e-08   1.0707e-14
  10.2113   0.7887   1.0034e-04  -2.0227e-05  -8.5381e-19   2.9762e+00  -8.5075e-08  -1.0512e-14
  10.2113   0.2113   1.0034e-04  -2.0227e-05  -7.8605e-19   2.9762e+00  -8.5075e-08  -9.6589e-15
El     12  CPS4                                     EL1     23     24     25     22
  11.7887   0.7887   1.0034e-04  -2.0227e-05   8.2332e-19   2.9762e+00  -8.5075e-08   1.0214e-14
  11.7887   0.2113   1.0034e-04  -2.0227e-05   8.4026e-19   2.9762e+00  -8.5075e-08   1.0388e-14
  11.2113   0.7887   1.0034e-04  -2.0227e-05  -6.4036e-19   2.9762e+00  -8.5075e-08  -7.9173e-15
  11.2113   0.2113   1.0034e-04  -2.0227e-05  -7.3184e-19   2.9762e+00  -8.5075e-08  -9.0275e-15
El     13  CPS4                                     EL1     24     26     27     25
  12.7887   0.7887   1.0034e-04  -2.0227e-05   5.9631e-19   2.9762e+00  -8.5075e-08   7.3760e-15
  12.7887   0.2113   1.0034e-04  -2.0227e-05   1.0639e-18   2.9762e+00  -8.5075e-08   1.3094e-14
  12.2113   0.7887   1.0034e-04  -2.0227e-05  -3.2526e-19   2.9762e+00  -8.5075e-08  -4.0107e-15
  12.2113   0.2113   1.0034e-04  -2.0227e-05  -2.3717e-19   2.9762e+00  -8.5075e-08  -2.9074e-15
El     14  CPS4                                     EL1     26     28     29     27
  13.7887   0.7887   1.0034e-04  -2.0227e-05   7.2167e-19   2.9762e+00  -8.5075e-08   8.9442e-15
  13.7887   0.2113   1.0034e-04  -2.0227e-05   6.7254e-19   2.9762e+00  -8.5075e-08   8.2642e-15
  13.2113   0.7887   1.0034e-04  -2.0227e-05  -7.4200e-19   2.9762e+00  -8.5075e-08  -9.1663e-15
  13.2113   0.2113   1.0034e-04  -2.0227e-05  -1.0080e-18   2.9762e+00  -8.5075e-08  -1.2414e-14
El     15  CPS4                                     EL1     28     31     30     29
  14.7887   0.7887   1.0034e-04  -2.0227e-05   3.5914e-19   2.9762e+00  -8.5075e-08   4.4340e-15
  14.7887   0.2113   1.0034e-04  -2.0227e-05   1.8296e-19   2.9762e+00  -8.5075e-08   2.2760e-15
  14.2113   0.7887   1.0034e-04  -2.0227e-05  -2.9138e-19   2.9762e+00  -8.5075e-08  -3.5805e-15
  14.2113   0.2113   1.0034e-04  -2.0227e-05  -3.0493e-19   2.9762e+00  -8.5075e-08  -3.7748e-15
El     16  CPS4                                     EL1     31     32     33     30
  15.7887   0.7887   1.0034e-04  -2.0227e-05   6.4713e-19   2.9762e+00  -8.5075e-08   8.0561e-15
  15.7887   0.2113   1.0034e-04  -2.0227e-05   5.9970e-19   2.9762e+00  -8.5075e-08   7.4107e-15
  15.2113   0.7887   1.0034e-04  -2.0227e-05  -4.3707e-19   2.9762e+00  -8.5075e-08  -5.4123e-15
  15.2113   0.2113   1.0034e-04  -2.0227e-05  -4.8450e-19   2.9762e+00  -8.5075e-08  -5.9813e-15
El     17  CPS4                                     EL1     32     34     35     33
  16.7887   0.7887   1.0034e-04  -2.0227e-05   2.0668e-19   2.9762e+00  -8.5075e-08   2.5466e-15
  16.7887   0.2113   1.0034e-04  -2.0227e-05   2.3548e-19   2.9762e+00  -8.5075e-08   2.9282e-15
  16.2113   0.7887   1.0034e-04  -2.0227e-05  -3.3543e-19   2.9762e+00  -8.5075e-08  -4.1633e-15
  16.2113   0.2113   1.0034e-04  -2.0227e-05  -3.0663e-19   2.9762e+00  -8.5075e-08  -3.7609e-15
El     18  CPS4                                     EL1     34     36     37     35
  17.7887   0.7887   1.0034e-04  -2.0227e-05   3.8964e-19   2.9762e+00  -8.5075e-08   4.8225e-15
  17.7887   0.2113   1.0034e-04  -2.0227e-05  -6.8610e-20   2.9762e+00  -8.5075e-08  -8.3961e-16
  17.2113   0.7887   1.0034e-04  -2.0227e-05  -3.1510e-19   2.9762e+00  -8.5075e-08  -3.9205e-15
  17.2113   0.2113   1.0034e-04  -2.0227e-05  -6.1071e-19   2.9762e+00  -8.5075e-08  -7.5703e-15
El     19  CPS4                                     EL1     36     39     38     37
  18.7887   0.7887   1.0034e-04  -2.0227e-05  -2.5750e-19   2.9762e+00  -8.5075e-08  -3.1919e-15
  18.7887   0.2113   1.0034e-04  -2.0227e-05  -1.4400e-20   2.9762e+00  -8.5075e-08  -1.3878e-16
  18.2113   0.7887   1.0034e-04  -2.0227e-05  -2.5750e-19   2.9762e+00  -8.5075e-08  -3.1919e-15
  18.2113   0.2113   1.0034e-04  -2.0227e-05  -3.3966e-19   2.9762e+00  -8.5075e-08  -4.2050e-15
El     20  CPS4                                     EL1     39     40     41     38
  19.7887   0.7887   1.0034e-04  -2.0227e-05  -1.1181e-19   2.9762e+00  -8.5075e-08  -1.4017e-15
  19.7887   0.2113   1.0034e-04  -2.0227e-05   1.1181e-19   2.9762e+00  -8.5075e-08   1.4017e-15
  19.2113   0.7887   1.0034e-04  -2.0227e-05  -6.5391e-19   2.9762e+00  -8.5075e-08  -8.0283e-15
  19.2113   0.2113   1.0034e-04  -2.0227e-05  -3.7608e-19   2.9762e+00  -8.5075e-08  -4.6213e-15
El     21  CPS4                                     EL1     40     42     43     41
  20.7887   0.7887   1.0034e-04  -2.0227e-05   4.1674e-19   2.9762e+00  -8.5075e-08   5.1625e-15
  20.7887   0.2113   1.0034e-04  -2.0227e-05   3.0493e-20   2.9762e+00  -8.5075e-08   3.9552e-16
  20.2113   0.7887   1.0034e-04  -2.0227e-05  -1.6941e-20   2.9762e+00  -8.5075e-08  -1.8735e-16
  20.2113   0.2113   1.0034e-04  -2.0227e-05  -3.4898e-19   2.9762e+00  -8.5075e-08  -4.3091e-15
El     22  CPS4                                     EL1     42     44     45     43
  21.7887   0.7887   1.0034e-04  -2.0227e-05  -4.0658e-20   2.9762e+00  -8.5075e-08  -5.3429e-16
  21.7887   0.2113   1.0034e-04  -2.0227e-05  -3.2272e-19   2.9762e+00  -8.5075e-08  -3.9621e-15
  21.2113   0.7887   1.0034e-04  -2.0227e-05  -7.4539e-19   2.9762e+00  -8.5075e-08  -9.1663e-15
  21.2113   0.2113   1.0034e-04  -2.0227e-05  -5.3956e-19   2.9762e+00  -8.5075e-08  -6.6544e-15
El     23  CPS4                                     EL1     44     47     46     45
  22.7887   0.7887   1.0034e-04  -2.0227e-05  -1.1858e-19   2.9762e+00  -8.5075e-08  -1.4572e-15
  22.7887   0.2113   1.0034e-04  -2.0227e-05  -2.4649e-19   2.9762e+00  -8.5075e-08  -3.0601e-15
  22.2113   0.7887   1.0034e-04  -2.0227e-05  -6.0648e-19   2.9762e+00  -8.5075e-08  -7.4593e-15
  22.2113   0.2113   1.0034e-04  -2.0227e-05  -3.0070e-19   2.9762e+00  -8.5075e-08  -3.7262e-15
El     24  CPS4                                     EL1     47     48     49     46
  23.7887   0.7887   1.0034e-04  -2.0227e-05  -3.2865e-19   2.9762e+00  -8.5075e-08  -4.0662e-15
  23.7887   0.2113   1.0034e-04  -2.0227e-05  -3.4135e-19   2.9762e+00  -8.5075e-08  -4.2466e-15
  23.2113   0.7887   1.0034e-04  -2.0227e-05  -1.6602e-19   2.9762e+00  -8.5075e-08  -2.0400e-15
  23.2113   0.2113   1.0034e-04  -2.0227e-05  -1.2451e-19   2.9762e+00  -8.5075e-08  -1.5127e-15
El     25  CPS4                                     EL1     48     50     51     49
  24.7887   0.7887   1.0034e-04  -2.0227e-05   2.6427e-19   2.9762e+00  -8.5075e-08   3.2613e-15
  24.7887   0.2113   1.0034e-04  -2.0227e-05   2.7359e-19   2.9762e+00  -8.5075e-08   3.3862e-15
  24.2113   0.7887   1.0034e-04  -2.0227e-05  -1.6941e-19   2.9762e+00  -8.5075e-08  -2.0400e-15
  24.2113   0.2113   1.0034e-04  -2.0227e-05   1.6517e-19   2.9762e+00  -8.5075e-08   2.0192e-15
El     26  CPS4                                     EL1     50     52     53     51
  25.7887   0.7887   1.0034e-04  -2.0227e-05  -1.4230e-19   2.9762e+00  -8.5075e-08  -1.7833e-15
  25.7887   0.2113   1.0034e-04  -2.0227e-05   2.1006e-19   2.9762e+00  -8.5075e-08   2.5951e-15
  25.2113   0.7887   1.0034e-04  -2.0227e-05  -4.6756e-19   2.9762e+00  -8.5075e-08  -5.7801e-15
  25.2113   0.2113   1.0034e-04  -2.0227e-05  -3.3204e-19   2.9762e+00  -8.5075e-08  -4.1078e-15
El     27  CPS4                                     EL1     52     55     54     53
  26.7887   0.7887   1.0034e-04  -2.0227e-05  -6.3358e-19   2.9762e+00  -8.5075e-08  -7.8201e-15
  26.7887   0.2113   1.0034e-04  -2.0227e-05   2.4479e-19   2.9762e+00  -8.5075e-08   3.0184e-15
  26.2113   0.7887   1.0034e-04  -2.0227e-05   3.4220e-19   2.9762e+00  -8.5075e-08   4.2258e-15
  26.2113   0.2113   1.0034e-04  -2.0227e-05   2.4479e-19   2.9762e+00  -8.5075e-08   3.0115e-15
El     28  CPS4                                     EL1     55     56     57     54
  27.7887   0.7887   1.0034e-04  -2.0227e-05  -5.1838e-19   2.9762e+00  -8.5075e-08  -6.4393e-15
  27.7887   0.2113   1.0034e-04  -2.0227e-05  -3.0493e-19   2.9762e+00  -8.5075e-08  -3.7609e-15
  27.2113   0.7887   1.0034e-04  -2.0227e-05   4.5740e-19   2.9762e+00  -8.5075e-08   5.6066e-15
  27.2113   0.2113   1.0034e-04  -2.0227e-05   3.4559e-19   2.9762e+00  -8.5075e-08   4.2397e-15
El     29  CPS4                                     EL1     56     58     59     57
  28.7887   0.7887   1.0034e-04  -2.0227e-05   1.2536e-19   2.9762e+00  -8.5075e-08   1.5682e-15
  28.7887   0.2113   1.0034e-04  -2.0227e-05  -4.3199e-20   2.9762e+00  -8.5075e-08  -5.0654e-16
  28.2113   0.7887   1.0034e-04  -2.0227e-05  -4.1674e-19   2.9762e+00  -8.5075e-08  -5.1417e-15
  28.2113   0.2113   1.0034e-04  -2.0227e-05  -2.6004e-19   2.9762e+00  -8.5075e-08  -3.2266e-15
El     30  CPS4                                     EL1     58     60     61     59
  29.7887   0.7887   1.0034e-04  -2.0227e-05  -2.2362e-19   2.9762e+00  -8.5075e-08  -2.7547e-15
  29.7887   0.2113   1.0034e-04  -2.0227e-05  -1.3637e-19   2.9762e+00  -8.5075e-08  -1.7000e-15
  29.2113   0.7887   1.0034e-04  -2.0227e-05   3.1848e-19   2.9762e+00  -8.5075e-08   3.9899e-15
  29.2113   0.2113   1.0034e-04  -2.0227e-05   5.1415e-19   2.9762e+00  -8.5075e-08   6.3075e-15
El     31  CPS4                                     EL1     60     63     62     61
  30.7887   0.7887   1.0034e-04  -2.0227e-05  -2.6427e-19   2.9762e+00  -8.5075e-08  -3.2474e-15
  30.7887   0.2113   1.0034e-04  -2.0227e-05  -3.1594e-19   2.9762e+00  -8.5075e-08  -3.8719e-15
  30.2113   0.7887   1.0034e-04  -2.0227e-05   3.8625e-19   2.9762e+00  -8.5075e-08   4.7531e-15
  30.2113   0.2113   1.0034e-04  -2.0227e-05   2.2616e-19   2.9762e+00  -8.5075e-08   2.7894e-15
El     32  CPS4                                     EL1     63     64     65     62
  31.7887   0.7887   1.0034e-04  -2.0227e-05  -8.4026e-19   2.9762e+00  -8.5075e-08  -1.0353e-14
  31.7887   0.2113   1.0034e-04  -2.0227e-05  -1.8889e-19   2.9762e+00  -8.5075e-08  -2.3453e-15
  31.2113   0.7887   1.0034e-04  -2.0227e-05   3.5237e-19   2.9762e+00  -8.5075e-08   4.3021e-15
  31.2113   0.2113   1.0034e-04  -2.0227e-05   2.4479e-19   2.9762e+00  -8.5075e-08   3.0184e-15
El     33  CPS4                                     EL1     64     66     67     65
  32.7887   0.7887   1.0034e-04  -2.0227e-05  -3.0493e-19   2.9762e+00  -8.5075e-08  -3.8025e-15
  32.7887   0.2113   1.0034e-04  -2.0227e-05  -3.9556e-19   2.9762e+00  -8.5075e-08  -4.8433e-15
  32.2113   0.7887   1.0034e-04  -2.0227e-05   3.4559e-19   2.9762e+00  -8.5075e-08   4.2744e-15
  32.2113   0.2113   1.0034e-04  -2.0227e-05   4.7180e-19   2.9762e+00  -8.5075e-08   5.8772e-15
El     34  CPS4                                     EL1     66     68     69     67
  33.7887   0.7887   1.0034e-04  -2.0227e-05  -1.2875e-18   2.9762e+00  -8.5075e-08  -1.5862e-14
  33.7887   0.2113   1.0034e-04  -2.0227e-05  -6.6069e-19   2.9762e+00  -8.5075e-08  -8.2365e-15
  33.2113   0.7887   1.0034e-04  -2.0227e-05   9.8933e-19   2.9762e+00  -8.5075e-08   1.2226e-14
  33.2113   0.2113   1.0034e-04  -2.0227e-05   1.2909e-18   2.9762e+00  -8.5075e-08   1.5925e-14
El     35  CPS4                                     EL1     68     71     70     69
  34.7887   0.7887   1.0034e-04  -2.0227e-05  -4.2352e-19   2.9762e+00  -8.5075e-08  -5.1903e-15
  34.7887   0.2113   1.0034e-04  -2.0227e-05  -1.9736e-19   2.9762e+00  -8.5075e-08  -2.3939e-15
  34.2113   0.7887   1.0034e-04  -2.0227e-05   3.3543e-19   2.9762e+00  -8.5075e-08   4.1703e-15
  34.2113   0.2113   1.0034e-04  -2.0227e-05   1.2790e-19   2.9762e+00  -8.5075e-08   1.5890e-15
El     36  CPS4                                     EL1     71     72     73     70
  35.7887   0.7887   1.0034e-04  -2.0227e-05  -9.4529e-19   2.9762e+00  -8.5075e-08  -1.1678e-14
  35.7887   0.2113   1.0034e-04  -2.0227e-05  -8.6567e-19   2.9762e+00  -8.5075e-08  -1.0686e-14
  35.2113   0.7887   1.0034e-04  -2.0227e-05   5.7259e-19   2.9762e+00  -8.5075e-08   7.0985e-15
  35.2113   0.2113   1.0034e-04  -2.0227e-05   9.7748e-19   2.9762e+00  -8.5075e-08   1.2074e-14
El     37  CPS4                                     EL1     72     74     75     73
  36.7887   0.7887   1.0034e-04  -2.0227e-05  -1.0808e-18   2.9762e+00  -8.5075e-08  -1.3337e-14
  36.7887   0.2113   1.0034e-04  -2.0227e-05  -9.7578e-19   2.9762e+00  -8.5075e-08  -1.2018e-14
  36.2113   0.7887   1.0034e-04  -2.0227e-05   3.3881e-21   2.9762e+00  -8.5075e-08   1.3878e-17
  36.2113   0.2113   1.0034e-04  -2.0227e-05  -6.5052e-19   2.9762e+00  -8.5075e-08  -8.0144e-15
El     38  CPS4                                     EL1     74     76     77     75
  37.7887   0.7887   1.0034e-04  -2.0227e-05  -9.0463e-19   2.9762e+00  -8.5075e-08  -1.1220e-14
  37.7887   0.2113   1.0034e-04  -2.0227e-05  -1.3705e-18   2.9762e+00  -8.5075e-08  -1.6917e-14
  37.2113   0.7887   1.0034e-04  -2.0227e-05   1.0469e-18   2.9762e+00  -8.5075e-08   1.2906e-14
  37.2113   0.2113   1.0034e-04  -2.0227e-05   7.9791e-19   2.9762e+00  -8.5075e-08   9.8532e-15
El     39  CPS4                                     EL1     76     79     78     77
  38.7887   0.7887   1.0034e-04  -2.0227e-05  -7.1151e-19   2.9762e+00  -8.5075e-08  -8.7361e-15
  38.7887   0.2113   1.0034e-04  -2.0227e-05  -7.7165e-19   2.9762e+00  -8.5075e-08  -9.4855e-15
  38.2113   0.7887   1.0034e-04  -2.0227e-05   4.8111e-19   2.9762e+00  -8.5075e-08   5.9605e-15
  38.2113   0.2113   1.0034e-04  -2.0227e-05   9.6308e-19   2.9762e+00  -8.5075e-08   1.1886e-14
El     40  CPS4                                     EL1     79     80     81     78
  39.7887   0.7887   1.0034e-04  -2.0227e-05  -8.3009e-19   2.9762e+00  -8.5075e-08  -1.0214e-14
  39.7887   0.2113   1.0034e-04  -2.0227e-05  -6.1071e-19   2.9762e+00  -8.5075e-08  -7.5773e-15
  39.2113   0.7887   1.0034e-04  -2.0227e-05   1.4467e-18   2.9762e+00  -8.5075e-08   1.7819e-14
  39.2113   0.2113   1.0034e-04  -2.0227e-05   1.0156e-18   2.9762e+00  -8.5075e-08   1.2559e-14
El     41  CPS4                                     EL1     80     82     83     81
  40.7887   0.7887   1.0034e-04  -2.0227e-05  -5.4210e-19   2.9762e+00  -8.5075e-08  -6.6822e-15
  40.7887   0.2113   1.0034e-04  -2.0227e-05  -9.5715e-19   2.9762e+00  -8.5075e-08  -1.1789e-14
  40.2113   0.7887   1.0034e-04  -2.0227e-05   1.7347e-18   2.9762e+00  -8.5075e-08   2.1413e-14
  40.2113   0.2113   1.0034e-04  -2.0227e-05   1.8618e-18   2.9762e+00  -8.5075e-08   2.3016e-14
El     42  CPS4                                     EL1     82     84     85     83
  41.7887   0.7887   1.0034e-04  -2.0227e-05  -1.1147e-18   2.9762e+00  -8.5075e-08  -1.3781e-14
  41.7887   0.2113   1.0034e-04  -2.0227e-05  -1.0512e-18   2.9762e+00  -8.5075e-08  -1.2934e-14
  41.2113   0.7887   1.0034e-04  -2.0227e-05   1.4874e-18   2.9762e+00  -8.5075e-08   1.8381e-14
  41.2113   0.2113   1.0034e-04  -2.0227e-05   2.4987e-19   2.9762e+00  -8.5075e-08   3.0670e-15
El     43  CPS4                                     EL1     84     87     86     85
  42.7887   0.7887   1.0034e-04  -2.0227e-05  -2.1277e-18   2.9762e+00  -8.5075e-08  -2.6298e-14
  42.7887   0.2113   1.0034e-04  -2.0227e-05  -1.3824e-18   2.9762e+00  -8.5075e-08  -1.7063e-14
  42.2113   0.7887   1.0034e-04  -2.0227e-05   4.0658e-20   2.9762e+00  -8.5075e-08   5.3429e-16
  42.2113   0.2113   1.0034e-04  -2.0227e-05   6.7763e-19   2.9762e+00  -8.5075e-08   8.3891e-15
El     44  CPS4                                     EL1     87     88     89     86
  43.7887   0.7887   1.0034e-04  -2.0227e-05  -5.9631e-19   2.9762e+00  -8.5075e-08  -7.3691e-15
  43.7887   0.2113   1.0034e-04  -2.0227e-05  -7.8435e-19   2.9762e+00  -8.5075e-08  -9.6034e-15
  43.2113   0.7887   1.0034e-04  -2.0227e-05   2.0058e-18   2.9762e+00  -8.5075e-08   2.4772e-14
  43.2113   0.2113   1.0034e-04  -2.0227e-05   1.0588e-18   2.9762e+00  -8.5075e-08   1.3059e-14
El     45  CPS4                                     EL1     88     90     91     89
  44.7887   0.7887   1.0034e-04  -2.0227e-05  -4.4046e-19   2.9762e+00  -8.5075e-08  -5.4054e-15
  44.7887   0.2113   1.0034e-04  -2.0227e-05  -1.0198e-18   2.9762e+00  -8.5075e-08  -1.2615e-14
  44.2113   0.7887   1.0034e-04  -2.0227e-05   8.6059e-19   2.9762e+00  -8.5075e-08   1.0637e-14
  44.2113   0.2113   1.0034e-04  -2.0227e-05   1.0402e-18   2.9762e+00  -8.5075e-08   1.2858e-14
El     46  CPS4                                     EL1     90     92     93     91
  45.7887   0.7887   1.0034e-04  -2.0227e-05  -8.3687e-19   2.9762e+00  -8.5075e-08  -1.0388e-14
  45.7887   0.2113   1.0034e-04  -2.0227e-05  -1.1164e-18   2.9762e+00  -8.5075e-08  -1.3801e-14
  45.2113   0.7887   1.0034e-04  -2.0227e-05   4.6417e-19   2.9762e+00  -8.5075e-08   5.7732e-15
  45.2113   0.2113   1.0034e-04  -2.0227e-05   1.5941e-18   2.9762e+00  -8.5075e-08   1.9706e-14
El     47  CPS4                                     EL1     92     95     94     93
  46.7887   0.7887   1.0034e-04  -2.0227e-05  -1.5077e-18   2.9762e+00  -8.5075e-08  -1.8582e-14
  46.7887   0.2113   1.0034e-04  -2.0227e-05  -1.3332e-18   2.9762e+00  -8.5075e-08  -1.6438e-14
  46.2113   0.7887   1.0034e-04  -2.0227e-05   2.2700e-19   2.9762e+00  -8.5075e-08   2.7825e-15
  46.2113   0.2113   1.0034e-04  -2.0227e-05   1.8110e-18   2.9762e+00  -8.5075e-08   2.2357e-14
El     48  CPS4                                     EL1     95     96     97     94
  47.7887   0.7887   1.0034e-04  -2.0227e-05  -8.1315e-19   2.9762e+00  -8.5075e-08  -9.9920e-15
  47.7887   0.2113   1.0034e-04  -2.0227e-05  -8.7837e-19   2.9762e+00  -8.5075e-08  -1.0845e-14
  47.2113   0.7887   1.0034e-04  -2.0227e-05   2.0058e-18   2.9762e+00  -8.5075e-08   2.4765e-14
  47.2113   0.2113   1.0034e-04  -2.0227e-05   8.5635e-19   2.9762e+00  -8.5075e-08   1.0617e-14
El     49  CPS4                                     EL1     96     98     99     97
  48.7887   0.7887   1.0034e-04  -2.0227e-05  -1.3993e-18   2.9762e+00  -8.5075e-08  -1.7271e-14
  48.7887   0.2113   1.0034e-04  -2.0227e-05  -7.4793e-19   2.9762e+00  -8.5075e-08  -9.2149e-15
  48.2113   0.7887   1.0034e-04  -2.0227e-05   2.2870e-18   2.9762e+00  -8.5075e-08   2.8207e-14
  48.2113   0.2113   1.0034e-04  -2.0227e-05   2.5047e-18   2.9762e+00  -8.5075e-08   3.0927e-14
El     50  CPS4                                     EL1     98    100    101     99
  49.7887   0.7887   1.0034e-04  -2.0227e-05  -1.8296e-18   2.9762e+00  -8.5075e-08  -2.2565e-14
  49.7887   0.2113   1.0034e-04  -2.0227e-05  -3.4584e-18   2.9762e+00  -8.5075e-08  -4.2640e-14
  49.2113   0.7887   1.0034e-04  -2.0227e-05   2.2904e-18   2.9762e+00  -8.5075e-08   2.8304e-14
  49.2113   0.2113   1.0034e-04  -2.0227e-05   1.0952e-18   2.9762e+00  -8.5075e-08   1.3566e-14
Time   2.0068
El      1  CPS4                                     EL1      0      2      3      1
   0.7887   0.7887   2.0068e-04  -4.6198e-05   1.2265e-18   2.1363e+00   6.6412e-07   5.4678e-15
   0.7887   0.2113   2.0068e-04  -4.6198e-05   1.2350e-18   2.1363e+00   6.6412e-07   5.4991e-15
   0.2113   0.7887   2.0068e-04  -4.6198e-05  -1.4976e-18   2.1363e+00   6.6412e-07  -6.6613e-15
   0.2113   0.2113   2.0068e-04  -4.6198e-05  -1.5094e-18   2.1363e+00   6.6412e-07  -6.7793e-15
El      2  CPS4                                     EL1      2      4      5      3
   1.7887   0.7887   2.0068e-04  -4.6198e-05   1.2672e-18   2.1363e+00   6.6412e-07   5.5858e-15
   1.7887   0.2113   2.0068e-04  -4.6198e-05   1.3129e-18   2.1363e+00   6.6412e-07   5.7246e-15
   1.2113   0.7887   2.0068e-04  -4.6198e-05  -1.4704e-18   2.1363e+00   6.6412e-07  -6.5260e-15
   1.2113   0.2113   2.0068e-04  -4.6198e-05  -1.4721e-18   2.1363e+00   6.6412e-07  -6.4115e-15
El      3  CPS4                                     EL1      4      7      6      5
   2.7887   0.7887   2.0068e-04  -4.6198e-05   1.2062e-18   2.1363e+00   6.6412e-07   5.1174e-15
   2.7887   0.2113   2.0068e-04  -4.6198e-05   1.0893e-18   2.1363e+00   6.6412e-07   4.4929e-15
   2.2113   0.7887   2.0068e-04  -4.6198e-05  -1.5179e-18   2.1363e+00   6.6412e-07  -6.3699e-15
   2.2113   0.2113   2.0068e-04  -4.6198e-05  -1.4992e-18   2.1363e+00   6.6412e-07  -6.2693e-15
El      4  CPS4                                     EL1      7      8      9      6
   3.7887   0.7887   2.0068e-04  -4.6198e-05   1.0029e-18   2.1363e+00   6.6412e-07   4.2258e-15
   3.7887   0.2113   2.0068e-04  -4.6198e-05   1.0808e-18   2.1363e+00   6.6412e-07   4.7982e-15
   3.2113   0.7887   2.0068e-04  -4.6198e-05  -1.4637e-18   2.1363e+00   6.6412e-07  -6.2762e-15
   3.2113   0.2113   2.0068e-04  -4.6198e-05  -1.3857e-18   2.1363e+00   6.6412e-07  -6.0923e-15
El      5  CPS4                                     EL1      8     10     11      9
   4.7887   0.7887   2.0068e-04  -4.6198e-05   1.0368e-18   2.1363e+00   6.6412e-07   4.4478e-15
   4.7887   0.2113   2.0068e-04  -4.6198e-05   9.9103e-19   2.1363e+00   6.6412e-07   4.4062e-15
   4.2113   0.7887   2.0068e-04  -4.6198e-05  -1.2401e-18   2.1363e+00   6.6412e-07  -5.4609e-15
   4.2113   0.2113   2.0068e-04  -4.6198e-05  -1.4213e-18   2.1363e+00   6.6412e-07  -6.1930e-15
El      6  CPS4                                     EL1     10     12     13     11
   5.7887   0.7887   2.0068e-04  -4.6198e-05   1.0639e-18   2.1363e+00   6.6412e-07   4.6664e-15
   5.7887   0.2113   2.0068e-04  -4.6198e-05   1.0198e-18   2.1363e+00   6.6412e-07   4.4409e-15
   5.2113   0.7887   2.0068e-04  -4.6198e-05  -1.1858e-18   2.1363e+00   6.6412e-07  -5.0550e-15
   5.2113   0.2113   2.0068e-04  -4.6198e-05  -1.2299e-18   2.1363e+00   6.6412e-07  -5.2701e-15
El      7  CPS4                                     EL1     12     15     14     13
   6.7887   0.7887   2.0068e-04  -4.6198e-05   6.3019e-19   2.1363e+00   6.6412e-07   2.7790e-15
   6.7887   0.2113   2.0068e-04  -4.6198e-05   7.9621e-19   2.1363e+00   6.6412e-07   3.5943e-15
   6.2113   0.7887   2.0068e-04  -4.6198e-05  -9.4190e-19   2.1363e+00   6.6412e-07  -4.0697e-15
   6.2113   0.2113   2.0068e-04  -4.6198e-05  -1.1011e-18   2.1363e+00   6.6412e-07  -4.7809e-15
El      8  CPS4                                     EL1     15     16     17     14
   7.7887   0.7887   2.0068e-04  -4.6198e-05   5.1500e-19   2.1363e+00   6.6412e-07   2.1476e-15
   7.7887   0.2113   2.0068e-04  -4.6198e-05   6.2342e-19   2.1363e+00   6.6412e-07   2.7894e-15
   7.2113   0.7887   2.0068e-04  -4.6198e-05  -1.2739e-18   2.1363e+00   6.6412e-07  -5.4227e-15
   7.2113   0.2113   2.0068e-04  -4.6198e-05  -1.1655e-18   2.1363e+00   6.6412e-07  -5.1972e-15
El      9  CPS4                                     EL1     16     18     19     17
   8.7887   0.7887   2.0068e-04  -4.6198e-05   1.0300e-18   2.1363e+00   6.6412e-07   4.4235e-15
   8.7887   0.2113   2.0068e-04  -4.6198e-05   9.3343e-19   2.1363e+00   6.6412e-07   4.2293e-15
   8.2113   0.7887   2.0068e-04  -4.6198e-05  -1.3553e-18   2.1363e+00   6.6412e-07  -5.8287e-15
   8.2113   0.2113   2.0068e-04  -4.6198e-05  -1.3434e-18   2.1363e+00   6.6412e-07  -5.7246e-15
El     10  CPS4                                     EL1     18     20     21     19
   9.7887   0.7887   2.0068e-04  -4.6198e-05   6.7763e-19   2.1363e+00   6.6412e-07   3.0496e-15
   9.7887   0.2113   2.0068e-04  -4.6198e-05   1.0385e-18   2.1363e+00   6.6412e-07   4.5935e-15
   9.2113   0.7887   2.0068e-04  -4.6198e-05  -6.7763e-19   2.1363e+00   6.6412e-07  -3.0149e-15
   9.2113   0.2113   2.0068e-04  -4.6198e-05  -8.0468e-19   2.1363e+00   6.6412e-07  -3.5388e-15
El     11  CPS4                                     EL1     20     23     22     21
  10.7887   0.7887   2.0068e-04  -4.6198e-05   9.6901e-19   2.1363e+00   6.6412e-07   4.2709e-15
  10.7887   0.2113   2.0068e-04  -4.6198e-05   5.4888e-19   2.1363e+00   6.6412e-07   2.4078e-15
  10.2113   0.7887   2.0068e-04  -4.6198e-05  -6.5730e-19   2.1363e+00   6.6412e-07  -2.9664e-15
  10.2113   0.2113   2.0068e-04  -4.6198e-05  -1.1316e-18   2.1363e+00   6.6412e-07  -4.8052e-15
El     12  CPS4                                     EL1     23     24     25     22
  11.7887   0.7887   2.0068e-04  -4.6198e-05   4.8111e-19   2.1363e+00   6.6412e-07   2.0921e-15
  11.7887   0.2113   2.0068e-04  -4.6198e-05   5.9970e-19   2.1363e+00   6.6412e-07   2.6090e-15
  11.2113   0.7887   2.0068e-04  -4.6198e-05  -9.8256e-19   2.1363e+00   6.6412e-07  -4.1633e-15
  11.2113   0.2113   2.0068e-04  -4.6198e-05  -1.1892e-18   2.1363e+00   6.6412e-07  -5.3083e-15
El     13  CPS4                                     EL1     24     26     27     25
  12.7887   0.7887   2.0068e-04  -4.6198e-05   8.6059e-19   2.1363e+00   6.6412e-07   3.7574e-15
  12.7887   0.2113   2.0068e-04  -4.6198e-05   7.6911e-19   2.1363e+00   6.6412e-07   3.4105e-15
  12.2113   0.7887   2.0068e-04  -4.6198e-05  -7.6572e-19   2.1363e+00   6.6412e-07  -3.0982e-15
  12.2113   0.2113   2.0068e-04  -4.6198e-05  -6.4036e-19   2.1363e+00   6.6412e-07  -2.7894e-15
El     14  CPS4                                     EL1     26     28     29     27
  13.7887   0.7887   2.0068e-04  -4.6198e-05   1.0910e-18   2.1363e+00   6.6412e-07   4.8087e-15
  13.7887   0.2113   2.0068e-04  -4.6198e-05   4.5909e-19   2.1363e+00   6.6412e-07   2.0400e-15
  13.2113   0.7887   2.0068e-04  -4.6198e-05   6.7763e-21   2.1363e+00   6.6412e-07   6.9389e-18
  13.2113   0.2113   2.0068e-04  -4.6198e-05   2.4225e-19   2.1363e+00   6.6412e-07   9.8879e-16
El     15  CPS4                                     EL1     28     31     30     29
  14.7887   0.7887   2.0068e-04  -4.6198e-05   4.6756e-19   2.1363e+00   6.6412e-07   1.8006e-15
  14.7887   0.2113   2.0068e-04  -4.6198e-05   2.4395e-19   2.1363e+00   6.6412e-07   9.8185e-16
  14.2113   0.7887   2.0068e-04  -4.6198e-05  -5.0822e-19   2.1363e+00   6.6412e-07  -2.3211e-15
  14.2113   0.2113   2.0068e-04  -4.6198e-05  -6.2342e-19   2.1363e+00   6.6412e-07  -2.7339e-15
El     16  CPS4                                     EL1     31     32     33     30
  15.7887   0.7887   2.0068e-04  -4.6198e-05   4.9467e-19   2.1363e+00   6.6412e-07   2.1302e-15
  15.7887   0.2113   2.0068e-04  -4.6198e-05   2.1515e-19   2.1363e+00   6.6412e-07   9.9920e-16
  15.2113   0.7887   2.0068e-04  -4.6198e-05  -3.7269e-19   2.1363e+00   6.6412e-07  -1.5543e-15
  15.2113   0.2113   2.0068e-04  -4.6198e-05  -6.5222e-19   2.1363e+00   6.6412e-07  -2.9143e-15
El     17  CPS4                                     EL1     32     34     35     33
  16.7887   0.7887   2.0068e-04  -4.6198e-05  -2.3717e-19   2.1363e+00   6.6412e-07  -1.0061e-15
  16.7887   0.2113   2.0068e-04  -4.6198e-05   2.1684e-19   2.1363e+00   6.6412e-07   9.6798e-16
  16.2113   0.7887   2.0068e-04  -4.6198e-05  -2.3717e-19   2.1363e+00   6.6412e-07  -1.0270e-15
  16.2113   0.2113   2.0068e-04  -4.6198e-05   2.1684e-19   2.1363e+00   6.6412e-07   7.7716e-16
El     18  CPS4                                     EL1     34     36     37     35
  17.7887   0.7887   2.0068e-04  -4.6198e-05  -1.6941e-19   2.1363e+00   6.6412e-07  -7.2164e-16
  17.7887   0.2113   2.0068e-04  -4.6198e-05  -2.6258e-19   2.1363e+00   6.6412e-07  -1.1727e-15
  17.2113   0.7887   2.0068e-04  -4.6198e-05   4.7434e-20   2.1363e+00   6.6412e-07   1.9776e-16
  17.2113   0.2113   2.0068e-04  -4.6198e-05  -6.9626e-19   2.1363e+00   6.6412e-07  -3.0219e-15
El     19  CPS4                                     EL1     36     39     38     37
  18.7887   0.7887   2.0068e-04  -4.6198e-05   3.7947e-19   2.1363e+00   6.6412e-07   1.4884e-15
  18.7887   0.2113   2.0068e-04  -4.6198e-05   3.6592e-19   2.1363e+00   6.6412e-07   1.5821e-15
  18.2113   0.7887   2.0068e-04  -4.6198e-05  -4.8789e-19   2.1363e+00   6.6412e-07  -1.8804e-15
  18.2113   0.2113   2.0068e-04  -4.6198e-05   6.9118e-19   2.1363e+00   6.6412e-07   2.9941e-15
El     20  CPS4                                     EL1     39     40     41     38
  19.7887   0.7887   2.0068e-04  -4.6198e-05  -8.8091e-20   2.1363e+00   6.6412e-07  -4.0939e-16
  19.7887   0.2113   2.0068e-04  -4.6198e-05   1.5924e-19   2.1363e+00   6.6412e-07   7.0777e-16
  19.2113   0.7887   2.0068e-04  -4.6198e-05   3.4559e-19   2.1363e+00   6.6412e-07   1.5751e-15
  19.2113   0.2113   2.0068e-04  -4.6198e-05  -2.7444e-19   2.1363e+00   6.6412e-07  -1.1137e-15
El     21  CPS4                                     EL1     40     42     43     41
  20.7887   0.7887   2.0068e-04  -4.6198e-05   2.0329e-19   2.1363e+00   6.6412e-07   8.7430e-16
  20.7887   0.2113   2.0068e-04  -4.6198e-05  -8.3179e-19   2.1363e+00   6.6412e-07  -3.5805e-15
  20.2113   0.7887   2.0068e-04  -4.6198e-05  -3.3881e-19   2.1363e+00   6.6412e-07  -1.4051e-15
  20.2113   0.2113   2.0068e-04  -4.6198e-05  -9.4021e-19   2.1363e+00   6.6412e-07  -4.1113e-15
El     22  CPS4                                     EL1     42     44     45     43
  21.7887   0.7887   2.0068e-04  -4.6198e-05   6.7763e-21   2.1363e+00   6.6412e-07   6.9389e-18
  21.7887   0.2113   2.0068e-04  -4.6198e-05  -1.5552e-18   2.1363e+00   6.6412e-07  -6.8209e-15
  21.2113   0.7887   2.0068e-04  -4.6198e-05  -8.6059e-19   2.1363e+00   6.6412e-07  -3.8719e-15
  21.2113   0.2113   2.0068e-04  -4.6198e-05  -1.8804e-18   2.1363e+00   6.6412e-07  -8.2191e-15
El     23  CPS4                                     EL1     44     47     46     45
  22.7887   0.7887   2.0068e-04  -4.6198e-05  -6.1664e-19   2.1363e+00   6.6412e-07  -2.6507e-15
  22.7887   0.2113   2.0068e-04  -4.6198e-05  -1.6602e-19   2.1363e+00   6.6412e-07  -7.0777e-16
  22.2113   0.7887   2.0068e-04  -4.6198e-05  -6.1664e-19   2.1363e+00   6.6412e-07  -2.6576e-15
  22.2113   0.2113   2.0068e-04  -4.6198e-05  -4.9128e-19   2.1363e+00   6.6412e-07  -2.1441e-15
El     24  CPS4                                     EL1     47     48     49     46
  23.7887   0.7887   2.0068e-04  -4.6198e-05  -1.4569e-18   2.1363e+00   6.6412e-07  -6.4636e-15
  23.7887   0.2113   2.0068e-04  -4.6198e-05  -2.9985e-19   2.1363e+00   6.6412e-07  -1.3080e-15
  23.2113   0.7887   2.0068e-04  -4.6198e-05  -5.8953e-19   2.1363e+00   6.6412e-07  -2.6402e-15
  23.2113   0.2113   2.0068e-04  -4.6198e-05  -1.9143e-19   2.1363e+00   6.6412e-07  -8.6736e-16
El     25  CPS4                                     EL1     48     50     51     49
  24.7887   0.7887   2.0068e-04  -4.6198e-05   1.5111e-18   2.1363e+00   6.6412e-07   6.5434e-15
  24.7887   0.2113   2.0068e-04  -4.6198e-05   9.8256e-20   2.1363e+00   6.6412e-07   4.4062e-16
  24.2113   0.7887   2.0068e-04  -4.6198e-05   6.4375e-19   2.1363e+00   6.6412e-07   2.5049e-15
  24.2113   0.2113   2.0068e-04  -4.6198e-05   3.1510e-19   2.1363e+00   6.6412e-07   1.3253e-15
El     26  CPS4                                     EL1     50     52     53     51
  25.7887   0.7887   2.0068e-04  -4.6198e-05   4.8789e-19   2.1363e+00   6.6412e-07   2.1858e-15
  25.7887   0.2113   2.0068e-04  -4.6198e-05  -1.1689e-19   2.1363e+00   6.6412e-07  -5.5511e-16
  25.2113   0.7887   2.0068e-04  -4.6198e-05  -1.6805e-18   2.1363e+00   6.6412e-07  -7.4003e-15
  25.2113   0.2113   2.0068e-04  -4.6198e-05  -7.6741e-19   2.1363e+00   6.6412e-07  -3.3550e-15
El     27  CPS4                                     EL1     52     55     54     53
  26.7887   0.7887   2.0068e-04  -4.6198e-05  -1.6941e-19   2.1363e+00   6.6412e-07  -7.0430e-16
  26.7887   0.2113   2.0068e-04  -4.6198e-05  -1.1791e-18   2.1363e+00   6.6412e-07  -5.2180e-15
  26.2113   0.7887   2.0068e-04  -4.6198e-05   1.3485e-18   2.1363e+00   6.6412e-07   5.8946e-15
  26.2113   0.2113   2.0068e-04  -4.6198e-05   9.8933e-19   2.1363e+00   6.6412e-07   4.2640e-15
El     28  CPS4                                     EL1     55     56     57     54
  27.7887   0.7887   2.0068e-04  -4.6198e-05  -2.3717e-19   2.1363e+00   6.6412e-07  -1.0512e-15
  27.7887   0.2113   2.0068e-04  -4.6198e-05   8.8261e-19   2.1363e+00   6.6412e-07   3.8580e-15
  27.2113   0.7887   2.0068e-04  -4.6198e-05  -6.7085e-19   2.1363e+00   6.6412e-07  -2.9803e-15
  27.2113   0.2113   2.0068e-04  -4.6198e-05   1.5247e-20   2.1363e+00   6.6412e-07   2.4286e-17
El     29  CPS4                                     EL1     56     58     59     57
  28.7887   0.7887   2.0068e-04  -4.6198e-05  -2.0329e-20   2.1363e+00   6.6412e-07  -1.1102e-16
  28.7887   0.2113   2.0068e-04  -4.6198e-05  -5.0822e-20   2.1363e+00   6.6412e-07  -2.4633e-16
  28.2113   0.7887   2.0068e-04  -4.6198e-05   1.9651e-19   2.1363e+00   6.6412e-07   9.0206e-16
  28.2113   0.2113   2.0068e-04  -4.6198e-05  -1.1350e-18   2.1363e+00   6.6412e-07  -5.0099e-15
El     30  CPS4                                     EL1     58     60     61     59
  29.7887   0.7887   2.0068e-04  -4.6198e-05  -6.7763e-19   2.1363e+00   6.6412e-07  -2.8311e-15
  29.7887   0.2113   2.0068e-04  -4.6198e-05   3.2357e-19   2.1363e+00   6.6412e-07   1.3531e-15
  29.2113   0.7887   2.0068e-04  -4.6198e-05   1.8974e-19   2.1363e+00   6.6412e-07   8.5695e-16
  29.2113   0.2113   2.0068e-04  -4.6198e-05   5.4041e-19   2.1363e+00   6.6412e-07   2.3141e-15
El     31  CPS4                                     EL1     60     63     62     61
  30.7887   0.7887   2.0068e-04  -4.6198e-05  -8.1993e-19   2.1363e+00   6.6412e-07  -3.6533e-15
  30.7887   0.2113   2.0068e-04  -4.6198e-05  -2.3717e-20   2.1363e+00   6.6412e-07  -8.6736e-17
  30.2113   0.7887   2.0068e-04  -4.6198e-05   4.7434e-20   2.1363e+00   6.6412e-07   7.2858e-17
  30.2113   0.2113   2.0068e-04  -4.6198e-05   4.0996e-19   2.1363e+00   6.6412e-07   1.7972e-15
El     32  CPS4                                     EL1     63     64     65     62
  31.7887   0.7887   2.0068e-04  -4.6198e-05   3.3881e-19   2.1363e+00   6.6412e-07   1.5127e-15
  31.7887   0.2113   2.0068e-04  -4.6198e-05  -7.6911e-19   2.1363e+00   6.6412e-07  -3.4452e-15
  31.2113   0.7887   2.0068e-04  -4.6198e-05   1.6399e-18   2.1363e+00   6.6412e-07   7.0152e-15
  31.2113   0.2113   2.0068e-04  -4.6198e-05   3.1510e-19   2.1363e+00   6.6412e-07   1.3531e-15
El     33  CPS4                                     EL1     64     66     67     65
  32.7887   0.7887   2.0068e-04  -4.6198e-05  -7.3861e-19   2.1363e+00   6.6412e-07  -3.3515e-15
  32.7887   0.2113   2.0068e-04  -4.6198e-05  -7.4031e-19   2.1363e+00   6.6412e-07  -3.3168e-15
  32.2113   0.7887   2.0068e-04  -4.6198e-05  -5.2177e-19   2.1363e+00   6.6412e-07  -2.2204e-15
  32.2113   0.2113   2.0068e-04  -4.6198e-05   1.6449e-18   2.1363e+00   6.6412e-07   7.2442e-15
El     34  CPS4                                     EL1     66     68     69     67
  33.7887   0.7887   2.0068e-04  -4.6198e-05  -1.2265e-18   2.1363e+00   6.6412e-07  -5.1625e-15
  33.7887   0.2113   2.0068e-04  -4.6198e-05  -2.0532e-18   2.1363e+00   6.6412e-07  -9.0448e-15
  33.2113   0.7887   2.0068e-04  -4.6198e-05   1.3756e-18   2.1363e+00   6.6412e-07   5.8287e-15
  33.2113   0.2113   2.0068e-04  -4.6198e-05   1.1994e-18   2.1363e+00   6.6412e-07   5.1938e-15
El     35  CPS4                                     EL1     68     71     70     69
  34.7887   0.7887   2.0068e-04  -4.6198e-05  -5.8276e-19   2.1363e+00   6.6412e-07  -2.5709e-15
  34.7887   0.2113   2.0068e-04  -4.6198e-05   2.2700e-19   2.1363e+00   6.6412e-07   1.0096e-15
  34.2113   0.7887   2.0068e-04  -4.6198e-05  -3.6592e-19   2.1363e+00   6.6412e-07  -1.6098e-15
  34.2113   0.2113   2.0068e-04  -4.6198e-05  -4.2352e-19   2.1363e+00   6.6412e-07  -1.8874e-15
El     36  CPS4                                     EL1     71     72     73     70
  35.7887   0.7887   2.0068e-04  -4.6198e-05  -2.1142e-18   2.1363e+00   6.6412e-07  -8.9269e-15
  35.7887   0.2113   2.0068e-04  -4.6198e-05  -1.9431e-18   2.1363e+00   6.6412e-07  -8.3857e-15
  35.2113   0.7887   2.0068e-04  -4.6198e-05   2.0058e-18   2.1363e+00   6.6412e-07   8.7604e-15
  35.2113   0.2113   2.0068e-04  -4.6198e-05   1.0927e-18   2.1363e+00   6.6412e-07   4.8399e-15
El     37  CPS4                                     EL1     72     74     75     73
  36.7887   0.7887   2.0068e-04  -4.6198e-05  -8.9447e-19   2.1363e+00   6.6412e-07  -3.8476e-15
  36.7887   0.2113   2.0068e-04  -4.6198e-05  -4.0658e-19   2.1363e+00   6.6412e-07  -1.8700e-15
  36.2113   0.7887   2.0068e-04  -4.6198e-05  -8.9447e-19   2.1363e+00   6.6412e-07  -4.0454e-15
  36.2113   0.2113   2.0068e-04  -4.6198e-05  -1.8974e-19   2.1363e+00   6.6412e-07  -7.9450e-16
El     38  CPS4                                     EL1     74     76     77     75
  37.7887   0.7887   2.0068e-04  -4.6198e-05  -2.5140e-18   2.1363e+00   6.6412e-07  -1.0828e-14
  37.7887   0.2113   2.0068e-04  -4.6198e-05  -1.0994e-18   2.1363e+00   6.6412e-07  -4.5207e-15
  37.2113   0.7887   2.0068e-04  -4.6198e-05   2.2565e-18   2.1363e+00   6.6412e-07   9.6000e-15
  37.2113   0.2113   2.0068e-04  -4.6198e-05   2.3700e-18   2.1363e+00   6.6412e-07   1.0086e-14
El     39  CPS4                                     EL1     76     79     78     77
  38.7887   0.7887   2.0068e-04  -4.6198e-05  -6.0986e-19   2.1363e+00   6.6412e-07  -2.6645e-15
  38.7887   0.2113   2.0068e-04  -4.6198e-05  -1.5331e-18   2.1363e+00   6.6412e-07  -6.5538e-15
  38.2113   0.7887   2.0068e-04  -4.6198e-05  -3.9302e-19   2.1363e+00   6.6412e-07  -1.6827e-15
  38.2113   0.2113   2.0068e-04  -4.6198e-05  -2.3209e-19   2.1363e+00   6.6412e-07  -9.4022e-16
El     40  CPS4                                     EL1     79     80     81     78
  39.7887   0.7887   2.0068e-04  -4.6198e-05  -1.2401e-18   2.1363e+00   6.6412e-07  -5.5442e-15
  39.7887   0.2113   2.0068e-04  -4.6198e-05  -1.5636e-18   2.1363e+00   6.6412e-07  -6.4185e-15
  39.2113   0.7887   2.0068e-04  -4.6198e-05   7.1151e-19   2.1363e+00   6.6412e-07   2.9907e-15
  39.2113   0.2113   2.0068e-04  -4.6198e-05   8.2162e-19   2.1363e+00   6.6412e-07   3.6464e-15
El     41  CPS4                                     EL1     80     82     83     81
  40.7887   0.7887   2.0068e-04  -4.6198e-05  -2.0600e-18   2.1363e+00   6.6412e-07  -9.2183e-15
  40.7887   0.2113   2.0068e-04  -4.6198e-05  -3.0832e-18   2.1363e+00   6.6412e-07  -1.3409e-14
  40.2113   0.7887   2.0068e-04  -4.6198e-05   1.0842e-19   2.1363e+00   6.6412e-07   4.9266e-16
  40.2113   0.2113   2.0068e-04  -4.6198e-05  -1.1316e-18   2.1363e+00   6.6412e-07  -5.0931e-15
El     42  CPS4                                     EL1     82     84     85     83
  41.7887   0.7887   2.0068e-04  -4.6198e-05  -3.3678e-18   2.1363e+00   6.6412e-07  -1.4388e-14
  41.7887   0.2113   2.0068e-04  -4.6198e-05  -2.1040e-18   2.1363e+00   6.6412e-07  -9.3779e-15
  41.2113   0.7887   2.0068e-04  -4.6198e-05  -7.6572e-19   2.1363e+00   6.6412e-07  -3.1433e-15
  41.2113   0.2113   2.0068e-04  -4.6198e-05  -1.5247e-19   2.1363e+00   6.6412e-07  -6.6613e-16
El     43  CPS4                                     EL1     84     87     86     85
  42.7887   0.7887   2.0068e-04  -4.6198e-05  -3.1239e-18   2.1363e+00   6.6412e-07  -1.3455e-14
  42.7887   0.2113   2.0068e-04  -4.6198e-05  -2.6394e-18   2.1363e+00   6.6412e-07  -1.1557e-14
  42.2113   0.7887   2.0068e-04  -4.6198e-05  -2.2565e-18   2.1363e+00   6.6412e-07  -9.5653e-15
  42.2113   0.2113   2.0068e-04  -4.6198e-05  -1.5552e-18   2.1363e+00   6.6412e-07  -6.7030e-15
El     44  CPS4                                     EL1     87     88     89     86
  43.7887   0.7887   2.0068e-04  -4.6198e-05  -2.0126e-18   2.1363e+00   6.6412e-07  -8.6979e-15
  43.7887   0.2113   2.0068e-04  -4.6198e-05  -1.5890e-18   2.1363e+00   6.6412e-07  -6.7793e-15
  43.2113   0.7887   2.0068e-04  -4.6198e-05   1.0232e-18   2.1363e+00   6.6412e-07   4.3611e-15
  43.2113   0.2113   2.0068e-04  -4.6198e-05   7.9621e-19   2.1363e+00   6.6412e-07   3.4521e-15
El     45  CPS4                                     EL1     88     90     91     89
  44.7887   0.7887   2.0068e-04  -4.6198e-05  -1.6128e-18   2.1363e+00   6.6412e-07  -7.0742e-15
  44.7887   0.2113   2.0068e-04  -4.6198e-05  -1.9194e-18   2.1363e+00   6.6412e-07  -8.3232e-15
  44.2113   0.7887   2.0068e-04  -4.6198e-05  -9.4868e-20   2.1363e+00   6.6412e-07  -4.1286e-16
  44.2113   0.2113   2.0068e-04  -4.6198e-05   1.3332e-18   2.1363e+00   6.6412e-07   5.7211e-15
El     46  CPS4                                     EL1     90     92     93     91
  45.7887   0.7887   2.0068e-04  -4.6198e-05  -1.6128e-18   2.1363e+00   6.6412e-07  -7.2026e-15
  45.7887   0.2113   2.0068e-04  -4.6198e-05  -1.2570e-18   2.1363e+00   6.6412e-07  -5.5581e-15
  45.2113   0.7887   2.0068e-04  -4.6198e-05   3.3881e-19   2.1363e+00   6.6412e-07   1.5161e-15
  45.2113   0.2113   2.0068e-04  -4.6198e-05   1.1282e-18   2.1363e+00   6.6412e-07   5.0550e-15
El     47  CPS4                                     EL1     92     95     94     93
  46.7887   0.7887   2.0068e-04  -4.6198e-05  -1.7889e-18   2.1363e+00   6.6412e-07  -7.8201e-15
  46.7887   0.2113   2.0068e-04  -4.6198e-05  -3.0917e-18   2.1363e+00   6.6412e-07  -1.3226e-14
  46.2113   0.7887   2.0068e-04  -4.6198e-05   1.4637e-18   2.1363e+00   6.6412e-07   6.4705e-15
  46.2113   0.2113   2.0068e-04  -4.6198e-05   8.1146e-19   2.1363e+00   6.6412e-07   3.6394e-15
El     48  CPS4                                     EL1     95     96     97     94
  47.7887   0.7887   2.0068e-04  -4.6198e-05  -6.3019e-19   2.1363e+00   6.6412e-07  -2.8068e-15
  47.7887   0.2113   2.0068e-04  -4.6198e-05  -4.5401e-19   2.1363e+00   6.6412e-07  -1.8076e-15
  47.2113   0.7887   2.0068e-04  -4.6198e-05   1.5382e-18   2.1363e+00   6.6412e-07   6.7273e-15
  47.2113   0.2113   2.0068e-04  -4.6198e-05   1.7144e-18   2.1363e+00   6.6412e-07   7.4905e-15
El     49  CPS4                                     EL1     96     98     99     97
  48.7887   0.7887   2.0068e-04  -4.6198e-05  -2.1413e-18   2.1363e+00   6.6412e-07  -9.3120e-15
  48.7887   0.2113   2.0068e-04  -4.6198e-05  -2.1735e-18   2.1363e+00   6.6412e-07  -9.4438e-15
  48.2113   0.7887   2.0068e-04  -4.6198e-05   1.7618e-18   2.1363e+00   6.6412e-07   7.6432e-15
  48.2113   0.2113   2.0068e-04  -4.6198e-05   4.3317e-18   2.1363e+00   6.6412e-07   1.8721e-14
El     50  CPS4                                     EL1     98    100    101     99
  49.7887   0.7887   2.0068e-04  -4.6198e-05  -5.7598e-19   2.1363e+00   6.6412e-07  -2.4841e-15
  49.7887   0.2113   2.0068e-04  -4.6198e-05  -3.2797e-18   2.1363e+00   6.6412e-07  -1.4325e-14
  49.2113   0.7887   2.0068e-04  -4.6198e-05   1.1587e-18   2.1363e+00   6.6412e-07   4.8642e-15
  49.2113   0.2113   2.0068e-04  -4.6198e-05   1.0571e-18   2.1363e+00   6.6412e-07   4.7011e-15
