  1.0034
    1   0.0000   0.0000   0.0000  0.0000e+00  0.0000e+00 -1.4881e+00  4.2538e-08
    2   0.0000   1.0000   0.0000  0.0000e+00 -2.0227e-05 -1.4881e+00 -4.2538e-08
    3   1.0000   0.0000   0.0000  1.0034e-04 -2.3738e-18  0.0000e+00  8.5075e-08
    4   1.0000   1.0000   0.0000  1.0034e-04 -2.0227e-05  2.2204e-16 -8.5075e-08
    5   2.0000   0.0000   0.0000  2.0068e-04 -9.2906e-18  4.4409e-16  8.5075e-08
    6   2.0000   1.0000   0.0000  2.0068e-04 -2.0227e-05 -4.4409e-16 -8.5075e-08
    8   3.0000   1.0000   0.0000  3.0102e-04 -2.0227e-05 -2.2204e-16 -8.5075e-08
    7   3.0000   0.0000   0.0000  3.0102e-04 -2.0477e-17 -8.8818e-16  8.5075e-08
    9   4.0000   0.0000   0.0000  4.0136e-04 -3.5723e-17  4.4409e-16  8.5075e-08
   10   4.0000   1.0000   0.0000  4.0136e-04 -2.0227e-05 -2.2204e-16 -8.5075e-08
   11   5.0000   0.0000   0.0000  5.0170e-04 -5.4929e-17 -6.6613e-16  8.5075e-08
   12   5.0000   1.0000   0.0000  5.0170e-04 -2.0227e-05  1.1102e-15 -8.5075e-08
   13   6.0000   0.0000   0.0000  6.0204e-04 -7.7800e-17  4.4409e-16  8.5075e-08
   14   6.0000   1.0000   0.0000  6.0204e-04 -2.0227e-05 -6.6613e-16 -8.5075e-08
   16   7.0000   1.0000   0.0000  7.0238e-04 -2.0227e-05  8.8818e-16 -8.5075e-08
   15   7.0000   0.0000   0.0000  7.0238e-04 -1.0403e-16  4.4409e-16  8.5075e-08
   17   8.0000   0.0000   0.0000  8.0272e-04 -1.3351e-16 -1.5543e-15  8.5075e-08
   18   8.0000   1.0000   0.0000  8.0272e-04 -2.0227e-05 -6.6613e-16 -8.5075e-08
   19   9.0000   0.0000   0.0000  9.0306e-04 -1.6627e-16  8.8818e-16  8.5075e-08
   20   9.0000   1.0000   0.0000  9.0306e-04 -2.0227e-05  2.2204e-16 -8.5075e-08
   21  10.0000   0.0000   0.0000  1.0034e-03 -2.0190e-16  8.8818e-16  8.5075e-08
   22  10.0000   1.0000   0.0000  1.0034e-03 -2.0227e-05 -1.1102e-15 -8.5075e-08
   24  11.0000   1.0000   0.0000  1.1037e-03 -2.0227e-05 -2.2204e-16 -8.5075e-08
   23  11.0000   0.0000   0.0000  1.1037e-03 -2.4014e-16 -2.2204e-15  8.5075e-08
   25  12.0000   0.0000   0.0000  1.2041e-03 -2.8097e-16 -4.4409e-16  8.5075e-08
   26  12.0000   1.0000   0.0000  1.2041e-03 -2.0227e-05  6.2172e-15 -8.5075e-08
   27  13.0000   0.0000   0.0000  1.3044e-03 -3.2401e-16 -1.7764e-15  8.5075e-08
   28  13.0000   1.0000   0.0000  1.3044e-03 -2.0227e-05 -1.5543e-15 -8.5075e-08
   29  14.0000   0.0000   0.0000  1.4048e-03 -3.6939e-16 -2.6645e-15  8.5075e-08
   30  14.0000   1.0000   0.0000  1.4048e-03 -2.0227e-05  1.9984e-15 -8.5075e-08
   32  15.0000   1.0000   0.0000  1.5051e-03 -2.0227e-05  0.0000e+00 -8.5075e-08
   31  15.0000   0.0000   0.0000  1.5051e-03 -4.1676e-16  2.2204e-15  8.5075e-08
   33  16.0000   0.0000   0.0000  1.6054e-03 -4.6584e-16 -3.1086e-15  8.5075e-08
   34  16.0000   1.0000   0.0000  1.6054e-03 -2.0227e-05 -8.8818e-16 -8.5075e-08
   35  17.0000   0.0000   0.0000  1.7058e-03 -5.1671e-16 -8.8818e-16  8.5075e-08
   36  17.0000   1.0000   0.0000  1.7058e-03 -2.0227e-05 -3.3307e-15 -8.5075e-08
   37  18.0000   0.0000   0.0000  1.8061e-03 -5.6933e-16  6.6613e-15  8.5075e-08
   38  18.0000   1.0000   0.0000  1.8061e-03 -2.0227e-05  3.9968e-15 -8.5075e-08
   40  19.0000   1.0000   0.0000  1.9065e-03 -2.0227e-05 -8.2157e-15 -8.5075e-08
   39  19.0000   0.0000   0.0000  1.9065e-03 -6.2354e-16 -3.1086e-15  8.5075e-08
   41  20.0000   0.0000   0.0000  2.0068e-03 -6.7906e-16  5.5511e-15  8.5075e-08
   42  20.0000   1.0000   0.0000  2.0068e-03 -2.0227e-05  2.6645e-15 -8.5075e-08
   43  21.0000   0.0000   0.0000  2.1071e-03 -7.3564e-16 -8.8818e-16  8.5075e-08
   44  21.0000   1.0000   0.0000  2.1071e-03 -2.0227e-05 -3.3307e-15 -8.5075e-08
   45  22.0000   0.0000   0.0000  2.2075e-03 -7.9326e-16  7.5495e-15  8.5075e-08
   46  22.0000   1.0000   0.0000  2.2075e-03 -2.0227e-05 -1.9984e-15 -8.5075e-08
   48  23.0000   1.0000   0.0000  2.3078e-03 -2.0227e-05 -4.8850e-15 -8.5075e-08
   47  23.0000   0.0000   0.0000  2.3078e-03 -8.5135e-16 -1.9984e-15  8.5075e-08
   49  24.0000   0.0000   0.0000  2.4081e-03 -9.0942e-16  4.8850e-15  8.5075e-08
   50  24.0000   1.0000   0.0000  2.4081e-03 -2.0227e-05 -2.2204e-16 -8.5075e-08
   51  25.0000   0.0000   0.0000  2.5085e-03 -9.6734e-16 -1.3323e-15  8.5075e-08
   52  25.0000   1.0000   0.0000  2.5085e-03 -2.0227e-05 -1.5543e-15 -8.5075e-08
   53  26.0000   0.0000   0.0000  2.6088e-03 -1.0257e-15 -4.4409e-16  8.5075e-08
   54  26.0000   1.0000   0.0000  2.6088e-03 -2.0227e-05  3.3307e-15 -8.5075e-08
   56  27.0000   1.0000   0.0000  2.7092e-03 -2.0227e-05 -2.8866e-15 -8.5075e-08
   55  27.0000   0.0000   0.0000  2.7092e-03 -1.0835e-15 -4.8850e-15  8.5075e-08
   57  28.0000   0.0000   0.0000  2.8095e-03 -1.1403e-15  4.4409e-15  8.5075e-08
   58  28.0000   1.0000   0.0000  2.8095e-03 -2.0227e-05 -2.6645e-15 -8.5075e-08
   59  29.0000   0.0000   0.0000  2.9098e-03 -1.1972e-15  1.3323e-15  8.5075e-08
   60  29.0000   1.0000   0.0000  2.9098e-03 -2.0227e-05  7.9936e-15 -8.5075e-08
   61  30.0000   0.0000   0.0000  3.0102e-03 -1.2533e-15 -4.4409e-16  8.5075e-08
   62  30.0000   1.0000   0.0000  3.0102e-03 -2.0227e-05 -1.7764e-15 -8.5075e-08
   64  31.0000   1.0000   0.0000  3.1105e-03 -2.0227e-05 -8.8818e-16 -8.5075e-08
   63  31.0000   0.0000   0.0000  3.1105e-03 -1.3088e-15 -8.8818e-16  8.5075e-08
   65  32.0000   0.0000   0.0000  3.2109e-03 -1.3632e-15  1.9984e-15  8.5075e-08
   66  32.0000   1.0000   0.0000  3.2109e-03 -2.0227e-05  2.6645e-15 -8.5075e-08
   67  33.0000   0.0000   0.0000  3.3112e-03 -1.4165e-15 -7.3275e-15  8.5075e-08
   68  33.0000   1.0000   0.0000  3.3112e-03 -2.0227e-05  1.9984e-15 -8.5075e-08
   69  34.0000   0.0000   0.0000  3.4115e-03 -1.4682e-15  4.2188e-15  8.5075e-08
   70  34.0000   1.0000   0.0000  3.4115e-03 -2.0227e-05 -1.9984e-15 -8.5075e-08
   72  35.0000   1.0000   0.0000  3.5119e-03 -2.0227e-05  1.1102e-15 -8.5075e-08
   71  35.0000   0.0000   0.0000  3.5119e-03 -1.5176e-15 -1.3323e-15  8.5075e-08
   73  36.0000   0.0000   0.0000  3.6122e-03 -1.5651e-15  1.0658e-14  8.5075e-08
   74  36.0000   1.0000   0.0000  3.6122e-03 -2.0227e-05 -2.2204e-15 -8.5075e-08
   75  37.0000   0.0000   0.0000  3.7126e-03 -1.6111e-15 -3.5527e-15  8.5075e-08
   76  37.0000   1.0000   0.0000  3.7126e-03 -2.0227e-05 -1.1768e-14 -8.5075e-08
   77  38.0000   0.0000   0.0000  3.8129e-03 -1.6550e-15  4.4409e-16  8.5075e-08
   78  38.0000   1.0000   0.0000  3.8129e-03 -2.0227e-05  2.8866e-15 -8.5075e-08
   80  39.0000   1.0000   0.0000  3.9132e-03 -2.0227e-05  0.0000e+00 -8.5075e-08
   79  39.0000   0.0000   0.0000  3.9132e-03 -1.6962e-15 -1.3323e-15  8.5075e-08
   81  40.0000   0.0000   0.0000  4.0136e-03 -1.7352e-15 -1.0658e-14  8.5075e-08
   82  40.0000   1.0000   0.0000  4.0136e-03 -2.0227e-05  1.0436e-14 -8.5075e-08
   83  41.0000   0.0000   0.0000  4.1139e-03 -1.7706e-15  6.2172e-15  8.5075e-08
   84  41.0000   1.0000   0.0000  4.1139e-03 -2.0227e-05  3.5527e-15 -8.5075e-08
   85  42.0000   0.0000   0.0000  4.2143e-03 -1.8034e-15  1.3323e-15  8.5075e-08
   86  42.0000   1.0000   0.0000  4.2143e-03 -2.0227e-05 -8.4377e-15 -8.5075e-08
   88  43.0000   1.0000   0.0000  4.3146e-03 -2.0227e-05  2.2204e-16 -8.5075e-08
   87  43.0000   0.0000   0.0000  4.3146e-03 -1.8338e-15 -1.9984e-15  8.5075e-08
   89  44.0000   0.0000   0.0000  4.4149e-03 -1.8607e-15 -2.4425e-15  8.5075e-08
   90  44.0000   1.0000   0.0000  4.4149e-03 -2.0227e-05  4.8850e-15 -8.5075e-08
   91  45.0000   0.0000   0.0000  4.5153e-03 -1.8837e-15  1.3323e-15  8.5075e-08
   92  45.0000   1.0000   0.0000  4.5153e-03 -2.0227e-05 -8.8818e-16 -8.5075e-08
   93  46.0000   0.0000   0.0000  4.6156e-03 -1.9030e-15 -2.2204e-16  8.5075e-08
   94  46.0000   1.0000   0.0000  4.6156e-03 -2.0227e-05  2.6645e-15 -8.5075e-08
   96  47.0000   1.0000   0.0000  4.7160e-03 -2.0227e-05 -5.7732e-15 -8.5075e-08
   95  47.0000   0.0000   0.0000  4.7160e-03 -1.9192e-15 -2.6645e-15  8.5075e-08
   97  48.0000   0.0000   0.0000  4.8163e-03 -1.9310e-15 -1.1324e-14  8.5075e-08
   98  48.0000   1.0000   0.0000  4.8163e-03 -2.0227e-05  9.5479e-15 -8.5075e-08
   99  49.0000   0.0000   0.0000  4.9166e-03 -1.9389e-15  1.3323e-14  8.5075e-08
  100  49.0000   1.0000   0.0000  4.9166e-03 -2.0227e-05  1.9984e-14 -8.5075e-08
  101  50.0000   0.0000   0.0000  5.0170e-03 -1.9421e-15  1.4881e+00  4.2538e-08
  102  50.0000   1.0000   0.0000  5.0170e-03 -2.0227e-05  1.4881e+00 -4.2538e-08
  2.0068
    1   0.0000   0.0000   0.0000  0.0000e+00  0.0000e+00 -1.0681e+00 -3.3206e-07
    2   0.0000   1.0000   0.0000  0.0000e+00 -4.6198e-05 -1.0681e+00  3.3206e-07
    3   1.0000   0.0000   0.0000  2.0068e-04 -2.5151e-18  5.9952e-15 -6.6412e-07
    4   1.0000   1.0000   0.0000  2.0068e-04 -4.6198e-05  1.1102e-15  6.6412e-07
    5   2.0000   0.0000   0.0000  4.0136e-04 -9.7071e-18 -2.2204e-15 -6.6412e-07
    6   2.0000   1.0000   0.0000  4.0136e-04 -4.6198e-05 -3.3307e-15  6.6412e-07
    8   3.0000   1.0000   0.0000  6.0203e-04 -4.6198e-05 -4.8850e-15  6.6412e-07
    7   3.0000   0.0000   0.0000  6.0203e-04 -2.1528e-17  2.6645e-15 -6.6412e-07
    9   4.0000   0.0000   0.0000  8.0271e-04 -3.7724e-17  4.4409e-15 -6.6412e-07
   10   4.0000   1.0000   0.0000  8.0271e-04 -4.6198e-05 -1.3323e-15  6.6412e-07
   11   5.0000   0.0000   0.0000  1.0034e-03 -5.8212e-17 -3.5527e-15 -6.6412e-07
   12   5.0000   1.0000   0.0000  1.0034e-03 -4.6198e-05 -5.1070e-15  6.6412e-07
   13   6.0000   0.0000   0.0000  1.2041e-03 -8.2497e-17  8.4377e-15 -6.6412e-07
   14   6.0000   1.0000   0.0000  1.2041e-03 -4.6198e-05  3.5527e-15  6.6412e-07
   16   7.0000   1.0000   0.0000  1.4047e-03 -4.6198e-05  4.4409e-16  6.6412e-07
   15   7.0000   0.0000   0.0000  1.4047e-03 -1.1027e-16  6.2172e-15 -6.6412e-07
   17   8.0000   0.0000   0.0000  1.6054e-03 -1.4125e-16 -1.0214e-14 -6.6412e-07
   18   8.0000   1.0000   0.0000  1.6054e-03 -4.6198e-05  2.2204e-16  6.6412e-07
   19   9.0000   0.0000   0.0000  1.8061e-03 -1.7561e-16  1.1990e-14 -6.6412e-07
   20   9.0000   1.0000   0.0000  1.8061e-03 -4.6198e-05 -2.4425e-15  6.6412e-07
   21  10.0000   0.0000   0.0000  2.0068e-03 -2.1299e-16  3.5527e-15 -6.6412e-07
   22  10.0000   1.0000   0.0000  2.0068e-03 -4.6198e-05 -3.9968e-15  6.6412e-07
   24  11.0000   1.0000   0.0000  2.2075e-03 -4.6198e-05  2.2204e-15  6.6412e-07
   23  11.0000   0.0000   0.0000  2.2075e-03 -2.5293e-16 -2.2204e-15 -6.6412e-07
   25  12.0000   0.0000   0.0000  2.4081e-03 -2.9562e-16 -1.1102e-15 -6.6412e-07
   26  12.0000   1.0000   0.0000  2.4081e-03 -4.6198e-05 -1.9984e-15  6.6412e-07
   27  13.0000   0.0000   0.0000  2.6088e-03 -3.4071e-16  4.4409e-16 -6.6412e-07
   28  13.0000   1.0000   0.0000  2.6088e-03 -4.6198e-05 -1.4877e-14  6.6412e-07
   29  14.0000   0.0000   0.0000  2.8095e-03 -3.8780e-16 -2.2204e-16 -6.6412e-07
   30  14.0000   1.0000   0.0000  2.8095e-03 -4.6198e-05  1.3323e-15  6.6412e-07
   32  15.0000   1.0000   0.0000  3.0102e-03 -4.6198e-05  1.9984e-15  6.6412e-07
   31  15.0000   0.0000   0.0000  3.0102e-03 -4.3706e-16 -4.6629e-15 -6.6412e-07
   33  16.0000   0.0000   0.0000  3.2108e-03 -4.8852e-16  1.7986e-14 -6.6412e-07
   34  16.0000   1.0000   0.0000  3.2108e-03 -4.6198e-05  3.3307e-15  6.6412e-07
   35  17.0000   0.0000   0.0000  3.4115e-03 -5.4131e-16 -2.1316e-14 -6.6412e-07
   36  17.0000   1.0000   0.0000  3.4115e-03 -4.6198e-05 -2.3537e-14  6.6412e-07
   37  18.0000   0.0000   0.0000  3.6122e-03 -5.9526e-16  1.1990e-14 -6.6412e-07
   38  18.0000   1.0000   0.0000  3.6122e-03 -4.6198e-05  1.8430e-14  6.6412e-07
   40  19.0000   1.0000   0.0000  3.8129e-03 -4.6198e-05 -1.1102e-14  6.6412e-07
   39  19.0000   0.0000   0.0000  3.8129e-03 -6.5023e-16  5.3291e-15 -6.6412e-07
   41  20.0000   0.0000   0.0000  4.0136e-03 -7.0653e-16  2.6645e-15 -6.6412e-07
   42  20.0000   1.0000   0.0000  4.0136e-03 -4.6198e-05 -8.4377e-15  6.6412e-07
   43  21.0000   0.0000   0.0000  4.2142e-03 -7.6392e-16 -4.2188e-15 -6.6412e-07
   44  21.0000   1.0000   0.0000  4.2142e-03 -4.6198e-05  3.7748e-15  6.6412e-07
   45  22.0000   0.0000   0.0000  4.4149e-03 -8.2226e-16 -2.6645e-15 -6.6412e-07
   46  22.0000   1.0000   0.0000  4.4149e-03 -4.6198e-05 -1.9762e-14  6.6412e-07
   48  23.0000   1.0000   0.0000  4.6156e-03 -4.6198e-05  8.4377e-15  6.6412e-07
   47  23.0000   0.0000   0.0000  4.6156e-03 -8.8054e-16  1.2212e-14 -6.6412e-07
   49  24.0000   0.0000   0.0000  4.8163e-03 -9.3857e-16 -7.9936e-15 -6.6412e-07
   50  24.0000   1.0000   0.0000  4.8163e-03 -4.6198e-05 -2.7534e-14  6.6412e-07
   51  25.0000   0.0000   0.0000  5.0170e-03 -9.9496e-16  6.6613e-16 -6.6412e-07
   52  25.0000   1.0000   0.0000  5.0170e-03 -4.6198e-05  4.6851e-14  6.6412e-07
   53  26.0000   0.0000   0.0000  5.2176e-03 -1.0522e-15  5.2403e-14 -6.6412e-07
   54  26.0000   1.0000   0.0000  5.2176e-03 -4.6198e-05 -1.1102e-14  6.6412e-07
   56  27.0000   1.0000   0.0000  5.4183e-03 -4.6198e-05 -2.4425e-14  6.6412e-07
   55  27.0000   0.0000   0.0000  5.4183e-03 -1.1094e-15 -7.7938e-14 -6.6412e-07
   57  28.0000   0.0000   0.0000  5.6190e-03 -1.1651e-15  7.9492e-14 -6.6412e-07
   58  28.0000   1.0000   0.0000  5.6190e-03 -4.6198e-05  6.8168e-14  6.6412e-07
   59  29.0000   0.0000   0.0000  5.8197e-03 -1.2224e-15 -5.3513e-14 -6.6412e-07
   60  29.0000   1.0000   0.0000  5.8197e-03 -4.6198e-05 -6.2839e-14  6.6412e-07
   61  30.0000   0.0000   0.0000  6.0203e-03 -1.2793e-15  1.4433e-14 -6.6412e-07
   62  30.0000   1.0000   0.0000  6.0203e-03 -4.6198e-05  3.4639e-14  6.6412e-07
   64  31.0000   1.0000   0.0000  6.2210e-03 -4.6198e-05 -5.6399e-14  6.6412e-07
   63  31.0000   0.0000   0.0000  6.2210e-03 -1.3366e-15 -2.6867e-14 -6.6412e-07
   65  32.0000   0.0000   0.0000  6.4217e-03 -1.3920e-15  1.8874e-14 -6.6412e-07
   66  32.0000   1.0000   0.0000  6.4217e-03 -4.6198e-05  3.1086e-14  6.6412e-07
   67  33.0000   0.0000   0.0000  6.6224e-03 -1.4474e-15  4.9738e-14 -6.6412e-07
   68  33.0000   1.0000   0.0000  6.6224e-03 -4.6198e-05  1.6209e-14  6.6412e-07
   69  34.0000   0.0000   0.0000  6.8231e-03 -1.5014e-15 -7.8382e-14 -6.6412e-07
   70  34.0000   1.0000   0.0000  6.8231e-03 -4.6198e-05 -4.5297e-14  6.6412e-07
   72  35.0000   1.0000   0.0000  7.0237e-03 -4.6198e-05 -4.2855e-14  6.6412e-07
   71  35.0000   0.0000   0.0000  7.0237e-03 -1.5541e-15  2.1094e-14 -6.6412e-07
   73  36.0000   0.0000   0.0000  7.2244e-03 -1.6053e-15  5.0626e-14 -6.6412e-07
   74  36.0000   1.0000   0.0000  7.2244e-03 -4.6198e-05  9.9032e-14  6.6412e-07
   75  37.0000   0.0000   0.0000  7.4251e-03 -1.6536e-15  6.6613e-16 -6.6412e-07
   76  37.0000   1.0000   0.0000  7.4251e-03 -4.6198e-05 -7.8160e-14  6.6412e-07
   77  38.0000   0.0000   0.0000  7.6258e-03 -1.6992e-15 -1.7542e-14 -6.6412e-07
   78  38.0000   1.0000   0.0000  7.6258e-03 -4.6198e-05  2.7756e-14  6.6412e-07
   80  39.0000   1.0000   0.0000  7.8264e-03 -4.6198e-05  1.7542e-14  6.6412e-07
   79  39.0000   0.0000   0.0000  7.8264e-03 -1.7415e-15 -4.4409e-16 -6.6412e-07
   81  40.0000   0.0000   0.0000  8.0271e-03 -1.7809e-15  6.1284e-14 -6.6412e-07
   82  40.0000   1.0000   0.0000  8.0271e-03 -4.6198e-05  2.7534e-14  6.6412e-07
   83  41.0000   0.0000   0.0000  8.2278e-03 -1.8181e-15  7.1054e-15 -6.6412e-07
   84  41.0000   1.0000   0.0000  8.2278e-03 -4.6198e-05 -2.5979e-14  6.6412e-07
   85  42.0000   0.0000   0.0000  8.4285e-03 -1.8529e-15 -4.9072e-14 -6.6412e-07
   86  42.0000   1.0000   0.0000  8.4285e-03 -4.6198e-05 -4.8184e-14  6.6412e-07
   88  43.0000   1.0000   0.0000  8.6292e-03 -4.6198e-05  2.4425e-15  6.6412e-07
   87  43.0000   0.0000   0.0000  8.6292e-03 -1.8844e-15  1.2657e-14 -6.6412e-07
   89  44.0000   0.0000   0.0000  8.8298e-03 -1.9125e-15 -1.9318e-14 -6.6412e-07
   90  44.0000   1.0000   0.0000  8.8298e-03 -4.6198e-05 -1.4433e-14  6.6412e-07
   91  45.0000   0.0000   0.0000  9.0305e-03 -1.9348e-15  2.1982e-14 -6.6412e-07
   92  45.0000   1.0000   0.0000  9.0305e-03 -4.6198e-05  1.3989e-14  6.6412e-07
   93  46.0000   0.0000   0.0000  9.2312e-03 -1.9537e-15  4.7518e-14 -6.6412e-07
   94  46.0000   1.0000   0.0000  9.2312e-03 -4.6198e-05  2.3759e-14  6.6412e-07
   96  47.0000   1.0000   0.0000  9.4319e-03 -4.6198e-05  2.8866e-15  6.6412e-07
   95  47.0000   0.0000   0.0000  9.4319e-03 -1.9712e-15 -3.6637e-14 -6.6412e-07
   97  48.0000   0.0000   0.0000  9.6325e-03 -1.9837e-15 -2.0428e-14 -6.6412e-07
   98  48.0000   1.0000   0.0000  9.6325e-03 -4.6198e-05 -1.0658e-13  6.6412e-07
   99  49.0000   0.0000   0.0000  9.8332e-03 -1.9930e-15  3.8414e-14 -6.6412e-07
  100  49.0000   1.0000   0.0000  9.8332e-03 -4.6198e-05  1.1036e-13  6.6412e-07
  101  50.0000   0.0000   0.0000  1.0034e-02 -1.9958e-15  1.0681e+00 -3.3206e-07
  102  50.0000   1.0000   0.0000  1.0034e-02 -4.6198e-05  1.0681e+00  3.3206e-07
