Time,   1.0000
      1,   0.0000,   0.0000,   0.0000,    3,    0.0000e+00,  0.0000e+00,  0.0000e+00,     -7.4155e-01,  6.1813e-10,  6.1812e-10,      0.0000e+00,  0.0000e+00,  0.0000e+00,
      2,   1.0000,   0.0000,   0.0000,    3,    1.0000e-04,  3.8255e-17,  1.9696e-17,     -1.1102e-16,  1.2363e-09,  1.2363e-09,      1.1102e-16, -1.2363e-09, -1.2363e-09,
      3,   2.0000,   0.0000,   0.0000,    3,    2.0000e-04,  1.4298e-16,  6.5607e-17,     -1.1102e-16,  1.2363e-09,  1.2363e-09,      1.1102e-16, -1.2363e-09, -1.2363e-09,
      4,   3.0000,   0.0000,   0.0000,    3,    3.0000e-04,  3.1498e-16,  1.4086e-16,     -2.2204e-16,  1.2363e-09,  1.2363e-09,      2.2204e-16, -1.2363e-09, -1.2363e-09,
      5,   4.0000,   0.0000,   0.0000,    3,    4.0000e-04,  5.5061e-16,  2.4345e-16,      4.4409e-16,  1.2363e-09,  1.2363e-09,     -4.4409e-16, -1.2363e-09, -1.2363e-09,
      6,   5.0000,   0.0000,   0.0000,    3,    5.0000e-04,  8.4709e-16,  3.7219e-16,     -1.1102e-16,  1.2363e-09,  1.2363e-09,      1.1102e-16, -1.2363e-09, -1.2363e-09,
      7,   6.0000,   0.0000,   0.0000,    3,    6.0000e-04,  1.2014e-15,  5.2576e-16,     -8.8818e-16,  1.2363e-09,  1.2363e-09,      8.8818e-16, -1.2363e-09, -1.2363e-09,
      8,   7.0000,   0.0000,   0.0000,    3,    7.0000e-04,  1.6104e-15,  7.0313e-16,      1.1102e-16,  1.2363e-09,  1.2363e-09,     -1.1102e-16, -1.2363e-09, -1.2363e-09,
      9,   8.0000,   0.0000,   0.0000,    3,    8.0000e-04,  2.0714e-15,  9.0304e-16,      2.2204e-16,  1.2363e-09,  1.2363e-09,     -2.2204e-16, -1.2363e-09, -1.2363e-09,
     10,   9.0000,   0.0000,   0.0000,    3,    9.0000e-04,  2.5814e-15,  1.1242e-15,     -6.6613e-16,  1.2363e-09,  1.2363e-09,      6.6613e-16, -1.2363e-09, -1.2363e-09,
     11,  10.0000,   0.0000,   0.0000,    3,    1.0000e-03,  3.1373e-15,  1.3653e-15,     -3.3307e-16,  1.2363e-09,  1.2363e-09,      3.3307e-16, -1.2363e-09, -1.2363e-09,
     12,  11.0000,   0.0000,   0.0000,    3,    1.1000e-03,  3.7365e-15,  1.6251e-15,      9.9920e-16,  1.2363e-09,  1.2363e-09,     -9.9920e-16, -1.2363e-09, -1.2363e-09,
     13,  12.0000,   0.0000,   0.0000,    3,    1.2000e-03,  4.3759e-15,  1.9023e-15,      2.2204e-16,  1.2363e-09,  1.2363e-09,     -2.2204e-16, -1.2363e-09, -1.2363e-09,
     14,  13.0000,   0.0000,   0.0000,    3,    1.3000e-03,  5.0527e-15,  2.1962e-15,      0.0000e+00,  1.2363e-09,  1.2363e-09,      0.0000e+00, -1.2363e-09, -1.2363e-09,
     15,  14.0000,   0.0000,   0.0000,    3,    1.4000e-03,  5.7643e-15,  2.5050e-15,     -3.3307e-16,  1.2363e-09,  1.2363e-09,      3.3307e-16, -1.2363e-09, -1.2363e-09,
     16,  15.0000,   0.0000,   0.0000,    3,    1.5000e-03,  6.5078e-15,  2.8279e-15,     -2.1094e-15,  1.2363e-09,  1.2363e-09,      2.1094e-15, -1.2363e-09, -1.2363e-09,
     17,  16.0000,   0.0000,   0.0000,    3,    1.6000e-03,  7.2801e-15,  3.1634e-15,     -2.2204e-16,  1.2363e-09,  1.2363e-09,      2.2204e-16, -1.2363e-09, -1.2363e-09,
     18,  17.0000,   0.0000,   0.0000,    3,    1.7000e-03,  8.0786e-15,  3.5105e-15,      2.4425e-15,  1.2363e-09,  1.2363e-09,     -2.4425e-15, -1.2363e-09, -1.2363e-09,
     19,  18.0000,   0.0000,   0.0000,    3,    1.8000e-03,  8.8999e-15,  3.8672e-15,      2.2204e-16,  1.2363e-09,  1.2363e-09,     -2.2204e-16, -1.2363e-09, -1.2363e-09,
     20,  19.0000,   0.0000,   0.0000,    3,    1.9000e-03,  9.7419e-15,  4.2322e-15,      1.3323e-15,  1.2363e-09,  1.2363e-09,     -1.3323e-15, -1.2363e-09, -1.2363e-09,
     21,  20.0000,   0.0000,   0.0000,    3,    2.0000e-03,  1.0601e-14,  4.6045e-15,      1.2212e-15,  1.2363e-09,  1.2363e-09,     -1.2212e-15, -1.2363e-09, -1.2363e-09,
     22,  21.0000,   0.0000,   0.0000,    3,    2.1000e-03,  1.1475e-14,  4.9835e-15,      3.1086e-15,  1.2363e-09,  1.2363e-09,     -3.1086e-15, -1.2363e-09, -1.2363e-09,
     23,  22.0000,   0.0000,   0.0000,    3,    2.2000e-03,  1.2361e-14,  5.3677e-15,      3.3307e-16,  1.2363e-09,  1.2363e-09,     -3.3307e-16, -1.2363e-09, -1.2363e-09,
     24,  23.0000,   0.0000,   0.0000,    3,    2.3000e-03,  1.3255e-14,  5.7557e-15,     -1.6653e-15,  1.2363e-09,  1.2363e-09,      1.6653e-15, -1.2363e-09, -1.2363e-09,
     25,  24.0000,   0.0000,   0.0000,    3,    2.4000e-03,  1.4156e-14,  6.1467e-15,      0.0000e+00,  1.2363e-09,  1.2363e-09,      0.0000e+00, -1.2363e-09, -1.2363e-09,
     26,  25.0000,   0.0000,   0.0000,    3,    2.5000e-03,  1.5061e-14,  6.5384e-15,     -6.6613e-16,  1.2363e-09,  1.2363e-09,      6.6613e-16, -1.2363e-09, -1.2363e-09,
     27,  26.0000,   0.0000,   0.0000,    3,    2.6000e-03,  1.5966e-14,  6.9308e-15,      2.1094e-15,  1.2363e-09,  1.2363e-09,     -2.1094e-15, -1.2363e-09, -1.2363e-09,
     28,  27.0000,   0.0000,   0.0000,    3,    2.7000e-03,  1.6869e-14,  7.3217e-15,     -3.1086e-15,  1.2363e-09,  1.2363e-09,      3.1086e-15, -1.2363e-09, -1.2363e-09,
     29,  28.0000,   0.0000,   0.0000,    3,    2.8000e-03,  1.7766e-14,  7.7104e-15,      6.6613e-16,  1.2363e-09,  1.2363e-09,     -6.6613e-16, -1.2363e-09, -1.2363e-09,
     30,  29.0000,   0.0000,   0.0000,    3,    2.9000e-03,  1.8655e-14,  8.0951e-15,      3.5527e-15,  1.2363e-09,  1.2363e-09,     -3.5527e-15, -1.2363e-09, -1.2363e-09,
     31,  30.0000,   0.0000,   0.0000,    3,    3.0000e-03,  1.9532e-14,  8.4751e-15,      1.4433e-15,  1.2363e-09,  1.2363e-09,     -1.4433e-15, -1.2363e-09, -1.2363e-09,
     32,  31.0000,   0.0000,   0.0000,    3,    3.1000e-03,  2.0394e-14,  8.8491e-15,      3.6637e-15,  1.2363e-09,  1.2363e-09,     -3.6637e-15, -1.2363e-09, -1.2363e-09,
     33,  32.0000,   0.0000,   0.0000,    3,    3.2000e-03,  2.1240e-14,  9.2152e-15,      1.1102e-15,  1.2363e-09,  1.2363e-09,     -1.1102e-15, -1.2363e-09, -1.2363e-09,
     34,  33.0000,   0.0000,   0.0000,    3,    3.3000e-03,  2.2065e-14,  9.5730e-15,     -1.5543e-15,  1.2363e-09,  1.2363e-09,      1.5543e-15, -1.2363e-09, -1.2363e-09,
     35,  34.0000,   0.0000,   0.0000,    3,    3.4000e-03,  2.2867e-14,  9.9198e-15,      6.6613e-16,  1.2363e-09,  1.2363e-09,     -6.6613e-16, -1.2363e-09, -1.2363e-09,
     36,  35.0000,   0.0000,   0.0000,    3,    3.5000e-03,  2.3644e-14,  1.0256e-14,      2.4425e-15,  1.2363e-09,  1.2363e-09,     -2.4425e-15, -1.2363e-09, -1.2363e-09,
     37,  36.0000,   0.0000,   0.0000,    3,    3.6000e-03,  2.4392e-14,  1.0579e-14,     -1.2212e-15,  1.2363e-09,  1.2363e-09,      1.2212e-15, -1.2363e-09, -1.2363e-09,
     38,  37.0000,   0.0000,   0.0000,    3,    3.7000e-03,  2.5108e-14,  1.0889e-14,      3.9968e-15,  1.2363e-09,  1.2363e-09,     -3.9968e-15, -1.2363e-09, -1.2363e-09,
     39,  38.0000,   0.0000,   0.0000,    3,    3.8000e-03,  2.5789e-14,  1.1184e-14,      4.4409e-15,  1.2363e-09,  1.2363e-09,     -4.4409e-15, -1.2363e-09, -1.2363e-09,
     40,  39.0000,   0.0000,   0.0000,    3,    3.9000e-03,  2.6431e-14,  1.1462e-14,     -1.7764e-15,  1.2363e-09,  1.2363e-09,      1.7764e-15, -1.2363e-09, -1.2363e-09,
     41,  40.0000,   0.0000,   0.0000,    3,    4.0000e-03,  2.7032e-14,  1.1725e-14,     -2.1094e-15,  1.2363e-09,  1.2363e-09,      2.1094e-15, -1.2363e-09, -1.2363e-09,
     42,  41.0000,   0.0000,   0.0000,    3,    4.1000e-03,  2.7590e-14,  1.1968e-14,     -1.1102e-16,  1.2363e-09,  1.2363e-09,      1.1102e-16, -1.2363e-09, -1.2363e-09,
     43,  42.0000,   0.0000,   0.0000,    3,    4.2000e-03,  2.8102e-14,  1.2190e-14,      7.7716e-16,  1.2363e-09,  1.2363e-09,     -7.7716e-16, -1.2363e-09, -1.2363e-09,
     44,  43.0000,   0.0000,   0.0000,    3,    4.3000e-03,  2.8564e-14,  1.2391e-14,     -1.3323e-15,  1.2363e-09,  1.2363e-09,      1.3323e-15, -1.2363e-09, -1.2363e-09,
     45,  44.0000,   0.0000,   0.0000,    3,    4.4000e-03,  2.8974e-14,  1.2571e-14,     -5.1070e-15,  1.2363e-09,  1.2363e-09,      5.1070e-15, -1.2363e-09, -1.2363e-09,
     46,  45.0000,   0.0000,   0.0000,    3,    4.5000e-03,  2.9328e-14,  1.2725e-14,      4.1078e-15,  1.2363e-09,  1.2363e-09,     -4.1078e-15, -1.2363e-09, -1.2363e-09,
     47,  46.0000,   0.0000,   0.0000,    3,    4.6000e-03,  2.9622e-14,  1.2855e-14,     -1.1102e-16,  1.2363e-09,  1.2363e-09,      1.1102e-16, -1.2363e-09, -1.2363e-09,
     48,  47.0000,   0.0000,   0.0000,    3,    4.7000e-03,  2.9857e-14,  1.2958e-14,      2.2204e-16,  1.2363e-09,  1.2363e-09,     -2.2204e-16, -1.2363e-09, -1.2363e-09,
     49,  48.0000,   0.0000,   0.0000,    3,    4.8000e-03,  3.0028e-14,  1.3032e-14,     -4.5519e-15,  1.2363e-09,  1.2363e-09,      4.5519e-15, -1.2363e-09, -1.2363e-09,
     50,  49.0000,   0.0000,   0.0000,    3,    4.9000e-03,  3.0132e-14,  1.3079e-14,      3.3307e-16,  1.2363e-09,  1.2363e-09,      0.0000e+00, -1.2363e-09, -1.2363e-09,
     51,  50.0000,   0.0000,   0.0000,    3,    5.0000e-03,  3.0168e-14,  1.3095e-14,      7.4155e-01,  6.1814e-10,  6.1814e-10,      0.0000e+00, -6.1814e-10, -6.1814e-10,
     52,  51.0000,   0.0000,   0.0000,    0,          
     53,  52.0000,   0.0000,   0.0000,    0,          
     54,  53.0000,   0.0000,   0.0000,    0,          
     55,  54.0000,   0.0000,   0.0000,    0,          
     56,  55.0000,   0.0000,   0.0000,    0,          
     57,  56.0000,   0.0000,   0.0000,    0,          
     58,  57.0000,   0.0000,   0.0000,    0,          
     59,  58.0000,   0.0000,   0.0000,    0,          
     60,  59.0000,   0.0000,   0.0000,    0,          
     61,  60.0000,   0.0000,   0.0000,    0,          
     62,  61.0000,   0.0000,   0.0000,    0,          
     63,  62.0000,   0.0000,   0.0000,    0,          
     64,  63.0000,   0.0000,   0.0000,    0,          
     65,  64.0000,   0.0000,   0.0000,    0,          
     66,  65.0000,   0.0000,   0.0000,    0,          
     67,  66.0000,   0.0000,   0.0000,    0,          
     68,  67.0000,   0.0000,   0.0000,    0,          
     69,  68.0000,   0.0000,   0.0000,    0,          
     70,  69.0000,   0.0000,   0.0000,    0,          
     71,  70.0000,   0.0000,   0.0000,    0,          
     72,  71.0000,   0.0000,   0.0000,    0,          
     73,  72.0000,   0.0000,   0.0000,    0,          
     74,  73.0000,   0.0000,   0.0000,    0,          
     75,  74.0000,   0.0000,   0.0000,    0,          
     76,  75.0000,   0.0000,   0.0000,    0,          
     77,  76.0000,   0.0000,   0.0000,    0,          
     78,  77.0000,   0.0000,   0.0000,    0,          
     79,  78.0000,   0.0000,   0.0000,    0,          
     80,  79.0000,   0.0000,   0.0000,    0,          
     81,  80.0000,   0.0000,   0.0000,    0,          
     82,  81.0000,   0.0000,   0.0000,    0,          
     83,  82.0000,   0.0000,   0.0000,    0,          
     84,  83.0000,   0.0000,   0.0000,    0,          
     85,  84.0000,   0.0000,   0.0000,    0,          
     86,  85.0000,   0.0000,   0.0000,    0,          
     87,  86.0000,   0.0000,   0.0000,    0,          
     88,  87.0000,   0.0000,   0.0000,    0,          
     89,  88.0000,   0.0000,   0.0000,    0,          
     90,  89.0000,   0.0000,   0.0000,    0,          
     91,  90.0000,   0.0000,   0.0000,    0,          
     92,  91.0000,   0.0000,   0.0000,    0,          
     93,  92.0000,   0.0000,   0.0000,    0,          
     94,  93.0000,   0.0000,   0.0000,    0,          
     95,  94.0000,   0.0000,   0.0000,    0,          
     96,  95.0000,   0.0000,   0.0000,    0,          
     97,  96.0000,   0.0000,   0.0000,    0,          
     98,  97.0000,   0.0000,   0.0000,    0,          
     99,  98.0000,   0.0000,   0.0000,    0,          
    100,  99.0000,   0.0000,   0.0000,    0,          
    101, 100.0000,   0.0000,   0.0000,    0,          
    102,   0.0000,   1.0000,   0.0000,    3,    0.0000e+00, -2.0117e-05,  0.0000e+00,     -7.4155e-01, -6.1814e-10,  6.1816e-10,      0.0000e+00,  6.1814e-10,  0.0000e+00,
    103,   1.0000,   1.0000,   0.0000,    3,    1.0000e-04, -2.0117e-05,  1.1806e-17,     -4.4409e-16, -1.2363e-09,  1.2363e-09,      4.4409e-16,  1.2363e-09, -1.2363e-09,
    104,   2.0000,   1.0000,   0.0000,    3,    2.0000e-04, -2.0117e-05,  5.7361e-17,     -2.2204e-16, -1.2363e-09,  1.2363e-09,      2.2204e-16,  1.2363e-09, -1.2363e-09,
    105,   3.0000,   1.0000,   0.0000,    3,    3.0000e-04, -2.0117e-05,  1.3081e-16,      3.3307e-16, -1.2363e-09,  1.2363e-09,     -3.3307e-16,  1.2363e-09, -1.2363e-09,
    106,   4.0000,   1.0000,   0.0000,    3,    4.0000e-04, -2.0117e-05,  2.3183e-16,      4.4409e-16, -1.2363e-09,  1.2363e-09,     -4.4409e-16,  1.2363e-09, -1.2363e-09,
    107,   5.0000,   1.0000,   0.0000,    3,    5.0000e-04, -2.0117e-05,  3.5898e-16,     -4.4409e-16, -1.2363e-09,  1.2363e-09,      4.4409e-16,  1.2363e-09, -1.2363e-09,
    108,   6.0000,   1.0000,   0.0000,    3,    6.0000e-04, -2.0117e-05,  5.1109e-16,     -3.3307e-16, -1.2363e-09,  1.2363e-09,      3.3307e-16,  1.2363e-09, -1.2363e-09,
    109,   7.0000,   1.0000,   0.0000,    3,    7.0000e-04, -2.0117e-05,  6.8681e-16,      2.2204e-16, -1.2363e-09,  1.2363e-09,     -2.2204e-16,  1.2363e-09, -1.2363e-09,
    110,   8.0000,   1.0000,   0.0000,    3,    8.0000e-04, -2.0117e-05,  8.8520e-16,      1.3323e-15, -1.2363e-09,  1.2363e-09,     -1.3323e-15,  1.2363e-09, -1.2363e-09,
    111,   9.0000,   1.0000,   0.0000,    3,    9.0000e-04, -2.0117e-05,  1.1048e-15,     -5.5511e-16, -1.2363e-09,  1.2363e-09,      5.5511e-16,  1.2363e-09, -1.2363e-09,
    112,  10.0000,   1.0000,   0.0000,    3,    1.0000e-03, -2.0117e-05,  1.3443e-15,      8.8818e-16, -1.2363e-09,  1.2363e-09,     -8.8818e-16,  1.2363e-09, -1.2363e-09,
    113,  11.0000,   1.0000,   0.0000,    3,    1.1000e-03, -2.0117e-05,  1.6024e-15,     -1.3323e-15, -1.2363e-09,  1.2363e-09,      1.3323e-15,  1.2363e-09, -1.2363e-09,
    114,  12.0000,   1.0000,   0.0000,    3,    1.2000e-03, -2.0117e-05,  1.8780e-15,      0.0000e+00, -1.2363e-09,  1.2363e-09,      0.0000e+00,  1.2363e-09, -1.2363e-09,
    115,  13.0000,   1.0000,   0.0000,    3,    1.3000e-03, -2.0117e-05,  2.1703e-15,     -3.3307e-16, -1.2363e-09,  1.2363e-09,      3.3307e-16,  1.2363e-09, -1.2363e-09,
    116,  14.0000,   1.0000,   0.0000,    3,    1.4000e-03, -2.0117e-05,  2.4776e-15,      8.8818e-16, -1.2363e-09,  1.2363e-09,     -8.8818e-16,  1.2363e-09, -1.2363e-09,
    117,  15.0000,   1.0000,   0.0000,    3,    1.5000e-03, -2.0117e-05,  2.7987e-15,      5.5511e-16, -1.2363e-09,  1.2363e-09,     -5.5511e-16,  1.2363e-09, -1.2363e-09,
    118,  16.0000,   1.0000,   0.0000,    3,    1.6000e-03, -2.0117e-05,  3.1326e-15,     -1.1102e-16, -1.2363e-09,  1.2363e-09,      1.1102e-16,  1.2363e-09, -1.2363e-09,
    119,  17.0000,   1.0000,   0.0000,    3,    1.7000e-03, -2.0117e-05,  3.4777e-15,     -1.7764e-15, -1.2363e-09,  1.2363e-09,      1.7764e-15,  1.2363e-09, -1.2363e-09,
    120,  18.0000,   1.0000,   0.0000,    3,    1.8000e-03, -2.0117e-05,  3.8325e-15,      7.7716e-16, -1.2363e-09,  1.2363e-09,     -7.7716e-16,  1.2363e-09, -1.2363e-09,
    121,  19.0000,   1.0000,   0.0000,    3,    1.9000e-03, -2.0117e-05,  4.1959e-15,     -8.8818e-16, -1.2363e-09,  1.2363e-09,      8.8818e-16,  1.2363e-09, -1.2363e-09,
    122,  20.0000,   1.0000,   0.0000,    3,    2.0000e-03, -2.0117e-05,  4.5666e-15,     -3.2196e-15, -1.2363e-09,  1.2363e-09,      3.2196e-15,  1.2363e-09, -1.2363e-09,
    123,  21.0000,   1.0000,   0.0000,    3,    2.1000e-03, -2.0117e-05,  4.9441e-15,      1.4433e-15, -1.2363e-09,  1.2363e-09,     -1.4433e-15,  1.2363e-09, -1.2363e-09,
    124,  22.0000,   1.0000,   0.0000,    3,    2.2000e-03, -2.0117e-05,  5.3263e-15,     -1.7764e-15, -1.2363e-09,  1.2363e-09,      1.7764e-15,  1.2363e-09, -1.2363e-09,
    125,  23.0000,   1.0000,   0.0000,    3,    2.3000e-03, -2.0117e-05,  5.7127e-15,     -7.7716e-16, -1.2363e-09,  1.2363e-09,      7.7716e-16,  1.2363e-09, -1.2363e-09,
    126,  24.0000,   1.0000,   0.0000,    3,    2.4000e-03, -2.0117e-05,  6.1018e-15,     -7.7716e-16, -1.2363e-09,  1.2363e-09,      7.7716e-16,  1.2363e-09, -1.2363e-09,
    127,  25.0000,   1.0000,   0.0000,    3,    2.5000e-03, -2.0117e-05,  6.4923e-15,     -3.7748e-15, -1.2363e-09,  1.2363e-09,      3.7748e-15,  1.2363e-09, -1.2363e-09,
    128,  26.0000,   1.0000,   0.0000,    3,    2.6000e-03, -2.0117e-05,  6.8826e-15,      2.3315e-15, -1.2363e-09,  1.2363e-09,     -2.3315e-15,  1.2363e-09, -1.2363e-09,
    129,  27.0000,   1.0000,   0.0000,    3,    2.7000e-03, -2.0117e-05,  7.2725e-15,     -3.5527e-15, -1.2363e-09,  1.2363e-09,      3.5527e-15,  1.2363e-09, -1.2363e-09,
    130,  28.0000,   1.0000,   0.0000,    3,    2.8000e-03, -2.0117e-05,  7.6594e-15,      1.1102e-16, -1.2363e-09,  1.2363e-09,     -1.1102e-16,  1.2363e-09, -1.2363e-09,
    131,  29.0000,   1.0000,   0.0000,    3,    2.9000e-03, -2.0117e-05,  8.0433e-15,     -1.2212e-15, -1.2363e-09,  1.2363e-09,      1.2212e-15,  1.2363e-09, -1.2363e-09,
    132,  30.0000,   1.0000,   0.0000,    3,    3.0000e-03, -2.0117e-05,  8.4215e-15,     -3.3307e-16, -1.2363e-09,  1.2363e-09,      3.3307e-16,  1.2363e-09, -1.2363e-09,
    133,  31.0000,   1.0000,   0.0000,    3,    3.1000e-03, -2.0117e-05,  8.7934e-15,      6.6613e-16, -1.2363e-09,  1.2363e-09,     -6.6613e-16,  1.2363e-09, -1.2363e-09,
    134,  32.0000,   1.0000,   0.0000,    3,    3.2000e-03, -2.0117e-05,  9.1583e-15,     -9.9920e-16, -1.2363e-09,  1.2363e-09,      9.9920e-16,  1.2363e-09, -1.2363e-09,
    135,  33.0000,   1.0000,   0.0000,    3,    3.3000e-03, -2.0117e-05,  9.5139e-15,      1.9984e-15, -1.2363e-09,  1.2363e-09,     -1.9984e-15,  1.2363e-09, -1.2363e-09,
    136,  34.0000,   1.0000,   0.0000,    3,    3.4000e-03, -2.0117e-05,  9.8599e-15,     -6.6613e-16, -1.2363e-09,  1.2363e-09,      6.6613e-16,  1.2363e-09, -1.2363e-09,
    137,  35.0000,   1.0000,   0.0000,    3,    3.5000e-03, -2.0117e-05,  1.0194e-14,      7.7716e-16, -1.2363e-09,  1.2363e-09,     -7.7716e-16,  1.2363e-09, -1.2363e-09,
    138,  36.0000,   1.0000,   0.0000,    3,    3.6000e-03, -2.0117e-05,  1.0515e-14,     -2.9976e-15, -1.2363e-09,  1.2363e-09,      2.9976e-15,  1.2363e-09, -1.2363e-09,
    139,  37.0000,   1.0000,   0.0000,    3,    3.7000e-03, -2.0117e-05,  1.0824e-14,      1.8874e-15, -1.2363e-09,  1.2363e-09,     -1.8874e-15,  1.2363e-09, -1.2363e-09,
    140,  38.0000,   1.0000,   0.0000,    3,    3.8000e-03, -2.0117e-05,  1.1117e-14,     -1.1102e-16, -1.2363e-09,  1.2363e-09,      1.1102e-16,  1.2363e-09, -1.2363e-09,
    141,  39.0000,   1.0000,   0.0000,    3,    3.9000e-03, -2.0117e-05,  1.1395e-14,     -2.6645e-15, -1.2363e-09,  1.2363e-09,      2.6645e-15,  1.2363e-09, -1.2363e-09,
    142,  40.0000,   1.0000,   0.0000,    3,    4.0000e-03, -2.0117e-05,  1.1655e-14,      8.8818e-16, -1.2363e-09,  1.2363e-09,     -8.8818e-16,  1.2363e-09, -1.2363e-09,
    143,  41.0000,   1.0000,   0.0000,    3,    4.1000e-03, -2.0117e-05,  1.1896e-14,      1.5543e-15, -1.2363e-09,  1.2363e-09,     -1.5543e-15,  1.2363e-09, -1.2363e-09,
    144,  42.0000,   1.0000,   0.0000,    3,    4.2000e-03, -2.0117e-05,  1.2117e-14,      6.2172e-15, -1.2363e-09,  1.2363e-09,     -6.2172e-15,  1.2363e-09, -1.2363e-09,
    145,  43.0000,   1.0000,   0.0000,    3,    4.3000e-03, -2.0117e-05,  1.2316e-14,      1.1102e-16, -1.2363e-09,  1.2363e-09,     -1.1102e-16,  1.2363e-09, -1.2363e-09,
    146,  44.0000,   1.0000,   0.0000,    3,    4.4000e-03, -2.0117e-05,  1.2494e-14,      3.9968e-15, -1.2363e-09,  1.2363e-09,     -3.9968e-15,  1.2363e-09, -1.2363e-09,
    147,  45.0000,   1.0000,   0.0000,    3,    4.5000e-03, -2.0117e-05,  1.2647e-14,     -7.7716e-16, -1.2363e-09,  1.2363e-09,      7.7716e-16,  1.2363e-09, -1.2363e-09,
    148,  46.0000,   1.0000,   0.0000,    3,    4.6000e-03, -2.0117e-05,  1.2774e-14,      1.3323e-15, -1.2363e-09,  1.2363e-09,     -1.3323e-15,  1.2363e-09, -1.2363e-09,
    149,  47.0000,   1.0000,   0.0000,    3,    4.7000e-03, -2.0117e-05,  1.2874e-14,      2.2204e-16, -1.2363e-09,  1.2363e-09,     -2.2204e-16,  1.2363e-09, -1.2363e-09,
    150,  48.0000,   1.0000,   0.0000,    3,    4.8000e-03, -2.0117e-05,  1.2948e-14,      1.7764e-15, -1.2363e-09,  1.2363e-09,     -1.7764e-15,  1.2363e-09, -1.2363e-09,
    151,  49.0000,   1.0000,   0.0000,    3,    4.9000e-03, -2.0117e-05,  1.2993e-14,     -1.4433e-15, -1.2363e-09,  1.2363e-09,      3.5527e-15,  1.2363e-09, -1.2363e-09,
    152,  50.0000,   1.0000,   0.0000,    3,    5.0000e-03, -2.0117e-05,  1.3009e-14,      7.4155e-01, -6.1814e-10,  6.1814e-10,      0.0000e+00,  6.1814e-10, -6.1814e-10,
    153,  51.0000,   1.0000,   0.0000,    0,          
    154,  52.0000,   1.0000,   0.0000,    0,          
    155,  53.0000,   1.0000,   0.0000,    0,          
    156,  54.0000,   1.0000,   0.0000,    0,          
    157,  55.0000,   1.0000,   0.0000,    0,          
    158,  56.0000,   1.0000,   0.0000,    0,          
    159,  57.0000,   1.0000,   0.0000,    0,          
    160,  58.0000,   1.0000,   0.0000,    0,          
    161,  59.0000,   1.0000,   0.0000,    0,          
    162,  60.0000,   1.0000,   0.0000,    0,          
    163,  61.0000,   1.0000,   0.0000,    0,          
    164,  62.0000,   1.0000,   0.0000,    0,          
    165,  63.0000,   1.0000,   0.0000,    0,          
    166,  64.0000,   1.0000,   0.0000,    0,          
    167,  65.0000,   1.0000,   0.0000,    0,          
    168,  66.0000,   1.0000,   0.0000,    0,          
    169,  67.0000,   1.0000,   0.0000,    0,          
    170,  68.0000,   1.0000,   0.0000,    0,          
    171,  69.0000,   1.0000,   0.0000,    0,          
    172,  70.0000,   1.0000,   0.0000,    0,          
    173,  71.0000,   1.0000,   0.0000,    0,          
    174,  72.0000,   1.0000,   0.0000,    0,          
    175,  73.0000,   1.0000,   0.0000,    0,          
    176,  74.0000,   1.0000,   0.0000,    0,          
    177,  75.0000,   1.0000,   0.0000,    0,          
    178,  76.0000,   1.0000,   0.0000,    0,          
    179,  77.0000,   1.0000,   0.0000,    0,          
    180,  78.0000,   1.0000,   0.0000,    0,          
    181,  79.0000,   1.0000,   0.0000,    0,          
    182,  80.0000,   1.0000,   0.0000,    0,          
    183,  81.0000,   1.0000,   0.0000,    0,          
    184,  82.0000,   1.0000,   0.0000,    0,          
    185,  83.0000,   1.0000,   0.0000,    0,          
    186,  84.0000,   1.0000,   0.0000,    0,          
    187,  85.0000,   1.0000,   0.0000,    0,          
    188,  86.0000,   1.0000,   0.0000,    0,          
    189,  87.0000,   1.0000,   0.0000,    0,          
    190,  88.0000,   1.0000,   0.0000,    0,          
    191,  89.0000,   1.0000,   0.0000,    0,          
    192,  90.0000,   1.0000,   0.0000,    0,          
    193,  91.0000,   1.0000,   0.0000,    0,          
    194,  92.0000,   1.0000,   0.0000,    0,          
    195,  93.0000,   1.0000,   0.0000,    0,          
    196,  94.0000,   1.0000,   0.0000,    0,          
    197,  95.0000,   1.0000,   0.0000,    0,          
    198,  96.0000,   1.0000,   0.0000,    0,          
    199,  97.0000,   1.0000,   0.0000,    0,          
    200,  98.0000,   1.0000,   0.0000,    0,          
    201,  99.0000,   1.0000,   0.0000,    0,          
    202, 100.0000,   1.0000,   0.0000,    0,          
    203,   0.0000,   0.0000,   1.0000,    3,    0.0000e+00,  0.0000e+00, -2.0117e-05,     -7.4155e-01,  6.1815e-10, -6.1814e-10,      0.0000e+00,  0.0000e+00,  6.1814e-10,
    204,   1.0000,   0.0000,   1.0000,    3,    1.0000e-04,  3.4965e-17, -2.0117e-05,      2.2204e-16,  1.2363e-09, -1.2363e-09,     -2.2204e-16, -1.2363e-09,  1.2363e-09,
    205,   2.0000,   0.0000,   1.0000,    3,    2.0000e-04,  1.4274e-16, -2.0117e-05,      2.2204e-16,  1.2363e-09, -1.2363e-09,     -2.2204e-16, -1.2363e-09,  1.2363e-09,
    206,   3.0000,   0.0000,   1.0000,    3,    3.0000e-04,  3.1652e-16, -2.0117e-05,     -4.4409e-16,  1.2363e-09, -1.2363e-09,      4.4409e-16, -1.2363e-09,  1.2363e-09,
    207,   4.0000,   0.0000,   1.0000,    3,    4.0000e-04,  5.5417e-16, -2.0117e-05,      1.1102e-16,  1.2363e-09, -1.2363e-09,     -1.1102e-16, -1.2363e-09,  1.2363e-09,
    208,   5.0000,   0.0000,   1.0000,    3,    5.0000e-04,  8.5264e-16, -2.0117e-05,      0.0000e+00,  1.2363e-09, -1.2363e-09,      0.0000e+00, -1.2363e-09,  1.2363e-09,
    209,   6.0000,   0.0000,   1.0000,    3,    6.0000e-04,  1.2088e-15, -2.0117e-05,     -3.3307e-16,  1.2363e-09, -1.2363e-09,      3.3307e-16, -1.2363e-09,  1.2363e-09,
    210,   7.0000,   0.0000,   1.0000,    3,    7.0000e-04,  1.6198e-15, -2.0117e-05,      8.8818e-16,  1.2363e-09, -1.2363e-09,     -8.8818e-16, -1.2363e-09,  1.2363e-09,
    211,   8.0000,   0.0000,   1.0000,    3,    8.0000e-04,  2.0827e-15, -2.0117e-05,     -5.5511e-16,  1.2363e-09, -1.2363e-09,      5.5511e-16, -1.2363e-09,  1.2363e-09,
    212,   9.0000,   0.0000,   1.0000,    3,    9.0000e-04,  2.5946e-15, -2.0117e-05,     -1.1102e-15,  1.2363e-09, -1.2363e-09,      1.1102e-15, -1.2363e-09,  1.2363e-09,
    213,  10.0000,   0.0000,   1.0000,    3,    1.0000e-03,  3.1526e-15, -2.0117e-05,     -2.2204e-16,  1.2363e-09, -1.2363e-09,      2.2204e-16, -1.2363e-09,  1.2363e-09,
    214,  11.0000,   0.0000,   1.0000,    3,    1.1000e-03,  3.7538e-15, -2.0117e-05,      4.4409e-16,  1.2363e-09, -1.2363e-09,     -4.4409e-16, -1.2363e-09,  1.2363e-09,
    215,  12.0000,   0.0000,   1.0000,    3,    1.2000e-03,  4.3951e-15, -2.0117e-05,     -6.6613e-16,  1.2363e-09, -1.2363e-09,      6.6613e-16, -1.2363e-09,  1.2363e-09,
    216,  13.0000,   0.0000,   1.0000,    3,    1.3000e-03,  5.0740e-15, -2.0117e-05,      6.6613e-16,  1.2363e-09, -1.2363e-09,     -6.6613e-16, -1.2363e-09,  1.2363e-09,
    217,  14.0000,   0.0000,   1.0000,    3,    1.4000e-03,  5.7875e-15, -2.0117e-05,      6.6613e-16,  1.2363e-09, -1.2363e-09,     -6.6613e-16, -1.2363e-09,  1.2363e-09,
    218,  15.0000,   0.0000,   1.0000,    3,    1.5000e-03,  6.5332e-15, -2.0117e-05,     -1.2212e-15,  1.2363e-09, -1.2363e-09,      1.2212e-15, -1.2363e-09,  1.2363e-09,
    219,  16.0000,   0.0000,   1.0000,    3,    1.6000e-03,  7.3075e-15, -2.0117e-05,     -1.7764e-15,  1.2363e-09, -1.2363e-09,      1.7764e-15, -1.2363e-09,  1.2363e-09,
    220,  17.0000,   0.0000,   1.0000,    3,    1.7000e-03,  8.1083e-15, -2.0117e-05,      1.2212e-15,  1.2363e-09, -1.2363e-09,     -1.2212e-15, -1.2363e-09,  1.2363e-09,
    221,  18.0000,   0.0000,   1.0000,    3,    1.8000e-03,  8.9319e-15, -2.0117e-05,      4.4409e-16,  1.2363e-09, -1.2363e-09,     -4.4409e-16, -1.2363e-09,  1.2363e-09,
    222,  19.0000,   0.0000,   1.0000,    3,    1.9000e-03,  9.7759e-15, -2.0117e-05,     -8.8818e-16,  1.2363e-09, -1.2363e-09,      8.8818e-16, -1.2363e-09,  1.2363e-09,
    223,  20.0000,   0.0000,   1.0000,    3,    2.0000e-03,  1.0637e-14, -2.0117e-05,      1.2212e-15,  1.2363e-09, -1.2363e-09,     -1.2212e-15, -1.2363e-09,  1.2363e-09,
    224,  21.0000,   0.0000,   1.0000,    3,    2.1000e-03,  1.1513e-14, -2.0117e-05,     -1.4433e-15,  1.2363e-09, -1.2363e-09,      1.4433e-15, -1.2363e-09,  1.2363e-09,
    225,  22.0000,   0.0000,   1.0000,    3,    2.2000e-03,  1.2401e-14, -2.0117e-05,      1.7764e-15,  1.2363e-09, -1.2363e-09,     -1.7764e-15, -1.2363e-09,  1.2363e-09,
    226,  23.0000,   0.0000,   1.0000,    3,    2.3000e-03,  1.3298e-14, -2.0117e-05,      1.2212e-15,  1.2363e-09, -1.2363e-09,     -1.2212e-15, -1.2363e-09,  1.2363e-09,
    227,  24.0000,   0.0000,   1.0000,    3,    2.4000e-03,  1.4201e-14, -2.0117e-05,      4.4409e-16,  1.2363e-09, -1.2363e-09,     -4.4409e-16, -1.2363e-09,  1.2363e-09,
    228,  25.0000,   0.0000,   1.0000,    3,    2.5000e-03,  1.5107e-14, -2.0117e-05,      1.3323e-15,  1.2363e-09, -1.2363e-09,     -1.3323e-15, -1.2363e-09,  1.2363e-09,
    229,  26.0000,   0.0000,   1.0000,    3,    2.6000e-03,  1.6015e-14, -2.0117e-05,      2.8866e-15,  1.2363e-09, -1.2363e-09,     -2.8866e-15, -1.2363e-09,  1.2363e-09,
    230,  27.0000,   0.0000,   1.0000,    3,    2.7000e-03,  1.6919e-14, -2.0117e-05,      1.1102e-16,  1.2363e-09, -1.2363e-09,     -1.1102e-16, -1.2363e-09,  1.2363e-09,
    231,  28.0000,   0.0000,   1.0000,    3,    2.8000e-03,  1.7819e-14, -2.0117e-05,     -2.1094e-15,  1.2363e-09, -1.2363e-09,      2.1094e-15, -1.2363e-09,  1.2363e-09,
    232,  29.0000,   0.0000,   1.0000,    3,    2.9000e-03,  1.8709e-14, -2.0117e-05,      2.5535e-15,  1.2363e-09, -1.2363e-09,     -2.5535e-15, -1.2363e-09,  1.2363e-09,
    233,  30.0000,   0.0000,   1.0000,    3,    3.0000e-03,  1.9588e-14, -2.0117e-05,     -1.4433e-15,  1.2363e-09, -1.2363e-09,      1.4433e-15, -1.2363e-09,  1.2363e-09,
    234,  31.0000,   0.0000,   1.0000,    3,    3.1000e-03,  2.0452e-14, -2.0117e-05,     -8.8818e-16,  1.2363e-09, -1.2363e-09,      8.8818e-16, -1.2363e-09,  1.2363e-09,
    235,  32.0000,   0.0000,   1.0000,    3,    3.2000e-03,  2.1299e-14, -2.0117e-05,     -1.1102e-15,  1.2363e-09, -1.2363e-09,      1.1102e-15, -1.2363e-09,  1.2363e-09,
    236,  33.0000,   0.0000,   1.0000,    3,    3.3000e-03,  2.2126e-14, -2.0117e-05,     -5.9952e-15,  1.2363e-09, -1.2363e-09,      5.9952e-15, -1.2363e-09,  1.2363e-09,
    237,  34.0000,   0.0000,   1.0000,    3,    3.4000e-03,  2.2930e-14, -2.0117e-05,      5.7732e-15,  1.2363e-09, -1.2363e-09,     -5.7732e-15, -1.2363e-09,  1.2363e-09,
    238,  35.0000,   0.0000,   1.0000,    3,    3.5000e-03,  2.3709e-14, -2.0117e-05,      2.7756e-15,  1.2363e-09, -1.2363e-09,     -2.7756e-15, -1.2363e-09,  1.2363e-09,
    239,  36.0000,   0.0000,   1.0000,    3,    3.6000e-03,  2.4460e-14, -2.0117e-05,     -9.9920e-16,  1.2363e-09, -1.2363e-09,      9.9920e-16, -1.2363e-09,  1.2363e-09,
    240,  37.0000,   0.0000,   1.0000,    3,    3.7000e-03,  2.5177e-14, -2.0117e-05,      2.4425e-15,  1.2363e-09, -1.2363e-09,     -2.4425e-15, -1.2363e-09,  1.2363e-09,
    241,  38.0000,   0.0000,   1.0000,    3,    3.8000e-03,  2.5860e-14, -2.0117e-05,      3.5527e-15,  1.2363e-09, -1.2363e-09,     -3.5527e-15, -1.2363e-09,  1.2363e-09,
    242,  39.0000,   0.0000,   1.0000,    3,    3.9000e-03,  2.6504e-14, -2.0117e-05,      1.7764e-15,  1.2363e-09, -1.2363e-09,     -1.7764e-15, -1.2363e-09,  1.2363e-09,
    243,  40.0000,   0.0000,   1.0000,    3,    4.0000e-03,  2.7108e-14, -2.0117e-05,      2.9976e-15,  1.2363e-09, -1.2363e-09,     -2.9976e-15, -1.2363e-09,  1.2363e-09,
    244,  41.0000,   0.0000,   1.0000,    3,    4.1000e-03,  2.7668e-14, -2.0117e-05,     -1.8874e-15,  1.2363e-09, -1.2363e-09,      1.8874e-15, -1.2363e-09,  1.2363e-09,
    245,  42.0000,   0.0000,   1.0000,    3,    4.2000e-03,  2.8182e-14, -2.0117e-05,      2.3315e-15,  1.2363e-09, -1.2363e-09,     -2.3315e-15, -1.2363e-09,  1.2363e-09,
    246,  43.0000,   0.0000,   1.0000,    3,    4.3000e-03,  2.8646e-14, -2.0117e-05,     -5.5511e-16,  1.2363e-09, -1.2363e-09,      5.5511e-16, -1.2363e-09,  1.2363e-09,
    247,  44.0000,   0.0000,   1.0000,    3,    4.4000e-03,  2.9058e-14, -2.0117e-05,      2.5535e-15,  1.2363e-09, -1.2363e-09,     -2.5535e-15, -1.2363e-09,  1.2363e-09,
    248,  45.0000,   0.0000,   1.0000,    3,    4.5000e-03,  2.9414e-14, -2.0117e-05,      2.5535e-15,  1.2363e-09, -1.2363e-09,     -2.5535e-15, -1.2363e-09,  1.2363e-09,
    249,  46.0000,   0.0000,   1.0000,    3,    4.6000e-03,  2.9712e-14, -2.0117e-05,     -1.6653e-15,  1.2363e-09, -1.2363e-09,      1.6653e-15, -1.2363e-09,  1.2363e-09,
    250,  47.0000,   0.0000,   1.0000,    3,    4.7000e-03,  2.9949e-14, -2.0117e-05,      1.4433e-15,  1.2363e-09, -1.2363e-09,     -1.4433e-15, -1.2363e-09,  1.2363e-09,
    251,  48.0000,   0.0000,   1.0000,    3,    4.8000e-03,  3.0121e-14, -2.0117e-05,     -2.2204e-16,  1.2363e-09, -1.2363e-09,      2.2204e-16, -1.2363e-09,  1.2363e-09,
    252,  49.0000,   0.0000,   1.0000,    3,    4.9000e-03,  3.0228e-14, -2.0117e-05,     -1.7764e-15,  1.2363e-09, -1.2363e-09,      0.0000e+00, -1.2363e-09,  1.2363e-09,
    253,  50.0000,   0.0000,   1.0000,    3,    5.0000e-03,  3.0263e-14, -2.0117e-05,      7.4155e-01,  6.1814e-10, -6.1814e-10,      0.0000e+00, -6.1814e-10,  6.1814e-10,
    254,  51.0000,   0.0000,   1.0000,    0,          
    255,  52.0000,   0.0000,   1.0000,    0,          
    256,  53.0000,   0.0000,   1.0000,    0,          
    257,  54.0000,   0.0000,   1.0000,    0,          
    258,  55.0000,   0.0000,   1.0000,    0,          
    259,  56.0000,   0.0000,   1.0000,    0,          
    260,  57.0000,   0.0000,   1.0000,    0,          
    261,  58.0000,   0.0000,   1.0000,    0,          
    262,  59.0000,   0.0000,   1.0000,    0,          
    263,  60.0000,   0.0000,   1.0000,    0,          
    264,  61.0000,   0.0000,   1.0000,    0,          
    265,  62.0000,   0.0000,   1.0000,    0,          
    266,  63.0000,   0.0000,   1.0000,    0,          
    267,  64.0000,   0.0000,   1.0000,    0,          
    268,  65.0000,   0.0000,   1.0000,    0,          
    269,  66.0000,   0.0000,   1.0000,    0,          
    270,  67.0000,   0.0000,   1.0000,    0,          
    271,  68.0000,   0.0000,   1.0000,    0,          
    272,  69.0000,   0.0000,   1.0000,    0,          
    273,  70.0000,   0.0000,   1.0000,    0,          
    274,  71.0000,   0.0000,   1.0000,    0,          
    275,  72.0000,   0.0000,   1.0000,    0,          
    276,  73.0000,   0.0000,   1.0000,    0,          
    277,  74.0000,   0.0000,   1.0000,    0,          
    278,  75.0000,   0.0000,   1.0000,    0,          
    279,  76.0000,   0.0000,   1.0000,    0,          
    280,  77.0000,   0.0000,   1.0000,    0,          
    281,  78.0000,   0.0000,   1.0000,    0,          
    282,  79.0000,   0.0000,   1.0000,    0,          
    283,  80.0000,   0.0000,   1.0000,    0,          
    284,  81.0000,   0.0000,   1.0000,    0,          
    285,  82.0000,   0.0000,   1.0000,    0,          
    286,  83.0000,   0.0000,   1.0000,    0,          
    287,  84.0000,   0.0000,   1.0000,    0,          
    288,  85.0000,   0.0000,   1.0000,    0,          
    289,  86.0000,   0.0000,   1.0000,    0,          
    290,  87.0000,   0.0000,   1.0000,    0,          
    291,  88.0000,   0.0000,   1.0000,    0,          
    292,  89.0000,   0.0000,   1.0000,    0,          
    293,  90.0000,   0.0000,   1.0000,    0,          
    294,  91.0000,   0.0000,   1.0000,    0,          
    295,  92.0000,   0.0000,   1.0000,    0,          
    296,  93.0000,   0.0000,   1.0000,    0,          
    297,  94.0000,   0.0000,   1.0000,    0,          
    298,  95.0000,   0.0000,   1.0000,    0,          
    299,  96.0000,   0.0000,   1.0000,    0,          
    300,  97.0000,   0.0000,   1.0000,    0,          
    301,  98.0000,   0.0000,   1.0000,    0,          
    302,  99.0000,   0.0000,   1.0000,    0,          
    303, 100.0000,   0.0000,   1.0000,    0,          
    304,   0.0000,   1.0000,   1.0000,    3,    0.0000e+00, -2.0117e-05, -2.0117e-05,     -7.4155e-01, -6.1814e-10, -6.1814e-10,      0.0000e+00,  6.1814e-10,  6.1814e-10,
    305,   1.0000,   1.0000,   1.0000,    3,    1.0000e-04, -2.0117e-05, -2.0117e-05,      1.1102e-16, -1.2363e-09, -1.2363e-09,     -1.1102e-16,  1.2363e-09,  1.2363e-09,
    306,   2.0000,   1.0000,   1.0000,    3,    2.0000e-04, -2.0117e-05, -2.0117e-05,      0.0000e+00, -1.2363e-09, -1.2363e-09,      0.0000e+00,  1.2363e-09,  1.2363e-09,
    307,   3.0000,   1.0000,   1.0000,    3,    3.0000e-04, -2.0117e-05, -2.0117e-05,      2.2204e-16, -1.2363e-09, -1.2363e-09,     -2.2204e-16,  1.2363e-09,  1.2363e-09,
    308,   4.0000,   1.0000,   1.0000,    3,    4.0000e-04, -2.0117e-05, -2.0117e-05,     -1.1102e-16, -1.2363e-09, -1.2363e-09,      1.1102e-16,  1.2363e-09,  1.2363e-09,
    309,   5.0000,   1.0000,   1.0000,    3,    5.0000e-04, -2.0117e-05, -2.0117e-05,      2.2204e-16, -1.2363e-09, -1.2363e-09,     -2.2204e-16,  1.2363e-09,  1.2363e-09,
    310,   6.0000,   1.0000,   1.0000,    3,    6.0000e-04, -2.0117e-05, -2.0117e-05,     -5.5511e-16, -1.2363e-09, -1.2363e-09,      5.5511e-16,  1.2363e-09,  1.2363e-09,
    311,   7.0000,   1.0000,   1.0000,    3,    7.0000e-04, -2.0117e-05, -2.0117e-05,      4.4409e-16, -1.2363e-09, -1.2363e-09,     -4.4409e-16,  1.2363e-09,  1.2363e-09,
    312,   8.0000,   1.0000,   1.0000,    3,    8.0000e-04, -2.0117e-05, -2.0117e-05,      3.3307e-16, -1.2363e-09, -1.2363e-09,     -3.3307e-16,  1.2363e-09,  1.2363e-09,
    313,   9.0000,   1.0000,   1.0000,    3,    9.0000e-04, -2.0117e-05, -2.0117e-05,     -3.3307e-16, -1.2363e-09, -1.2363e-09,      3.3307e-16,  1.2363e-09,  1.2363e-09,
    314,  10.0000,   1.0000,   1.0000,    3,    1.0000e-03, -2.0117e-05, -2.0117e-05,      8.8818e-16, -1.2363e-09, -1.2363e-09,     -8.8818e-16,  1.2363e-09,  1.2363e-09,
    315,  11.0000,   1.0000,   1.0000,    3,    1.1000e-03, -2.0117e-05, -2.0117e-05,      4.4409e-16, -1.2363e-09, -1.2363e-09,     -4.4409e-16,  1.2363e-09,  1.2363e-09,
    316,  12.0000,   1.0000,   1.0000,    3,    1.2000e-03, -2.0117e-05, -2.0117e-05,      1.1102e-16, -1.2363e-09, -1.2363e-09,     -1.1102e-16,  1.2363e-09,  1.2363e-09,
    317,  13.0000,   1.0000,   1.0000,    3,    1.3000e-03, -2.0117e-05, -2.0117e-05,      4.4409e-16, -1.2363e-09, -1.2363e-09,     -4.4409e-16,  1.2363e-09,  1.2363e-09,
    318,  14.0000,   1.0000,   1.0000,    3,    1.4000e-03, -2.0117e-05, -2.0117e-05,      4.4409e-16, -1.2363e-09, -1.2363e-09,     -4.4409e-16,  1.2363e-09,  1.2363e-09,
    319,  15.0000,   1.0000,   1.0000,    3,    1.5000e-03, -2.0117e-05, -2.0117e-05,      1.5543e-15, -1.2363e-09, -1.2363e-09,     -1.5543e-15,  1.2363e-09,  1.2363e-09,
    320,  16.0000,   1.0000,   1.0000,    3,    1.6000e-03, -2.0117e-05, -2.0117e-05,      1.6653e-15, -1.2363e-09, -1.2363e-09,     -1.6653e-15,  1.2363e-09,  1.2363e-09,
    321,  17.0000,   1.0000,   1.0000,    3,    1.7000e-03, -2.0117e-05, -2.0117e-05,     -8.8818e-16, -1.2363e-09, -1.2363e-09,      8.8818e-16,  1.2363e-09,  1.2363e-09,
    322,  18.0000,   1.0000,   1.0000,    3,    1.8000e-03, -2.0117e-05, -2.0117e-05,     -1.8874e-15, -1.2363e-09, -1.2363e-09,      1.8874e-15,  1.2363e-09,  1.2363e-09,
    323,  19.0000,   1.0000,   1.0000,    3,    1.9000e-03, -2.0117e-05, -2.0117e-05,      1.2212e-15, -1.2363e-09, -1.2363e-09,     -1.2212e-15,  1.2363e-09,  1.2363e-09,
    324,  20.0000,   1.0000,   1.0000,    3,    2.0000e-03, -2.0117e-05, -2.0117e-05,     -1.8874e-15, -1.2363e-09, -1.2363e-09,      1.8874e-15,  1.2363e-09,  1.2363e-09,
    325,  21.0000,   1.0000,   1.0000,    3,    2.1000e-03, -2.0117e-05, -2.0117e-05,      5.5511e-16, -1.2363e-09, -1.2363e-09,     -5.5511e-16,  1.2363e-09,  1.2363e-09,
    326,  22.0000,   1.0000,   1.0000,    3,    2.2000e-03, -2.0117e-05, -2.0117e-05,     -9.9920e-16, -1.2363e-09, -1.2363e-09,      9.9920e-16,  1.2363e-09,  1.2363e-09,
    327,  23.0000,   1.0000,   1.0000,    3,    2.3000e-03, -2.0117e-05, -2.0117e-05,      0.0000e+00, -1.2363e-09, -1.2363e-09,      0.0000e+00,  1.2363e-09,  1.2363e-09,
    328,  24.0000,   1.0000,   1.0000,    3,    2.4000e-03, -2.0117e-05, -2.0117e-05,      1.9984e-15, -1.2363e-09, -1.2363e-09,     -1.9984e-15,  1.2363e-09,  1.2363e-09,
    329,  25.0000,   1.0000,   1.0000,    3,    2.5000e-03, -2.0117e-05, -2.0117e-05,     -2.6645e-15, -1.2363e-09, -1.2363e-09,      2.6645e-15,  1.2363e-09,  1.2363e-09,
    330,  26.0000,   1.0000,   1.0000,    3,    2.6000e-03, -2.0117e-05, -2.0117e-05,      0.0000e+00, -1.2363e-09, -1.2363e-09,      0.0000e+00,  1.2363e-09,  1.2363e-09,
    331,  27.0000,   1.0000,   1.0000,    3,    2.7000e-03, -2.0117e-05, -2.0117e-05,      4.4409e-16, -1.2363e-09, -1.2363e-09,     -4.4409e-16,  1.2363e-09,  1.2363e-09,
    332,  28.0000,   1.0000,   1.0000,    3,    2.8000e-03, -2.0117e-05, -2.0117e-05,      1.5543e-15, -1.2363e-09, -1.2363e-09,     -1.5543e-15,  1.2363e-09,  1.2363e-09,
    333,  29.0000,   1.0000,   1.0000,    3,    2.9000e-03, -2.0117e-05, -2.0117e-05,     -2.2204e-16, -1.2363e-09, -1.2363e-09,      2.2204e-16,  1.2363e-09,  1.2363e-09,
    334,  30.0000,   1.0000,   1.0000,    3,    3.0000e-03, -2.0117e-05, -2.0117e-05,     -2.2204e-15, -1.2363e-09, -1.2363e-09,      2.2204e-15,  1.2363e-09,  1.2363e-09,
    335,  31.0000,   1.0000,   1.0000,    3,    3.1000e-03, -2.0117e-05, -2.0117e-05,      3.3307e-16, -1.2363e-09, -1.2363e-09,     -3.3307e-16,  1.2363e-09,  1.2363e-09,
    336,  32.0000,   1.0000,   1.0000,    3,    3.2000e-03, -2.0117e-05, -2.0117e-05,     -3.4417e-15, -1.2363e-09, -1.2363e-09,      3.4417e-15,  1.2363e-09,  1.2363e-09,
    337,  33.0000,   1.0000,   1.0000,    3,    3.3000e-03, -2.0117e-05, -2.0117e-05,     -1.2212e-15, -1.2363e-09, -1.2363e-09,      1.2212e-15,  1.2363e-09,  1.2363e-09,
    338,  34.0000,   1.0000,   1.0000,    3,    3.4000e-03, -2.0117e-05, -2.0117e-05,      5.5511e-16, -1.2363e-09, -1.2363e-09,     -5.5511e-16,  1.2363e-09,  1.2363e-09,
    339,  35.0000,   1.0000,   1.0000,    3,    3.5000e-03, -2.0117e-05, -2.0117e-05,     -1.7764e-15, -1.2363e-09, -1.2363e-09,      1.7764e-15,  1.2363e-09,  1.2363e-09,
    340,  36.0000,   1.0000,   1.0000,    3,    3.6000e-03, -2.0117e-05, -2.0117e-05,     -2.6645e-15, -1.2363e-09, -1.2363e-09,      2.6645e-15,  1.2363e-09,  1.2363e-09,
    341,  37.0000,   1.0000,   1.0000,    3,    3.7000e-03, -2.0117e-05, -2.0117e-05,     -1.8874e-15, -1.2363e-09, -1.2363e-09,      1.8874e-15,  1.2363e-09,  1.2363e-09,
    342,  38.0000,   1.0000,   1.0000,    3,    3.8000e-03, -2.0117e-05, -2.0117e-05,     -6.5503e-15, -1.2363e-09, -1.2363e-09,      6.5503e-15,  1.2363e-09,  1.2363e-09,
    343,  39.0000,   1.0000,   1.0000,    3,    3.9000e-03, -2.0117e-05, -2.0117e-05,      1.3323e-15, -1.2363e-09, -1.2363e-09,     -1.3323e-15,  1.2363e-09,  1.2363e-09,
    344,  40.0000,   1.0000,   1.0000,    3,    4.0000e-03, -2.0117e-05, -2.0117e-05,     -4.9960e-15, -1.2363e-09, -1.2363e-09,      4.9960e-15,  1.2363e-09,  1.2363e-09,
    345,  41.0000,   1.0000,   1.0000,    3,    4.1000e-03, -2.0117e-05, -2.0117e-05,     -3.3307e-15, -1.2363e-09, -1.2363e-09,      3.3307e-15,  1.2363e-09,  1.2363e-09,
    346,  42.0000,   1.0000,   1.0000,    3,    4.2000e-03, -2.0117e-05, -2.0117e-05,     -8.8818e-16, -1.2363e-09, -1.2363e-09,      8.8818e-16,  1.2363e-09,  1.2363e-09,
    347,  43.0000,   1.0000,   1.0000,    3,    4.3000e-03, -2.0117e-05, -2.0117e-05,     -4.8850e-15, -1.2363e-09, -1.2363e-09,      4.8850e-15,  1.2363e-09,  1.2363e-09,
    348,  44.0000,   1.0000,   1.0000,    3,    4.4000e-03, -2.0117e-05, -2.0117e-05,      3.3307e-16, -1.2363e-09, -1.2363e-09,     -3.3307e-16,  1.2363e-09,  1.2363e-09,
    349,  45.0000,   1.0000,   1.0000,    3,    4.5000e-03, -2.0117e-05, -2.0117e-05,     -4.4409e-15, -1.2363e-09, -1.2363e-09,      4.4409e-15,  1.2363e-09,  1.2363e-09,
    350,  46.0000,   1.0000,   1.0000,    3,    4.6000e-03, -2.0117e-05, -2.0117e-05,      1.8874e-15, -1.2363e-09, -1.2363e-09,     -1.8874e-15,  1.2363e-09,  1.2363e-09,
    351,  47.0000,   1.0000,   1.0000,    3,    4.7000e-03, -2.0117e-05, -2.0117e-05,      1.6653e-15, -1.2363e-09, -1.2363e-09,     -1.6653e-15,  1.2363e-09,  1.2363e-09,
    352,  48.0000,   1.0000,   1.0000,    3,    4.8000e-03, -2.0117e-05, -2.0117e-05,     -3.4417e-15, -1.2363e-09, -1.2363e-09,      3.4417e-15,  1.2363e-09,  1.2363e-09,
    353,  49.0000,   1.0000,   1.0000,    3,    4.9000e-03, -2.0117e-05, -2.0117e-05,      2.3315e-15, -1.2363e-09, -1.2363e-09,     -3.5527e-15,  1.2363e-09,  1.2363e-09,
    354,  50.0000,   1.0000,   1.0000,    3,    5.0000e-03, -2.0117e-05, -2.0117e-05,      7.4155e-01, -6.1814e-10, -6.1814e-10,      0.0000e+00,  6.1814e-10,  6.1814e-10,
    355,  51.0000,   1.0000,   1.0000,    0,          
    356,  52.0000,   1.0000,   1.0000,    0,          
    357,  53.0000,   1.0000,   1.0000,    0,          
    358,  54.0000,   1.0000,   1.0000,    0,          
    359,  55.0000,   1.0000,   1.0000,    0,          
    360,  56.0000,   1.0000,   1.0000,    0,          
    361,  57.0000,   1.0000,   1.0000,    0,          
    362,  58.0000,   1.0000,   1.0000,    0,          
    363,  59.0000,   1.0000,   1.0000,    0,          
    364,  60.0000,   1.0000,   1.0000,    0,          
    365,  61.0000,   1.0000,   1.0000,    0,          
    366,  62.0000,   1.0000,   1.0000,    0,          
    367,  63.0000,   1.0000,   1.0000,    0,          
    368,  64.0000,   1.0000,   1.0000,    0,          
    369,  65.0000,   1.0000,   1.0000,    0,          
    370,  66.0000,   1.0000,   1.0000,    0,          
    371,  67.0000,   1.0000,   1.0000,    0,          
    372,  68.0000,   1.0000,   1.0000,    0,          
    373,  69.0000,   1.0000,   1.0000,    0,          
    374,  70.0000,   1.0000,   1.0000,    0,          
    375,  71.0000,   1.0000,   1.0000,    0,          
    376,  72.0000,   1.0000,   1.0000,    0,          
    377,  73.0000,   1.0000,   1.0000,    0,          
    378,  74.0000,   1.0000,   1.0000,    0,          
    379,  75.0000,   1.0000,   1.0000,    0,          
    380,  76.0000,   1.0000,   1.0000,    0,          
    381,  77.0000,   1.0000,   1.0000,    0,          
    382,  78.0000,   1.0000,   1.0000,    0,          
    383,  79.0000,   1.0000,   1.0000,    0,          
    384,  80.0000,   1.0000,   1.0000,    0,          
    385,  81.0000,   1.0000,   1.0000,    0,          
    386,  82.0000,   1.0000,   1.0000,    0,          
    387,  83.0000,   1.0000,   1.0000,    0,          
    388,  84.0000,   1.0000,   1.0000,    0,          
    389,  85.0000,   1.0000,   1.0000,    0,          
    390,  86.0000,   1.0000,   1.0000,    0,          
    391,  87.0000,   1.0000,   1.0000,    0,          
    392,  88.0000,   1.0000,   1.0000,    0,          
    393,  89.0000,   1.0000,   1.0000,    0,          
    394,  90.0000,   1.0000,   1.0000,    0,          
    395,  91.0000,   1.0000,   1.0000,    0,          
    396,  92.0000,   1.0000,   1.0000,    0,          
    397,  93.0000,   1.0000,   1.0000,    0,          
    398,  94.0000,   1.0000,   1.0000,    0,          
    399,  95.0000,   1.0000,   1.0000,    0,          
    400,  96.0000,   1.0000,   1.0000,    0,          
    401,  97.0000,   1.0000,   1.0000,    0,          
    402,  98.0000,   1.0000,   1.0000,    0,          
    403,  99.0000,   1.0000,   1.0000,    0,          
    404, 100.0000,   1.0000,   1.0000,    0,          
Time,   2.0000
      1,   0.0000,   0.0000,   0.0000,    3,    0.0000e+00,  0.0000e+00,  0.0000e+00,     -6.2813e-01,  3.6756e-10,  3.6756e-10,      0.0000e+00,  0.0000e+00,  0.0000e+00,
      2,   1.0000,   0.0000,   0.0000,    3,    2.0000e-04,  6.4789e-18, -2.5799e-17,      5.5511e-16,  7.3511e-10,  7.3511e-10,     -5.5511e-16, -7.3511e-10, -7.3511e-10,
      3,   2.0000,   0.0000,   0.0000,    3,    4.0000e-04,  2.3380e-17, -9.0534e-17,     -1.1102e-16,  7.3511e-10,  7.3511e-10,      1.1102e-16, -7.3511e-10, -7.3511e-10,
      4,   3.0000,   0.0000,   0.0000,    3,    6.0000e-04,  4.4326e-17, -1.9828e-16,     -2.5535e-15,  7.3511e-10,  7.3511e-10,      2.5535e-15, -7.3511e-10, -7.3511e-10,
      5,   4.0000,   0.0000,   0.0000,    3,    8.0000e-04,  6.9393e-17, -3.4670e-16,     -5.5511e-16,  7.3511e-10,  7.3511e-10,      5.5511e-16, -7.3511e-10, -7.3511e-10,
      6,   5.0000,   0.0000,   0.0000,    3,    1.0000e-03,  9.8628e-17, -5.3395e-16,      5.7732e-15,  7.3511e-10,  7.3511e-10,     -5.7732e-15, -7.3511e-10, -7.3511e-10,
      7,   6.0000,   0.0000,   0.0000,    3,    1.2000e-03,  1.3270e-16, -7.5759e-16,     -9.7700e-15,  7.3511e-10,  7.3511e-10,      9.7700e-15, -7.3511e-10, -7.3511e-10,
      8,   7.0000,   0.0000,   0.0000,    3,    1.4000e-03,  1.7146e-16, -1.0148e-15,      7.2164e-15,  7.3511e-10,  7.3511e-10,     -7.2164e-15, -7.3511e-10, -7.3511e-10,
      9,   8.0000,   0.0000,   0.0000,    3,    1.6000e-03,  2.1505e-16, -1.3045e-15,      2.2204e-16,  7.3511e-10,  7.3511e-10,     -2.2204e-16, -7.3511e-10, -7.3511e-10,
     10,   9.0000,   0.0000,   0.0000,    3,    1.8000e-03,  2.6198e-16, -1.6254e-15,      2.1094e-15,  7.3511e-10,  7.3511e-10,     -2.1094e-15, -7.3511e-10, -7.3511e-10,
     11,  10.0000,   0.0000,   0.0000,    3,    2.0000e-03,  3.1135e-16, -1.9762e-15,     -6.1062e-15,  7.3511e-10,  7.3511e-10,      6.1062e-15, -7.3511e-10, -7.3511e-10,
     12,  11.0000,   0.0000,   0.0000,    3,    2.2000e-03,  3.6307e-16, -2.3546e-15,      5.8842e-15,  7.3511e-10,  7.3511e-10,     -5.8842e-15, -7.3511e-10, -7.3511e-10,
     13,  12.0000,   0.0000,   0.0000,    3,    2.4000e-03,  4.1788e-16, -2.7586e-15,     -4.5519e-15,  7.3511e-10,  7.3511e-10,      4.5519e-15, -7.3511e-10, -7.3511e-10,
     14,  13.0000,   0.0000,   0.0000,    3,    2.6000e-03,  4.7665e-16, -3.1854e-15,     -3.7748e-15,  7.3511e-10,  7.3511e-10,      3.7748e-15, -7.3511e-10, -7.3511e-10,
     15,  14.0000,   0.0000,   0.0000,    3,    2.8000e-03,  5.3856e-16, -3.6342e-15,      6.1062e-15,  7.3511e-10,  7.3511e-10,     -6.1062e-15, -7.3511e-10, -7.3511e-10,
     16,  15.0000,   0.0000,   0.0000,    3,    3.0000e-03,  6.0318e-16, -4.1036e-15,     -1.4433e-15,  7.3511e-10,  7.3511e-10,      1.4433e-15, -7.3511e-10, -7.3511e-10,
     17,  16.0000,   0.0000,   0.0000,    3,    3.2000e-03,  6.6922e-16, -4.5921e-15,      8.6597e-15,  7.3511e-10,  7.3511e-10,     -8.6597e-15, -7.3511e-10, -7.3511e-10,
     18,  17.0000,   0.0000,   0.0000,    3,    3.4000e-03,  7.3659e-16, -5.0974e-15,     -1.1990e-14,  7.3511e-10,  7.3511e-10,      1.1990e-14, -7.3511e-10, -7.3511e-10,
     19,  18.0000,   0.0000,   0.0000,    3,    3.6000e-03,  8.0616e-16, -5.6172e-15,      3.3307e-15,  7.3511e-10,  7.3511e-10,     -3.3307e-15, -7.3511e-10, -7.3511e-10,
     20,  19.0000,   0.0000,   0.0000,    3,    3.8000e-03,  8.7818e-16, -6.1499e-15,      2.1094e-15,  7.3511e-10,  7.3511e-10,     -2.1094e-15, -7.3511e-10, -7.3511e-10,
     21,  20.0000,   0.0000,   0.0000,    3,    4.0000e-03,  9.5227e-16, -6.6923e-15,      9.9920e-15,  7.3511e-10,  7.3511e-10,     -9.9920e-15, -7.3511e-10, -7.3511e-10,
     22,  21.0000,   0.0000,   0.0000,    3,    4.2000e-03,  1.0281e-15, -7.2438e-15,      7.3275e-15,  7.3511e-10,  7.3511e-10,     -7.3275e-15, -7.3511e-10, -7.3511e-10,
     23,  22.0000,   0.0000,   0.0000,    3,    4.4000e-03,  1.1040e-15, -7.8023e-15,     -1.1657e-14,  7.3511e-10,  7.3511e-10,      1.1657e-14, -7.3511e-10, -7.3511e-10,
     24,  23.0000,   0.0000,   0.0000,    3,    4.6000e-03,  1.1806e-15, -8.3678e-15,     -5.6621e-15,  7.3511e-10,  7.3511e-10,      5.6621e-15, -7.3511e-10, -7.3511e-10,
     25,  24.0000,   0.0000,   0.0000,    3,    4.8000e-03,  1.2574e-15, -8.9369e-15,      3.0642e-14,  7.3511e-10,  7.3511e-10,     -3.0642e-14, -7.3511e-10, -7.3511e-10,
     26,  25.0000,   0.0000,   0.0000,    3,    5.0000e-03,  1.3359e-15, -9.5067e-15,     -1.8430e-14,  7.3511e-10,  7.3511e-10,      1.8430e-14, -7.3511e-10, -7.3511e-10,
     27,  26.0000,   0.0000,   0.0000,    3,    5.2000e-03,  1.4155e-15, -1.0075e-14,     -4.1078e-15,  7.3511e-10,  7.3511e-10,      4.1078e-15, -7.3511e-10, -7.3511e-10,
     28,  27.0000,   0.0000,   0.0000,    3,    5.4000e-03,  1.4956e-15, -1.0642e-14,     -8.5487e-15,  7.3511e-10,  7.3511e-10,      8.5487e-15, -7.3511e-10, -7.3511e-10,
     29,  28.0000,   0.0000,   0.0000,    3,    5.6000e-03,  1.5731e-15, -1.1207e-14,      6.8834e-15,  7.3511e-10,  7.3511e-10,     -6.8834e-15, -7.3511e-10, -7.3511e-10,
     30,  29.0000,   0.0000,   0.0000,    3,    5.8000e-03,  1.6492e-15, -1.1767e-14,     -6.7724e-15,  7.3511e-10,  7.3511e-10,      6.7724e-15, -7.3511e-10, -7.3511e-10,
     31,  30.0000,   0.0000,   0.0000,    3,    6.0000e-03,  1.7242e-15, -1.2318e-14,     -6.6613e-16,  7.3511e-10,  7.3511e-10,      6.6613e-16, -7.3511e-10, -7.3511e-10,
     32,  31.0000,   0.0000,   0.0000,    3,    6.2000e-03,  1.7981e-15, -1.2860e-14,     -9.9920e-16,  7.3511e-10,  7.3511e-10,      9.9920e-16, -7.3511e-10, -7.3511e-10,
     33,  32.0000,   0.0000,   0.0000,    3,    6.4000e-03,  1.8723e-15, -1.3391e-14,      8.5487e-15,  7.3511e-10,  7.3511e-10,     -8.5487e-15, -7.3511e-10, -7.3511e-10,
     34,  33.0000,   0.0000,   0.0000,    3,    6.6000e-03,  1.9468e-15, -1.3909e-14,      2.4758e-14,  7.3511e-10,  7.3511e-10,     -2.4758e-14, -7.3511e-10, -7.3511e-10,
     35,  34.0000,   0.0000,   0.0000,    3,    6.8000e-03,  2.0181e-15, -1.4413e-14,     -2.7645e-14,  7.3511e-10,  7.3511e-10,      2.7645e-14, -7.3511e-10, -7.3511e-10,
     36,  35.0000,   0.0000,   0.0000,    3,    7.0000e-03,  2.0870e-15, -1.4901e-14,      7.3275e-15,  7.3511e-10,  7.3511e-10,     -7.3275e-15, -7.3511e-10, -7.3511e-10,
     37,  36.0000,   0.0000,   0.0000,    3,    7.2000e-03,  2.1525e-15, -1.5370e-14,      8.8818e-16,  7.3511e-10,  7.3511e-10,     -8.8818e-16, -7.3511e-10, -7.3511e-10,
     38,  37.0000,   0.0000,   0.0000,    3,    7.4000e-03,  2.2162e-15, -1.5817e-14,     -3.3307e-16,  7.3511e-10,  7.3511e-10,      3.3307e-16, -7.3511e-10, -7.3511e-10,
     39,  38.0000,   0.0000,   0.0000,    3,    7.6000e-03,  2.2771e-15, -1.6242e-14,      2.5535e-15,  7.3511e-10,  7.3511e-10,     -2.5535e-15, -7.3511e-10, -7.3511e-10,
     40,  39.0000,   0.0000,   0.0000,    3,    7.8000e-03,  2.3353e-15, -1.6643e-14,     -1.3878e-14,  7.3511e-10,  7.3511e-10,      1.3878e-14, -7.3511e-10, -7.3511e-10,
     41,  40.0000,   0.0000,   0.0000,    3,    8.0000e-03,  2.3865e-15, -1.7018e-14,      1.3101e-14,  7.3511e-10,  7.3511e-10,     -1.3101e-14, -7.3511e-10, -7.3511e-10,
     42,  41.0000,   0.0000,   0.0000,    3,    8.2000e-03,  2.4346e-15, -1.7369e-14,     -5.9952e-15,  7.3511e-10,  7.3511e-10,      5.9952e-15, -7.3511e-10, -7.3511e-10,
     43,  42.0000,   0.0000,   0.0000,    3,    8.4000e-03,  2.4778e-15, -1.7691e-14,     -2.8866e-15,  7.3511e-10,  7.3511e-10,      2.8866e-15, -7.3511e-10, -7.3511e-10,
     44,  43.0000,   0.0000,   0.0000,    3,    8.6000e-03,  2.5188e-15, -1.7980e-14,     -8.4377e-15,  7.3511e-10,  7.3511e-10,      8.4377e-15, -7.3511e-10, -7.3511e-10,
     45,  44.0000,   0.0000,   0.0000,    3,    8.8000e-03,  2.5547e-15, -1.8234e-14,     -1.3323e-14,  7.3511e-10,  7.3511e-10,      1.3323e-14, -7.3511e-10, -7.3511e-10,
     46,  45.0000,   0.0000,   0.0000,    3,    9.0000e-03,  2.5876e-15, -1.8455e-14,      3.9302e-14,  7.3511e-10,  7.3511e-10,     -3.9302e-14, -7.3511e-10, -7.3511e-10,
     47,  46.0000,   0.0000,   0.0000,    3,    9.2000e-03,  2.6140e-15, -1.8638e-14,      8.9928e-15,  7.3511e-10,  7.3511e-10,     -8.9928e-15, -7.3511e-10, -7.3511e-10,
     48,  47.0000,   0.0000,   0.0000,    3,    9.4000e-03,  2.6349e-15, -1.8783e-14,     -4.4964e-14,  7.3511e-10,  7.3511e-10,      4.4964e-14, -7.3511e-10, -7.3511e-10,
     49,  48.0000,   0.0000,   0.0000,    3,    9.6000e-03,  2.6505e-15, -1.8891e-14,      2.3093e-14,  7.3511e-10,  7.3511e-10,     -2.3093e-14, -7.3511e-10, -7.3511e-10,
     50,  49.0000,   0.0000,   0.0000,    3,    9.8000e-03,  2.6640e-15, -1.8955e-14,     -5.2403e-14,  7.3511e-10,  7.3511e-10,      5.6843e-14, -7.3511e-10, -7.3511e-10,
     51,  50.0000,   0.0000,   0.0000,    3,    1.0000e-02,  2.6684e-15, -1.8977e-14,      6.2813e-01,  3.6756e-10,  3.6755e-10,      0.0000e+00, -3.6756e-10, -3.6755e-10,
     52,  51.0000,   0.0000,   0.0000,    0,          
     53,  52.0000,   0.0000,   0.0000,    0,          
     54,  53.0000,   0.0000,   0.0000,    0,          
     55,  54.0000,   0.0000,   0.0000,    0,          
     56,  55.0000,   0.0000,   0.0000,    0,          
     57,  56.0000,   0.0000,   0.0000,    0,          
     58,  57.0000,   0.0000,   0.0000,    0,          
     59,  58.0000,   0.0000,   0.0000,    0,          
     60,  59.0000,   0.0000,   0.0000,    0,          
     61,  60.0000,   0.0000,   0.0000,    0,          
     62,  61.0000,   0.0000,   0.0000,    0,          
     63,  62.0000,   0.0000,   0.0000,    0,          
     64,  63.0000,   0.0000,   0.0000,    0,          
     65,  64.0000,   0.0000,   0.0000,    0,          
     66,  65.0000,   0.0000,   0.0000,    0,          
     67,  66.0000,   0.0000,   0.0000,    0,          
     68,  67.0000,   0.0000,   0.0000,    0,          
     69,  68.0000,   0.0000,   0.0000,    0,          
     70,  69.0000,   0.0000,   0.0000,    0,          
     71,  70.0000,   0.0000,   0.0000,    0,          
     72,  71.0000,   0.0000,   0.0000,    0,          
     73,  72.0000,   0.0000,   0.0000,    0,          
     74,  73.0000,   0.0000,   0.0000,    0,          
     75,  74.0000,   0.0000,   0.0000,    0,          
     76,  75.0000,   0.0000,   0.0000,    0,          
     77,  76.0000,   0.0000,   0.0000,    0,          
     78,  77.0000,   0.0000,   0.0000,    0,          
     79,  78.0000,   0.0000,   0.0000,    0,          
     80,  79.0000,   0.0000,   0.0000,    0,          
     81,  80.0000,   0.0000,   0.0000,    0,          
     82,  81.0000,   0.0000,   0.0000,    0,          
     83,  82.0000,   0.0000,   0.0000,    0,          
     84,  83.0000,   0.0000,   0.0000,    0,          
     85,  84.0000,   0.0000,   0.0000,    0,          
     86,  85.0000,   0.0000,   0.0000,    0,          
     87,  86.0000,   0.0000,   0.0000,    0,          
     88,  87.0000,   0.0000,   0.0000,    0,          
     89,  88.0000,   0.0000,   0.0000,    0,          
     90,  89.0000,   0.0000,   0.0000,    0,          
     91,  90.0000,   0.0000,   0.0000,    0,          
     92,  91.0000,   0.0000,   0.0000,    0,          
     93,  92.0000,   0.0000,   0.0000,    0,          
     94,  93.0000,   0.0000,   0.0000,    0,          
     95,  94.0000,   0.0000,   0.0000,    0,          
     96,  95.0000,   0.0000,   0.0000,    0,          
     97,  96.0000,   0.0000,   0.0000,    0,          
     98,  97.0000,   0.0000,   0.0000,    0,          
     99,  98.0000,   0.0000,   0.0000,    0,          
    100,  99.0000,   0.0000,   0.0000,    0,          
    101, 100.0000,   0.0000,   0.0000,    0,          
    102,   0.0000,   1.0000,   0.0000,    3,    0.0000e+00, -4.3761e-05,  0.0000e+00,     -6.2813e-01, -3.6755e-10,  3.6754e-10,      0.0000e+00,  3.6755e-10,  0.0000e+00,
    103,   1.0000,   1.0000,   0.0000,    3,    2.0000e-04, -4.3761e-05, -1.1983e-17,      1.5543e-15, -7.3511e-10,  7.3511e-10,     -1.5543e-15,  7.3511e-10, -7.3511e-10,
    104,   2.0000,   1.0000,   0.0000,    3,    4.0000e-04, -4.3761e-05, -7.2480e-17,     -8.8818e-16, -7.3511e-10,  7.3511e-10,      8.8818e-16,  7.3511e-10, -7.3511e-10,
    105,   3.0000,   1.0000,   0.0000,    3,    6.0000e-04, -4.3761e-05, -1.7389e-16,     -2.7756e-15, -7.3511e-10,  7.3511e-10,      2.7756e-15,  7.3511e-10, -7.3511e-10,
    106,   4.0000,   1.0000,   0.0000,    3,    8.0000e-04, -4.3761e-05, -3.1464e-16,     -3.3307e-16, -7.3511e-10,  7.3511e-10,      3.3307e-16,  7.3511e-10, -7.3511e-10,
    107,   5.0000,   1.0000,   0.0000,    3,    1.0000e-03, -4.3761e-05, -4.9319e-16,      9.6589e-15, -7.3511e-10,  7.3511e-10,     -9.6589e-15,  7.3511e-10, -7.3511e-10,
    108,   6.0000,   1.0000,   0.0000,    3,    1.2000e-03, -4.3761e-05, -7.0858e-16,     -1.3101e-14, -7.3511e-10,  7.3511e-10,      1.3101e-14,  7.3511e-10, -7.3511e-10,
    109,   7.0000,   1.0000,   0.0000,    3,    1.4000e-03, -4.3761e-05, -9.5960e-16,      1.0325e-14, -7.3511e-10,  7.3511e-10,     -1.0325e-14,  7.3511e-10, -7.3511e-10,
    110,   8.0000,   1.0000,   0.0000,    3,    1.6000e-03, -4.3761e-05, -1.2439e-15,     -3.1086e-15, -7.3511e-10,  7.3511e-10,      3.1086e-15,  7.3511e-10, -7.3511e-10,
    111,   9.0000,   1.0000,   0.0000,    3,    1.8000e-03, -4.3761e-05, -1.5587e-15,      4.4409e-15, -7.3511e-10,  7.3511e-10,     -4.4409e-15,  7.3511e-10, -7.3511e-10,
    112,  10.0000,   1.0000,   0.0000,    3,    2.0000e-03, -4.3761e-05, -1.9018e-15,     -9.4369e-15, -7.3511e-10,  7.3511e-10,      9.4369e-15,  7.3511e-10, -7.3511e-10,
    113,  11.0000,   1.0000,   0.0000,    3,    2.2000e-03, -4.3761e-05, -2.2719e-15,      1.1324e-14, -7.3511e-10,  7.3511e-10,     -1.1324e-14,  7.3511e-10, -7.3511e-10,
    114,  12.0000,   1.0000,   0.0000,    3,    2.4000e-03, -4.3761e-05, -2.6680e-15,     -6.9944e-15, -7.3511e-10,  7.3511e-10,      6.9944e-15,  7.3511e-10, -7.3511e-10,
    115,  13.0000,   1.0000,   0.0000,    3,    2.6000e-03, -4.3761e-05, -3.0882e-15,     -4.7740e-15, -7.3511e-10,  7.3511e-10,      4.7740e-15,  7.3511e-10, -7.3511e-10,
    116,  14.0000,   1.0000,   0.0000,    3,    2.8000e-03, -4.3761e-05, -3.5317e-15,      8.8818e-16, -7.3511e-10,  7.3511e-10,     -8.8818e-16,  7.3511e-10, -7.3511e-10,
    117,  15.0000,   1.0000,   0.0000,    3,    3.0000e-03, -4.3761e-05, -3.9957e-15,     -7.1054e-15, -7.3511e-10,  7.3511e-10,      7.1054e-15,  7.3511e-10, -7.3511e-10,
    118,  16.0000,   1.0000,   0.0000,    3,    3.2000e-03, -4.3761e-05, -4.4767e-15,      2.3204e-14, -7.3511e-10,  7.3511e-10,     -2.3204e-14,  7.3511e-10, -7.3511e-10,
    119,  17.0000,   1.0000,   0.0000,    3,    3.4000e-03, -4.3761e-05, -4.9742e-15,     -2.0983e-14, -7.3511e-10,  7.3511e-10,      2.0983e-14,  7.3511e-10, -7.3511e-10,
    120,  18.0000,   1.0000,   0.0000,    3,    3.6000e-03, -4.3761e-05, -5.4858e-15,      5.6621e-15, -7.3511e-10,  7.3511e-10,     -5.6621e-15,  7.3511e-10, -7.3511e-10,
    121,  19.0000,   1.0000,   0.0000,    3,    3.8000e-03, -4.3761e-05, -6.0116e-15,     -1.8874e-15, -7.3511e-10,  7.3511e-10,      1.8874e-15,  7.3511e-10, -7.3511e-10,
    122,  20.0000,   1.0000,   0.0000,    3,    4.0000e-03, -4.3761e-05, -6.5489e-15,      1.4322e-14, -7.3511e-10,  7.3511e-10,     -1.4322e-14,  7.3511e-10, -7.3511e-10,
    123,  21.0000,   1.0000,   0.0000,    3,    4.2000e-03, -4.3761e-05, -7.0938e-15,     -2.1982e-14, -7.3511e-10,  7.3511e-10,      2.1982e-14,  7.3511e-10, -7.3511e-10,
    124,  22.0000,   1.0000,   0.0000,    3,    4.4000e-03, -4.3761e-05, -7.6462e-15,      1.1990e-14, -7.3511e-10,  7.3511e-10,     -1.1990e-14,  7.3511e-10, -7.3511e-10,
    125,  23.0000,   1.0000,   0.0000,    3,    4.6000e-03, -4.3761e-05, -8.2035e-15,     -7.9936e-15, -7.3511e-10,  7.3511e-10,      7.9936e-15,  7.3511e-10, -7.3511e-10,
    126,  24.0000,   1.0000,   0.0000,    3,    4.8000e-03, -4.3761e-05, -8.7639e-15,      1.9318e-14, -7.3511e-10,  7.3511e-10,     -1.9318e-14,  7.3511e-10, -7.3511e-10,
    127,  25.0000,   1.0000,   0.0000,    3,    5.0000e-03, -4.3761e-05, -9.3268e-15,     -2.4758e-14, -7.3511e-10,  7.3511e-10,      2.4758e-14,  7.3511e-10, -7.3511e-10,
    128,  26.0000,   1.0000,   0.0000,    3,    5.2000e-03, -4.3761e-05, -9.8903e-15,      6.7724e-15, -7.3511e-10,  7.3511e-10,     -6.7724e-15,  7.3511e-10, -7.3511e-10,
    129,  27.0000,   1.0000,   0.0000,    3,    5.4000e-03, -4.3761e-05, -1.0451e-14,      9.3259e-15, -7.3511e-10,  7.3511e-10,     -9.3259e-15,  7.3511e-10, -7.3511e-10,
    130,  28.0000,   1.0000,   0.0000,    3,    5.6000e-03, -4.3761e-05, -1.1009e-14,      3.9968e-15, -7.3511e-10,  7.3511e-10,     -3.9968e-15,  7.3511e-10, -7.3511e-10,
    131,  29.0000,   1.0000,   0.0000,    3,    5.8000e-03, -4.3761e-05, -1.1559e-14,     -9.9920e-16, -7.3511e-10,  7.3511e-10,      9.9920e-16,  7.3511e-10, -7.3511e-10,
    132,  30.0000,   1.0000,   0.0000,    3,    6.0000e-03, -4.3761e-05, -1.2103e-14,     -3.0087e-14, -7.3511e-10,  7.3511e-10,      3.0087e-14,  7.3511e-10, -7.3511e-10,
    133,  31.0000,   1.0000,   0.0000,    3,    6.2000e-03, -4.3761e-05, -1.2638e-14,     -1.1102e-15, -7.3511e-10,  7.3511e-10,      1.1102e-15,  7.3511e-10, -7.3511e-10,
    134,  32.0000,   1.0000,   0.0000,    3,    6.4000e-03, -4.3761e-05, -1.3165e-14,      1.8652e-14, -7.3511e-10,  7.3511e-10,     -1.8652e-14,  7.3511e-10, -7.3511e-10,
    135,  33.0000,   1.0000,   0.0000,    3,    6.6000e-03, -4.3761e-05, -1.3677e-14,      2.4425e-14, -7.3511e-10,  7.3511e-10,     -2.4425e-14,  7.3511e-10, -7.3511e-10,
    136,  34.0000,   1.0000,   0.0000,    3,    6.8000e-03, -4.3761e-05, -1.4175e-14,     -2.7089e-14, -7.3511e-10,  7.3511e-10,      2.7089e-14,  7.3511e-10, -7.3511e-10,
    137,  35.0000,   1.0000,   0.0000,    3,    7.0000e-03, -4.3761e-05, -1.4654e-14,      1.9651e-14, -7.3511e-10,  7.3511e-10,     -1.9651e-14,  7.3511e-10, -7.3511e-10,
    138,  36.0000,   1.0000,   0.0000,    3,    7.2000e-03, -4.3761e-05, -1.5115e-14,     -2.2093e-14, -7.3511e-10,  7.3511e-10,      2.2093e-14,  7.3511e-10, -7.3511e-10,
    139,  37.0000,   1.0000,   0.0000,    3,    7.4000e-03, -4.3761e-05, -1.5556e-14,      1.3989e-14, -7.3511e-10,  7.3511e-10,     -1.3989e-14,  7.3511e-10, -7.3511e-10,
    140,  38.0000,   1.0000,   0.0000,    3,    7.6000e-03, -4.3761e-05, -1.5975e-14,      2.5646e-14, -7.3511e-10,  7.3511e-10,     -2.5646e-14,  7.3511e-10, -7.3511e-10,
    141,  39.0000,   1.0000,   0.0000,    3,    7.8000e-03, -4.3761e-05, -1.6371e-14,     -1.0880e-14, -7.3511e-10,  7.3511e-10,      1.0880e-14,  7.3511e-10, -7.3511e-10,
    142,  40.0000,   1.0000,   0.0000,    3,    8.0000e-03, -4.3761e-05, -1.6741e-14,      1.4211e-14, -7.3511e-10,  7.3511e-10,     -1.4211e-14,  7.3511e-10, -7.3511e-10,
    143,  41.0000,   1.0000,   0.0000,    3,    8.2000e-03, -4.3761e-05, -1.7083e-14,     -4.5963e-14, -7.3511e-10,  7.3511e-10,      4.5963e-14,  7.3511e-10, -7.3511e-10,
    144,  42.0000,   1.0000,   0.0000,    3,    8.4000e-03, -4.3761e-05, -1.7398e-14,      3.2196e-14, -7.3511e-10,  7.3511e-10,     -3.2196e-14,  7.3511e-10, -7.3511e-10,
    145,  43.0000,   1.0000,   0.0000,    3,    8.6000e-03, -4.3761e-05, -1.7680e-14,     -3.0198e-14, -7.3511e-10,  7.3511e-10,      3.0198e-14,  7.3511e-10, -7.3511e-10,
    146,  44.0000,   1.0000,   0.0000,    3,    8.8000e-03, -4.3761e-05, -1.7929e-14,      3.7748e-15, -7.3511e-10,  7.3511e-10,     -3.7748e-15,  7.3511e-10, -7.3511e-10,
    147,  45.0000,   1.0000,   0.0000,    3,    9.0000e-03, -4.3761e-05, -1.8144e-14,      2.7423e-14, -7.3511e-10,  7.3511e-10,     -2.7423e-14,  7.3511e-10, -7.3511e-10,
    148,  46.0000,   1.0000,   0.0000,    3,    9.2000e-03, -4.3761e-05, -1.8321e-14,      8.8818e-15, -7.3511e-10,  7.3511e-10,     -8.8818e-15,  7.3511e-10, -7.3511e-10,
    149,  47.0000,   1.0000,   0.0000,    3,    9.4000e-03, -4.3761e-05, -1.8460e-14,     -5.3513e-14, -7.3511e-10,  7.3511e-10,      5.3513e-14,  7.3511e-10, -7.3511e-10,
    150,  48.0000,   1.0000,   0.0000,    3,    9.6000e-03, -4.3761e-05, -1.8559e-14,      3.9413e-14, -7.3511e-10,  7.3511e-10,     -3.9413e-14,  7.3511e-10, -7.3511e-10,
    151,  49.0000,   1.0000,   0.0000,    3,    9.8000e-03, -4.3761e-05, -1.8614e-14,      1.2990e-14, -7.3511e-10,  7.3511e-10,      0.0000e+00,  7.3511e-10, -7.3511e-10,
    152,  50.0000,   1.0000,   0.0000,    3,    1.0000e-02, -4.3761e-05, -1.8634e-14,      6.2813e-01, -3.6756e-10,  3.6755e-10,      0.0000e+00,  3.6756e-10, -3.6755e-10,
    153,  51.0000,   1.0000,   0.0000,    0,          
    154,  52.0000,   1.0000,   0.0000,    0,          
    155,  53.0000,   1.0000,   0.0000,    0,          
    156,  54.0000,   1.0000,   0.0000,    0,          
    157,  55.0000,   1.0000,   0.0000,    0,          
    158,  56.0000,   1.0000,   0.0000,    0,          
    159,  57.0000,   1.0000,   0.0000,    0,          
    160,  58.0000,   1.0000,   0.0000,    0,          
    161,  59.0000,   1.0000,   0.0000,    0,          
    162,  60.0000,   1.0000,   0.0000,    0,          
    163,  61.0000,   1.0000,   0.0000,    0,          
    164,  62.0000,   1.0000,   0.0000,    0,          
    165,  63.0000,   1.0000,   0.0000,    0,          
    166,  64.0000,   1.0000,   0.0000,    0,          
    167,  65.0000,   1.0000,   0.0000,    0,          
    168,  66.0000,   1.0000,   0.0000,    0,          
    169,  67.0000,   1.0000,   0.0000,    0,          
    170,  68.0000,   1.0000,   0.0000,    0,          
    171,  69.0000,   1.0000,   0.0000,    0,          
    172,  70.0000,   1.0000,   0.0000,    0,          
    173,  71.0000,   1.0000,   0.0000,    0,          
    174,  72.0000,   1.0000,   0.0000,    0,          
    175,  73.0000,   1.0000,   0.0000,    0,          
    176,  74.0000,   1.0000,   0.0000,    0,          
    177,  75.0000,   1.0000,   0.0000,    0,          
    178,  76.0000,   1.0000,   0.0000,    0,          
    179,  77.0000,   1.0000,   0.0000,    0,          
    180,  78.0000,   1.0000,   0.0000,    0,          
    181,  79.0000,   1.0000,   0.0000,    0,          
    182,  80.0000,   1.0000,   0.0000,    0,          
    183,  81.0000,   1.0000,   0.0000,    0,          
    184,  82.0000,   1.0000,   0.0000,    0,          
    185,  83.0000,   1.0000,   0.0000,    0,          
    186,  84.0000,   1.0000,   0.0000,    0,          
    187,  85.0000,   1.0000,   0.0000,    0,          
    188,  86.0000,   1.0000,   0.0000,    0,          
    189,  87.0000,   1.0000,   0.0000,    0,          
    190,  88.0000,   1.0000,   0.0000,    0,          
    191,  89.0000,   1.0000,   0.0000,    0,          
    192,  90.0000,   1.0000,   0.0000,    0,          
    193,  91.0000,   1.0000,   0.0000,    0,          
    194,  92.0000,   1.0000,   0.0000,    0,          
    195,  93.0000,   1.0000,   0.0000,    0,          
    196,  94.0000,   1.0000,   0.0000,    0,          
    197,  95.0000,   1.0000,   0.0000,    0,          
    198,  96.0000,   1.0000,   0.0000,    0,          
    199,  97.0000,   1.0000,   0.0000,    0,          
    200,  98.0000,   1.0000,   0.0000,    0,          
    201,  99.0000,   1.0000,   0.0000,    0,          
    202, 100.0000,   1.0000,   0.0000,    0,          
    203,   0.0000,   0.0000,   1.0000,    3,    0.0000e+00,  0.0000e+00, -4.3761e-05,     -6.2813e-01,  3.6755e-10, -3.6755e-10,      0.0000e+00,  0.0000e+00,  3.6755e-10,
    204,   1.0000,   0.0000,   1.0000,    3,    2.0000e-04,  2.5626e-18, -4.3761e-05,      1.3323e-15,  7.3511e-10, -7.3511e-10,     -1.3323e-15, -7.3511e-10,  7.3511e-10,
    205,   2.0000,   0.0000,   1.0000,    3,    4.0000e-04,  9.8848e-18, -4.3761e-05,     -1.4433e-15,  7.3511e-10, -7.3511e-10,      1.4433e-15, -7.3511e-10,  7.3511e-10,
    206,   3.0000,   0.0000,   1.0000,    3,    6.0000e-04,  2.2630e-17, -4.3761e-05,     -1.4433e-15,  7.3511e-10, -7.3511e-10,      1.4433e-15, -7.3511e-10,  7.3511e-10,
    207,   4.0000,   0.0000,   1.0000,    3,    8.0000e-04,  4.1161e-17, -4.3761e-05,     -4.4409e-16,  7.3511e-10, -7.3511e-10,      4.4409e-16, -7.3511e-10,  7.3511e-10,
    208,   5.0000,   0.0000,   1.0000,    3,    1.0000e-03,  6.4889e-17, -4.3761e-05,      3.2196e-15,  7.3511e-10, -7.3511e-10,     -3.2196e-15, -7.3511e-10,  7.3511e-10,
    209,   6.0000,   0.0000,   1.0000,    3,    1.2000e-03,  9.2482e-17, -4.3761e-05,     -5.7732e-15,  7.3511e-10, -7.3511e-10,      5.7732e-15, -7.3511e-10,  7.3511e-10,
    210,   7.0000,   0.0000,   1.0000,    3,    1.4000e-03,  1.2350e-16, -4.3761e-05,      5.4401e-15,  7.3511e-10, -7.3511e-10,     -5.4401e-15, -7.3511e-10,  7.3511e-10,
    211,   8.0000,   0.0000,   1.0000,    3,    1.6000e-03,  1.5791e-16, -4.3761e-05,      7.7716e-16,  7.3511e-10, -7.3511e-10,     -7.7716e-16, -7.3511e-10,  7.3511e-10,
    212,   9.0000,   0.0000,   1.0000,    3,    1.8000e-03,  1.9629e-16, -4.3761e-05,      8.8818e-16,  7.3511e-10, -7.3511e-10,     -8.8818e-16, -7.3511e-10,  7.3511e-10,
    213,  10.0000,   0.0000,   1.0000,    3,    2.0000e-03,  2.3883e-16, -4.3761e-05,     -9.2149e-15,  7.3511e-10, -7.3511e-10,      9.2149e-15, -7.3511e-10,  7.3511e-10,
    214,  11.0000,   0.0000,   1.0000,    3,    2.2000e-03,  2.8525e-16, -4.3761e-05,      6.8834e-15,  7.3511e-10, -7.3511e-10,     -6.8834e-15, -7.3511e-10,  7.3511e-10,
    215,  12.0000,   0.0000,   1.0000,    3,    2.4000e-03,  3.3422e-16, -4.3761e-05,      2.2204e-16,  7.3511e-10, -7.3511e-10,     -2.2204e-16, -7.3511e-10,  7.3511e-10,
    216,  13.0000,   0.0000,   1.0000,    3,    2.6000e-03,  3.8527e-16, -4.3761e-05,     -3.8858e-15,  7.3511e-10, -7.3511e-10,      3.8858e-15, -7.3511e-10,  7.3511e-10,
    217,  14.0000,   0.0000,   1.0000,    3,    2.8000e-03,  4.3847e-16, -4.3761e-05,      6.1062e-15,  7.3511e-10, -7.3511e-10,     -6.1062e-15, -7.3511e-10,  7.3511e-10,
    218,  15.0000,   0.0000,   1.0000,    3,    3.0000e-03,  4.9441e-16, -4.3761e-05,     -7.3275e-15,  7.3511e-10, -7.3511e-10,      7.3275e-15, -7.3511e-10,  7.3511e-10,
    219,  16.0000,   0.0000,   1.0000,    3,    3.2000e-03,  5.5374e-16, -4.3761e-05,      7.9936e-15,  7.3511e-10, -7.3511e-10,     -7.9936e-15, -7.3511e-10,  7.3511e-10,
    220,  17.0000,   0.0000,   1.0000,    3,    3.4000e-03,  6.1619e-16, -4.3761e-05,     -6.2172e-15,  7.3511e-10, -7.3511e-10,      6.2172e-15, -7.3511e-10,  7.3511e-10,
    221,  18.0000,   0.0000,   1.0000,    3,    3.6000e-03,  6.7971e-16, -4.3761e-05,     -2.7756e-15,  7.3511e-10, -7.3511e-10,      2.7756e-15, -7.3511e-10,  7.3511e-10,
    222,  19.0000,   0.0000,   1.0000,    3,    3.8000e-03,  7.4440e-16, -4.3761e-05,      9.8810e-15,  7.3511e-10, -7.3511e-10,     -9.8810e-15, -7.3511e-10,  7.3511e-10,
    223,  20.0000,   0.0000,   1.0000,    3,    4.0000e-03,  8.0989e-16, -4.3761e-05,      9.1038e-15,  7.3511e-10, -7.3511e-10,     -9.1038e-15, -7.3511e-10,  7.3511e-10,
    224,  21.0000,   0.0000,   1.0000,    3,    4.2000e-03,  8.7637e-16, -4.3761e-05,     -4.4409e-15,  7.3511e-10, -7.3511e-10,      4.4409e-15, -7.3511e-10,  7.3511e-10,
    225,  22.0000,   0.0000,   1.0000,    3,    4.4000e-03,  9.4559e-16, -4.3761e-05,      1.4433e-15,  7.3511e-10, -7.3511e-10,     -1.4433e-15, -7.3511e-10,  7.3511e-10,
    226,  23.0000,   0.0000,   1.0000,    3,    4.6000e-03,  1.0166e-15, -4.3761e-05,     -2.0317e-14,  7.3511e-10, -7.3511e-10,      2.0317e-14, -7.3511e-10,  7.3511e-10,
    227,  24.0000,   0.0000,   1.0000,    3,    4.8000e-03,  1.0879e-15, -4.3761e-05,      1.7986e-14,  7.3511e-10, -7.3511e-10,     -1.7986e-14, -7.3511e-10,  7.3511e-10,
    228,  25.0000,   0.0000,   1.0000,    3,    5.0000e-03,  1.1593e-15, -4.3761e-05,     -2.7756e-15,  7.3511e-10, -7.3511e-10,      2.7756e-15, -7.3511e-10,  7.3511e-10,
    229,  26.0000,   0.0000,   1.0000,    3,    5.2000e-03,  1.2307e-15, -4.3761e-05,     -1.1435e-14,  7.3511e-10, -7.3511e-10,      1.1435e-14, -7.3511e-10,  7.3511e-10,
    230,  27.0000,   0.0000,   1.0000,    3,    5.4000e-03,  1.3009e-15, -4.3761e-05,      7.3275e-15,  7.3511e-10, -7.3511e-10,     -7.3275e-15, -7.3511e-10,  7.3511e-10,
    231,  28.0000,   0.0000,   1.0000,    3,    5.6000e-03,  1.3708e-15, -4.3761e-05,      1.3323e-14,  7.3511e-10, -7.3511e-10,     -1.3323e-14, -7.3511e-10,  7.3511e-10,
    232,  29.0000,   0.0000,   1.0000,    3,    5.8000e-03,  1.4408e-15, -4.3761e-05,     -2.3204e-14,  7.3511e-10, -7.3511e-10,      2.3204e-14, -7.3511e-10,  7.3511e-10,
    233,  30.0000,   0.0000,   1.0000,    3,    6.0000e-03,  1.5113e-15, -4.3761e-05,      1.0547e-14,  7.3511e-10, -7.3511e-10,     -1.0547e-14, -7.3511e-10,  7.3511e-10,
    234,  31.0000,   0.0000,   1.0000,    3,    6.2000e-03,  1.5785e-15, -4.3761e-05,     -1.4322e-14,  7.3511e-10, -7.3511e-10,      1.4322e-14, -7.3511e-10,  7.3511e-10,
    235,  32.0000,   0.0000,   1.0000,    3,    6.4000e-03,  1.6445e-15, -4.3761e-05,      2.6201e-14,  7.3511e-10, -7.3511e-10,     -2.6201e-14, -7.3511e-10,  7.3511e-10,
    236,  33.0000,   0.0000,   1.0000,    3,    6.6000e-03,  1.7099e-15, -4.3761e-05,     -1.7431e-14,  7.3511e-10, -7.3511e-10,      1.7431e-14, -7.3511e-10,  7.3511e-10,
    237,  34.0000,   0.0000,   1.0000,    3,    6.8000e-03,  1.7735e-15, -4.3761e-05,     -3.3307e-16,  7.3511e-10, -7.3511e-10,      3.3307e-16, -7.3511e-10,  7.3511e-10,
    238,  35.0000,   0.0000,   1.0000,    3,    7.0000e-03,  1.8362e-15, -4.3761e-05,      1.8652e-14,  7.3511e-10, -7.3511e-10,     -1.8652e-14, -7.3511e-10,  7.3511e-10,
    239,  36.0000,   0.0000,   1.0000,    3,    7.2000e-03,  1.8976e-15, -4.3761e-05,     -2.8311e-14,  7.3511e-10, -7.3511e-10,      2.8311e-14, -7.3511e-10,  7.3511e-10,
    240,  37.0000,   0.0000,   1.0000,    3,    7.4000e-03,  1.9551e-15, -4.3761e-05,      2.7645e-14,  7.3511e-10, -7.3511e-10,     -2.7645e-14, -7.3511e-10,  7.3511e-10,
    241,  38.0000,   0.0000,   1.0000,    3,    7.6000e-03,  2.0078e-15, -4.3761e-05,      1.3323e-15,  7.3511e-10, -7.3511e-10,     -1.3323e-15, -7.3511e-10,  7.3511e-10,
    242,  39.0000,   0.0000,   1.0000,    3,    7.8000e-03,  2.0565e-15, -4.3761e-05,      4.7740e-15,  7.3511e-10, -7.3511e-10,     -4.7740e-15, -7.3511e-10,  7.3511e-10,
    243,  40.0000,   0.0000,   1.0000,    3,    8.0000e-03,  2.1019e-15, -4.3761e-05,     -4.4409e-15,  7.3511e-10, -7.3511e-10,      4.4409e-15, -7.3511e-10,  7.3511e-10,
    244,  41.0000,   0.0000,   1.0000,    3,    8.2000e-03,  2.1441e-15, -4.3761e-05,      1.3656e-14,  7.3511e-10, -7.3511e-10,     -1.3656e-14, -7.3511e-10,  7.3511e-10,
    245,  42.0000,   0.0000,   1.0000,    3,    8.4000e-03,  2.1824e-15, -4.3761e-05,     -5.0959e-14,  7.3511e-10, -7.3511e-10,      5.0959e-14, -7.3511e-10,  7.3511e-10,
    246,  43.0000,   0.0000,   1.0000,    3,    8.6000e-03,  2.2165e-15, -4.3761e-05,      3.6748e-14,  7.3511e-10, -7.3511e-10,     -3.6748e-14, -7.3511e-10,  7.3511e-10,
    247,  44.0000,   0.0000,   1.0000,    3,    8.8000e-03,  2.2458e-15, -4.3761e-05,     -4.0634e-14,  7.3511e-10, -7.3511e-10,      4.0634e-14, -7.3511e-10,  7.3511e-10,
    248,  45.0000,   0.0000,   1.0000,    3,    9.0000e-03,  2.2690e-15, -4.3761e-05,      4.7851e-14,  7.3511e-10, -7.3511e-10,     -4.7851e-14, -7.3511e-10,  7.3511e-10,
    249,  46.0000,   0.0000,   1.0000,    3,    9.2000e-03,  2.2877e-15, -4.3761e-05,      1.4988e-14,  7.3511e-10, -7.3511e-10,     -1.4988e-14, -7.3511e-10,  7.3511e-10,
    250,  47.0000,   0.0000,   1.0000,    3,    9.4000e-03,  2.3033e-15, -4.3761e-05,     -2.4647e-14,  7.3511e-10, -7.3511e-10,      2.4647e-14, -7.3511e-10,  7.3511e-10,
    251,  48.0000,   0.0000,   1.0000,    3,    9.6000e-03,  2.3137e-15, -4.3761e-05,      3.0420e-14,  7.3511e-10, -7.3511e-10,     -3.0420e-14, -7.3511e-10,  7.3511e-10,
    252,  49.0000,   0.0000,   1.0000,    3,    9.8000e-03,  2.3187e-15, -4.3761e-05,      1.5765e-14,  7.3510e-10, -7.3511e-10,     -5.6843e-14, -7.3511e-10,  7.3511e-10,
    253,  50.0000,   0.0000,   1.0000,    3,    1.0000e-02,  2.3186e-15, -4.3761e-05,      6.2813e-01,  3.6755e-10, -3.6755e-10,      0.0000e+00, -3.6755e-10,  3.6756e-10,
    254,  51.0000,   0.0000,   1.0000,    0,          
    255,  52.0000,   0.0000,   1.0000,    0,          
    256,  53.0000,   0.0000,   1.0000,    0,          
    257,  54.0000,   0.0000,   1.0000,    0,          
    258,  55.0000,   0.0000,   1.0000,    0,          
    259,  56.0000,   0.0000,   1.0000,    0,          
    260,  57.0000,   0.0000,   1.0000,    0,          
    261,  58.0000,   0.0000,   1.0000,    0,          
    262,  59.0000,   0.0000,   1.0000,    0,          
    263,  60.0000,   0.0000,   1.0000,    0,          
    264,  61.0000,   0.0000,   1.0000,    0,          
    265,  62.0000,   0.0000,   1.0000,    0,          
    266,  63.0000,   0.0000,   1.0000,    0,          
    267,  64.0000,   0.0000,   1.0000,    0,          
    268,  65.0000,   0.0000,   1.0000,    0,          
    269,  66.0000,   0.0000,   1.0000,    0,          
    270,  67.0000,   0.0000,   1.0000,    0,          
    271,  68.0000,   0.0000,   1.0000,    0,          
    272,  69.0000,   0.0000,   1.0000,    0,          
    273,  70.0000,   0.0000,   1.0000,    0,          
    274,  71.0000,   0.0000,   1.0000,    0,          
    275,  72.0000,   0.0000,   1.0000,    0,          
    276,  73.0000,   0.0000,   1.0000,    0,          
    277,  74.0000,   0.0000,   1.0000,    0,          
    278,  75.0000,   0.0000,   1.0000,    0,          
    279,  76.0000,   0.0000,   1.0000,    0,          
    280,  77.0000,   0.0000,   1.0000,    0,          
    281,  78.0000,   0.0000,   1.0000,    0,          
    282,  79.0000,   0.0000,   1.0000,    0,          
    283,  80.0000,   0.0000,   1.0000,    0,          
    284,  81.0000,   0.0000,   1.0000,    0,          
    285,  82.0000,   0.0000,   1.0000,    0,          
    286,  83.0000,   0.0000,   1.0000,    0,          
    287,  84.0000,   0.0000,   1.0000,    0,          
    288,  85.0000,   0.0000,   1.0000,    0,          
    289,  86.0000,   0.0000,   1.0000,    0,          
    290,  87.0000,   0.0000,   1.0000,    0,          
    291,  88.0000,   0.0000,   1.0000,    0,          
    292,  89.0000,   0.0000,   1.0000,    0,          
    293,  90.0000,   0.0000,   1.0000,    0,          
    294,  91.0000,   0.0000,   1.0000,    0,          
    295,  92.0000,   0.0000,   1.0000,    0,          
    296,  93.0000,   0.0000,   1.0000,    0,          
    297,  94.0000,   0.0000,   1.0000,    0,          
    298,  95.0000,   0.0000,   1.0000,    0,          
    299,  96.0000,   0.0000,   1.0000,    0,          
    300,  97.0000,   0.0000,   1.0000,    0,          
    301,  98.0000,   0.0000,   1.0000,    0,          
    302,  99.0000,   0.0000,   1.0000,    0,          
    303, 100.0000,   0.0000,   1.0000,    0,          
    304,   0.0000,   1.0000,   1.0000,    3,    0.0000e+00, -4.3761e-05, -4.3761e-05,     -6.2813e-01, -3.6755e-10, -3.6755e-10,      0.0000e+00,  3.6755e-10,  3.6755e-10,
    305,   1.0000,   1.0000,   1.0000,    3,    2.0000e-04, -4.3761e-05, -4.3761e-05,      9.9920e-16, -7.3511e-10, -7.3511e-10,     -9.9920e-16,  7.3511e-10,  7.3511e-10,
    306,   2.0000,   1.0000,   1.0000,    3,    4.0000e-04, -4.3761e-05, -4.3761e-05,     -2.3315e-15, -7.3511e-10, -7.3511e-10,      2.3315e-15,  7.3511e-10,  7.3511e-10,
    307,   3.0000,   1.0000,   1.0000,    3,    6.0000e-04, -4.3761e-05, -4.3761e-05,     -3.3307e-16, -7.3511e-10, -7.3511e-10,      3.3307e-16,  7.3511e-10,  7.3511e-10,
    308,   4.0000,   1.0000,   1.0000,    3,    8.0000e-04, -4.3761e-05, -4.3761e-05,     -6.6613e-16, -7.3511e-10, -7.3511e-10,      6.6613e-16,  7.3511e-10,  7.3511e-10,
    309,   5.0000,   1.0000,   1.0000,    3,    1.0000e-03, -4.3761e-05, -4.3761e-05,      4.8850e-15, -7.3511e-10, -7.3511e-10,     -4.8850e-15,  7.3511e-10,  7.3511e-10,
    310,   6.0000,   1.0000,   1.0000,    3,    1.2000e-03, -4.3761e-05, -4.3761e-05,     -6.4393e-15, -7.3511e-10, -7.3511e-10,      6.4393e-15,  7.3511e-10,  7.3511e-10,
    311,   7.0000,   1.0000,   1.0000,    3,    1.4000e-03, -4.3761e-05, -4.3761e-05,      5.7732e-15, -7.3511e-10, -7.3511e-10,     -5.7732e-15,  7.3511e-10,  7.3511e-10,
    312,   8.0000,   1.0000,   1.0000,    3,    1.6000e-03, -4.3761e-05, -4.3761e-05,      1.1102e-15, -7.3511e-10, -7.3511e-10,     -1.1102e-15,  7.3511e-10,  7.3511e-10,
    313,   9.0000,   1.0000,   1.0000,    3,    1.8000e-03, -4.3761e-05, -4.3761e-05,     -1.3323e-15, -7.3511e-10, -7.3511e-10,      1.3323e-15,  7.3511e-10,  7.3511e-10,
    314,  10.0000,   1.0000,   1.0000,    3,    2.0000e-03, -4.3761e-05, -4.3761e-05,     -8.1046e-15, -7.3511e-10, -7.3511e-10,      8.1046e-15,  7.3511e-10,  7.3511e-10,
    315,  11.0000,   1.0000,   1.0000,    3,    2.2000e-03, -4.3761e-05, -4.3761e-05,      1.3989e-14, -7.3511e-10, -7.3511e-10,     -1.3989e-14,  7.3511e-10,  7.3511e-10,
    316,  12.0000,   1.0000,   1.0000,    3,    2.4000e-03, -4.3761e-05, -4.3761e-05,     -1.6653e-15, -7.3511e-10, -7.3511e-10,      1.6653e-15,  7.3511e-10,  7.3511e-10,
    317,  13.0000,   1.0000,   1.0000,    3,    2.6000e-03, -4.3761e-05, -4.3761e-05,     -6.5503e-15, -7.3511e-10, -7.3511e-10,      6.5503e-15,  7.3511e-10,  7.3511e-10,
    318,  14.0000,   1.0000,   1.0000,    3,    2.8000e-03, -4.3761e-05, -4.3761e-05,      7.2164e-15, -7.3511e-10, -7.3511e-10,     -7.2164e-15,  7.3511e-10,  7.3511e-10,
    319,  15.0000,   1.0000,   1.0000,    3,    3.0000e-03, -4.3761e-05, -4.3761e-05,     -1.7319e-14, -7.3511e-10, -7.3511e-10,      1.7319e-14,  7.3511e-10,  7.3511e-10,
    320,  16.0000,   1.0000,   1.0000,    3,    3.2000e-03, -4.3761e-05, -4.3761e-05,      2.0539e-14, -7.3511e-10, -7.3511e-10,     -2.0539e-14,  7.3511e-10,  7.3511e-10,
    321,  17.0000,   1.0000,   1.0000,    3,    3.4000e-03, -4.3761e-05, -4.3761e-05,     -1.0769e-14, -7.3511e-10, -7.3511e-10,      1.0769e-14,  7.3511e-10,  7.3511e-10,
    322,  18.0000,   1.0000,   1.0000,    3,    3.6000e-03, -4.3761e-05, -4.3761e-05,      7.7716e-16, -7.3511e-10, -7.3511e-10,     -7.7716e-16,  7.3511e-10,  7.3511e-10,
    323,  19.0000,   1.0000,   1.0000,    3,    3.8000e-03, -4.3761e-05, -4.3761e-05,     -1.1102e-16, -7.3511e-10, -7.3511e-10,      1.1102e-16,  7.3511e-10,  7.3511e-10,
    324,  20.0000,   1.0000,   1.0000,    3,    4.0000e-03, -4.3761e-05, -4.3761e-05,      1.0880e-14, -7.3511e-10, -7.3511e-10,     -1.0880e-14,  7.3511e-10,  7.3511e-10,
    325,  21.0000,   1.0000,   1.0000,    3,    4.2000e-03, -4.3761e-05, -4.3761e-05,     -3.4417e-15, -7.3511e-10, -7.3511e-10,      3.4417e-15,  7.3511e-10,  7.3511e-10,
    326,  22.0000,   1.0000,   1.0000,    3,    4.4000e-03, -4.3761e-05, -4.3761e-05,      2.7756e-15, -7.3511e-10, -7.3511e-10,     -2.7756e-15,  7.3511e-10,  7.3511e-10,
    327,  23.0000,   1.0000,   1.0000,    3,    4.6000e-03, -4.3761e-05, -4.3761e-05,     -1.2657e-14, -7.3511e-10, -7.3511e-10,      1.2657e-14,  7.3511e-10,  7.3511e-10,
    328,  24.0000,   1.0000,   1.0000,    3,    4.8000e-03, -4.3761e-05, -4.3761e-05,      1.4655e-14, -7.3511e-10, -7.3511e-10,     -1.4655e-14,  7.3511e-10,  7.3511e-10,
    329,  25.0000,   1.0000,   1.0000,    3,    5.0000e-03, -4.3761e-05, -4.3761e-05,      2.2204e-15, -7.3511e-10, -7.3511e-10,     -2.2204e-15,  7.3511e-10,  7.3511e-10,
    330,  26.0000,   1.0000,   1.0000,    3,    5.2000e-03, -4.3761e-05, -4.3761e-05,     -1.5432e-14, -7.3511e-10, -7.3511e-10,      1.5432e-14,  7.3511e-10,  7.3511e-10,
    331,  27.0000,   1.0000,   1.0000,    3,    5.4000e-03, -4.3761e-05, -4.3761e-05,      1.0880e-14, -7.3511e-10, -7.3511e-10,     -1.0880e-14,  7.3511e-10,  7.3511e-10,
    332,  28.0000,   1.0000,   1.0000,    3,    5.6000e-03, -4.3761e-05, -4.3761e-05,     -1.2212e-14, -7.3511e-10, -7.3511e-10,      1.2212e-14,  7.3511e-10,  7.3511e-10,
    333,  29.0000,   1.0000,   1.0000,    3,    5.8000e-03, -4.3761e-05, -4.3761e-05,      2.6645e-15, -7.3511e-10, -7.3511e-10,     -2.6645e-15,  7.3511e-10,  7.3511e-10,
    334,  30.0000,   1.0000,   1.0000,    3,    6.0000e-03, -4.3761e-05, -4.3761e-05,     -1.1435e-14, -7.3511e-10, -7.3511e-10,      1.1435e-14,  7.3511e-10,  7.3511e-10,
    335,  31.0000,   1.0000,   1.0000,    3,    6.2000e-03, -4.3761e-05, -4.3761e-05,     -1.5210e-14, -7.3511e-10, -7.3511e-10,      1.5210e-14,  7.3511e-10,  7.3511e-10,
    336,  32.0000,   1.0000,   1.0000,    3,    6.4000e-03, -4.3761e-05, -4.3761e-05,      3.4639e-14, -7.3511e-10, -7.3511e-10,     -3.4639e-14,  7.3511e-10,  7.3511e-10,
    337,  33.0000,   1.0000,   1.0000,    3,    6.6000e-03, -4.3761e-05, -4.3761e-05,      9.9920e-15, -7.3511e-10, -7.3511e-10,     -9.9920e-15,  7.3511e-10,  7.3511e-10,
    338,  34.0000,   1.0000,   1.0000,    3,    6.8000e-03, -4.3761e-05, -4.3761e-05,     -3.7970e-14, -7.3511e-10, -7.3511e-10,      3.7970e-14,  7.3511e-10,  7.3511e-10,
    339,  35.0000,   1.0000,   1.0000,    3,    7.0000e-03, -4.3761e-05, -4.3761e-05,      3.5305e-14, -7.3511e-10, -7.3511e-10,     -3.5305e-14,  7.3511e-10,  7.3511e-10,
    340,  36.0000,   1.0000,   1.0000,    3,    7.2000e-03, -4.3761e-05, -4.3761e-05,     -2.4203e-14, -7.3511e-10, -7.3511e-10,      2.4203e-14,  7.3511e-10,  7.3511e-10,
    341,  37.0000,   1.0000,   1.0000,    3,    7.4000e-03, -4.3761e-05, -4.3761e-05,      4.1300e-14, -7.3511e-10, -7.3511e-10,     -4.1300e-14,  7.3511e-10,  7.3511e-10,
    342,  38.0000,   1.0000,   1.0000,    3,    7.6000e-03, -4.3761e-05, -4.3761e-05,     -2.1205e-14, -7.3510e-10, -7.3511e-10,      2.1205e-14,  7.3510e-10,  7.3511e-10,
    343,  39.0000,   1.0000,   1.0000,    3,    7.8000e-03, -4.3761e-05, -4.3761e-05,     -1.0325e-14, -7.3511e-10, -7.3511e-10,      1.0325e-14,  7.3511e-10,  7.3511e-10,
    344,  40.0000,   1.0000,   1.0000,    3,    8.0000e-03, -4.3761e-05, -4.3761e-05,      1.9207e-14, -7.3511e-10, -7.3511e-10,     -1.9207e-14,  7.3511e-10,  7.3511e-10,
    345,  41.0000,   1.0000,   1.0000,    3,    8.2000e-03, -4.3761e-05, -4.3761e-05,     -1.5543e-14, -7.3511e-10, -7.3511e-10,      1.5543e-14,  7.3511e-10,  7.3511e-10,
    346,  42.0000,   1.0000,   1.0000,    3,    8.4000e-03, -4.3761e-05, -4.3761e-05,     -1.9651e-14, -7.3511e-10, -7.3511e-10,      1.9651e-14,  7.3511e-10,  7.3511e-10,
    347,  43.0000,   1.0000,   1.0000,    3,    8.6000e-03, -4.3761e-05, -4.3761e-05,      1.5654e-14, -7.3511e-10, -7.3511e-10,     -1.5654e-14,  7.3511e-10,  7.3511e-10,
    348,  44.0000,   1.0000,   1.0000,    3,    8.8000e-03, -4.3761e-05, -4.3761e-05,     -1.9540e-14, -7.3511e-10, -7.3511e-10,      1.9540e-14,  7.3511e-10,  7.3511e-10,
    349,  45.0000,   1.0000,   1.0000,    3,    9.0000e-03, -4.3761e-05, -4.3761e-05,      2.4758e-14, -7.3511e-10, -7.3511e-10,     -2.4758e-14,  7.3511e-10,  7.3511e-10,
    350,  46.0000,   1.0000,   1.0000,    3,    9.2000e-03, -4.3761e-05, -4.3761e-05,      1.1324e-14, -7.3511e-10, -7.3511e-10,     -1.1324e-14,  7.3511e-10,  7.3511e-10,
    351,  47.0000,   1.0000,   1.0000,    3,    9.4000e-03, -4.3761e-05, -4.3761e-05,     -3.3973e-14, -7.3511e-10, -7.3511e-10,      3.3973e-14,  7.3511e-10,  7.3511e-10,
    352,  48.0000,   1.0000,   1.0000,    3,    9.6000e-03, -4.3761e-05, -4.3761e-05,      3.2530e-14, -7.3511e-10, -7.3511e-10,     -3.2530e-14,  7.3511e-10,  7.3511e-10,
    353,  49.0000,   1.0000,   1.0000,    3,    9.8000e-03, -4.3761e-05, -4.3761e-05,     -3.6970e-14, -7.3511e-10, -7.3511e-10,      0.0000e+00,  7.3511e-10,  7.3510e-10,
    354,  50.0000,   1.0000,   1.0000,    3,    1.0000e-02, -4.3761e-05, -4.3761e-05,      6.2813e-01, -3.6756e-10, -3.6755e-10,      0.0000e+00,  3.6756e-10,  3.6755e-10,
    355,  51.0000,   1.0000,   1.0000,    0,          
    356,  52.0000,   1.0000,   1.0000,    0,          
    357,  53.0000,   1.0000,   1.0000,    0,          
    358,  54.0000,   1.0000,   1.0000,    0,          
    359,  55.0000,   1.0000,   1.0000,    0,          
    360,  56.0000,   1.0000,   1.0000,    0,          
    361,  57.0000,   1.0000,   1.0000,    0,          
    362,  58.0000,   1.0000,   1.0000,    0,          
    363,  59.0000,   1.0000,   1.0000,    0,          
    364,  60.0000,   1.0000,   1.0000,    0,          
    365,  61.0000,   1.0000,   1.0000,    0,          
    366,  62.0000,   1.0000,   1.0000,    0,          
    367,  63.0000,   1.0000,   1.0000,    0,          
    368,  64.0000,   1.0000,   1.0000,    0,          
    369,  65.0000,   1.0000,   1.0000,    0,          
    370,  66.0000,   1.0000,   1.0000,    0,          
    371,  67.0000,   1.0000,   1.0000,    0,          
    372,  68.0000,   1.0000,   1.0000,    0,          
    373,  69.0000,   1.0000,   1.0000,    0,          
    374,  70.0000,   1.0000,   1.0000,    0,          
    375,  71.0000,   1.0000,   1.0000,    0,          
    376,  72.0000,   1.0000,   1.0000,    0,          
    377,  73.0000,   1.0000,   1.0000,    0,          
    378,  74.0000,   1.0000,   1.0000,    0,          
    379,  75.0000,   1.0000,   1.0000,    0,          
    380,  76.0000,   1.0000,   1.0000,    0,          
    381,  77.0000,   1.0000,   1.0000,    0,          
    382,  78.0000,   1.0000,   1.0000,    0,          
    383,  79.0000,   1.0000,   1.0000,    0,          
    384,  80.0000,   1.0000,   1.0000,    0,          
    385,  81.0000,   1.0000,   1.0000,    0,          
    386,  82.0000,   1.0000,   1.0000,    0,          
    387,  83.0000,   1.0000,   1.0000,    0,          
    388,  84.0000,   1.0000,   1.0000,    0,          
    389,  85.0000,   1.0000,   1.0000,    0,          
    390,  86.0000,   1.0000,   1.0000,    0,          
    391,  87.0000,   1.0000,   1.0000,    0,          
    392,  88.0000,   1.0000,   1.0000,    0,          
    393,  89.0000,   1.0000,   1.0000,    0,          
    394,  90.0000,   1.0000,   1.0000,    0,          
    395,  91.0000,   1.0000,   1.0000,    0,          
    396,  92.0000,   1.0000,   1.0000,    0,          
    397,  93.0000,   1.0000,   1.0000,    0,          
    398,  94.0000,   1.0000,   1.0000,    0,          
    399,  95.0000,   1.0000,   1.0000,    0,          
    400,  96.0000,   1.0000,   1.0000,    0,          
    401,  97.0000,   1.0000,   1.0000,    0,          
    402,  98.0000,   1.0000,   1.0000,    0,          
    403,  99.0000,   1.0000,   1.0000,    0,          
    404, 100.0000,   1.0000,   1.0000,    0,          
