ConFem:  ../DataSpecimen/UniaxTensionBar2D
symmetric system False
0 step starts NR
1 0 2.0 0.0 0 0.0 0.0 1.0
1 0 2.0 0.00682581771306 1 1.87910770394e-08 0.0002 1.0
2 0 2.0 0.00682581771306 0 1.87910770338e-08 0.0 1.0
2 0 2.0 0.013651635426 1 1.17440980309e-07 0.0002 1.0
3 0 2.0 0.013651635426 0 1.17440980309e-07 0.0 1.0
3 0 2.0 0.0204774531385 1 3.00634977485e-07 0.0002 1.0
4 0 2.0 0.0204774531385 0 3.00634977483e-07 0.0 1.0
4 0 2.0 0.0273032708503 1 5.68351247864e-07 0.0002 1.0
5 0 2.0 0.0273032708503 0 5.6835124787e-07 0.0 1.0
5 0 2.0 0.0341290885608 1 9.2055868709e-07 0.0002 1.0
6 0 2.0 0.0341290885608 0 9.2055868709e-07 0.0 1.0
6 0 2.0 0.0409549062698 1 1.35721691269e-06 0.0002 1.0
7 0 2.0 0.0409549062698 0 1.3572169127e-06 0.0 1.0
7 0 2.0 0.047780723977 1 1.87827626921e-06 0.0002 1.0
8 0 2.0 0.047780723977 0 1.87827626922e-06 0.0 1.0
8 0 2.0 0.054606541682 1 2.48367783467e-06 0.0002 1.0
9 0 2.0 0.054606541682 0 2.4836778347e-06 0.0 1.0
9 0 2.0 0.0614323593843 1 3.1733534307e-06 0.0002 1.0
10 0 2.0 0.0614323593843 0 3.1733534307e-06 0.0 1.0
10 0 2.0 0.0682581770837 1 3.947225631e-06 0.0002 1.0
11 0 2.0 0.0682581770837 0 3.947225631e-06 0.0 1.0
11 0 2.0 0.0750839947798 1 4.80520777273e-06 0.0002 1.0
12 0 2.0 0.0750839947798 0 4.80520777267e-06 0.0 1.0
12 0 2.0 0.0819098124723 1 5.74720396941e-06 0.0002 1.0
13 0 2.0 0.0819098124723 0 5.74720396944e-06 0.0 1.0
13 0 2.0 0.0887356301608 1 6.77310912389e-06 0.0002 1.0
14 0 2.0 0.0887356301608 0 6.77310912389e-06 0.0 1.0
14 0 2.0 0.0955614478448 1 7.88280894465e-06 0.0002 1.0
15 0 2.0 0.0955614478448 0 7.88280894458e-06 0.0 1.0
15 0 2.0 0.102387265524 1 9.07617996019e-06 0.0002 1.0
16 0 2.0 0.102387265524 0 9.07617996018e-06 0.0 1.0
16 0 2.0 0.109213083198 1 1.03530895388e-05 0.0002 1.0
16 0 2.0 0.109213083166 2 1.58568055023e-10 0.0002 1.3538772331e-14
17 0 2.0 0.109213083166 0 1.58568010344e-10 0.0 1.0
17 0 2.0 0.116038900867 1 1.17125454297e-05 0.0002 1.0
17 0 2.0 0.11603890083 2 2.02484926514e-10 0.0002 1.28552358681e-14
18 0 2.0 0.11603890083 0 2.02484904166e-10 0.0 1.0
18 0 2.0 0.12286471853 1 1.31558658714e-05 0.0002 1.0
18 0 2.0 0.122864718489 2 2.54942120125e-10 0.0002 1.02285674897e-14
19 0 2.0 0.122864718489 0 2.5494203076e-10 0.0 1.0
19 0 2.0 0.129690536187 1 1.46822278577e-05 0.0002 1.0
19 0 2.0 0.129690536141 2 3.16959643727e-10 0.0002 4.83583707533e-15
20 0 2.0 0.129690536141 0 3.16959688411e-10 0.0 1.0
20 0 2.0 0.136516353838 1 1.62914570165e-05 0.0002 1.0
20 0 2.0 0.136516353786 2 3.89626289254e-10 0.0002 4.32460924903e-15
21 0 2.0 0.136516353786 0 3.89626289254e-10 0.0 1.0
21 0 2.0 0.143342171481 1 1.79833696307e-05 0.0002 1.0
21 0 2.0 0.143342171424 2 4.74084722777e-10 0.0002 1.84749394647e-14
22 0 2.0 0.143342171424 0 4.74084745121e-10 0.0 1.0
22 0 2.0 0.150167989117 1 1.97577726641e-05 0.0002 1.0
22 0 2.0 0.150167989055 2 5.7153424331e-10 0.0002 3.9065241884e-14
23 0 2.0 0.150167989055 0 5.71534198631e-10 0.0 1.0
23 0 2.0 0.156993806746 1 2.16144637945e-05 0.0002 1.0
23 0 2.0 0.156993806677 2 6.83229888057e-10 0.0002 6.78016930201e-14
24 0 2.0 0.156993806677 0 6.83229843356e-10 0.0 1.0
24 0 2.0 0.163819624367 1 2.35532314357e-05 0.0002 1.0
24 0 2.0 0.163819624292 2 8.1047985401e-10 0.0002 1.06699700124e-13
25 0 2.0 0.163819624292 0 8.1047980932e-10 0.0 1.0
25 0 2.0 0.170645441979 1 2.5573854773e-05 0.0002 1.0
25 0 2.0 0.170645441898 2 9.54647336622e-10 0.0002 1.580789189e-13
26 0 2.0 0.170645441898 0 9.54647314277e-10 0.0 1.0
26 0 2.0 0.177471259583 1 2.76761037994e-05 0.0002 1.0
26 0 2.0 0.177471259495 2 1.11714833192e-09 0.0002 2.24611499804e-13
27 0 2.0 0.177471259495 0 1.1171482202e-09 0.0 1.0
27 0 2.0 0.184297077178 1 2.98597393388e-05 0.0002 1.0
27 0 2.0 0.184297077083 2 1.29944995624e-09 0.0002 3.09385258562e-13
28 0 2.0 0.184297077083 0 1.29944995623e-09 0.0 1.0
28 0 2.0 0.191122894764 1 3.21245130917e-05 0.0002 1.0
28 0 2.0 0.191122894661 2 1.50307546338e-09 0.0002 4.1583868408e-13
29 0 2.0 0.191122894661 0 1.50307544104e-09 0.0 1.0
29 0 2.0 0.197948712339 1 3.44701676645e-05 0.0002 1.0
29 0 2.0 0.197948712229 2 1.72959392531e-09 0.0002 5.47967387829e-13
30 0 2.0 0.197948712229 0 1.72959388061e-09 0.0 1.0
30 0 2.0 0.204774529905 1 3.68964366113e-05 0.0002 1.0
30 0 2.0 0.204774529787 2 1.98063021055e-09 0.0002 7.10149033088e-13
31 0 2.0 0.204774529787 0 1.98063012118e-09 0.0 1.0
31 0 2.0 0.21160034746 1 3.9403044471e-05 0.0002 1.0
31 0 2.0 0.211600347334 2 2.25785439588e-09 0.0002 9.07369235281e-13
32 0 2.0 0.211600347334 0 2.25785437354e-09 0.0 1.0
32 0 2.0 0.218426165005 1 4.19897068081e-05 0.0002 1.0
32 0 2.0 0.21842616487 2 2.56298949918e-09 0.0002 1.14519100478e-12
33 0 2.0 0.21842616487 0 2.56298923104e-09 0.0 1.0
33 0 2.0 0.225251982538 1 4.46561302517e-05 0.0002 1.0
33 0 2.0 0.225251982395 2 2.89780449096e-09 0.0002 1.42972878423e-12
34 0 2.0 0.225251982395 0 2.89780453565e-09 0.0 1.0
34 0 2.0 0.23207780006 1 4.74020125451e-05 0.0002 1.0
34 0 2.0 0.232077799908 2 3.26411632867e-09 0.0002 1.76780997471e-12
35 0 2.0 0.232077799908 0 3.2641161946e-09 0.0 1.0
35 0 2.0 0.23890361757 1 5.02270425815e-05 0.0002 1.0
35 0 2.0 0.238903617409 2 3.66378834206e-09 0.0002 2.16695848127e-12
36 0 2.0 0.238903617409 0 3.66378834205e-09 0.0 1.0
36 0 2.0 0.245729435067 1 5.31309004547e-05 0.0002 1.0
36 0 2.0 0.245729434897 2 4.09872998104e-09 0.0002 2.63543123423e-12
37 0 2.0 0.245729434897 0 4.0987297576e-09 0.0 1.0
37 0 2.0 0.252555252552 1 5.61132575051e-05 0.0002 1.0
37 0 2.0 0.252555252372 2 4.57089563499e-09 0.0002 3.18234488965e-12
38 0 2.0 0.252555252372 0 4.57089563499e-09 0.0 1.0
38 0 2.0 0.259381070024 1 5.9173776366e-05 0.0002 1.0
38 0 2.0 0.259381069835 2 5.08228345421e-09 0.0002 3.81761938205e-12
39 0 2.0 0.259381069835 0 5.08228345421e-09 0.0 1.0
39 0 2.0 0.266206887483 1 6.23121110156e-05 0.0002 1.0
39 0 2.0 0.266206887283 2 5.63493532228e-09 0.0002 4.55205130271e-12
40 0 2.0 0.266206887283 0 5.63493545635e-09 0.0 1.0
40 0 2.0 0.273032704928 1 6.55279068225e-05 0.0002 1.0
40 0 2.0 0.273032704718 2 6.23093490959e-09 0.0002 5.39757664863e-12
41 0 2.0 0.273032704718 0 6.23093490958e-09 0.0 1.0
41 0 2.0 0.27985852236 1 6.88208006029e-05 0.0002 1.0
41 0 2.0 0.279858522138 2 6.87240405934e-09 0.0002 6.36689614202e-12
42 0 2.0 0.279858522138 0 6.87240405933e-09 0.0 1.0
42 0 2.0 0.286684339776 1 7.21904206686e-05 0.0002 1.0
42 0 2.0 0.286684339544 2 7.56151099443e-09 0.0002 7.47400559741e-12
43 0 2.0 0.286684339544 0 7.56151103911e-09 0.0 1.0
43 0 2.0 0.293510157178 1 7.56363868853e-05 0.0002 1.0
43 0 2.0 0.293510156935 2 8.30045793404e-09 0.0002 8.73396215603e-12
44 0 2.0 0.293510156935 0 8.30045793404e-09 0.0 1.0
44 0 2.0 0.300335974565 1 7.91583107256e-05 0.0002 1.0
44 0 2.0 0.30033597431 2 9.0914852953e-09 0.0002 1.01630822557e-11
45 0 2.0 0.30033597431 0 9.0914852953e-09 0.0 1.0
45 0 2.0 0.307161791937 1 8.2755795324e-05 0.0002 1.0
45 0 2.0 0.30716179167 2 9.93687515407e-09 0.0002 1.177882061e-11
46 0 2.0 0.30716179167 0 9.93687488593e-09 0.0 1.0
46 0 2.0 0.313987609293 1 8.64284355345e-05 0.0002 1.0
46 0 2.0 0.313987609013 2 1.08389399668e-08 0.0002 1.36001633622e-11
47 0 2.0 0.313987609013 0 1.08389398327e-08 0.0 1.0
47 0 2.0 0.320813426632 1 9.01758179982e-05 0.0002 1.0
47 0 2.0 0.320813426341 2 1.1800031824e-08 0.0002 1.56474924555e-11
48 0 2.0 0.320813426341 0 1.1800031824e-08 0.0 1.0
48 0 2.0 0.327639243955 1 9.39975211877e-05 0.0002 1.0
48 0 2.0 0.327639243651 2 1.2822534894e-08 0.0002 1.7942447904e-11
49 0 2.0 0.327639243651 0 1.2822534894e-08 0.0 1.0
49 0 2.0 0.334465061261 1 9.78931154812e-05 0.0002 1.0
49 0 2.0 0.334465060944 2 1.39088614751e-08 0.0002 2.05084923623e-11
50 0 2.0 0.334465060944 0 1.39088614304e-08 0.0 1.0
50 0 2.0 0.34129087855 1 0.000101862163214 0.0002 1.0
50 0 2.0 0.34129087822 2 1.50614625763e-08 0.0002 2.33707572042e-11
51 0 2.0 0.34129087822 0 1.50614624869e-08 0.0 1.0
51 0 2.0 0.348116695821 1 0.000105904218757 0.0002 1.0
51 0 2.0 0.348116695478 2 1.62828187287e-08 0.0002 2.65558770874e-11
52 0 2.0 0.348116695478 0 1.62828190416e-08 0.0 1.0
52 0 2.0 0.354942513075 1 0.000110018828563 0.0002 1.0
52 0 2.0 0.354942512717 2 1.75754345647e-08 0.0002 3.00924721866e-11
53 0 2.0 0.354942512717 0 1.75754346987e-08 0.0 1.0
53 0 2.0 0.36176833031 1 0.000114205531246 0.0002 1.0
53 0 2.0 0.361768329938 2 1.89418486004e-08 0.0002 3.40110353359e-11
54 0 2.0 0.361768329938 0 1.89418488238e-08 0.0 1.0
54 0 2.0 0.368594147526 1 0.000118463857639 0.0002 1.0
54 0 2.0 0.36859414714 2 2.03846194085e-08 0.0002 3.83440177315e-11
55 0 2.0 0.36859414714 0 2.03846194532e-08 0.0 1.0
55 0 2.0 0.375419964723 1 0.000122793330865 0.0002 1.0
55 0 2.0 0.375419964323 2 2.19063388272e-08 0.0002 4.31259021956e-11
56 0 2.0 0.375419964323 0 2.19063388272e-08 0.0 1.0
56 0 2.0 0.382245781901 1 0.000127193466413 0.0002 1.0
56 0 2.0 0.382245781486 2 2.35096165929e-08 0.0002 4.83935810911e-11
57 0 2.0 0.382245781486 0 2.35096165929e-08 0.0 1.0
57 0 2.0 0.389071599059 1 0.000131663772189 0.0002 1.0
57 0 2.0 0.389071598629 2 2.51970926313e-08 0.0002 5.41859407625e-11
58 0 2.0 0.389071598629 0 2.51970925866e-08 0.0 1.0
58 0 2.0 0.395897416197 1 0.000136203748611 0.0002 1.0
58 0 2.0 0.395897415751 2 2.69714217406e-08 0.0002 6.05445139024e-11
59 0 2.0 0.395897415751 0 2.69714216512e-08 0.0 1.0
59 0 2.0 0.402723233314 1 0.000140812888656 0.0002 1.0
59 0 2.0 0.402723232853 2 2.88352816274e-08 0.0002 6.75129629805e-11
60 0 2.0 0.402723232853 0 2.8835281538e-08 0.0 1.0
60 0 2.0 0.409549050411 1 0.000145490677954 0.0002 1.0
60 0 2.0 0.409549049934 2 3.07913707657e-08 0.0002 7.51380947723e-11
61 0 2.0 0.409549049934 0 3.0791370721e-08 0.0 1.0
61 0 2.0 0.416374867487 1 0.000150236594848 0.0002 1.0
61 0 2.0 0.416374866993 2 3.28424059771e-08 0.0002 8.34688445403e-11
62 0 2.0 0.416374866993 0 3.28424061112e-08 0.0 1.0
62 0 2.0 0.42320068454 1 0.000155050110477 0.0002 1.0
62 0 2.0 0.423200684031 2 3.49911187e-08 0.0002 9.25575450312e-11
63 0 2.0 0.423200684031 0 3.49911186554e-08 0.0 1.0
63 0 2.0 0.430026501572 1 0.000159930688847 0.0002 1.0
63 0 2.0 0.430026501046 2 3.7240259047e-08 0.0002 1.02458931981e-10
64 0 2.0 0.430026501046 0 3.7240258913e-08 0.0 1.0
64 0 2.0 0.436852318582 1 0.000164877786905 0.0002 1.0
64 0 2.0 0.436852318038 2 3.9592584432e-08 0.0002 1.13231307782e-10
65 0 2.0 0.436852318038 0 3.95925843426e-08 0.0 1.0
65 0 2.0 0.443678135569 1 0.000169890854624 0.0002 1.0
65 0 2.0 0.443678135008 2 4.20508713758e-08 0.0002 1.24935876027e-10
66 0 2.0 0.443678135008 0 4.20508713311e-08 0.0 1.0
66 0 2.0 0.450503952533 1 0.00017496933508 0.0002 1.0
66 0 2.0 0.450503951955 2 4.46179054352e-08 0.0002 1.37637327545e-10
67 0 2.0 0.450503951955 0 4.46179053459e-08 0.0 1.0
67 0 2.0 0.457329769473 1 0.000180112664525 0.0002 1.0
67 0 2.0 0.457329768877 2 4.7296483754e-08 0.0002 1.51403840411e-10
68 0 2.0 0.457329768877 0 4.72964836646e-08 0.0 1.0
68 0 2.0 0.46415558639 1 0.000185320272475 0.0002 1.0
68 0 2.0 0.464155585776 2 5.00894075245e-08 0.0002 1.66307262563e-10
69 0 2.0 0.464155585776 0 5.00894077032e-08 0.0 1.0
69 0 2.0 0.470981403283 1 0.00019059158179 0.0002 1.0
69 0 2.0 0.470981402651 2 5.29994961231e-08 0.0002 1.8242282687e-10
70 0 2.0 0.470981402651 0 5.29994959443e-08 0.0 1.0
70 0 2.0 0.477807220151 1 0.000195926008748 0.0002 1.0
70 0 2.0 0.4778072195 2 5.60295555818e-08 0.0002 1.998305636e-10
71 0 2.0 0.4778072195 0 5.60295553136e-08 0.0 1.0
71 0 2.0 0.484633036995 1 0.000201322963135 0.0002 1.0
71 0 2.0 0.484633036325 2 5.91824169015e-08 0.0002 2.18613618766e-10
72 0 2.0 0.484633036325 0 5.91824169909e-08 0.0 1.0
72 0 2.0 0.491458853813 1 0.000206781848338 0.0002 1.0
72 0 2.0 0.491458853124 2 6.24609016202e-08 0.0002 2.38860078737e-10
73 0 2.0 0.491458853124 0 6.24609014415e-08 0.0 1.0
73 0 2.0 0.498284670606 1 0.000212302061409 0.0002 1.0
73 0 2.0 0.498284669897 2 6.58678410688e-08 0.0002 2.60662219689e-10
74 0 2.0 0.498284669897 0 6.5867841337e-08 0.0 1.0
74 0 2.0 0.505110487372 1 0.000217882993162 0.0002 1.0
74 0 2.0 0.505110486644 2 6.94060550259e-08 0.0002 2.84116841769e-10
75 0 2.0 0.505110486644 0 6.94060549365e-08 0.0 1.0
75 0 2.0 0.511936304113 1 0.00022352402826 0.0002 1.0
75 0 2.0 0.511936303365 2 7.30783718185e-08 0.0002 3.09325865049e-10
76 0 2.0 0.511936303365 0 7.30783711929e-08 0.0 1.0
76 0 2.0 0.518762120827 1 0.0002292245453 0.0002 1.0
76 0 2.0 0.518762120058 2 7.68876122327e-08 0.0002 3.36395951175e-10
77 0 2.0 0.518762120058 0 7.68876122327e-08 0.0 1.0
77 0 2.0 0.525587937514 1 0.000234983916901 0.0002 1.0
77 0 2.0 0.525587936725 2 8.08366015125e-08 0.0002 3.65438614926e-10
78 0 2.0 0.525587936725 0 8.0836601155e-08 0.0 1.0
78 0 2.0 0.532413754173 1 0.000240801509793 0.0002 1.0
78 0 2.0 0.532413753364 2 8.49281484863e-08 0.0002 3.96571557014e-10
79 0 2.0 0.532413753364 0 8.49281485757e-08 0.0 1.0
79 0 2.0 0.539239570805 1 0.000246676684905 0.0002 1.0
79 0 2.0 0.539239569974 2 8.91650607293e-08 0.0002 4.29917527573e-10
80 0 2.0 0.539239569974 0 8.91650604611e-08 0.0 1.0
80 0 2.0 0.546065387409 1 0.000252608797449 0.0002 1.0
80 0 2.0 0.546065386557 2 9.35501346008e-08 0.0002 4.65605055232e-10
81 0 2.0 0.546065386557 0 9.35501345114e-08 0.0 1.0
81 0 2.0 0.552891203984 1 0.000258597197026 0.0002 1.0
81 0 2.0 0.55289120311 2 9.80861577183e-08 0.0002 5.03769125895e-10
82 0 2.0 0.55289120311 0 9.80861580758e-08 0.0 1.0
82 0 2.0 0.55971702053 1 0.000264641227706 0.0002 1.0
82 0 2.0 0.559717019635 2 1.027759106e-07 0.0002 5.44550735352e-10
83 0 2.0 0.559717019635 0 1.02775910689e-07 0.0 1.0
83 0 2.0 0.566542837048 1 0.000270740228118 0.0002 1.0
83 0 2.0 0.56654283613 2 1.07622155613e-07 0.0002 5.88097067546e-10
84 0 2.0 0.56654283613 0 1.07622155523e-07 0.0 1.0
84 0 2.0 0.573368653535 1 0.000276893531551 0.0002 1.0
84 0 2.0 0.573368652595 2 1.12627643005e-07 0.0002 6.34562894884e-10
85 0 2.0 0.573368652595 0 1.12627643184e-07 0.0 1.0
85 0 2.0 0.580194469993 1 0.000283100466037 0.0002 1.0
85 0 2.0 0.58019446903 2 1.17795105734e-07 0.0002 6.841093447e-10
86 0 2.0 0.58019446903 0 1.17795105555e-07 0.0 1.0
86 0 2.0 0.587020286421 1 0.000289360354459 0.0002 1.0
86 0 2.0 0.587020285435 2 1.23127261364e-07 0.0002 7.36905259764e-10
87 0 2.0 0.587020285435 0 1.23127261185e-07 0.0 1.0
87 0 2.0 0.593846102817 1 0.000295672514629 0.0002 1.0
87 0 2.0 0.593846101808 2 1.28626810742e-07 0.0002 7.93126788326e-10
88 0 2.0 0.593846101808 0 1.28626810205e-07 0.0 1.0
88 0 2.0 0.600671919183 1 0.000302036259397 0.0002 1.0
88 0 2.0 0.600671918151 2 1.34296429887e-07 0.0002 8.52958264176e-10
89 0 2.0 0.600671918151 0 1.34296429798e-07 0.0 1.0
89 0 2.0 0.607497735518 1 0.000308450896738 0.0002 1.0
89 0 2.0 0.607497734461 2 1.40138777131e-07 0.0002 9.16592125514e-10
90 0 2.0 0.607497734461 0 1.40138776953e-07 0.0 1.0
90 0 2.0 0.614323551821 1 0.000314915729847 0.0002 1.0
90 0 2.0 0.61432355074 2 1.46156487413e-07 0.0002 9.84229099506e-10
91 0 2.0 0.61432355074 0 1.46156487591e-07 0.0 1.0
91 0 2.0 0.621149368091 1 0.000321430057251 0.0002 1.0
91 0 2.0 0.621149366986 2 1.52352173919e-07 0.0002 1.05607901691e-09
92 0 2.0 0.621149366986 0 1.52352173919e-07 0.0 1.0
92 0 2.0 0.627975184329 1 0.000327993172876 0.0002 1.0
92 0 2.0 0.6279751832 2 1.58728411326e-07 0.0002 1.13236107502e-09
93 0 2.0 0.6279751832 0 1.58728411862e-07 0.0 1.0
93 0 2.0 0.634801000535 1 0.00033460436618 0.0002 1.0
93 0 2.0 0.63480099938 2 1.65287767404e-07 0.0002 1.21330390181e-09
94 0 2.0 0.63480099938 0 1.65287766868e-07 0.0 1.0
94 0 2.0 0.641626816707 1 0.000341262922228 0.0002 1.0
94 0 2.0 0.641626815527 2 1.72032770783e-07 0.0002 1.29914525615e-09
95 0 2.0 0.641626815527 0 1.72032770872e-07 0.0 1.0
95 0 2.0 0.648452632845 1 0.000347968121791 0.0002 1.0
95 0 2.0 0.64845263164 2 1.78965908901e-07 0.0002 1.39013486451e-09
96 0 2.0 0.64845263164 0 1.78965908901e-07 0.0 1.0
96 0 2.0 0.65527844895 1 0.000354719241459 0.0002 1.0
96 0 2.0 0.655278447719 2 1.86089663371e-07 0.0002 1.48653166584e-09
97 0 2.0 0.655278447719 0 1.8608966346e-07 0.0 1.0
97 0 2.0 0.66210426502 1 0.000361515553732 0.0002 1.0
97 0 2.0 0.662104263763 2 1.93406459218e-07 0.0002 1.58860663651e-09
98 0 2.0 0.662104263763 0 1.9340645895e-07 0.0 1.0
98 0 2.0 0.668930081056 1 0.000368356327112 0.0002 1.0
98 0 2.0 0.668930079772 2 2.00918704129e-07 0.0002 1.69664188257e-09
99 0 2.0 0.668930079772 0 2.00918704218e-07 0.0 1.0
99 0 2.0 0.675755897056 1 0.000375240826216 0.0002 1.0
99 0 2.0 0.675755895746 2 2.08628750824e-07 0.0002 1.81093178994e-09
100 0 2.0 0.675755895746 0 2.08628750914e-07 0.0 1.0
100 0 2.0 0.682581713021 1 0.00038216831187 0.0002 1.0
100 0 2.0 0.682581711684 2 2.16538935216e-07 0.0002 1.93178320438e-09
101 0 2.0 0.682581711684 0 2.16538935305e-07 0.0 1.0
101 0 2.0 0.68940752895 1 0.000389138041217 0.0002 1.0
101 0 2.0 0.689407527586 2 2.24651547342e-07 0.0002 2.05951596688e-09
102 0 2.0 0.689407527586 0 2.24651546449e-07 0.0 1.0
102 0 2.0 0.696233344844 1 0.000396149267809 0.0002 1.0
102 0 2.0 0.696233343452 2 2.32968838851e-07 0.0002 2.19446338223e-09
103 0 2.0 0.696233343452 0 2.32968838315e-07 0.0 1.0
103 0 2.0 0.7030591607 1 0.000403201241708 0.0002 1.0
103 0 2.0 0.703059159281 2 2.41493013715e-07 0.0002 2.33697304987e-09
104 0 2.0 0.703059159281 0 2.41493013626e-07 0.0 1.0
104 0 2.0 0.70988497652 1 0.000410293209605 0.0002 1.0
104 0 2.0 0.709884975073 2 2.50226238267e-07 0.0002 2.4874070463e-09
105 0 2.0 0.709884975073 0 2.50226238446e-07 0.0 1.0
105 0 2.0 0.716710792302 1 0.000417424414891 0.0002 1.0
105 0 2.0 0.716710790827 2 2.5917063725e-07 0.0002 2.64614274886e-09
106 0 2.0 0.716710790827 0 2.5917063725e-07 0.0 1.0
106 0 2.0 0.723536608047 1 0.000424594097794 0.0002 1.0
106 0 2.0 0.723536606543 2 2.68328283315e-07 0.0002 2.81357328044e-09
107 0 2.0 0.723536606543 0 2.68328283136e-07 0.0 1.0
107 0 2.0 0.730362423754 1 0.000431801495463 0.0002 1.0
107 0 2.0 0.730362422221 2 2.77701211289e-07 0.0002 2.99010854757e-09
108 0 2.0 0.730362422221 0 2.77701211289e-07 0.0 1.0
108 0 2.0 0.737188239423 1 0.000439045842063 0.0002 1.0
108 0 2.0 0.737188237861 2 2.87291402481e-07 0.0002 3.17617526741e-09
109 0 2.0 0.737188237861 0 2.87291402659e-07 0.0 1.0
109 0 2.0 0.744014055052 1 0.0004463263689 0.0002 1.0
109 0 2.0 0.744014053461 2 2.97100791697e-07 0.0002 3.37221831634e-09
110 0 2.0 0.744014053461 0 2.97100791339e-07 0.0 1.0
110 0 2.0 0.750839870643 1 0.000453642304511 0.0002 1.0
110 0 2.0 0.750839869022 2 3.07131256759e-07 0.0002 3.57870094272e-09
111 0 2.0 0.750839869022 0 3.07131256849e-07 0.0 1.0
111 0 2.0 0.757665686194 1 0.000460992874768 0.0002 1.0
111 0 2.0 0.757665684543 2 3.17384644004e-07 0.0002 3.79610652496e-09
112 0 2.0 0.757665684543 0 3.17384644361e-07 0.0 1.0
112 0 2.0 0.764491501705 1 0.000468377302984 0.0002 1.0
112 0 2.0 0.764491500024 2 3.27862710408e-07 0.0002 4.02493676798e-09
113 0 2.0 0.764491500024 0 3.27862710408e-07 0.0 1.0
113 0 2.0 0.771317317177 1 0.000475794810012 0.0002 1.0
113 0 2.0 0.771317315465 2 3.38567208751e-07 0.0002 4.26571766916e-09
114 0 2.0 0.771317315465 0 3.38567209109e-07 0.0 1.0
114 0 2.0 0.778143132607 1 0.000483244614361 0.0002 1.0
114 0 2.0 0.778143130865 2 3.49499790913e-07 0.0002 4.51899414999e-09
115 0 2.0 0.778143130865 0 3.49499790824e-07 0.0 1.0
115 0 2.0 0.784968947996 1 0.000490725932286 0.0002 1.0
115 0 2.0 0.784968946223 2 3.60662072946e-07 0.0002 4.78533510329e-09
116 0 2.0 0.784968946223 0 3.60662072857e-07 0.0 1.0
116 0 2.0 0.791794763345 1 0.000498237977899 0.0002 1.0
116 0 2.0 0.79179476154 2 3.72055609859e-07 0.0002 5.06533358909e-09
117 0 2.0 0.79179476154 0 3.72055609859e-07 0.0 1.0
117 0 2.0 0.798620578651 1 0.000505779963277 0.0002 1.0
117 0 2.0 0.798620576815 2 3.83681901259e-07 0.0002 5.35960736827e-09
118 0 2.0 0.798620576815 0 3.83681901349e-07 0.0 1.0
118 0 2.0 0.805446393915 1 0.000513351098551 0.0002 1.0
118 0 2.0 0.805446392047 2 3.95542381184e-07 0.0002 5.66879999654e-09
119 0 2.0 0.805446392047 0 3.95542381095e-07 0.0 1.0
119 0 2.0 0.812272209137 1 0.000520950592034 0.0002 1.0
119 0 2.0 0.812272207237 2 4.0763842871e-07 0.0002 5.99358258148e-09
120 0 2.0 0.812272207237 0 4.0763842871e-07 0.0 1.0
120 0 2.0 0.819098024316 1 0.000528577650307 0.0002 1.0
120 0 2.0 0.819098022383 2 4.19971349022e-07 0.0002 6.33465382997e-09
121 0 2.0 0.819098022383 0 4.19971349022e-07 0.0 1.0
121 0 2.0 0.825923839452 1 0.000536231478323 0.0002 1.0
121 0 2.0 0.825923837486 2 4.325424117e-07 0.0002 6.69274415341e-09
122 0 2.0 0.825923837486 0 4.32542411879e-07 0.0 1.0
122 0 2.0 0.832749654544 1 0.000543911279529 0.0002 1.0
122 0 2.0 0.832749652546 2 4.45352774296e-07 0.0002 7.06861064854e-09
123 0 2.0 0.832749652546 0 4.45352774028e-07 0.0 1.0
123 0 2.0 0.839575469593 1 0.000551616255948 0.0002 1.0
123 0 2.0 0.839575467561 2 4.58403574939e-07 0.0002 7.46304744324e-09
124 0 2.0 0.839575467561 0 4.58403574761e-07 0.0 1.0
124 0 2.0 0.846401284597 1 0.000559345608295 0.0002 1.0
124 0 2.0 0.846401282531 2 4.71695861429e-07 0.0002 7.8768791803e-09
125 0 2.0 0.846401282531 0 4.71695861607e-07 0.0 1.0
125 0 2.0 0.853227099556 1 0.000567098536083 0.0002 1.0
125 0 2.0 0.853227097456 2 4.8523061661e-07 0.0002 8.31096745046e-09
126 0 2.0 0.853227097456 0 4.8523061661e-07 0.0 1.0
126 0 2.0 0.86005291447 1 0.000574874237725 0.0002 1.0
126 0 2.0 0.860052912336 2 4.99008768623e-07 0.0002 8.76621143804e-09
127 0 2.0 0.860052912336 0 4.99008769249e-07 0.0 1.0
127 0 2.0 0.866878729339 1 0.000582671910634 0.0002 1.0
127 0 2.0 0.86687872717 2 5.13031152547e-07 0.0002 9.24354643811e-09
128 0 2.0 0.86687872717 0 5.13031152636e-07 0.0 1.0
128 0 2.0 0.873704544161 1 0.000590490751326 0.0002 1.0
128 0 2.0 0.873704541959 2 5.27298551552e-07 0.0002 9.74395124851e-09
129 0 2.0 0.873704541959 0 5.27298551552e-07 0.0 1.0
129 0 2.0 0.880530358938 1 0.000598329955537 0.0002 1.0
129 0 2.0 0.8805303567 2 5.4181166653e-07 0.0002 1.02684441735e-08
130 0 2.0 0.8805303567 0 5.41811667603e-07 0.0 1.0
130 0 2.0 0.887356173668 1 0.000606188718309 0.0002 1.0
130 0 2.0 0.887356171395 2 5.56571126475e-07 0.0002 1.08180903309e-08
131 0 2.0 0.887356171395 0 5.56571126475e-07 0.0 1.0
131 0 2.0 0.894181988351 1 0.000614066234097 0.0002 1.0
131 0 2.0 0.894181986042 2 5.71577493798e-07 0.0002 1.13940002121e-08
132 0 2.0 0.894181986042 0 5.71577493798e-07 0.0 1.0
132 0 2.0 0.901007802987 1 0.000621961696895 0.0002 1.0
132 0 2.0 0.901007800642 2 5.86831260889e-07 0.0002 1.19973358217e-08
133 0 2.0 0.901007800642 0 5.86831260889e-07 0.0 1.0
133 0 2.0 0.907833617575 1 0.000629874300303 0.0002 1.0
133 0 2.0 0.907833615194 2 6.02332826931e-07 0.0002 1.26293065406e-08
134 0 2.0 0.907833615194 0 6.02332826931e-07 0.0 1.0
134 0 2.0 0.914659432115 1 0.000637803237651 0.0002 1.0
134 0 2.0 0.914659429697 2 6.1808251981e-07 0.0002 1.32911766279e-08
135 0 2.0 0.914659429697 0 6.1808251981e-07 0.0 1.0
135 0 2.0 0.921485246606 1 0.0006457477021 0.0002 1.0
135 0 2.0 0.921485244152 2 6.34080608597e-07 0.0002 1.39842710086e-08
136 0 2.0 0.921485244152 0 6.34080608507e-07 0.0 1.0
136 0 2.0 0.928311061049 1 0.00065370688675 0.0002 1.0
136 0 2.0 0.928311058558 2 6.50327267611e-07 0.0002 1.47099699891e-08
137 0 2.0 0.928311058558 0 6.50327267611e-07 0.0 1.0
137 0 2.0 0.935136875442 1 0.00066167998472 0.0002 1.0
137 0 2.0 0.935136872914 2 6.66822589445e-07 0.0002 1.54697149376e-08
138 0 2.0 0.935136872914 0 6.6682259016e-07 0.0 1.0
138 0 2.0 0.941962689786 1 0.000669666189279 0.0002 1.0
138 0 2.0 0.94196268722 2 6.83566610502e-07 0.0002 1.6265020054e-08
139 0 2.0 0.94196268722 0 6.83566610323e-07 0.0 1.0
139 0 2.0 0.94878850408 1 0.000677664693916 0.0002 1.0
139 0 2.0 0.948788501476 2 7.00559250722e-07 0.0002 1.70974592045e-08
140 0 2.0 0.948788501476 0 7.00559250722e-07 0.0 1.0
140 0 2.0 0.955614318323 1 0.000685674692472 0.0002 1.0
140 0 2.0 0.955614315681 2 7.17800388092e-07 0.0002 1.79686908362e-08
141 0 2.0 0.955614315681 0 7.17800388092e-07 0.0 1.0
141 0 2.0 0.962440132515 1 0.000693695379219 0.0002 1.0
141 0 2.0 0.962440129835 2 7.35289791437e-07 0.0002 1.88804378371e-08
142 0 2.0 0.962440129835 0 7.35289791705e-07 0.0 1.0
142 0 2.0 0.969265946657 1 0.000701725948975 0.0002 1.0
142 0 2.0 0.969265943937 2 7.53027156986e-07 0.0002 1.98345126358e-08
143 0 2.0 0.969265943937 0 7.53027156986e-07 0.0 1.0
143 0 2.0 0.976091760747 1 0.000709765597191 0.0002 1.0
143 0 2.0 0.976091757988 2 7.71012101862e-07 0.0002 2.08328091514e-08
144 0 2.0 0.976091757988 0 7.71012101951e-07 0.0 1.0
144 0 2.0 0.982917574785 1 0.000717813520057 0.0002 1.0
144 0 2.0 0.982917571987 2 7.89244160473e-07 0.0002 2.18773167483e-08
145 0 2.0 0.982917571987 0 7.89244160383e-07 0.0 1.0
145 0 2.0 0.98974338877 1 0.000725868914607 0.0002 1.0
145 0 2.0 0.989743385933 2 8.07722769573e-07 0.0002 2.29701117053e-08
146 0 2.0 0.989743385933 0 8.07722769394e-07 0.0 1.0
146 0 2.0 0.996569202703 1 0.000733930978809 0.0002 1.0
146 0 2.0 0.996569199826 2 8.26447304706e-07 0.0002 2.411338155e-08
147 0 2.0 0.996569199826 0 8.26447304527e-07 0.0 1.0
147 0 2.0 1.00339501658 1 0.000741998911665 0.0002 1.0
147 0 2.0 1.00339501367 2 8.45417030006e-07 0.0002 2.53094062915e-08
Element Data written 1.00339501367 1.0
Nodal Data written 1.00339501367 1.0
148 0 2.0 1.00339501367 0 8.45417030006e-07 0.0 1.0
148 0 2.0 1.01022083041 1 0.000750071913319 0.0002 1.0
148 0 2.0 1.01022082745 2 8.6463115096e-07 0.0002 2.65605945444e-08
149 0 2.0 1.01022082745 0 8.64631151228e-07 0.0 1.0
149 0 2.0 1.01704664418 1 0.000758149185133 0.0002 1.0
149 0 2.0 1.01704664118 2 8.84088761776e-07 0.0002 2.786946053e-08
150 0 2.0 1.01704664118 0 8.84088761776e-07 0.0 1.0
150 0 2.0 1.0238724579 1 0.00076622992981 0.0002 1.0
150 0 2.0 1.02387245486 2 9.03788883203e-07 0.0002 2.92386508478e-08
151 0 2.0 1.02387245486 0 9.03788883471e-07 0.0 1.0
151 0 2.0 1.03069827157 1 0.000774313351473 0.0002 1.0
151 0 2.0 1.03069826848 2 9.23730453483e-07 0.0002 3.06709492122e-08
152 0 2.0 1.03069826848 0 9.23730453751e-07 0.0 1.0
152 0 2.0 1.03752408517 1 0.000782398655766 0.0002 1.0
152 0 2.0 1.03752408205 2 9.43912311634e-07 0.0002 3.2169276393e-08
153 0 2.0 1.03752408205 0 9.43912312171e-07 0.0 1.0
153 0 2.0 1.04434989873 1 0.000790485049955 0.0002 1.0
153 0 2.0 1.04434989556 2 9.64333229344e-07 0.0002 3.37367084284e-08
154 0 2.0 1.04434989556 0 9.64333229434e-07 0.0 1.0
154 0 2.0 1.05117571223 1 0.000798571743018 0.0002 1.0
154 0 2.0 1.05117570902 2 9.84991858222e-07 0.0002 3.53764696906e-08
155 0 2.0 1.05117570902 0 9.84991857775e-07 0.0 1.0
155 0 2.0 1.05800152567 1 0.000806657945735 0.0002 1.0
155 0 2.0 1.05800152242 2 1.00588679448e-06 0.0002 3.70919765967e-08
156 0 2.0 1.05800152242 0 1.00588679448e-06 0.0 1.0
156 0 2.0 1.06482733905 1 0.000814742870796 0.0002 1.0
156 0 2.0 1.06482733576 2 1.02701652723e-06 0.0002 3.88868109235e-08
157 0 2.0 1.06482733576 0 1.02701652696e-06 0.0 1.0
157 0 2.0 1.07165315238 1 0.000822825732871 0.0002 1.0
157 0 2.0 1.07165314905 2 1.04837945468e-06 0.0002 4.07647483216e-08
158 0 2.0 1.07165314905 0 1.04837945468e-06 0.0 1.0
158 0 2.0 1.07847896565 1 0.000830905748729 0.0002 1.0
158 0 2.0 1.07847896227 2 1.06997389744e-06 0.0002 4.27297792725e-08
159 0 2.0 1.07847896227 0 1.06997389735e-06 0.0 1.0
159 0 2.0 1.08530477887 1 0.000838982137323 0.0002 1.0
159 0 2.0 1.08530477544 2 1.09179807721e-06 0.0002 4.47861035875e-08
160 0 2.0 1.08530477544 0 1.09179807649e-06 0.0 1.0
160 0 2.0 1.09213059202 1 0.000847054119864 0.0002 1.0
160 0 2.0 1.09213058855 2 1.11385014051e-06 0.0002 4.69381742972e-08
161 0 2.0 1.09213058855 0 1.11385014015e-06 0.0 1.0
161 0 2.0 1.09895640512 1 0.000855120919941 0.0002 1.0
161 0 2.0 1.09895640161 2 1.13612812794e-06 0.0002 4.9190673336e-08
162 0 2.0 1.09895640161 0 1.13612812812e-06 0.0 1.0
162 0 2.0 1.10578221816 1 0.000863181763584 0.0002 1.0
162 0 2.0 1.1057822146 2 1.15862999211e-06 0.0002 5.15485586006e-08
163 0 2.0 1.1057822146 0 1.15862999211e-06 0.0 1.0
163 0 2.0 1.11260803113 1 0.000871235879375 0.0002 1.0
163 0 2.0 1.11260802753 2 1.1813535996e-06 0.0002 5.40170800663e-08
164 0 2.0 1.11260802753 0 1.18135359987e-06 0.0 1.0
164 0 2.0 1.11943384405 1 0.000879282498516 0.0002 1.0
164 0 2.0 1.11943384041 2 1.20429674332e-06 0.0002 5.66018085537e-08
165 0 2.0 1.11943384041 0 1.20429674332e-06 0.0 1.0
165 0 2.0 1.12625965691 1 0.000887320854944 0.0002 1.0
165 0 2.0 1.12625965322 2 1.22745709315e-06 0.0002 5.93086139153e-08
166 0 2.0 1.12625965322 0 1.22745709324e-06 0.0 1.0
166 0 2.0 1.13308546971 1 0.0008953501854 0.0002 1.0
166 0 2.0 1.13308546598 2 1.25083224748e-06 0.0002 6.21437427015e-08
167 0 2.0 1.13308546598 0 1.25083224802e-06 0.0 1.0
167 0 2.0 1.13991128245 1 0.000903369729516 0.0002 1.0
167 0 2.0 1.13991127867 2 1.27441973586e-06 0.0002 6.51138416854e-08
168 0 2.0 1.13991127867 0 1.27441973532e-06 0.0 1.0
168 0 2.0 1.14673709513 1 0.000911378729908 0.0002 1.0
168 0 2.0 1.1467370913 2 1.29821692967e-06 0.0002 6.82259066915e-08
169 0 2.0 1.1467370913 0 1.29821692958e-06 0.0 1.0
169 0 2.0 1.15356290774 1 0.00091937643226 0.0002 1.0
169 0 2.0 1.15356290387 2 1.32222121409e-06 0.0002 7.14874696377e-08
170 0 2.0 1.15356290387 0 1.32222121365e-06 0.0 1.0
170 0 2.0 1.1603887203 1 0.000927362085418 0.0002 1.0
170 0 2.0 1.16038871637 2 1.34642977918e-06 0.0002 7.49064503808e-08
171 0 2.0 1.16038871637 0 1.34642977936e-06 0.0 1.0
171 0 2.0 1.16721453279 1 0.000935334941451 0.0002 1.0
171 0 2.0 1.16721452882 2 1.37083978945e-06 0.0002 7.84913375057e-08
172 0 2.0 1.16721452882 0 1.37083978981e-06 0.0 1.0
172 0 2.0 1.17404034522 1 0.000943294255754 0.0002 1.0
172 0 2.0 1.1740403412 2 1.39544831948e-06 0.0002 8.22511909657e-08
173 0 2.0 1.1740403412 0 1.39544831939e-06 0.0 1.0
173 0 2.0 1.18086615758 1 0.000951239287121 0.0002 1.0
173 0 2.0 1.18086615351 2 1.42025231274e-06 0.0002 8.61956332501e-08
174 0 2.0 1.18086615351 0 1.42025231291e-06 0.0 1.0
174 0 2.0 1.18769196988 1 0.000959169297839 0.0002 1.0
174 0 2.0 1.18769196577 2 1.44524865373e-06 0.0002 9.03349486228e-08
175 0 2.0 1.18769196577 0 1.44524865382e-06 0.0 1.0
175 0 2.0 1.19451778212 1 0.000967083553761 0.0002 1.0
175 0 2.0 1.19451777796 2 1.47043413654e-06 0.0002 9.46801835961e-08
176 0 2.0 1.19451777796 0 1.47043413582e-06 0.0 1.0
176 0 2.0 1.20134359429 1 0.000974981324379 0.0002 1.0
176 0 2.0 1.20134359008 2 1.49580548528e-06 0.0002 9.92431281985e-08
177 0 2.0 1.20134359008 0 1.49580548457e-06 0.0 1.0
177 0 2.0 1.2081694064 1 0.00098286188292 0.0002 1.0
177 0 2.0 1.20816940214 2 1.5213592589e-06 0.0002 1.04036362342e-07
178 0 2.0 1.20816940214 0 1.52135925854e-06 0.0 1.0
178 0 2.0 1.21499521845 1 0.000990724506397 0.0002 1.0
178 0 2.0 1.21499521414 2 1.54709205412e-06 0.0002 1.09073554481e-07
179 0 2.0 1.21499521414 0 1.5470920543e-06 0.0 1.0
179 0 2.0 1.22182103042 1 0.000998568475732 0.0002 1.0
179 0 2.0 1.22182102606 2 1.57300024568e-06 0.0002 1.14369165407e-07
180 0 2.0 1.22182102606 0 1.57300024514e-06 0.0 1.0
180 0 2.0 1.22864684234 1 0.00100639307579 0.0002 1.0
180 0 2.0 1.22864683793 2 1.59908024561e-06 0.0002 1.19938966479e-07
181 0 2.0 1.22864683793 0 1.59908024579e-06 0.0 1.0
181 0 2.0 1.23547265418 1 0.00101419759547 0.0002 1.0
181 0 2.0 1.23547264972 2 1.62532822942e-06 0.0002 1.25799688463e-07
182 0 2.0 1.23547264972 0 1.62532822995e-06 0.0 1.0
182 0 2.0 1.24229846596 1 0.0010219813278 0.0002 1.0
182 0 2.0 1.24229846145 2 1.65174045247e-06 0.0002 1.31969674842e-07
183 0 2.0 1.24229846145 0 1.65174045247e-06 0.0 1.0
183 0 2.0 1.24912427767 1 0.00102974356997 0.0002 1.0
183 0 2.0 1.24912427311 2 1.67831297054e-06 0.0002 1.38468525817e-07
184 0 2.0 1.24912427311 0 1.67831297054e-06 0.0 1.0
184 0 2.0 1.25595008932 1 0.00103748362344 0.0002 1.0
184 0 2.0 1.2559500847 2 1.70504180668e-06 0.0002 1.45317551587e-07
185 0 2.0 1.2559500847 0 1.70504180703e-06 0.0 1.0
185 0 2.0 1.26277590089 1 0.00104520079401 0.0002 1.0
185 0 2.0 1.26277589623 2 1.73192286985e-06 0.0002 1.52539793622e-07
186 0 2.0 1.26277589623 0 1.73192287003e-06 0.0 1.0
186 0 2.0 1.2696017124 1 0.00105289439188 0.0002 1.0
186 0 2.0 1.26960170769 2 1.75895196799e-06 0.0002 1.60160198923e-07
187 0 2.0 1.26960170769 0 1.75895196781e-06 0.0 1.0
187 0 2.0 1.27642752384 1 0.00106056373171 0.0002 1.0
187 0 2.0 1.27642751907 2 1.78612492193e-06 0.0002 1.68206136734e-07
188 0 2.0 1.27642751907 0 1.78612492122e-06 0.0 1.0
188 0 2.0 1.28325333521 1 0.00106820813272 0.0002 1.0
188 0 2.0 1.28325333039 2 1.8134373324e-06 0.0002 1.76707069379e-07
189 0 2.0 1.28325333039 0 1.81343733258e-06 0.0 1.0
189 0 2.0 1.29007914651 1 0.00107582691874 0.0002 1.0
189 0 2.0 1.29007914164 2 1.84088480076e-06 0.0002 1.85695359513e-07
190 0 2.0 1.29007914164 0 1.84088480076e-06 0.0 1.0
190 0 2.0 1.29690495774 1 0.00108341941829 0.0002 1.0
190 0 2.0 1.29690495282 2 1.86846284915e-06 0.0002 1.95206390947e-07
191 0 2.0 1.29690495282 0 1.86846284897e-06 0.0 1.0
191 0 2.0 1.30373076891 1 0.00109098496462 0.0002 1.0
191 0 2.0 1.30373076393 2 1.89616687139e-06 0.0002 2.05278812265e-07
192 0 2.0 1.30373076393 0 1.89616687121e-06 0.0 1.0
192 0 2.0 1.31055658 1 0.00109852289582 0.0002 1.0
192 0 2.0 1.31055657496 2 1.92399224368e-06 0.0002 2.1595520283e-07
193 0 2.0 1.31055657496 0 1.92399224368e-06 0.0 1.0
193 0 2.0 1.31738239101 1 0.00110603255484 0.0002 1.0
193 0 2.0 1.31738238593 2 1.95193417618e-06 0.0002 2.2728220215e-07
194 0 2.0 1.31738238593 0 1.95193417636e-06 0.0 1.0
194 0 2.0 1.32420820196 1 0.00111351328958 0.0002 1.0
194 0 2.0 1.32420819682 2 1.97998786518e-06 0.0002 2.39311395241e-07
195 0 2.0 1.32420819682 0 1.979987865e-06 0.0 1.0
195 0 2.0 1.33103401284 1 0.00112096445295 0.0002 1.0
195 0 2.0 1.33103400764 2 2.00814846862e-06 0.0002 2.52099989815e-07
196 0 2.0 1.33103400764 0 2.00814846898e-06 0.0 1.0
196 0 2.0 1.33785982364 1 0.00112838540296 0.0002 1.0
196 0 2.0 1.33785981839 2 2.03641094957e-06 0.0002 2.65710996369e-07
197 0 2.0 1.33785981839 0 2.0364109494e-06 0.0 1.0
197 0 2.0 1.34468563437 1 0.00113577550269 0.0002 1.0
197 0 2.0 1.34468562907 2 2.06477022818e-06 0.0002 2.80214553077e-07
198 0 2.0 1.34468562907 0 2.06477022836e-06 0.0 1.0
198 0 2.0 1.35151144503 1 0.00114313412048 0.0002 1.0
198 0 2.0 1.35151143967 2 2.09322126102e-06 0.0002 2.95689245016e-07
199 0 2.0 1.35151143967 0 2.0932212612e-06 0.0 1.0
199 0 2.0 1.35833725561 1 0.00115046062989 0.0002 1.0
199 0 2.0 1.3583372502 2 2.12175875558e-06 0.0002 3.12222315354e-07
200 0 2.0 1.3583372502 0 2.12175875665e-06 0.0 1.0
200 0 2.0 1.36516306612 1 0.00115775440978 0.0002 1.0
200 0 2.0 1.36516306065 2 2.1503775072e-06 0.0002 3.29912252722e-07
201 0 2.0 1.36516306065 0 2.15037750684e-06 0.0 1.0
201 0 2.0 1.37198887656 1 0.0011650148444 0.0002 1.0
201 0 2.0 1.37198887103 2 2.17907206718e-06 0.0002 3.48869202131e-07
202 0 2.0 1.37198887103 0 2.17907206682e-06 0.0 1.0
202 0 2.0 1.37881468692 1 0.00117224132343 0.0002 1.0
202 0 2.0 1.37881468133 2 2.2078371188e-06 0.0002 3.6921840612e-07
203 0 2.0 1.37881468133 0 2.20783711898e-06 0.0 1.0
203 0 2.0 1.38564049721 1 0.00117943324202 0.0002 1.0
203 0 2.0 1.38564049156 2 2.23666707172e-06 0.0002 3.9110111006e-07
204 0 2.0 1.38564049156 0 2.2366670719e-06 0.0 1.0
204 0 2.0 1.39246630742 1 0.00118659000085 0.0002 1.0
204 0 2.0 1.39246630172 2 2.26555644624e-06 0.0002 4.14678886252e-07
205 0 2.0 1.39246630172 0 2.2655564457e-06 0.0 1.0
205 0 2.0 1.39929211755 1 0.0011937110062 0.0002 1.0
205 0 2.0 1.39929211179 2 2.29449951756e-06 0.0002 4.4013569736e-07
206 0 2.0 1.39929211179 0 2.2944995172e-06 0.0 1.0
206 0 2.0 1.40611792761 1 0.00120079567 0.0002 1.0
206 0 2.0 1.40611792179 2 2.32349054316e-06 0.0002 4.6768318073e-07
207 0 2.0 1.40611792179 0 2.3234905437e-06 0.0 1.0
207 0 2.0 1.41294373759 1 0.00120784340985 0.0002 1.0
207 0 2.0 1.41294373172 2 2.35252385846e-06 0.0002 4.9756645549e-07
208 0 2.0 1.41294373172 0 2.35252385846e-06 0.0 1.0
208 0 2.0 1.41976954749 1 0.0012148536491 0.0002 1.0
208 0 2.0 1.41976954156 2 2.38159362355e-06 0.0002 5.30069538095e-07
209 0 2.0 1.41976954156 0 2.38159362373e-06 0.0 1.0
209 0 2.0 1.42659535732 1 0.00122182581693 0.0002 1.0
209 0 2.0 1.42659535133 2 2.41069385483e-06 0.0002 5.65523667119e-07
210 0 2.0 1.42659535133 0 2.41069385537e-06 0.0 1.0
210 0 2.0 1.43342116707 1 0.00122875934832 0.0002 1.0
210 0 2.0 1.43342116102 2 2.43981852842e-06 0.0002 6.04318232644e-07
211 0 2.0 1.43342116102 0 2.43981852842e-06 0.0 1.0
211 0 2.0 1.44024697674 1 0.00123565368415 0.0002 1.0
211 0 2.0 1.44024697063 2 2.46896179665e-06 0.0002 6.46915490419e-07
212 0 2.0 1.44024697063 0 2.46896179701e-06 0.0 1.0
212 0 2.0 1.44707278633 1 0.00124250827121 0.0002 1.0
212 0 2.0 1.44707278016 2 2.49811736277e-06 0.0002 6.93863795552e-07
213 0 2.0 1.44707278016 0 2.49811736348e-06 0.0 1.0
213 0 2.0 1.45389859584 1 0.00124932256235 0.0002 1.0
213 0 2.0 1.45389858961 2 2.52727915652e-06 0.0002 7.45824205912e-07
214 0 2.0 1.45389858961 0 2.52727915634e-06 0.0 1.0
214 0 2.0 1.46072440527 1 0.00125609601636 0.0002 1.0
214 0 2.0 1.46072439898 2 2.55644099457e-06 0.0002 8.03597826357e-07
215 0 2.0 1.46072439898 0 2.55644099422e-06 0.0 1.0
215 0 2.0 1.46755021463 1 0.00126282809815 0.0002 1.0
215 0 2.0 1.46755020828 2 2.58559647004e-06 0.0002 8.6816399915e-07
216 0 2.0 1.46755020828 0 2.58559646968e-06 0.0 1.0
216 0 2.0 1.4743760239 1 0.00126951827871 0.0002 1.0
216 0 2.0 1.47437601749 2 2.61473942291e-06 0.0002 9.40737759738e-07
217 0 2.0 1.47437601749 0 2.61473942309e-06 0.0 1.0
217 0 2.0 1.48120183309 1 0.00127616603519 0.0002 1.0
217 0 2.0 1.48120182662 2 2.64386322475e-06 0.0002 1.02283717535e-06
218 0 2.0 1.48120182662 0 2.6438632251e-06 0.0 1.0
218 0 2.0 1.4880276422 1 0.00128277085095 0.0002 1.0
218 0 2.0 1.48802763566 2 2.6729616608e-06 0.0002 1.11639447783e-06
219 0 2.0 1.48802763566 0 2.67296166098e-06 0.0 1.0
219 0 2.0 1.49485345123 1 0.00128933221557 0.0002 1.0
219 0 2.0 1.49485344463 2 2.70202815835e-06 0.0002 1.2238976338e-06
220 0 2.0 1.49485344463 0 2.70202815799e-06 0.0 1.0
220 0 2.0 1.50167926017 1 0.00129584962487 0.0002 1.0
220 0 2.0 1.50167925351 2 2.73105607053e-06 0.0002 1.34861053976e-06
221 0 2.0 1.50167925351 0 2.73105607017e-06 0.0 1.0
221 0 2.0 1.50850506903 1 0.00131543297768 0.0002 1.0
221 0 2.0 1.50850506224 2 2.93138913845e-06 0.0002 1.60688146568e-06
222 0 2.0 1.50850506224 0 2.93138913952e-06 0.0 1.0
222 0 2.0 1.51533087775 1 0.00145026861999 0.0002 1.0
222 0 2.0 1.51533087022 2 3.65050180799e-06 0.0002 2.52547775331e-06
223 0 2.0 1.51533087022 0 3.65050180816e-06 0.0 1.0
223 0 2.0 1.5221566857 1 0.00161375597404 0.0002 1.0
223 0 2.0 1.52215667727 2 4.53395104351e-06 0.0002 4.13115035861e-06
224 0 2.0 1.52215667727 0 4.53395104351e-06 0.0 1.0
224 0 2.0 1.52898249274 1 0.00177872167351 0.0002 1.0
224 0 2.0 1.52898248339 2 5.52305666335e-06 0.0002 6.79666995765e-06
225 0 2.0 1.52898248339 0 5.52305666353e-06 0.0 1.0
225 0 2.0 1.53580829883 1 0.00194512077707 0.0002 1.0
225 0 2.0 1.53580828854 2 6.62039301821e-06 0.0002 1.14979337211e-05
226 0 2.0 1.53580828854 0 6.62039301839e-06 0.0 1.0
226 0 2.0 1.54263410395 1 0.00211290114 0.0002 1.0
226 0 2.0 1.54263409271 2 7.82841960439e-06 0.0002 2.07969743347e-05
227 0 2.0 1.54263409271 0 7.82841960368e-06 0.0 1.0
227 0 2.0 1.54945990809 1 0.00237524451146 0.0002 1.0
227 0 2.0 1.54945989537 2 1.06491051966e-05 0.0002 6.84125989347e-05
227 0 2.0 1.54945989543 3 4.71339906131e-08 0.0002 1.35934121235e-09
228 0 2.0 1.54945989543 0 4.71339906131e-08 0.0 1.0
228 0 2.0 1.55628571073 1 0.00285356630814 0.0002 1.0
228 0 2.0 1.55628569529 2 1.55182134536e-05 0.0002 1.0
228 0 2.0 1.55628569538 3 8.33060894783e-08 0.0002 1.0
229 0 2.0 1.55628569538 0 8.33060892995e-08 0.0 1.0
229 0 2.0 1.56311151063 1 0.00334421375632 0.0002 1.0
229 0 2.0 1.56311149235 2 2.14424079461e-05 0.0002 1.0
229 0 2.0 1.56311149248 3 1.35703427291e-07 0.0002 1.0
230 0 2.0 1.56311149248 0 1.35703426755e-07 0.0 1.0
230 0 2.0 1.56993730768 1 0.0038382242796 0.0002 1.0
230 0 2.0 1.56993728648 2 2.84175917659e-05 0.0002 1.0
230 0 2.0 1.56993728665 3 2.07653090963e-07 0.0002 1.0
231 0 2.0 1.56993728665 0 2.07653090248e-07 0.0 1.0
231 0 2.0 1.57676310179 1 0.00437238858135 0.0002 1.0
231 0 2.0 1.5767630774 2 3.75014634363e-05 0.0002 1.0
231 0 2.0 1.57676307762 3 3.17408712326e-07 0.0002 1.0
232 0 2.0 1.57676307762 0 3.17408712147e-07 0.0 1.0
232 0 2.0 1.58358889268 1 0.00498621932185 0.0002 1.0
232 0 2.0 1.58358886454 2 4.93355058893e-05 0.0002 1.0
232 0 2.0 1.58358886484 3 4.8164827263e-07 0.0002 1.0
233 0 2.0 1.58358886484 0 4.81648272808e-07 0.0 1.0
233 0 2.0 1.59041467982 1 0.00560511130502 0.0002 1.0
233 0 2.0 1.59041464781 2 6.30053882696e-05 0.0002 1.0
233 0 2.0 1.5904146482 3 6.98697746645e-07 0.0002 1.0
234 0 2.0 1.5904146482 0 6.98697745752e-07 0.0 1.0
234 0 2.0 1.59724046308 1 0.00622749104042 0.0002 1.0
234 0 2.0 1.5972404271 2 7.85634868345e-05 0.0002 1.0
234 0 2.0 1.59724042759 3 9.77653790734e-07 0.0002 1.0
235 0 2.0 1.59724042759 0 9.77653790734e-07 0.0 1.0
235 0 2.0 1.60406624237 1 0.00685316455796 0.0002 1.0
235 0 2.0 1.60406620229 2 9.60727731536e-05 0.0002 1.0
235 0 2.0 1.60406620291 3 1.32831488439e-06 0.0002 1.0
236 0 2.0 1.60406620291 0 1.32831488439e-06 0.0 1.0
236 0 2.0 1.61089201757 1 0.00748191903974 0.0002 1.0
236 0 2.0 1.61089197328 2 0.000115594260304 0.0002 1.0
236 0 2.0 1.61089197403 3 1.76110791889e-06 0.0002 1.0
237 0 2.0 1.61089197403 0 1.76110791925e-06 0.0 1.0
237 0 2.0 1.61771778857 1 0.00811352304322 0.0002 1.0
237 0 2.0 1.61771773995 2 0.000137186634106 0.0002 1.0
237 0 2.0 1.61771774087 3 2.28704565685e-06 0.0002 1.0
238 0 2.0 1.61771774087 0 2.28704565721e-06 0.0 1.0
238 0 2.0 1.62454355526 1 0.00874772678834 0.0002 1.0
238 0 2.0 1.62454350219 2 0.000160905831431 0.0002 1.0
238 0 2.0 1.62454350329 3 2.91771795834e-06 0.0002 1.0
239 0 2.0 1.62454350329 0 2.9177179578e-06 0.0 1.0
239 0 2.0 1.63136931754 1 0.00937979041255 0.0002 1.0
239 0 2.0 1.6313692599 2 0.000183523874353 0.0002 1.0
239 0 2.0 1.63136926117 3 3.52783553914e-06 0.0002 1.0
240 0 2.0 1.63136926117 0 3.52783553897e-06 0.0 1.0
240 0 2.0 1.63819507526 1 0.00982474099719 0.0002 1.0
240 0 2.0 1.63819501419 2 0.000201616319625 0.0002 1.0
240 0 2.0 1.6381950156 3 4.06225454149e-06 0.0002 1.0
241 0 2.0 1.6381950156 0 4.06225454167e-06 0.0 1.0
241 0 2.0 1.64502082953 1 0.0102104837916 0.0002 1.0
241 0 2.0 1.64502076534 2 0.000219428511232 0.0002 1.0
241 0 2.0 1.64502076691 3 4.62749207721e-06 0.0002 1.0
242 0 2.0 1.64502076691 0 4.62749207721e-06 0.0 1.0
242 0 2.0 1.65184658066 1 0.0105987141939 0.0002 1.0
242 0 2.0 1.65184651327 2 0.000238214357535 0.0002 1.0
242 0 2.0 1.651846515 3 5.2511635289e-06 0.0002 1.0
243 0 2.0 1.651846515 0 5.25116352837e-06 0.0 1.0
243 0 2.0 1.65867232857 1 0.010992483958 0.0002 1.0
243 0 2.0 1.65867225785 2 0.000254285504231 0.0002 1.0
243 0 2.0 1.65867225973 3 5.74915397493e-06 0.0002 1.0
244 0 2.0 1.65867225973 0 5.74915397493e-06 0.0 1.0
244 0 2.0 1.6654980731 1 0.0112322879957 0.0002 1.0
244 0 2.0 1.66549800003 2 0.000264865129684 0.0002 1.0
244 0 2.0 1.66549800201 3 6.09805289488e-06 0.0002 1.0
245 0 2.0 1.66549800201 0 6.09805289488e-06 0.0 1.0
245 0 2.0 1.67232381519 1 0.0114138211783 0.0002 1.0
245 0 2.0 1.67232374014 2 0.000274283386764 0.0002 1.0
245 0 2.0 1.67232374221 3 6.42948006993e-06 0.0002 1.0
246 0 2.0 1.67232374221 0 6.42948006993e-06 0.0 1.0
246 0 2.0 1.6791495552 1 0.0115965091884 0.0002 1.0
246 0 2.0 1.67914947809 2 0.00028394449129 0.0002 1.0
246 0 2.0 1.67914948027 3 6.77542156226e-06 0.0002 1.0
247 0 2.0 1.67914948027 0 6.77542156173e-06 0.0 1.0
247 0 2.0 1.68597529306 1 0.0117801376426 0.0002 1.0
247 0 2.0 1.68597521384 2 0.000293840781747 0.0002 1.0
247 0 2.0 1.68597521612 3 7.13591208828e-06 0.0002 1.0
248 0 2.0 1.68597521612 0 7.1359120881e-06 0.0 1.0
248 0 2.0 1.6928010287 1 0.0119644877228 0.0002 1.0
248 0 2.0 1.6928009473 2 0.000303963157594 0.0002 1.0
248 0 2.0 1.6928009497 3 7.51090429636e-06 0.0002 1.0
249 0 2.0 1.6928009497 0 7.51090429672e-06 0.0 1.0
249 0 2.0 1.69962676207 1 0.0121493353826 0.0002 1.0
249 0 2.0 1.69962667842 2 0.000314300964086 0.0002 1.0
249 0 2.0 1.69962668093 3 7.90025730141e-06 0.0002 1.0
250 0 2.0 1.69962668093 0 7.90025730177e-06 0.0 1.0
250 0 2.0 1.70645249309 1 0.0123344518211 0.0002 1.0
250 0 2.0 1.70645240712 2 0.000324841906153 0.0002 1.0
250 0 2.0 1.70645240975 3 8.30372659588e-06 0.0002 1.0
251 0 2.0 1.70645240975 0 8.30372659605e-06 0.0 1.0
251 0 2.0 1.71327822169 1 0.0125196039803 0.0002 1.0
251 0 2.0 1.71327813333 2 0.000335571962486 0.0002 1.0
251 0 2.0 1.7132781361 3 8.72095323205e-06 0.0002 1.0
252 0 2.0 1.7132781361 0 8.72095323241e-06 0.0 1.0
252 0 2.0 1.72010394781 1 0.0127045550607 0.0002 1.0
252 0 2.0 1.72010385699 2 0.000346475299714 0.0002 1.0
252 0 2.0 1.72010385989 3 9.15145228676e-06 0.0002 1.0
253 0 2.0 1.72010385989 0 9.1514522864e-06 0.0 1.0
253 0 2.0 1.72692967137 1 0.0128890650584 0.0002 1.0
253 0 2.0 1.72692957802 2 0.000357534187869 0.0002 1.0
253 0 2.0 1.72692958106 3 9.59460138549e-06 0.0002 1.0
254 0 2.0 1.72692958106 0 9.59460138514e-06 0.0 1.0
254 0 2.0 1.73375539231 1 0.013072891318 0.0002 1.0
254 0 2.0 1.73375529635 2 0.000368728915733 0.0002 1.0
254 0 2.0 1.73375529953 3 1.00496289782e-05 0.0002 1.0
254 0 2.0 1.73375529944 4 2.74168248402e-07 0.0002 1.0
255 0 2.0 1.73375529944 0 2.74168247687e-07 0.0 1.0
255 0 2.0 1.74058111052 1 0.0132561990271 0.0002 1.0
255 0 2.0 1.7405810119 2 0.000380049805856 0.0002 1.0
255 0 2.0 1.74058101523 3 1.05159348429e-05 0.0002 1.0
255 0 2.0 1.74058101514 4 2.91274009773e-07 0.0002 1.0
256 0 2.0 1.74058101514 0 2.91274009952e-07 0.0 1.0
256 0 2.0 1.74740682597 1 0.0134379427677 0.0002 1.0
256 0 2.0 1.7474067246 2 0.00039144956729 0.0002 1.0
256 0 2.0 1.74740672809 3 1.09917748802e-05 0.0002 1.0
256 0 2.0 1.74740672799 4 3.08979402372e-07 0.0002 1.0
257 0 2.0 1.74740672799 0 3.08979402193e-07 0.0 1.0
257 0 2.0 1.75423253858 1 0.0136182653377 0.0002 1.0
257 0 2.0 1.75423243437 2 0.000402913364644 0.0002 1.0
257 0 2.0 1.75423243802 3 1.14761639262e-05 0.0002 1.0
257 0 2.0 1.75423243792 4 3.27246951469e-07 0.0002 1.0
258 0 2.0 1.75423243792 0 3.27246951469e-07 0.0 1.0
258 0 2.0 1.76105824825 1 0.0137969192661 0.0002 1.0
258 0 2.0 1.76105814113 2 0.000414412746688 0.0002 1.0
258 0 2.0 1.76105814495 3 1.19676131863e-05 0.0002 1.0
258 0 2.0 1.76105814484 4 3.46019716929e-07 0.0002 1.0
259 0 2.0 1.76105814484 0 3.46019716214e-07 0.0 1.0
259 0 2.0 1.76788395492 1 0.0139736573921 0.0002 1.0
259 0 2.0 1.76788384481 2 0.000425916881807 0.0002 1.0
259 0 2.0 1.7678838488 3 1.24644248841e-05 0.0002 1.0
259 0 2.0 1.76788384869 4 3.65228488897e-07 0.0002 1.0
260 0 2.0 1.76788384869 0 3.65228489612e-07 0.0 1.0
260 0 2.0 1.77470965851 1 0.014148233487 0.0002 1.0
260 0 2.0 1.77470954532 2 0.000437392485378 0.0002 1.0
260 0 2.0 1.77470954949 3 1.29646818846e-05 0.0002 1.0
260 0 2.0 1.77470954937 4 3.84790629232e-07 0.0002 1.0
261 0 2.0 1.77470954937 0 3.8479062959e-07 0.0 1.0
261 0 2.0 1.78153535892 1 0.0143204028793 0.0002 1.0
261 0 2.0 1.78153524258 2 0.000448803749454 0.0002 1.0
261 0 2.0 1.78153524694 3 1.34662372695e-05 0.0002 1.0
261 0 2.0 1.78153524681 4 4.04609755107e-07 0.0002 1.0
262 0 2.0 1.78153524681 0 4.04609754749e-07 0.0 1.0
262 0 2.0 1.78836105609 1 0.0144899230811 0.0002 1.0
262 0 2.0 1.78836093652 2 0.000460112272901 0.0002 1.0
262 0 2.0 1.78836094107 3 1.3966705406e-05 0.0002 1.0
262 0 2.0 1.78836094093 4 4.24574317429e-07 0.0002 1.0
263 0 2.0 1.78836094093 0 4.24574317965e-07 0.0 1.0
263 0 2.0 1.79518674993 1 0.0146565544164 0.0002 1.0
263 0 2.0 1.79518662704 2 0.000471276998487 0.0002 1.0
263 0 2.0 1.79518663179 3 1.44634535501e-05 0.0002 1.0
263 0 2.0 1.79518663164 4 4.44557349718e-07 0.0002 1.0
264 0 2.0 1.79518663164 0 4.44557349539e-07 0.0 1.0
264 0 2.0 1.80201244036 1 0.0148200606439 0.0002 1.0
264 0 2.0 1.80201231406 2 0.000482254148342 0.0002 1.0
264 0 2.0 1.80201231901 3 1.49535956e-05 0.0002 1.0
264 0 2.0 1.80201231886 4 4.64415734486e-07 0.0002 1.0
265 0 2.0 1.80201231886 0 4.64415734486e-07 0.0 1.0
265 0 2.0 1.80883812728 1 0.0149802095766 0.0002 1.0
265 0 2.0 1.8088379975 2 0.00049299716588 0.0002 1.0
265 0 2.0 1.80883800266 3 1.543398769e-05 0.0002 1.0
265 0 2.0 1.8088380025 4 4.8398986191e-07 0.0002 1.0
266 0 2.0 1.8088380025 0 4.8398986191e-07 0.0 1.0
266 0 2.0 1.81566381062 1 0.0151367736937 0.0002 1.0
266 0 2.0 1.81566367727 2 0.000503456658948 0.0002 1.0
266 0 2.0 1.81566368264 3 1.59012252582e-05 0.0002 1.0
266 0 2.0 1.81566368247 4 5.0310371768e-07 0.0002 1.0
267 0 2.0 1.81566368247 0 5.03103717858e-07 0.0 1.0
267 0 2.0 1.82248949029 1 0.0152895307415 0.0002 1.0
267 0 2.0 1.82248935328 2 0.00051358034532 0.0002 1.0
267 0 2.0 1.82248935886 3 1.63516432213e-05 0.0002 1.0
267 0 2.0 1.82248935869 4 5.21564572681e-07 0.0002 1.0
268 0 2.0 1.82248935869 0 5.21564573217e-07 0.0 1.0
268 0 2.0 1.8293151662 1 0.0154382643236 0.0002 1.0
268 0 2.0 1.82931502544 2 0.000523313002307 0.0002 1.0
268 0 2.0 1.82931503125 3 1.67813191649e-05 0.0002 1.0
268 0 2.0 1.82931503106 4 5.39164022406e-07 0.0002 1.0
269 0 2.0 1.82931503106 0 5.39164021691e-07 0.0 1.0
269 0 2.0 1.83614083825 1 0.0155827644747 0.0002 1.0
269 0 2.0 1.83614069366 2 0.000532596417446 0.0002 1.0
269 0 2.0 1.83614069969 3 1.71860793551e-05 0.0002 1.0
269 0 2.0 1.8361406995 4 5.55678362974e-07 0.0002 1.0
270 0 2.0 1.8361406995 0 5.55678363153e-07 0.0 1.0
270 0 2.0 1.84296650637 1 0.0157228282191 0.0002 1.0
270 0 2.0 1.84296635786 2 0.000541369341771 0.0002 1.0
270 0 2.0 1.84296636411 3 1.75615096451e-05 0.0002 1.0
270 0 2.0 1.84296636391 4 5.70870193691e-07 0.0002 1.0
271 0 2.0 1.84296636391 0 5.70870194049e-07 0.0 1.0
271 0 2.0 1.84979217045 1 0.0158582601092 0.0002 1.0
271 0 2.0 1.84979201793 2 0.000549567445404 0.0002 1.0
271 0 2.0 1.84979202441 3 1.79029697645e-05 0.0002 1.0
271 0 2.0 1.8497920242 4 5.84490051126e-07 0.0002 1.0
272 0 2.0 1.8497920242 0 5.84490050948e-07 0.0 1.0
272 0 2.0 1.8566178304 1 0.0159888727417 0.0002 1.0
272 0 2.0 1.85661767379 2 0.00055712327376 0.0002 1.0
272 0 2.0 1.8566176805 3 1.82056138154e-05 0.0002 1.0
272 0 2.0 1.85661768028 4 5.96278736412e-07 0.0002 1.0
273 0 2.0 1.85661768028 0 5.96278736054e-07 0.0 1.0
273 0 2.0 1.86344348614 1 0.0161144872522 0.0002 1.0
273 0 2.0 1.86344332534 2 0.00056396620534 0.0002 1.0
273 0 2.0 1.86344333227 3 1.84644157713e-05 0.0002 1.0
273 0 2.0 1.86344333205 4 6.05970558765e-07 0.0002 1.0
274 0 2.0 1.86344333205 0 6.05970558407e-07 0.0 1.0
274 0 2.0 1.87026913755 1 0.0162349337822 0.0002 1.0
274 0 2.0 1.87026897248 2 0.000570022408926 0.0002 1.0
274 0 2.0 1.87026897964 3 1.86742021014e-05 0.0002 1.0
274 0 2.0 1.87026897941 4 6.13296643476e-07 0.0002 1.0
275 0 2.0 1.87026897941 0 6.13296643119e-07 0.0 1.0
275 0 2.0 1.87709478455 1 0.0163500519203 0.0002 1.0
275 0 2.0 1.87709461513 2 0.000575214802415 0.0002 1.0
275 0 2.0 1.8770946225 3 1.8829691708e-05 0.0002 1.0
275 0 2.0 1.87709462226 4 6.17989781934e-07 0.0002 1.0
276 0 2.0 1.87709462226 0 6.17989782649e-07 0.0 1.0
276 0 2.0 1.88392042704 1 0.0164596911124 0.0002 1.0
276 0 2.0 1.88392025317 2 0.000579463008546 0.0002 1.0
276 0 2.0 1.88392026076 3 1.89255440882e-05 0.0002 1.0
276 0 2.0 1.88392026052 4 6.19789207604e-07 0.0002 1.0
277 0 2.0 1.88392026052 0 6.19789207783e-07 0.0 1.0
277 0 2.0 1.89074606492 1 0.0165637110432 0.0002 1.0
277 0 2.0 1.89074588651 2 0.000582683310946 0.0002 1.0
277 0 2.0 1.89074589432 3 1.89564170749e-05 0.0002 1.0
277 0 2.0 1.89074589406 4 6.18447160816e-07 0.0002 1.0
278 0 2.0 1.89074589406 0 6.18447160638e-07 0.0 1.0
278 0 2.0 1.89757169808 1 0.0166619819824 0.0002 1.0
278 0 2.0 1.89757151506 2 0.000584788605816 0.0002 1.0
278 0 2.0 1.89757152306 3 1.89170353952e-05 0.0002 1.0
278 0 2.0 1.89757152281 4 6.13735584171e-07 0.0002 1.0
279 0 2.0 1.89757152281 0 6.13735584529e-07 0.0 1.0
279 0 2.0 1.90439732644 1 0.0167543851001 0.0002 1.0
279 0 2.0 1.9043971387 2 0.000585688352156 0.0002 1.0
279 0 2.0 1.9043971469 3 1.88022705414e-05 0.0002 1.0
279 0 2.0 1.90439714664 4 6.05453975717e-07 0.0002 1.0
280 0 2.0 1.90439714664 0 6.05453975717e-07 0.0 1.0
280 0 2.0 1.91122294987 1 0.0168408127451 0.0002 1.0
280 0 2.0 1.91122275735 2 0.000585288516222 0.0002 1.0
280 0 2.0 1.91122276573 3 1.86072346416e-05 0.0002 1.0
280 0 2.0 1.91122276546 4 5.93438416952e-07 0.0002 1.0
281 0 2.0 1.91122276546 0 5.93438416595e-07 0.0 1.0
281 0 2.0 1.91804856829 1 0.0169211686879 0.0002 1.0
281 0 2.0 1.91804837089 2 0.000583491510997 0.0002 1.0
281 0 2.0 1.91804837943 3 1.83273888656e-05 0.0002 1.0
281 0 2.0 1.91804837917 4 5.77571024247e-07 0.0002 1.0
282 0 2.0 1.91804837917 0 5.77571024068e-07 0.0 1.0
282 0 2.0 1.92487418158 1 0.0169953683267 0.0002 1.0
282 0 2.0 1.92487397922 2 0.000580196129246 0.0002 1.0
282 0 2.0 1.92487398791 3 1.79586685646e-05 0.0002 1.0
282 0 2.0 1.92487398765 4 5.57790228528e-07 0.0002 1.0
283 0 2.0 1.92487398765 0 5.57790228171e-07 0.0 1.0
283 0 2.0 1.93169978963 1 0.0170633388568 0.0002 1.0
283 0 2.0 1.93169958224 2 0.000575297469203 0.0002 1.0
283 0 2.0 1.93169959106 3 1.749762738e-05 0.0002 1.0
283 0 2.0 1.93169959079 4 5.34101897663e-07 0.0002 1.0
284 0 2.0 1.93169959079 0 5.34101897395e-07 0.0 1.0
284 0 2.0 1.93852539235 1 0.0171250194001 0.0002 1.0
284 0 2.0 1.93852517984 2 0.000568686850396 0.0002 1.0
284 0 2.0 1.93852518876 3 1.69416020557e-05 0.0002 1.0
284 0 2.0 1.9385251885 4 5.06590567297e-07 0.0002 1.0
285 0 2.0 1.9385251885 0 5.06590567476e-07 0.0 1.0
285 0 2.0 1.94535098961 1 0.0171803610978 0.0002 1.0
285 0 2.0 1.94535077192 2 0.000560251720313 0.0002 1.0
285 0 2.0 1.94535078091 3 1.62889009812e-05 0.0002 1.0
285 0 2.0 1.94535078065 4 4.75430616776e-07 0.0002 1.0
286 0 2.0 1.94535078065 0 4.75430617133e-07 0.0 1.0
286 0 2.0 1.95217658131 1 0.0172293271646 0.0002 1.0
286 0 2.0 1.95217635836 2 0.000549875548984 0.0002 1.0
286 0 2.0 1.95217636739 3 1.55390187995e-05 0.0002 1.0
286 0 2.0 1.95217636714 4 4.40897614487e-07 0.0002 1.0
287 0 2.0 1.95217636714 0 4.40897614129e-07 0.0 1.0
287 0 2.0 1.95900216734 1 0.0172718929033 0.0002 1.0
287 0 2.0 1.95900193906 2 0.000537437710262 0.0002 1.0
287 0 2.0 1.9590019481 3 1.46928807916e-05 0.0002 1.0
287 0 2.0 1.95900194785 4 4.03377751922e-07 0.0002 1.0
288 0 2.0 1.95900194785 0 4.0337775228e-07 0.0 1.0
288 0 2.0 1.96582774759 1 0.0173080456824 0.0002 1.0
288 0 2.0 1.9658275139 2 0.000522813349537 0.0002 1.0
288 0 2.0 1.9658275229 3 1.37531200827e-05 0.0002 1.0
288 0 2.0 1.96582752267 4 3.63376323647e-07 0.0002 1.0
289 0 2.0 1.96582752267 0 3.63376323647e-07 0.0 1.0
289 0 2.0 1.97265332193 1 0.0173377848756 0.0002 1.0
289 0 2.0 1.97265308279 2 0.000505873234846 0.0002 1.0
289 0 2.0 1.9726530917 3 1.27243918878e-05 0.0002 1.0
289 0 2.0 1.97265309148 4 3.21522964617e-07 0.0002 1.0
290 0 2.0 1.97265309148 0 3.21522965064e-07 0.0 1.0
290 0 2.0 1.97947889025 1 0.0173611217642 0.0002 1.0
290 0 2.0 1.97947864559 2 0.000486483590783 0.0002 1.0
290 0 2.0 1.97947865437 3 1.16137297546e-05 0.0002 1.0
290 0 2.0 1.97947865416 4 2.78572807008e-07 0.0002 1.0
291 0 2.0 1.97947865416 0 2.78572806829e-07 0.0 1.0
291 0 2.0 1.98630445244 1 0.0173780794025 0.0002 1.0
291 0 2.0 1.98630420221 2 0.000464505913504 0.0002 1.0
291 0 2.0 1.98630421079 3 1.04309475612e-05 0.0002 1.0
291 0 2.0 1.9863042106 4 2.35401878464e-07 0.0002 1.0
292 0 2.0 1.9863042106 0 2.35401878374e-07 0.0 1.0
292 0 2.0 1.99313000837 1 0.0173886924489 0.0002 1.0
292 0 2.0 1.99312975253 2 0.000439796765268 0.0002 1.0
292 0 2.0 1.99312976085 3 9.18909501736e-06 0.0002 1.0
293 0 2.0 1.99312976085 0 9.18909501727e-06 0.0 1.0
293 0 2.0 1.99995555801 1 0.0173925575372 0.0002 1.0
293 0 2.0 1.99995529642 2 0.000412195023803 0.0002 1.0
293 0 2.0 1.99995530441 3 7.9047359998e-06 0.0002 1.0
294 0 2.0 1.99995530441 0 7.9047359998e-06 0.0 1.0
294 0 2.0 2.00678110106 1 0.0173906928489 0.0002 1.0
294 0 2.0 2.00678083379 2 0.000381574081372 0.0002 1.0
294 0 2.0 2.00678084136 3 6.5995326581e-06 0.0002 1.0
Element Data written 2.00678084136 2.00339501367
Nodal Data written 2.00678084136 2.00339501367
875.989000082
