ConFem  ../_DataSpecimen/UniaxTensionBar
symmetric system False, used LinAlg2 True, used ConFemMatC True, used CaeFemElemC True
ndofs 612, elems 50, active nodes 204, abs.size 10.92 MItems, rel.size 0.0298 (abs.size/(ndofs**2)
used material MAT4, spec. inertial mass 1.00e-03, type MICRODAMAGE
0 step starts, solution type NR
0   1 2.000 0.00000 iter 0 0.000000e+00 1.000000e+00    0.000000e+00
0   1 2.000 0.01000 iter 1 5.859884e-08 1.000000e+00    4.143768e-04
0   2 2.000 0.01000 iter 0 5.859884e-08 1.000000e+00    0.000000e+00
0   2 2.000 0.02000 iter 1 3.515719e-07 1.000000e+00    4.143768e-04
0   3 2.000 0.02000 iter 0 3.515719e-07 1.000000e+00    0.000000e+00
0   3 2.000 0.03000 iter 1 8.788419e-07 1.000000e+00    4.143768e-04
0   4 2.000 0.03000 iter 0 8.788419e-07 1.000000e+00    0.000000e+00
0   4 2.000 0.04000 iter 1 1.640275e-06 1.000000e+00    4.143768e-04
0   5 2.000 0.04000 iter 0 1.640275e-06 1.000000e+00    0.000000e+00
0   5 2.000 0.05000 iter 1 2.635682e-06 1.000000e+00    4.143768e-04
0   6 2.000 0.05000 iter 0 2.635682e-06 1.000000e+00    0.000000e+00
0   6 2.000 0.06000 iter 1 3.864818e-06 1.000000e+00    4.143768e-04
0   7 2.000 0.06000 iter 0 3.864818e-06 1.000000e+00    0.000000e+00
0   7 2.000 0.07000 iter 1 5.327379e-06 1.000000e+00    4.143768e-04
0   8 2.000 0.07000 iter 0 5.327379e-06 1.000000e+00    0.000000e+00
0   8 2.000 0.08000 iter 1 7.023010e-06 1.000000e+00    4.143768e-04
0   9 2.000 0.08000 iter 0 7.023010e-06 1.000000e+00    0.000000e+00
0   9 2.000 0.09000 iter 1 8.951297e-06 1.000000e+00    4.143768e-04
0  10 2.000 0.09000 iter 0 8.951297e-06 1.000000e+00    0.000000e+00
0  10 2.000 0.10000 iter 1 1.111177e-05 1.000000e+00    4.143768e-04
0  10 2.000 0.10000 iter 2 2.749629e-13 3.424129e-17    4.143768e-04
0  11 2.000 0.10000 iter 0 2.750104e-13 1.000000e+00    0.000000e+00
0  11 2.000 0.11000 iter 1 1.350374e-05 1.000000e+00    4.143768e-04
0  11 2.000 0.11000 iter 2 4.463411e-13 6.763438e-17    4.143768e-04
0  12 2.000 0.11000 iter 0 4.463286e-13 1.000000e+00    0.000000e+00
0  12 2.000 0.12000 iter 1 1.612688e-05 1.000000e+00    4.143768e-04
0  12 2.000 0.12000 iter 2 6.940928e-13 1.259048e-16    4.143768e-04
0  13 2.000 0.12000 iter 0 6.941377e-13 1.000000e+00    0.000000e+00
0  13 2.000 0.13000 iter 1 1.898045e-05 1.000000e+00    4.143768e-04
0  13 2.000 0.13000 iter 2 1.042490e-12 2.229604e-16    4.143768e-04
0  14 2.000 0.13000 iter 0 1.042526e-12 1.000000e+00    0.000000e+00
0  14 2.000 0.14000 iter 1 2.206375e-05 1.000000e+00    4.143768e-04
0  14 2.000 0.14000 iter 2 1.519080e-12 3.785859e-16    4.143768e-04
0  15 2.000 0.14000 iter 0 1.519074e-12 1.000000e+00    0.000000e+00
0  15 2.000 0.15000 iter 1 2.537603e-05 1.000000e+00    4.143768e-04
0  15 2.000 0.15000 iter 2 2.153255e-12 6.184988e-16    4.143768e-04
0  16 2.000 0.15000 iter 0 2.153255e-12 1.000000e+00    0.000000e+00
0  16 2.000 0.16000 iter 1 2.891649e-05 1.000000e+00    4.143768e-04
0  16 2.000 0.16000 iter 2 2.984606e-12 9.793285e-16    4.143768e-04
0  17 2.000 0.16000 iter 0 2.984683e-12 1.000000e+00    0.000000e+00
0  17 2.000 0.17000 iter 1 3.268427e-05 1.000000e+00    4.143768e-04
0  17 2.000 0.17000 iter 2 4.053174e-12 1.507108e-15    4.143768e-04
0  18 2.000 0.17000 iter 0 4.053162e-12 1.000000e+00    0.000000e+00
0  18 2.000 0.18000 iter 1 3.667845e-05 1.000000e+00    4.143768e-04
0  18 2.000 0.18000 iter 2 5.408728e-12 2.263138e-15    4.143768e-04
0  19 2.000 0.18000 iter 0 5.408706e-12 1.000000e+00    0.000000e+00
0  19 2.000 0.19000 iter 1 4.089808e-05 1.000000e+00    4.143768e-04
0  19 2.000 0.19000 iter 2 7.102395e-12 3.323445e-15    4.143768e-04
0  20 2.000 0.19000 iter 0 7.102451e-12 1.000000e+00    0.000000e+00
0  20 2.000 0.20000 iter 1 4.534212e-05 1.000000e+00    4.143768e-04
0  20 2.000 0.20000 iter 2 9.197660e-12 4.786109e-15    4.143768e-04
0  21 2.000 0.20000 iter 0 9.197627e-12 1.000000e+00    0.000000e+00
0  21 2.000 0.21000 iter 1 5.000951e-05 1.000000e+00    4.143768e-04
0  21 2.000 0.21000 iter 2 1.175719e-11 6.769899e-15    4.143768e-04
0  22 2.000 0.21000 iter 0 1.175721e-11 1.000000e+00    0.000000e+00
0  22 2.000 0.22000 iter 1 5.489912e-05 1.000000e+00    4.143768e-04
0  22 2.000 0.22000 iter 2 1.485633e-11 9.422445e-15    4.143768e-04
0  23 2.000 0.22000 iter 0 1.485624e-11 1.000000e+00    0.000000e+00
0  23 2.000 0.23000 iter 1 6.000977e-05 1.000000e+00    4.143768e-04
0  23 2.000 0.23000 iter 2 1.857334e-11 1.292277e-14    4.143769e-04
0  24 2.000 0.23000 iter 0 1.857333e-11 1.000000e+00    0.000000e+00
0  24 2.000 0.24000 iter 1 6.534023e-05 1.000000e+00    4.143768e-04
0  24 2.000 0.24000 iter 2 2.299824e-11 1.748760e-14    4.143769e-04
0  25 2.000 0.24000 iter 0 2.299829e-11 1.000000e+00    0.000000e+00
0  25 2.000 0.25000 iter 1 7.088921e-05 1.000000e+00    4.143768e-04
0  25 2.000 0.25000 iter 2 2.822516e-11 2.337546e-14    4.143769e-04
0  26 2.000 0.25000 iter 0 2.822522e-11 1.000000e+00    0.000000e+00
0  26 2.000 0.26000 iter 1 7.665538e-05 1.000000e+00    4.143768e-04
0  26 2.000 0.26000 iter 2 3.435811e-11 3.089465e-14    4.143769e-04
0  27 2.000 0.26000 iter 0 3.435812e-11 1.000000e+00    0.000000e+00
0  27 2.000 0.27000 iter 1 8.263735e-05 1.000000e+00    4.143768e-04
0  27 2.000 0.27000 iter 2 4.150779e-11 4.040585e-14    4.143769e-04
0  28 2.000 0.27000 iter 0 4.150776e-11 1.000000e+00    0.000000e+00
0  28 2.000 0.28000 iter 1 8.883369e-05 1.000000e+00    4.143768e-04
0  28 2.000 0.28000 iter 2 4.979716e-11 5.233976e-14    4.143769e-04
0  29 2.000 0.28000 iter 0 4.979729e-11 1.000000e+00    0.000000e+00
0  29 2.000 0.29000 iter 1 9.524291e-05 1.000000e+00    4.143768e-04
0  29 2.000 0.29000 iter 2 5.935155e-11 6.718805e-14    4.143769e-04
0  30 2.000 0.29000 iter 0 5.935164e-11 1.000000e+00    0.000000e+00
0  30 2.000 0.30000 iter 1 1.018635e-04 1.000000e+00    4.143768e-04
0  30 2.000 0.30000 iter 2 7.031058e-11 8.552951e-14    4.143769e-04
0  31 2.000 0.30000 iter 0 7.031058e-11 1.000000e+00    0.000000e+00
0  31 2.000 0.31000 iter 1 1.086938e-04 1.000000e+00    4.143768e-04
0  31 2.000 0.31000 iter 2 8.282480e-11 1.080355e-13    4.143769e-04
0  32 2.000 0.31000 iter 0 8.282480e-11 1.000000e+00    0.000000e+00
0  32 2.000 0.32000 iter 1 1.157322e-04 1.000000e+00    4.143768e-04
0  32 2.000 0.32000 iter 2 9.704675e-11 1.354672e-13    4.143769e-04
0  33 2.000 0.32000 iter 0 9.704676e-11 1.000000e+00    0.000000e+00
0  33 2.000 0.33000 iter 1 1.229771e-04 1.000000e+00    4.143768e-04
0  33 2.000 0.33000 iter 2 1.131431e-10 1.687025e-13    4.143769e-04
0  34 2.000 0.33000 iter 0 1.131432e-10 1.000000e+00    0.000000e+00
0  34 2.000 0.34000 iter 1 1.304267e-04 1.000000e+00    4.143768e-04
0  34 2.000 0.34000 iter 2 1.312955e-10 2.087520e-13    4.143769e-04
0  35 2.000 0.34000 iter 0 1.312955e-10 1.000000e+00    0.000000e+00
0  35 2.000 0.35000 iter 1 1.380792e-04 1.000000e+00    4.143768e-04
0  35 2.000 0.35000 iter 2 1.516872e-10 2.567488e-13    4.143769e-04
0  36 2.000 0.35000 iter 0 1.516871e-10 1.000000e+00    0.000000e+00
0  36 2.000 0.36000 iter 1 1.459329e-04 1.000000e+00    4.143768e-04
0  36 2.000 0.36000 iter 2 1.745133e-10 3.139833e-13    4.143769e-04
0  37 2.000 0.36000 iter 0 1.745132e-10 1.000000e+00    0.000000e+00
0  37 2.000 0.37000 iter 1 1.539857e-04 1.000000e+00    4.143768e-04
0  37 2.000 0.37000 iter 2 1.999885e-10 3.819246e-13    4.143769e-04
0  38 2.000 0.37000 iter 0 1.999884e-10 1.000000e+00    0.000000e+00
0  38 2.000 0.38000 iter 1 1.622359e-04 1.000000e+00    4.143768e-04
0  38 2.000 0.38000 iter 2 2.283249e-10 4.622046e-13    4.143769e-04
0  39 2.000 0.38000 iter 0 2.283249e-10 1.000000e+00    0.000000e+00
0  39 2.000 0.39000 iter 1 1.706815e-04 1.000000e+00    4.143769e-04
0  39 2.000 0.39000 iter 2 2.597548e-10 5.566747e-13    4.143769e-04
0  40 2.000 0.39000 iter 0 2.597547e-10 1.000000e+00    0.000000e+00
0  40 2.000 0.40000 iter 1 1.793204e-04 1.000000e+00    4.143769e-04
0  40 2.000 0.40000 iter 2 2.945197e-10 6.674022e-13    4.143769e-04
0  41 2.000 0.40000 iter 0 2.945197e-10 1.000000e+00    0.000000e+00
0  41 2.000 0.41000 iter 1 1.881506e-04 1.000000e+00    4.143769e-04
0  41 2.000 0.41000 iter 2 3.328728e-10 7.967043e-13    4.143769e-04
0  42 2.000 0.41000 iter 0 3.328727e-10 1.000000e+00    0.000000e+00
0  42 2.000 0.42000 iter 1 1.971700e-04 1.000000e+00    4.143769e-04
0  42 2.000 0.42000 iter 2 3.750719e-10 9.471406e-13    4.143769e-04
0  43 2.000 0.42000 iter 0 3.750718e-10 1.000000e+00    0.000000e+00
0  43 2.000 0.43000 iter 1 2.063766e-04 1.000000e+00    4.143769e-04
0  43 2.000 0.43000 iter 2 4.213968e-10 1.121586e-12    4.143769e-04
0  44 2.000 0.43000 iter 0 4.213969e-10 1.000000e+00    0.000000e+00
0  44 2.000 0.44000 iter 1 2.157680e-04 1.000000e+00    4.143769e-04
0  44 2.000 0.44000 iter 2 4.721347e-10 1.323223e-12    4.143769e-04
0  45 2.000 0.44000 iter 0 4.721348e-10 1.000000e+00    0.000000e+00
0  45 2.000 0.45000 iter 1 2.253421e-04 1.000000e+00    4.143769e-04
0  45 2.000 0.45000 iter 2 5.275827e-10 1.555574e-12    4.143769e-04
0  46 2.000 0.45000 iter 0 5.275827e-10 1.000000e+00    0.000000e+00
0  46 2.000 0.46000 iter 1 2.350967e-04 1.000000e+00    4.143769e-04
0  46 2.000 0.46000 iter 2 5.880473e-10 1.822518e-12    4.143769e-04
0  47 2.000 0.46000 iter 0 5.880472e-10 1.000000e+00    0.000000e+00
0  47 2.000 0.47000 iter 1 2.450294e-04 1.000000e+00    4.143769e-04
0  47 2.000 0.47000 iter 2 6.538580e-10 2.128377e-12    4.143769e-04
0  48 2.000 0.47000 iter 0 6.538580e-10 1.000000e+00    0.000000e+00
0  48 2.000 0.48000 iter 1 2.551379e-04 1.000000e+00    4.143769e-04
0  48 2.000 0.48000 iter 2 7.253400e-10 2.477859e-12    4.143769e-04
0  49 2.000 0.48000 iter 0 7.253401e-10 1.000000e+00    0.000000e+00
0  49 2.000 0.49000 iter 1 2.654199e-04 1.000000e+00    4.143769e-04
0  49 2.000 0.49000 iter 2 8.028508e-10 2.876208e-12    4.143769e-04
0  50 2.000 0.49000 iter 0 8.028508e-10 1.000000e+00    0.000000e+00
0  50 2.000 0.50000 iter 1 2.758729e-04 1.000000e+00    4.143769e-04
0  50 2.000 0.50000 iter 2 8.867416e-10 3.329130e-12    4.143769e-04
0  51 2.000 0.50000 iter 0 8.867417e-10 1.000000e+00    0.000000e+00
0  51 2.000 0.51000 iter 1 2.864944e-04 1.000000e+00    4.143769e-04
0  51 2.000 0.51000 iter 2 9.773825e-10 3.842893e-12    4.143769e-04
0  52 2.000 0.51000 iter 0 9.773824e-10 1.000000e+00    0.000000e+00
0  52 2.000 0.52000 iter 1 2.972821e-04 1.000000e+00    4.143769e-04
0  52 2.000 0.52000 iter 2 1.075162e-09 4.424396e-12    4.143769e-04
0  53 2.000 0.52000 iter 0 1.075162e-09 1.000000e+00    0.000000e+00
0  53 2.000 0.53000 iter 1 3.082334e-04 1.000000e+00    4.143769e-04
0  53 2.000 0.53000 iter 2 1.180470e-09 5.081151e-12    4.143769e-04
0  54 2.000 0.53000 iter 0 1.180470e-09 1.000000e+00    0.000000e+00
0  54 2.000 0.54000 iter 1 3.193457e-04 1.000000e+00    4.143769e-04
0  54 2.000 0.54000 iter 2 1.293719e-09 5.821386e-12    4.143769e-04
0  55 2.000 0.54000 iter 0 1.293719e-09 1.000000e+00    0.000000e+00
0  55 2.000 0.55000 iter 1 3.306164e-04 1.000000e+00    4.143769e-04
0  55 2.000 0.55000 iter 2 1.415324e-09 6.654056e-12    4.143769e-04
0  56 2.000 0.55000 iter 0 1.415324e-09 1.000000e+00    0.000000e+00
0  56 2.000 0.56000 iter 1 3.420429e-04 1.000000e+00    4.143769e-04
0  56 2.000 0.56000 iter 2 1.545722e-09 7.588964e-12    4.143769e-04
0  57 2.000 0.56000 iter 0 1.545721e-09 1.000000e+00    0.000000e+00
0  57 2.000 0.57000 iter 1 3.536227e-04 1.000000e+00    4.143769e-04
0  57 2.000 0.57000 iter 2 1.685356e-09 8.636759e-12    4.143769e-04
0  58 2.000 0.57000 iter 0 1.685356e-09 1.000000e+00    0.000000e+00
0  58 2.000 0.58000 iter 1 3.653529e-04 1.000000e+00    4.143769e-04
0  58 2.000 0.58000 iter 2 1.834679e-09 9.809012e-12    4.143769e-04
0  59 2.000 0.58000 iter 0 1.834679e-09 1.000000e+00    0.000000e+00
0  59 2.000 0.59000 iter 1 3.772309e-04 1.000000e+00    4.143769e-04
0  59 2.000 0.59000 iter 2 1.994166e-09 1.111834e-11    4.143770e-04
0  60 2.000 0.59000 iter 0 1.994166e-09 1.000000e+00    0.000000e+00
0  60 2.000 0.60000 iter 1 3.892540e-04 1.000000e+00    4.143769e-04
0  60 2.000 0.60000 iter 2 2.164296e-09 1.257842e-11    4.143770e-04
0  61 2.000 0.60000 iter 0 2.164296e-09 1.000000e+00    0.000000e+00
0  61 2.000 0.61000 iter 1 4.014193e-04 1.000000e+00    4.143769e-04
0  61 2.000 0.61000 iter 2 2.345564e-09 1.420410e-11    4.143770e-04
0  62 2.000 0.61000 iter 0 2.345564e-09 1.000000e+00    0.000000e+00
0  62 2.000 0.62000 iter 1 4.137241e-04 1.000000e+00    4.143769e-04
0  62 2.000 0.62000 iter 2 2.538468e-09 1.601145e-11    4.143770e-04
0  63 2.000 0.62000 iter 0 2.538468e-09 1.000000e+00    0.000000e+00
0  63 2.000 0.63000 iter 1 4.261655e-04 1.000000e+00    4.143769e-04
0  63 2.000 0.63000 iter 2 2.743530e-09 1.801792e-11    4.143770e-04
0  64 2.000 0.63000 iter 0 2.743531e-09 1.000000e+00    0.000000e+00
0  64 2.000 0.64000 iter 1 4.387408e-04 1.000000e+00    4.143769e-04
0  64 2.000 0.64000 iter 2 2.961284e-09 2.024241e-11    4.143770e-04
0  65 2.000 0.64000 iter 0 2.961284e-09 1.000000e+00    0.000000e+00
0  65 2.000 0.65000 iter 1 4.514470e-04 1.000000e+00    4.143769e-04
0  65 2.000 0.65000 iter 2 3.192263e-09 2.270532e-11    4.143770e-04
0  66 2.000 0.65000 iter 0 3.192263e-09 1.000000e+00    0.000000e+00
0  66 2.000 0.66000 iter 1 4.642812e-04 1.000000e+00    4.143769e-04
0  66 2.000 0.66000 iter 2 3.437023e-09 2.542874e-11    4.143770e-04
0  67 2.000 0.66000 iter 0 3.437023e-09 1.000000e+00    0.000000e+00
0  67 2.000 0.67000 iter 1 4.772405e-04 1.000000e+00    4.143769e-04
0  67 2.000 0.67000 iter 2 3.696126e-09 2.843652e-11    4.143770e-04
0  68 2.000 0.67000 iter 0 3.696126e-09 1.000000e+00    0.000000e+00
0  68 2.000 0.68000 iter 1 4.903219e-04 1.000000e+00    4.143769e-04
0  68 2.000 0.68000 iter 2 3.970152e-09 3.175449e-11    4.143770e-04
0  69 2.000 0.68000 iter 0 3.970152e-09 1.000000e+00    0.000000e+00
0  69 2.000 0.69000 iter 1 5.035226e-04 1.000000e+00    4.143769e-04
0  69 2.000 0.69000 iter 2 4.259679e-09 3.541039e-11    4.143770e-04
0  70 2.000 0.69000 iter 0 4.259679e-09 1.000000e+00    0.000000e+00
0  70 2.000 0.70000 iter 1 5.168394e-04 1.000000e+00    4.143769e-04
0  70 2.000 0.70000 iter 2 4.565309e-09 3.943427e-11    4.143770e-04
0  71 2.000 0.70000 iter 0 4.565309e-09 1.000000e+00    0.000000e+00
0  71 2.000 0.71000 iter 1 5.302694e-04 1.000000e+00    4.143769e-04
0  71 2.000 0.71000 iter 2 4.887648e-09 4.385852e-11    4.143770e-04
0  72 2.000 0.71000 iter 0 4.887648e-09 1.000000e+00    0.000000e+00
0  72 2.000 0.72000 iter 1 5.438096e-04 1.000000e+00    4.143769e-04
0  72 2.000 0.72000 iter 2 5.227321e-09 4.871806e-11    4.143770e-04
0  73 2.000 0.72000 iter 0 5.227320e-09 1.000000e+00    0.000000e+00
0  73 2.000 0.73000 iter 1 5.574568e-04 1.000000e+00    4.143769e-04
0  73 2.000 0.73000 iter 2 5.584951e-09 5.405047e-11    4.143770e-04
0  74 2.000 0.73000 iter 0 5.584951e-09 1.000000e+00    0.000000e+00
0  74 2.000 0.74000 iter 1 5.712081e-04 1.000000e+00    4.143769e-04
0  74 2.000 0.74000 iter 2 5.961175e-09 5.989624e-11    4.143770e-04
0  75 2.000 0.74000 iter 0 5.961175e-09 1.000000e+00    0.000000e+00
0  75 2.000 0.75000 iter 1 5.850604e-04 1.000000e+00    4.143769e-04
0  75 2.000 0.75000 iter 2 6.356650e-09 6.629908e-11    4.143770e-04
0  76 2.000 0.75000 iter 0 6.356650e-09 1.000000e+00    0.000000e+00
0  76 2.000 0.76000 iter 1 5.990106e-04 1.000000e+00    4.143769e-04
0  76 2.000 0.76000 iter 2 6.772024e-09 7.330588e-11    4.143770e-04
0  77 2.000 0.76000 iter 0 6.772024e-09 1.000000e+00    0.000000e+00
0  77 2.000 0.77000 iter 1 6.130554e-04 1.000000e+00    4.143769e-04
0  77 2.000 0.77000 iter 2 7.207979e-09 8.096733e-11    4.143770e-04
0  78 2.000 0.77000 iter 0 7.207979e-09 1.000000e+00    0.000000e+00
0  78 2.000 0.78000 iter 1 6.271919e-04 1.000000e+00    4.143769e-04
0  78 2.000 0.78000 iter 2 7.665183e-09 8.933774e-11    4.143770e-04
0  79 2.000 0.78000 iter 0 7.665183e-09 1.000000e+00    0.000000e+00
0  79 2.000 0.79000 iter 1 6.414169e-04 1.000000e+00    4.143769e-04
0  79 2.000 0.79000 iter 2 8.144327e-09 9.847576e-11    4.143770e-04
0  80 2.000 0.79000 iter 0 8.144327e-09 1.000000e+00    0.000000e+00
0  80 2.000 0.80000 iter 1 6.557272e-04 1.000000e+00    4.143769e-04
0  80 2.000 0.80000 iter 2 8.646107e-09 1.084444e-10    4.143771e-04
0  81 2.000 0.80000 iter 0 8.646107e-09 1.000000e+00    0.000000e+00
0  81 2.000 0.81000 iter 1 6.701197e-04 1.000000e+00    4.143769e-04
0  81 2.000 0.81000 iter 2 9.171221e-09 1.193113e-10    4.143771e-04
0  82 2.000 0.81000 iter 0 9.171221e-09 1.000000e+00    0.000000e+00
0  82 2.000 0.82000 iter 1 6.845912e-04 1.000000e+00    4.143769e-04
0  82 2.000 0.82000 iter 2 9.720393e-09 1.311495e-10    4.143771e-04
0  83 2.000 0.82000 iter 0 9.720392e-09 1.000000e+00    0.000000e+00
0  83 2.000 0.83000 iter 1 6.991385e-04 1.000000e+00    4.143769e-04
0  83 2.000 0.83000 iter 2 1.029433e-08 1.440373e-10    4.143771e-04
0  84 2.000 0.83000 iter 0 1.029433e-08 1.000000e+00    0.000000e+00
0  84 2.000 0.84000 iter 1 7.137585e-04 1.000000e+00    4.143769e-04
0  84 2.000 0.84000 iter 2 1.089377e-08 1.580591e-10    4.143771e-04
0  85 2.000 0.84000 iter 0 1.089377e-08 1.000000e+00    0.000000e+00
0  85 2.000 0.85000 iter 1 7.284478e-04 1.000000e+00    4.143769e-04
0  85 2.000 0.85000 iter 2 1.151944e-08 1.733057e-10    4.143771e-04
0  86 2.000 0.85000 iter 0 1.151944e-08 1.000000e+00    0.000000e+00
0  86 2.000 0.86000 iter 1 7.432034e-04 1.000000e+00    4.143769e-04
0  86 2.000 0.86000 iter 2 1.217209e-08 1.898745e-10    4.143771e-04
0  87 2.000 0.86000 iter 0 1.217209e-08 1.000000e+00    0.000000e+00
0  87 2.000 0.87000 iter 1 7.580220e-04 1.000000e+00    4.143769e-04
0  87 2.000 0.87000 iter 2 1.285246e-08 2.078704e-10    4.143771e-04
0  88 2.000 0.87000 iter 0 1.285246e-08 1.000000e+00    0.000000e+00
0  88 2.000 0.88000 iter 1 7.729004e-04 1.000000e+00    4.143769e-04
0  88 2.000 0.88000 iter 2 1.356131e-08 2.274065e-10    4.143771e-04
0  89 2.000 0.88000 iter 0 1.356131e-08 1.000000e+00    0.000000e+00
0  89 2.000 0.89000 iter 1 7.878354e-04 1.000000e+00    4.143769e-04
0  89 2.000 0.89000 iter 2 1.429941e-08 2.486041e-10    4.143771e-04
0  90 2.000 0.89000 iter 0 1.429941e-08 1.000000e+00    0.000000e+00
0  90 2.000 0.90000 iter 1 8.028237e-04 1.000000e+00    4.143769e-04
0  90 2.000 0.90000 iter 2 1.506750e-08 2.715940e-10    4.143771e-04
0  91 2.000 0.90000 iter 0 1.506750e-08 1.000000e+00    0.000000e+00
0  91 2.000 0.91000 iter 1 8.178621e-04 1.000000e+00    4.143769e-04
0  91 2.000 0.91000 iter 2 1.586638e-08 2.965169e-10    4.143771e-04
0  92 2.000 0.91000 iter 0 1.586638e-08 1.000000e+00    0.000000e+00
0  92 2.000 0.92000 iter 1 8.329475e-04 1.000000e+00    4.143769e-04
0  92 2.000 0.92000 iter 2 1.669681e-08 3.235244e-10    4.143771e-04
0  93 2.000 0.92000 iter 0 1.669681e-08 1.000000e+00    0.000000e+00
0  93 2.000 0.93000 iter 1 8.480765e-04 1.000000e+00    4.143769e-04
0  93 2.000 0.93000 iter 2 1.755958e-08 3.527793e-10    4.143771e-04
0  94 2.000 0.93000 iter 0 1.755958e-08 1.000000e+00    0.000000e+00
0  94 2.000 0.94000 iter 1 8.632460e-04 1.000000e+00    4.143769e-04
0  94 2.000 0.94000 iter 2 1.845546e-08 3.844575e-10    4.143771e-04
0  95 2.000 0.94000 iter 0 1.845546e-08 1.000000e+00    0.000000e+00
0  95 2.000 0.95000 iter 1 8.784527e-04 1.000000e+00    4.143769e-04
0  95 2.000 0.95000 iter 2 1.938526e-08 4.187484e-10    4.143771e-04
0  96 2.000 0.95000 iter 0 1.938526e-08 1.000000e+00    0.000000e+00
0  96 2.000 0.96000 iter 1 8.936934e-04 1.000000e+00    4.143769e-04
0  96 2.000 0.96000 iter 2 2.034975e-08 4.558560e-10    4.143772e-04
0  97 2.000 0.96000 iter 0 2.034975e-08 1.000000e+00    0.000000e+00
0  97 2.000 0.97000 iter 1 9.089649e-04 1.000000e+00    4.143769e-04
0  97 2.000 0.97000 iter 2 2.134975e-08 4.960006e-10    4.143772e-04
0  98 2.000 0.97000 iter 0 2.134975e-08 1.000000e+00    0.000000e+00
0  98 2.000 0.98000 iter 1 9.242640e-04 1.000000e+00    4.143769e-04
0  98 2.000 0.98000 iter 2 2.238603e-08 5.394195e-10    4.143772e-04
0  99 2.000 0.98000 iter 0 2.238603e-08 1.000000e+00    0.000000e+00
0  99 2.000 0.99000 iter 1 9.395874e-04 1.000000e+00    4.143769e-04
0  99 2.000 0.99000 iter 2 2.345941e-08 5.863693e-10    4.143772e-04
0 100 2.000 0.99000 iter 0 2.345941e-08 1.000000e+00    0.000000e+00
0 100 2.000 1.00000 iter 1 9.549320e-04 1.000000e+00    4.143769e-04
0 100 2.000 1.00000 iter 2 2.457067e-08 6.371266e-10    4.143772e-04
Element data written 1.000000
Nodal data written 1.000000
Restart data written 1.000000
0 101 2.000 1.00000 iter 0 2.457067e-08 1.000000e+00    0.000000e+00
0 101 2.000 1.01000 iter 1 9.702945e-04 1.000000e+00    4.143769e-04
0 101 2.000 1.01000 iter 2 2.572064e-08 6.919911e-10    4.143772e-04
0 102 2.000 1.01000 iter 0 2.572064e-08 1.000000e+00    0.000000e+00
0 102 2.000 1.02000 iter 1 9.856718e-04 1.000000e+00    4.143770e-04
0 102 2.000 1.02000 iter 2 2.691010e-08 7.512861e-10    4.143772e-04
0 103 2.000 1.02000 iter 0 2.691010e-08 1.000000e+00    0.000000e+00
0 103 2.000 1.03000 iter 1 1.001061e-03 1.000000e+00    4.143770e-04
0 103 2.000 1.03000 iter 2 2.813987e-08 8.153618e-10    4.143772e-04
0 104 2.000 1.03000 iter 0 2.813987e-08 1.000000e+00    0.000000e+00
0 104 2.000 1.04000 iter 1 1.016458e-03 1.000000e+00    4.143770e-04
0 104 2.000 1.04000 iter 2 2.941074e-08 8.845975e-10    4.143772e-04
0 105 2.000 1.04000 iter 0 2.941074e-08 1.000000e+00    0.000000e+00
0 105 2.000 1.05000 iter 1 1.031860e-03 1.000000e+00    4.143770e-04
0 105 2.000 1.05000 iter 2 3.072352e-08 9.594040e-10    4.143772e-04
0 106 2.000 1.05000 iter 0 3.072352e-08 1.000000e+00    0.000000e+00
0 106 2.000 1.06000 iter 1 1.047265e-03 1.000000e+00    4.143770e-04
0 106 2.000 1.06000 iter 2 3.207900e-08 1.040227e-09    4.143772e-04
0 107 2.000 1.06000 iter 0 3.207900e-08 1.000000e+00    0.000000e+00
0 107 2.000 1.07000 iter 1 1.062668e-03 1.000000e+00    4.143770e-04
0 107 2.000 1.07000 iter 2 3.347800e-08 1.127550e-09    4.143772e-04
0 108 2.000 1.07000 iter 0 3.347800e-08 1.000000e+00    0.000000e+00
0 108 2.000 1.08000 iter 1 1.078068e-03 1.000000e+00    4.143770e-04
0 108 2.000 1.08000 iter 2 3.492131e-08 1.221900e-09    4.143772e-04
0 109 2.000 1.08000 iter 0 3.492131e-08 1.000000e+00    0.000000e+00
0 109 2.000 1.09000 iter 1 1.093460e-03 1.000000e+00    4.143770e-04
0 109 2.000 1.09000 iter 2 3.640972e-08 1.323847e-09    4.143772e-04
0 110 2.000 1.09000 iter 0 3.640972e-08 1.000000e+00    0.000000e+00
0 110 2.000 1.10000 iter 1 1.108841e-03 1.000000e+00    4.143770e-04
0 110 2.000 1.10000 iter 2 3.794403e-08 1.434014e-09    4.143773e-04
0 111 2.000 1.10000 iter 0 3.794403e-08 1.000000e+00    0.000000e+00
0 111 2.000 1.11000 iter 1 1.124209e-03 1.000000e+00    4.143770e-04
0 111 2.000 1.11000 iter 2 3.952504e-08 1.553080e-09    4.143773e-04
0 112 2.000 1.11000 iter 0 3.952504e-08 1.000000e+00    0.000000e+00
0 112 2.000 1.12000 iter 1 1.139561e-03 1.000000e+00    4.143770e-04
0 112 2.000 1.12000 iter 2 4.115351e-08 1.681786e-09    4.143773e-04
0 113 2.000 1.12000 iter 0 4.115351e-08 1.000000e+00    0.000000e+00
0 113 2.000 1.13000 iter 1 1.154893e-03 1.000000e+00    4.143770e-04
0 113 2.000 1.13000 iter 2 4.283026e-08 1.820939e-09    4.143773e-04
0 114 2.000 1.13000 iter 0 4.283026e-08 1.000000e+00    0.000000e+00
0 114 2.000 1.14000 iter 1 1.170202e-03 1.000000e+00    4.143770e-04
0 114 2.000 1.14000 iter 2 4.455603e-08 1.971426e-09    4.143773e-04
0 115 2.000 1.14000 iter 0 4.455603e-08 1.000000e+00    0.000000e+00
0 115 2.000 1.15000 iter 1 1.185485e-03 1.000000e+00    4.143770e-04
0 115 2.000 1.15000 iter 2 4.633161e-08 2.134215e-09    4.143773e-04
0 116 2.000 1.15000 iter 0 4.633161e-08 1.000000e+00    0.000000e+00
0 116 2.000 1.16000 iter 1 1.200740e-03 1.000000e+00    4.143770e-04
0 116 2.000 1.16000 iter 2 4.815778e-08 2.310372e-09    4.143773e-04
0 117 2.000 1.16000 iter 0 4.815778e-08 1.000000e+00    0.000000e+00
0 117 2.000 1.17000 iter 1 1.215963e-03 1.000000e+00    4.143770e-04
0 117 2.000 1.17000 iter 2 5.003528e-08 2.501064e-09    4.143773e-04
0 118 2.000 1.17000 iter 0 5.003528e-08 1.000000e+00    0.000000e+00
0 118 2.000 1.18000 iter 1 1.231151e-03 1.000000e+00    4.143770e-04
0 118 2.000 1.18000 iter 2 5.196487e-08 2.707581e-09    4.143773e-04
0 119 2.000 1.18000 iter 0 5.196487e-08 1.000000e+00    0.000000e+00
0 119 2.000 1.19000 iter 1 1.246302e-03 1.000000e+00    4.143770e-04
0 119 2.000 1.19000 iter 2 5.394731e-08 2.931341e-09    4.143773e-04
0 120 2.000 1.19000 iter 0 5.394731e-08 1.000000e+00    0.000000e+00
0 120 2.000 1.20000 iter 1 1.261412e-03 1.000000e+00    4.143770e-04
0 120 2.000 1.20000 iter 2 5.598333e-08 3.173913e-09    4.143773e-04
0 121 2.000 1.20000 iter 0 5.598333e-08 1.000000e+00    0.000000e+00
0 121 2.000 1.21000 iter 1 1.276479e-03 1.000000e+00    4.143770e-04
0 121 2.000 1.21000 iter 2 5.807367e-08 3.437033e-09    4.143773e-04
0 122 2.000 1.21000 iter 0 5.807367e-08 1.000000e+00    0.000000e+00
0 122 2.000 1.22000 iter 1 1.291499e-03 1.000000e+00    4.143770e-04
0 122 2.000 1.22000 iter 2 6.021905e-08 3.722628e-09    4.143773e-04
0 123 2.000 1.22000 iter 0 6.021905e-08 1.000000e+00    0.000000e+00
0 123 2.000 1.23000 iter 1 1.306471e-03 1.000000e+00    4.143770e-04
0 123 2.000 1.23000 iter 2 6.242018e-08 4.032840e-09    4.143774e-04
0 124 2.000 1.23000 iter 0 6.242018e-08 1.000000e+00    0.000000e+00
0 124 2.000 1.24000 iter 1 1.321390e-03 1.000000e+00    4.143770e-04
0 124 2.000 1.24000 iter 2 6.467779e-08 4.370057e-09    4.143774e-04
0 125 2.000 1.24000 iter 0 6.467779e-08 1.000000e+00    0.000000e+00
0 125 2.000 1.25000 iter 1 1.336254e-03 1.000000e+00    4.143770e-04
0 125 2.000 1.25000 iter 2 6.699255e-08 4.736946e-09    4.143774e-04
0 126 2.000 1.25000 iter 0 6.699255e-08 1.000000e+00    0.000000e+00
0 126 2.000 1.26000 iter 1 1.351061e-03 1.000000e+00    4.143770e-04
0 126 2.000 1.26000 iter 2 6.936516e-08 5.136497e-09    4.143774e-04
0 127 2.000 1.26000 iter 0 6.936516e-08 1.000000e+00    0.000000e+00
0 127 2.000 1.27000 iter 1 1.365807e-03 1.000000e+00    4.143770e-04
0 127 2.000 1.27000 iter 2 7.179630e-08 5.572070e-09    4.143774e-04
0 128 2.000 1.27000 iter 0 7.179630e-08 1.000000e+00    0.000000e+00
0 128 2.000 1.28000 iter 1 1.380490e-03 1.000000e+00    4.143770e-04
0 128 2.000 1.28000 iter 2 7.428662e-08 6.047449e-09    4.143774e-04
0 129 2.000 1.28000 iter 0 7.428662e-08 1.000000e+00    0.000000e+00
0 129 2.000 1.29000 iter 1 1.395108e-03 1.000000e+00    4.143770e-04
0 129 2.000 1.29000 iter 2 7.683680e-08 6.566917e-09    4.143774e-04
0 130 2.000 1.29000 iter 0 7.683680e-08 1.000000e+00    0.000000e+00
0 130 2.000 1.30000 iter 1 1.409656e-03 1.000000e+00    4.143770e-04
0 130 2.000 1.30000 iter 2 7.944747e-08 7.135333e-09    4.143774e-04
0 131 2.000 1.30000 iter 0 7.944747e-08 1.000000e+00    0.000000e+00
0 131 2.000 1.31000 iter 1 1.424134e-03 1.000000e+00    4.143770e-04
0 131 2.000 1.31000 iter 2 8.211924e-08 7.758230e-09    4.143774e-04
0 132 2.000 1.31000 iter 0 8.211924e-08 1.000000e+00    0.000000e+00
0 132 2.000 1.32000 iter 1 1.438538e-03 1.000000e+00    4.143770e-04
0 132 2.000 1.32000 iter 2 8.485277e-08 8.441939e-09    4.143774e-04
0 133 2.000 1.32000 iter 0 8.485277e-08 1.000000e+00    0.000000e+00
0 133 2.000 1.33000 iter 1 1.452865e-03 1.000000e+00    4.143770e-04
0 133 2.000 1.33000 iter 2 8.764863e-08 9.193731e-09    4.143774e-04
0 134 2.000 1.33000 iter 0 8.764863e-08 1.000000e+00    0.000000e+00
0 134 2.000 1.34000 iter 1 1.467114e-03 1.000000e+00    4.143770e-04
0 134 2.000 1.34000 iter 2 9.050742e-08 1.002199e-08    4.143775e-04
0 135 2.000 1.34000 iter 0 9.050742e-08 1.000000e+00    0.000000e+00
0 135 2.000 1.35000 iter 1 1.481281e-03 1.000000e+00    4.143770e-04
0 135 2.000 1.35000 iter 2 9.342971e-08 1.093646e-08    4.143775e-04
0 136 2.000 1.35000 iter 0 9.342971e-08 1.000000e+00    0.000000e+00
0 136 2.000 1.36000 iter 1 1.495364e-03 1.000000e+00    4.143770e-04
0 136 2.000 1.36000 iter 2 9.641609e-08 1.194847e-08    4.143775e-04
0 137 2.000 1.36000 iter 0 9.641609e-08 1.000000e+00    0.000000e+00
0 137 2.000 1.37000 iter 1 1.509360e-03 1.000000e+00    4.143770e-04
0 137 2.000 1.37000 iter 2 9.946707e-08 1.307133e-08    4.143775e-04
0 138 2.000 1.37000 iter 0 9.946707e-08 1.000000e+00    0.000000e+00
0 138 2.000 1.38000 iter 1 1.523268e-03 1.000000e+00    4.143771e-04
0 138 2.000 1.38000 iter 2 1.025832e-07 1.432077e-08    4.143775e-04
0 139 2.000 1.38000 iter 0 1.025832e-07 1.000000e+00    0.000000e+00
0 139 2.000 1.39000 iter 1 1.537084e-03 1.000000e+00    4.143771e-04
0 139 2.000 1.39000 iter 2 1.057650e-07 1.571543e-08    4.143775e-04
0 140 2.000 1.39000 iter 0 1.057650e-07 1.000000e+00    0.000000e+00
0 140 2.000 1.40000 iter 1 1.550806e-03 1.000000e+00    4.143771e-04
0 140 2.000 1.40000 iter 2 1.090130e-07 1.727770e-08    4.143775e-04
0 141 2.000 1.40000 iter 0 1.090130e-07 1.000000e+00    0.000000e+00
0 141 2.000 1.41000 iter 1 1.564433e-03 1.000000e+00    4.143771e-04
0 141 2.000 1.41000 iter 2 1.123276e-07 1.903457e-08    4.143775e-04
0 142 2.000 1.41000 iter 0 1.123276e-07 1.000000e+00    0.000000e+00
0 142 2.000 1.42000 iter 1 1.577961e-03 1.000000e+00    4.143771e-04
0 142 2.000 1.42000 iter 2 1.157094e-07 2.101897e-08    4.143775e-04
0 143 2.000 1.42000 iter 0 1.157094e-07 1.000000e+00    0.000000e+00
0 143 2.000 1.43000 iter 1 1.591388e-03 1.000000e+00    4.143771e-04
0 143 2.000 1.43000 iter 2 1.191587e-07 2.327143e-08    4.143775e-04
0 144 2.000 1.43000 iter 0 1.191587e-07 1.000000e+00    0.000000e+00
0 144 2.000 1.44000 iter 1 1.604712e-03 1.000000e+00    4.143771e-04
0 144 2.000 1.44000 iter 2 1.226761e-07 2.584242e-08    4.143776e-04
0 145 2.000 1.44000 iter 0 1.226761e-07 1.000000e+00    0.000000e+00
0 145 2.000 1.45000 iter 1 1.617932e-03 1.000000e+00    4.143771e-04
0 145 2.000 1.45000 iter 2 1.262618e-07 2.879558e-08    4.143776e-04
0 146 2.000 1.45000 iter 0 1.262618e-07 1.000000e+00    0.000000e+00
0 146 2.000 1.46000 iter 1 1.631043e-03 1.000000e+00    4.143771e-04
0 146 2.000 1.46000 iter 2 1.299164e-07 3.221233e-08    4.143776e-04
0 147 2.000 1.46000 iter 0 1.299164e-07 1.000000e+00    0.000000e+00
0 147 2.000 1.47000 iter 1 1.644046e-03 1.000000e+00    4.143771e-04
0 147 2.000 1.47000 iter 2 1.336402e-07 3.619848e-08    4.143776e-04
0 148 2.000 1.47000 iter 0 1.336402e-07 1.000000e+00    0.000000e+00
0 148 2.000 1.48000 iter 1 1.656937e-03 1.000000e+00    4.143771e-04
0 148 2.000 1.48000 iter 2 1.374336e-07 4.089415e-08    4.143776e-04
0 149 2.000 1.48000 iter 0 1.374336e-07 1.000000e+00    0.000000e+00
0 149 2.000 1.49000 iter 1 1.669714e-03 1.000000e+00    4.143771e-04
0 149 2.000 1.49000 iter 2 1.412968e-07 4.648880e-08    4.143776e-04
0 150 2.000 1.49000 iter 0 1.412968e-07 1.000000e+00    0.000000e+00
0 150 2.000 1.50000 iter 1 1.682376e-03 1.000000e+00    4.143771e-04
0 150 2.000 1.50000 iter 2 1.452303e-07 5.324514e-08    4.143776e-04
0 151 2.000 1.50000 iter 0 1.452303e-07 1.000000e+00    0.000000e+00
0 151 2.000 1.51000 iter 1 1.694920e-03 1.000000e+00    4.143771e-04
0 151 2.000 1.51000 iter 2 1.492343e-07 6.153814e-08    4.143776e-04
0 152 2.000 1.51000 iter 0 1.492343e-07 1.000000e+00    0.000000e+00
0 152 2.000 1.52000 iter 1 1.752257e-03 1.000000e+00    4.143771e-04
0 152 2.000 1.52000 iter 2 1.306177e-07 6.336733e-08    4.143777e-04
0 153 2.000 1.52000 iter 0 1.306177e-07 1.000000e+00    0.000000e+00
0 153 2.000 1.53000 iter 1 2.059251e-03 1.000000e+00    4.143771e-04
0 153 2.000 1.53000 iter 2 1.826486e-07 1.277215e-07    4.143778e-04
0 154 2.000 1.53000 iter 0 1.826486e-07 1.000000e+00    0.000000e+00
0 154 2.000 1.54000 iter 1 2.409229e-03 1.000000e+00    4.143771e-04
0 154 2.000 1.54000 iter 2 2.531249e-07 2.704533e-07    4.143779e-04
0 155 2.000 1.54000 iter 0 2.531249e-07 1.000000e+00    0.000000e+00
0 155 2.000 1.55000 iter 1 2.762710e-03 1.000000e+00    4.143771e-04
0 155 2.000 1.55000 iter 2 3.369972e-07 5.927460e-07    4.143780e-04
0 156 2.000 1.55000 iter 0 3.369972e-07 1.000000e+00    0.000000e+00
0 156 2.000 1.56000 iter 1 3.232127e-03 1.000000e+00    4.143771e-04
0 156 2.000 1.56000 iter 2 2.225921e-07 9.302777e-07    4.143782e-04
0 157 2.000 1.56000 iter 0 2.225921e-07 1.000000e+00    0.000000e+00
0 157 2.000 1.57000 iter 1 4.202462e-03 1.000000e+00    4.143771e-04
0 157 2.000 1.57000 iter 2 3.937600e-07 2.943398e-06    4.143785e-04
0 158 2.000 1.57000 iter 0 3.937600e-07 1.000000e+00    0.000000e+00
0 158 2.000 1.58000 iter 1 5.240958e-03 1.000000e+00    4.143771e-04
0 158 2.000 1.58000 iter 2 6.393988e-07 1.701322e-06    4.143789e-04
0 159 2.000 1.58000 iter 0 6.393988e-07 1.000000e+00    0.000000e+00
0 159 2.000 1.59000 iter 1 6.342011e-03 1.000000e+00    4.143771e-04
0 159 2.000 1.59000 iter 2 6.177596e-07 1.118559e-06    4.143792e-04
0 160 2.000 1.59000 iter 0 6.177596e-07 1.000000e+00    0.000000e+00
0 160 2.000 1.60000 iter 1 7.615635e-03 1.000000e+00    4.143772e-04
0 160 2.000 1.60000 iter 2 9.811542e-07 1.386753e-06    4.143797e-04
0 161 2.000 1.60000 iter 0 9.811542e-07 1.000000e+00    0.000000e+00
0 161 2.000 1.61000 iter 1 8.904930e-03 1.000000e+00    4.143772e-04
0 161 2.000 1.61000 iter 2 1.462880e-06 1.783094e-06    4.143801e-04
0 162 2.000 1.61000 iter 0 1.462880e-06 1.000000e+00    0.000000e+00
0 162 2.000 1.62000 iter 1 1.019615e-02 1.000000e+00    4.143772e-04
0 162 2.000 1.62000 iter 2 2.074576e-06 2.292723e-06    4.143806e-04
0 163 2.000 1.62000 iter 0 2.074576e-06 1.000000e+00    0.000000e+00
0 163 2.000 1.63000 iter 1 1.148851e-02 1.000000e+00    4.143772e-04
0 163 2.000 1.63000 iter 2 2.830094e-06 2.916969e-06    4.143811e-04
0 164 2.000 1.63000 iter 0 2.830094e-06 1.000000e+00    0.000000e+00
0 164 2.000 1.64000 iter 1 1.278114e-02 1.000000e+00    4.143772e-04
0 164 2.000 1.64000 iter 2 3.742949e-06 3.661878e-06    4.143816e-04
0 165 2.000 1.64000 iter 0 3.742949e-06 1.000000e+00    0.000000e+00
0 165 2.000 1.65000 iter 1 1.391056e-02 1.000000e+00    4.143773e-04
0 165 2.000 1.65000 iter 2 9.815507e-06 8.997340e-06    4.143820e-04
0 166 2.000 1.65000 iter 0 9.815507e-06 1.000000e+00    0.000000e+00
0 166 2.000 1.66000 iter 1 1.470116e-02 1.000000e+00    4.143773e-04
0 166 2.000 1.66000 iter 2 1.163816e-05 9.613538e-06    4.143824e-04
0 166 2.000 1.66000 iter 3 7.209830e-12 4.707770e-15    4.143824e-04
0 167 2.000 1.66000 iter 0 7.209750e-12 1.000000e+00    0.000000e+00
0 167 2.000 1.67000 iter 1 1.547371e-02 1.000000e+00    4.143773e-04
0 167 2.000 1.67000 iter 2 1.364658e-05 1.034094e-05    4.143827e-04
0 167 2.000 1.67000 iter 3 1.049219e-11 6.998376e-15    4.143827e-04
0 168 2.000 1.67000 iter 0 1.049162e-11 1.000000e+00    0.000000e+00
0 168 2.000 1.68000 iter 1 1.611817e-02 1.000000e+00    4.143773e-04
0 168 2.000 1.68000 iter 2 2.196577e-05 1.537092e-05    4.143830e-04
0 168 2.000 1.68000 iter 3 4.027778e-11 3.830585e-14    4.143830e-04
0 169 2.000 1.68000 iter 0 4.027768e-11 1.000000e+00    0.000000e+00
0 169 2.000 1.69000 iter 1 1.648797e-02 1.000000e+00    4.143774e-04
0 169 2.000 1.69000 iter 2 2.425651e-05 1.551286e-05    4.143833e-04
0 169 2.000 1.69000 iter 3 5.181862e-11 4.861157e-14    4.143832e-04
0 170 2.000 1.69000 iter 0 5.181817e-11 1.000000e+00    0.000000e+00
0 170 2.000 1.70000 iter 1 1.684099e-02 1.000000e+00    4.143774e-04
0 170 2.000 1.70000 iter 2 2.667163e-05 1.576738e-05    4.143835e-04
0 170 2.000 1.70000 iter 3 6.601050e-11 6.160745e-14    4.143835e-04
0 171 2.000 1.70000 iter 0 6.601041e-11 1.000000e+00    0.000000e+00
0 171 2.000 1.71000 iter 1 1.719572e-02 1.000000e+00    4.143774e-04
0 171 2.000 1.71000 iter 2 2.927367e-05 1.616809e-05    4.143837e-04
0 171 2.000 1.71000 iter 3 8.367873e-11 7.841135e-14    4.143837e-04
0 172 2.000 1.71000 iter 0 8.367865e-11 1.000000e+00    0.000000e+00
0 172 2.000 1.72000 iter 1 1.755131e-02 1.000000e+00    4.143775e-04
0 172 2.000 1.72000 iter 2 3.207204e-05 1.669567e-05    4.143839e-04
0 172 2.000 1.72000 iter 3 1.055785e-10 1.000662e-13    4.143839e-04
0 173 2.000 1.72000 iter 0 1.055784e-10 1.000000e+00    0.000000e+00
0 173 2.000 1.73000 iter 1 1.790691e-02 1.000000e+00    4.143775e-04
0 173 2.000 1.73000 iter 2 3.507598e-05 1.733794e-05    4.143842e-04
0 173 2.000 1.73000 iter 3 1.326276e-10 1.279125e-13    4.143842e-04
0 174 2.000 1.73000 iter 0 1.326276e-10 1.000000e+00    0.000000e+00
0 174 2.000 1.74000 iter 1 1.826166e-02 1.000000e+00    4.143775e-04
0 174 2.000 1.74000 iter 2 3.829444e-05 1.808736e-05    4.143844e-04
0 174 2.000 1.74000 iter 3 1.658695e-10 1.636010e-13    4.143844e-04
0 175 2.000 1.74000 iter 0 1.658700e-10 1.000000e+00    0.000000e+00
0 175 2.000 1.75000 iter 1 1.861468e-02 1.000000e+00    4.143776e-04
0 175 2.000 1.75000 iter 2 4.173604e-05 1.893951e-05    4.143847e-04
0 175 2.000 1.75000 iter 3 2.065595e-10 2.092273e-13    4.143847e-04
0 176 2.000 1.75000 iter 0 2.065597e-10 1.000000e+00    0.000000e+00
0 176 2.000 1.76000 iter 1 1.896512e-02 1.000000e+00    4.143776e-04
0 176 2.000 1.76000 iter 2 4.540895e-05 1.989205e-05    4.143850e-04
0 176 2.000 1.76000 iter 3 2.561602e-10 2.674020e-13    4.143849e-04
0 177 2.000 1.76000 iter 0 2.561604e-10 1.000000e+00    0.000000e+00
0 177 2.000 1.77000 iter 1 1.931209e-02 1.000000e+00    4.143776e-04
0 177 2.000 1.77000 iter 2 4.932083e-05 2.094418e-05    4.143852e-04
0 177 2.000 1.77000 iter 3 3.163624e-10 3.413573e-13    4.143852e-04
0 178 2.000 1.77000 iter 0 3.163625e-10 1.000000e+00    0.000000e+00
0 178 2.000 1.78000 iter 1 1.965476e-02 1.000000e+00    4.143777e-04
0 178 2.000 1.78000 iter 2 5.347874e-05 2.209617e-05    4.143855e-04
0 178 2.000 1.78000 iter 3 3.891423e-10 4.351154e-13    4.143855e-04
0 179 2.000 1.78000 iter 0 3.891421e-10 1.000000e+00    0.000000e+00
0 179 2.000 1.79000 iter 1 1.999226e-02 1.000000e+00    4.143777e-04
0 179 2.000 1.79000 iter 2 5.788903e-05 2.334912e-05    4.143858e-04
0 179 2.000 1.79000 iter 3 4.767617e-10 5.536135e-13    4.143858e-04
0 180 2.000 1.79000 iter 0 4.767615e-10 1.000000e+00    0.000000e+00
0 180 2.000 1.80000 iter 1 2.032378e-02 1.000000e+00    4.143777e-04
0 180 2.000 1.80000 iter 2 6.255730e-05 2.470467e-05    4.143861e-04
0 180 2.000 1.80000 iter 3 5.818073e-10 7.028978e-13    4.143861e-04
0 181 2.000 1.80000 iter 0 5.818072e-10 1.000000e+00    0.000000e+00
0 181 2.000 1.81000 iter 1 2.064849e-02 1.000000e+00    4.143778e-04
0 181 2.000 1.81000 iter 2 6.748830e-05 2.616494e-05    4.143864e-04
0 181 2.000 1.81000 iter 3 7.072547e-10 8.903925e-13    4.143864e-04
0 182 2.000 1.81000 iter 0 7.072549e-10 1.000000e+00    0.000000e+00
0 182 2.000 1.82000 iter 1 2.096563e-02 1.000000e+00    4.143778e-04
0 182 2.000 1.82000 iter 2 7.268584e-05 2.773234e-05    4.143867e-04
0 182 2.000 1.82000 iter 3 8.564410e-10 1.125071e-12    4.143867e-04
0 183 2.000 1.82000 iter 0 8.564412e-10 1.000000e+00    0.000000e+00
0 183 2.000 1.83000 iter 1 2.127443e-02 1.000000e+00    4.143779e-04
0 183 2.000 1.83000 iter 2 7.815273e-05 2.940952e-05    4.143870e-04
0 183 2.000 1.83000 iter 3 1.033153e-09 1.417817e-12    4.143870e-04
0 184 2.000 1.83000 iter 0 1.033153e-09 1.000000e+00    0.000000e+00
0 184 2.000 1.84000 iter 1 2.157415e-02 1.000000e+00    4.143779e-04
0 184 2.000 1.84000 iter 2 8.389074e-05 3.119926e-05    4.143873e-04
0 184 2.000 1.84000 iter 3 1.241643e-09 1.781754e-12    4.143873e-04
0 185 2.000 1.84000 iter 0 1.241642e-09 1.000000e+00    0.000000e+00
0 185 2.000 1.85000 iter 1 2.186411e-02 1.000000e+00    4.143780e-04
0 185 2.000 1.85000 iter 2 8.990049e-05 3.310445e-05    4.143877e-04
0 185 2.000 1.85000 iter 3 1.486650e-09 2.232604e-12    4.143876e-04
0 186 2.000 1.85000 iter 0 1.486650e-09 1.000000e+00    0.000000e+00
0 186 2.000 1.86000 iter 1 2.214364e-02 1.000000e+00    4.143780e-04
0 186 2.000 1.86000 iter 2 9.618145e-05 3.512801e-05    4.143880e-04
0 186 2.000 1.86000 iter 3 1.773414e-09 2.789097e-12    4.143880e-04
0 187 2.000 1.86000 iter 0 1.773414e-09 1.000000e+00    0.000000e+00
0 187 2.000 1.87000 iter 1 2.241213e-02 1.000000e+00    4.143780e-04
0 187 2.000 1.87000 iter 2 1.027319e-04 3.727286e-05    4.143883e-04
0 187 2.000 1.87000 iter 3 2.107777e-09 3.473572e-12    4.143883e-04
0 188 2.000 1.87000 iter 0 2.107777e-09 1.000000e+00    0.000000e+00
0 188 2.000 1.88000 iter 1 2.266898e-02 1.000000e+00    4.143781e-04
0 188 2.000 1.88000 iter 2 1.095487e-04 3.954185e-05    4.143887e-04
0 188 2.000 1.88000 iter 3 2.496087e-09 4.312340e-12    4.143886e-04
0 189 2.000 1.88000 iter 0 2.496086e-09 1.000000e+00    0.000000e+00
0 189 2.000 1.89000 iter 1 2.291367e-02 1.000000e+00    4.143781e-04
0 189 2.000 1.89000 iter 2 1.166278e-04 4.193778e-05    4.143890e-04
0 189 2.000 1.89000 iter 3 2.945334e-09 5.336449e-12    4.143890e-04
0 190 2.000 1.89000 iter 0 2.945334e-09 1.000000e+00    0.000000e+00
0 190 2.000 1.90000 iter 1 2.314570e-02 1.000000e+00    4.143782e-04
0 190 2.000 1.90000 iter 2 1.239635e-04 4.446330e-05    4.143894e-04
0 190 2.000 1.90000 iter 3 3.463087e-09 6.582237e-12    4.143893e-04
0 191 2.000 1.90000 iter 0 3.463087e-09 1.000000e+00    0.000000e+00
0 191 2.000 1.91000 iter 1 2.336461e-02 1.000000e+00    4.143782e-04
0 191 2.000 1.91000 iter 2 1.315490e-04 4.712094e-05    4.143898e-04
0 191 2.000 1.91000 iter 3 4.057529e-09 8.092077e-12    4.143897e-04
0 192 2.000 1.91000 iter 0 4.057529e-09 1.000000e+00    0.000000e+00
0 192 2.000 1.92000 iter 1 2.357000e-02 1.000000e+00    4.143783e-04
0 192 2.000 1.92000 iter 2 1.393762e-04 4.991305e-05    4.143901e-04
0 192 2.000 1.92000 iter 3 4.737458e-09 9.915162e-12    4.143900e-04
0 193 2.000 1.92000 iter 0 4.737458e-09 1.000000e+00    0.000000e+00
0 193 2.000 1.93000 iter 1 2.376152e-02 1.000000e+00    4.143783e-04
0 193 2.000 1.93000 iter 2 1.474357e-04 5.284176e-05    4.143905e-04
0 193 2.000 1.93000 iter 3 5.512268e-09 1.210830e-11    4.143904e-04
0 194 2.000 1.93000 iter 0 5.512268e-09 1.000000e+00    0.000000e+00
0 194 2.000 1.94000 iter 1 2.393886e-02 1.000000e+00    4.143784e-04
0 194 2.000 1.94000 iter 2 1.557170e-04 5.590901e-05    4.143909e-04
0 194 2.000 1.94000 iter 3 6.391939e-09 1.473682e-11    4.143908e-04
0 195 2.000 1.94000 iter 0 6.391939e-09 1.000000e+00    0.000000e+00
0 195 2.000 1.95000 iter 1 2.410174e-02 1.000000e+00    4.143784e-04
0 195 2.000 1.95000 iter 2 1.642081e-04 5.911646e-05    4.143912e-04
0 195 2.000 1.95000 iter 3 7.387025e-09 1.787549e-11    4.143911e-04
0 196 2.000 1.95000 iter 0 7.387025e-09 1.000000e+00    0.000000e+00
0 196 2.000 1.96000 iter 1 2.424996e-02 1.000000e+00    4.143785e-04
0 196 2.000 1.96000 iter 2 1.728962e-04 6.246552e-05    4.143916e-04
0 196 2.000 1.96000 iter 3 8.508583e-09 2.160945e-11    4.143915e-04
0 197 2.000 1.96000 iter 0 8.508583e-09 1.000000e+00    0.000000e+00
0 197 2.000 1.97000 iter 1 2.438334e-02 1.000000e+00    4.143785e-04
0 197 2.000 1.97000 iter 2 1.817672e-04 6.595731e-05    4.143920e-04
0 197 2.000 1.97000 iter 3 9.768178e-09 2.603529e-11    4.143919e-04
0 198 2.000 1.97000 iter 0 9.768178e-09 1.000000e+00    0.000000e+00
0 198 2.000 1.98000 iter 1 2.450175e-02 1.000000e+00    4.143786e-04
0 198 2.000 1.98000 iter 2 1.908059e-04 6.959266e-05    4.143924e-04
0 198 2.000 1.98000 iter 3 1.117780e-08 3.126200e-11    4.143923e-04
0 199 2.000 1.98000 iter 0 1.117780e-08 1.000000e+00    0.000000e+00
0 199 2.000 1.99000 iter 1 2.460512e-02 1.000000e+00    4.143787e-04
0 199 2.000 1.99000 iter 2 1.999965e-04 7.337205e-05    4.143928e-04
0 199 2.000 1.99000 iter 3 1.274977e-08 3.741195e-11    4.143927e-04
0 200 2.000 1.99000 iter 0 1.274977e-08 1.000000e+00    0.000000e+00
0 200 2.000 2.00000 iter 1 2.469340e-02 1.000000e+00    4.143787e-04
0 200 2.000 2.00000 iter 2 2.093220e-04 7.729566e-05    4.143932e-04
0 200 2.000 2.00000 iter 3 1.449675e-08 4.462205e-11    4.143930e-04
Element data written 2.000000
Nodal data written 2.000000
Restart data written 2.000000
total comp time 40 seconds
