    0.00003413    0.012389
    0.00006826    0.024777
    0.00010239    0.037163
    0.00013652    0.049548
    0.00017065    0.061930
    0.00020477    0.074308
    0.00023890    0.086682
    0.00027303    0.099051
    0.00030716    0.111415
    0.00034129    0.123772
    0.00037542    0.136123
    0.00040955    0.148466
    0.00044368    0.160800
    0.00047781    0.173126
    0.00051194    0.185441
    0.00054607    0.197746
    0.00058019    0.210040
    0.00061432    0.222323
    0.00064845    0.234593
    0.00068258    0.246849
    0.00071671    0.259092
    0.00075084    0.271320
    0.00078497    0.283533
    0.00081910    0.295731
    0.00085323    0.307911
    0.00088736    0.320074
    0.00092149    0.332220
    0.00095561    0.344347
    0.00098974    0.356454
    0.00102387    0.368542
    0.00105800    0.380609
    0.00109213    0.392654
    0.00112626    0.404678
    0.00116039    0.416679
    0.00119452    0.428657
    0.00122865    0.440611
    0.00126278    0.452540
    0.00129691    0.464444
    0.00133103    0.476323
    0.00136516    0.488174
    0.00139929    0.499999
    0.00143342    0.511796
    0.00146755    0.523564
    0.00150168    0.535303
    0.00153581    0.547012
    0.00156994    0.558691
    0.00160407    0.570339
    0.00163820    0.581956
    0.00167233    0.593540
    0.00170645    0.605091
    0.00174058    0.616609
    0.00177471    0.628093
    0.00180884    0.639542
    0.00184297    0.650956
    0.00187710    0.662334
    0.00191123    0.673675
    0.00194536    0.684979
    0.00197949    0.696246
    0.00201362    0.707474
    0.00204775    0.718664
    0.00208187    0.729813
    0.00211600    0.740923
    0.00215013    0.751993
    0.00218426    0.763021
    0.00221839    0.774007
    0.00225252    0.784951
    0.00228665    0.795852
    0.00232078    0.806710
    0.00235491    0.817524
    0.00238904    0.828293
    0.00242317    0.839017
    0.00245729    0.849696
    0.00249142    0.860328
    0.00252555    0.870914
    0.00255968    0.881452
    0.00259381    0.891943
    0.00262794    0.902386
    0.00266207    0.912779
    0.00269620    0.923124
    0.00273033    0.933419
    0.00276446    0.943663
    0.00279859    0.953857
    0.00283271    0.964000
    0.00286684    0.974091
    0.00290097    0.984129
    0.00293510    0.994115
    0.00296923    1.004048
    0.00300336    1.013928
    0.00303749    1.023753
    0.00307162    1.033523
    0.00310575    1.043239
    0.00313988    1.052899
    0.00317400    1.062504
    0.00320813    1.072052
    0.00324226    1.081543
    0.00327639    1.090977
    0.00331052    1.100354
    0.00334465    1.109673
    0.00337878    1.118933
    0.00341291    1.128134
    0.00344704    1.137277
    0.00348117    1.146359
    0.00351530    1.155382
    0.00354942    1.164344
    0.00358355    1.173246
    0.00361768    1.182086
    0.00365181    1.190865
    0.00368594    1.199582
    0.00372007    1.208237
    0.00375420    1.216830
    0.00378833    1.225359
    0.00382246    1.233826
    0.00385659    1.242229
    0.00389072    1.250567
    0.00392484    1.258842
    0.00395897    1.267052
    0.00399310    1.275198
    0.00402723    1.283278
    0.00406136    1.291292
    0.00409549    1.299241
    0.00412962    1.307124
    0.00416375    1.314941
    0.00419788    1.322691
    0.00423201    1.330375
    0.00426614    1.337991
    0.00430026    1.345539
    0.00433439    1.353021
    0.00436852    1.360434
    0.00440265    1.367779
    0.00443678    1.375056
    0.00447091    1.382264
    0.00450504    1.389404
    0.00453917    1.396474
    0.00457330    1.403475
    0.00460743    1.410407
    0.00464156    1.417269
    0.00467568    1.424061
    0.00470981    1.430784
    0.00474394    1.437436
    0.00477807    1.444017
    0.00481220    1.450528
    0.00484633    1.456969
    0.00488046    1.463338
    0.00491459    1.469637
    0.00494872    1.475864
    0.00498285    1.482020
    0.00501698    1.488104
    0.00505110    1.494117
    0.00508523    1.500058
    0.00511936    1.505928
    0.00515349    1.511725
    0.00518762    1.517450
    0.00522175    1.523103
    0.00525588    1.528684
    0.00529001    1.534193
    0.00532414    1.539629
    0.00535827    1.544993
    0.00539239    1.550284
    0.00542652    1.555502
    0.00546065    1.560648
    0.00549478    1.565720
    0.00552891    1.570720
    0.00556304    1.575648
    0.00559717    1.580502
    0.00563130    1.585283
    0.00566543    1.589992
    0.00569956    1.594627
    0.00573369    1.599189
    0.00576781    1.603679
    0.00580194    1.608095
    0.00583607    1.612439
    0.00587020    1.616709
    0.00590433    1.620906
    0.00593846    1.625031
    0.00597259    1.629082
    0.00600672    1.633061
    0.00604085    1.636966
    0.00607498    1.640799
    0.00610911    1.644559
    0.00614323    1.648246
    0.00617736    1.651860
    0.00621149    1.655402
    0.00624562    1.658871
    0.00627975    1.662268
    0.00631388    1.665592
    0.00634801    1.668844
    0.00638214    1.672024
    0.00641627    1.675131
    0.00645040    1.678167
    0.00648452    1.681130
    0.00651865    1.684022
    0.00655278    1.686841
    0.00658691    1.689589
    0.00662104    1.692266
    0.00665517    1.694871
    0.00668930    1.697405
    0.00672343    1.699868
    0.00675756    1.702259
    0.00679169    1.704580
    0.00682582    1.706831
    0.00685994    1.709010
    0.00689407    1.711119
    0.00692820    1.713158
    0.00696233    1.715127
    0.00699646    1.717027
    0.00703059    1.718856
    0.00706472    1.720616
    0.00709885    1.722307
    0.00713298    1.723928
    0.00716711    1.725480
    0.00720123    1.726964
    0.00723536    1.728379
    0.00726949    1.729726
    0.00730362    1.731005
    0.00733775    1.732216
    0.00737188    1.733359
    0.00740601    1.734435
    0.00744014    1.735443
    0.00747427    1.736385
    0.00750840    1.737260
    0.00754253    1.738065
    0.00757665    1.738777
    0.00761078    1.739390
    0.00764491    1.739905
    0.00767904    1.740320
    0.00771317    1.740637
    0.00774730    1.740826
    0.00778143    1.740818
    0.00781556    1.740612
    0.00784969    1.740207
    0.00788382    1.739589
    0.00791794    1.738712
    0.00795207    1.737571
    0.00798620    1.736169
    0.00802033    1.734509
    0.00805446    1.732592
    0.00808859    1.730422
    0.00812272    1.728000
    0.00815685    1.725316
    0.00819098    1.722274
    0.00822510    1.718859
    0.00825923    1.715074
    0.00829336    1.710915
    0.00832749    1.706346
    0.00836162    1.701358
    0.00839575    1.695953
    0.00842988    1.690134
    0.00846400    1.683904
    0.00849813    1.677266
    0.00853226    1.670222
    0.00856639    1.662778
    0.00860052    1.654936
    0.00863465    1.646701
    0.00866878    1.638079
    0.00870291    1.629074
    0.00873703    1.619691
    0.00877116    1.609937
    0.00880529    1.599817
    0.00883942    1.589338
    0.00887355    1.578507
    0.00890768    1.567332
    0.00894180    1.555819
    0.00897593    1.543978
    0.00901006    1.531814
    0.00904419    1.519339
    0.00907832    1.506560
    0.00911245    1.493486
    0.00914658    1.480126
    0.00918070    1.466492
    0.00921483    1.452591
    0.00924896    1.438435
    0.00928309    1.424035
    0.00931722    1.409400
    0.00935134    1.394541
    0.00938547    1.379470
    0.00941960    1.364197
    0.00945373    1.348735
    0.00948786    1.333094
    0.00952199    1.317286
    0.00955611    1.301323
    0.00959024    1.285216
    0.00962437    1.268978
    0.00965850    1.252620
    0.00969263    1.236154
    0.00972675    1.219592
    0.00976088    1.202946
    0.00979501    1.186227
    0.00982914    1.169448
    0.00986327    1.152620
    0.00989739    1.135754
    0.00993152    1.118863
    0.00996565    1.101954
    0.00999978    1.085045
    0.01003390    1.068144
