    0.00005000  9.049819e-03    0.00005000  9.049819e-03    0.00005000  9.049819e-03    0.00005000  9.049819e-03  0       1
    0.00010000  1.809855e-02    0.00010000  1.809855e-02    0.00010000  1.809855e-02    0.00010000  1.809855e-02  0       2
    0.00015000  2.714511e-02    0.00015000  2.714511e-02    0.00015000  2.714511e-02    0.00015000  2.714511e-02  0       3
    0.00020000  3.618840e-02    0.00020000  3.618840e-02    0.00020000  3.618840e-02    0.00020000  3.618840e-02  0       4
    0.00025000  4.522735e-02    0.00025000  4.522735e-02    0.00025000  4.522735e-02    0.00025000  4.522735e-02  0       5
    0.00030000  5.426085e-02    0.00030000  5.426085e-02    0.00030000  5.426085e-02    0.00030000  5.426085e-02  0       6
    0.00035000  6.328783e-02    0.00035000  6.328783e-02    0.00035000  6.328783e-02    0.00035000  6.328783e-02  0       7
    0.00040000  7.230721e-02    0.00040000  7.230721e-02    0.00040000  7.230721e-02    0.00040000  7.230721e-02  0       8
    0.00045000  8.131789e-02    0.00045000  8.131789e-02    0.00045000  8.131789e-02    0.00045000  8.131789e-02  0       9
    0.00050000  9.031870e-02    0.00050000  9.031870e-02    0.00050000  9.031870e-02    0.00050000  9.031870e-02  0      10
    0.00055000  9.930874e-02    0.00055000  9.930874e-02    0.00055000  9.930874e-02    0.00055000  9.930874e-02  0      11
    0.00060000  1.082869e-01    0.00060000  1.082869e-01    0.00060000  1.082869e-01    0.00060000  1.082869e-01  0      12
    0.00065000  1.172520e-01    0.00065000  1.172520e-01    0.00065000  1.172520e-01    0.00065000  1.172520e-01  0      13
    0.00070000  1.262030e-01    0.00070000  1.262030e-01    0.00070000  1.262030e-01    0.00070000  1.262030e-01  0      14
    0.00075000  1.351389e-01    0.00075000  1.351389e-01    0.00075000  1.351389e-01    0.00075000  1.351389e-01  0      15
    0.00080000  1.440586e-01    0.00080000  1.440586e-01    0.00080000  1.440586e-01    0.00080000  1.440586e-01  0      16
    0.00085000  1.529611e-01    0.00085000  1.529611e-01    0.00085000  1.529611e-01    0.00085000  1.529611e-01  0      17
    0.00090000  1.618452e-01    0.00090000  1.618452e-01    0.00090000  1.618452e-01    0.00090000  1.618452e-01  0      18
    0.00095000  1.707099e-01    0.00095000  1.707099e-01    0.00095000  1.707099e-01    0.00095000  1.707099e-01  0      19
    0.00100000  1.795542e-01    0.00100000  1.795542e-01    0.00100000  1.795542e-01    0.00100000  1.795542e-01  0      20
    0.00105000  1.883771e-01    0.00105000  1.883771e-01    0.00105000  1.883771e-01    0.00105000  1.883771e-01  0      21
    0.00110000  1.971774e-01    0.00110000  1.971774e-01    0.00110000  1.971774e-01    0.00110000  1.971774e-01  0      22
    0.00115000  2.059542e-01    0.00115000  2.059542e-01    0.00115000  2.059542e-01    0.00115000  2.059542e-01  0      23
    0.00120000  2.147064e-01    0.00120000  2.147064e-01    0.00120000  2.147064e-01    0.00120000  2.147064e-01  0      24
    0.00125000  2.234330e-01    0.00125000  2.234330e-01    0.00125000  2.234330e-01    0.00125000  2.234330e-01  0      25
    0.00130000  2.321330e-01    0.00130000  2.321330e-01    0.00130000  2.321330e-01    0.00130000  2.321330e-01  0      26
    0.00135000  2.408053e-01    0.00135000  2.408053e-01    0.00135000  2.408053e-01    0.00135000  2.408053e-01  0      27
    0.00140000  2.494490e-01    0.00140000  2.494490e-01    0.00140000  2.494490e-01    0.00140000  2.494490e-01  0      28
    0.00145000  2.580631e-01    0.00145000  2.580631e-01    0.00145000  2.580631e-01    0.00145000  2.580631e-01  0      29
    0.00150000  2.666465e-01    0.00150000  2.666465e-01    0.00150000  2.666465e-01    0.00150000  2.666465e-01  0      30
    0.00155000  2.751983e-01    0.00155000  2.751983e-01    0.00155000  2.751983e-01    0.00155000  2.751983e-01  0      31
    0.00160000  2.837174e-01    0.00160000  2.837174e-01    0.00160000  2.837174e-01    0.00160000  2.837174e-01  0      32
    0.00165000  2.922030e-01    0.00165000  2.922030e-01    0.00165000  2.922030e-01    0.00165000  2.922030e-01  0      33
    0.00170000  3.006540e-01    0.00170000  3.006540e-01    0.00170000  3.006540e-01    0.00170000  3.006540e-01  0      34
    0.00175000  3.090695e-01    0.00175000  3.090695e-01    0.00175000  3.090695e-01    0.00175000  3.090695e-01  0      35
    0.00180000  3.174485e-01    0.00180000  3.174485e-01    0.00180000  3.174485e-01    0.00180000  3.174485e-01  0      36
    0.00185000  3.257900e-01    0.00185000  3.257900e-01    0.00185000  3.257900e-01    0.00185000  3.257900e-01  0      37
    0.00190000  3.340932e-01    0.00190000  3.340932e-01    0.00190000  3.340932e-01    0.00190000  3.340932e-01  0      38
    0.00195000  3.423571e-01    0.00195000  3.423571e-01    0.00195000  3.423571e-01    0.00195000  3.423571e-01  0      39
    0.00200000  3.505808e-01    0.00200000  3.505808e-01    0.00200000  3.505808e-01    0.00200000  3.505808e-01  0      40
    0.00205000  3.587634e-01    0.00205000  3.587634e-01    0.00205000  3.587634e-01    0.00205000  3.587634e-01  0      41
    0.00210000  3.669039e-01    0.00210000  3.669039e-01    0.00210000  3.669039e-01    0.00210000  3.669039e-01  0      42
    0.00215000  3.750015e-01    0.00215000  3.750015e-01    0.00215000  3.750015e-01    0.00215000  3.750015e-01  0      43
    0.00220000  3.830552e-01    0.00220000  3.830552e-01    0.00220000  3.830552e-01    0.00220000  3.830552e-01  0      44
    0.00225000  3.910643e-01    0.00225000  3.910643e-01    0.00225000  3.910643e-01    0.00225000  3.910643e-01  0      45
    0.00230000  3.990277e-01    0.00230000  3.990277e-01    0.00230000  3.990277e-01    0.00230000  3.990277e-01  0      46
    0.00235000  4.069448e-01    0.00235000  4.069448e-01    0.00235000  4.069448e-01    0.00235000  4.069448e-01  0      47
    0.00240000  4.148145e-01    0.00240000  4.148145e-01    0.00240000  4.148145e-01    0.00240000  4.148145e-01  0      48
    0.00245000  4.226362e-01    0.00245000  4.226362e-01    0.00245000  4.226362e-01    0.00245000  4.226362e-01  0      49
    0.00250000  4.304088e-01    0.00250000  4.304088e-01    0.00250000  4.304088e-01    0.00250000  4.304088e-01  0      50
    0.00255000  4.381317e-01    0.00255000  4.381317e-01    0.00255000  4.381317e-01    0.00255000  4.381317e-01  0      51
    0.00260000  4.458040e-01    0.00260000  4.458040e-01    0.00260000  4.458040e-01    0.00260000  4.458040e-01  0      52
    0.00265000  4.534249e-01    0.00265000  4.534249e-01    0.00265000  4.534249e-01    0.00265000  4.534249e-01  0      53
    0.00270000  4.609936e-01    0.00270000  4.609936e-01    0.00270000  4.609936e-01    0.00270000  4.609936e-01  0      54
    0.00275000  4.685094e-01    0.00275000  4.685094e-01    0.00275000  4.685094e-01    0.00275000  4.685094e-01  0      55
    0.00280000  4.759715e-01    0.00280000  4.759715e-01    0.00280000  4.759715e-01    0.00280000  4.759715e-01  0      56
    0.00285000  4.833790e-01    0.00285000  4.833790e-01    0.00285000  4.833790e-01    0.00285000  4.833790e-01  0      57
    0.00290000  4.907313e-01    0.00290000  4.907313e-01    0.00290000  4.907313e-01    0.00290000  4.907313e-01  0      58
    0.00295000  4.980277e-01    0.00295000  4.980277e-01    0.00295000  4.980277e-01    0.00295000  4.980277e-01  0      59
    0.00300000  5.052673e-01    0.00300000  5.052673e-01    0.00300000  5.052673e-01    0.00300000  5.052673e-01  0      60
    0.00305000  5.124496e-01    0.00305000  5.124496e-01    0.00305000  5.124496e-01    0.00305000  5.124496e-01  0      61
    0.00310000  5.195737e-01    0.00310000  5.195737e-01    0.00310000  5.195737e-01    0.00310000  5.195737e-01  0      62
    0.00315000  5.266390e-01    0.00315000  5.266390e-01    0.00315000  5.266390e-01    0.00315000  5.266390e-01  0      63
    0.00320000  5.336449e-01    0.00320000  5.336449e-01    0.00320000  5.336449e-01    0.00320000  5.336449e-01  0      64
    0.00325000  5.405906e-01    0.00325000  5.405906e-01    0.00325000  5.405906e-01    0.00325000  5.405906e-01  0      65
    0.00330000  5.474756e-01    0.00330000  5.474756e-01    0.00330000  5.474756e-01    0.00330000  5.474756e-01  0      66
    0.00335000  5.542990e-01    0.00335000  5.542990e-01    0.00335000  5.542990e-01    0.00335000  5.542990e-01  0      67
    0.00340000  5.610604e-01    0.00340000  5.610604e-01    0.00340000  5.610604e-01    0.00340000  5.610604e-01  0      68
    0.00345000  5.677592e-01    0.00345000  5.677592e-01    0.00345000  5.677592e-01    0.00345000  5.677592e-01  0      69
    0.00350000  5.743946e-01    0.00350000  5.743946e-01    0.00350000  5.743946e-01    0.00350000  5.743946e-01  0      70
    0.00355000  5.809662e-01    0.00355000  5.809662e-01    0.00355000  5.809662e-01    0.00355000  5.809662e-01  0      71
    0.00360000  5.874732e-01    0.00360000  5.874732e-01    0.00360000  5.874732e-01    0.00360000  5.874732e-01  0      72
    0.00365000  5.939153e-01    0.00365000  5.939153e-01    0.00365000  5.939153e-01    0.00365000  5.939153e-01  0      73
    0.00370000  6.002917e-01    0.00370000  6.002917e-01    0.00370000  6.002917e-01    0.00370000  6.002917e-01  0      74
    0.00375000  6.066021e-01    0.00375000  6.066021e-01    0.00375000  6.066021e-01    0.00375000  6.066021e-01  0      75
    0.00380000  6.128457e-01    0.00380000  6.128457e-01    0.00380000  6.128457e-01    0.00380000  6.128457e-01  0      76
    0.00385000  6.190222e-01    0.00385000  6.190222e-01    0.00385000  6.190222e-01    0.00385000  6.190222e-01  0      77
    0.00390000  6.251310e-01    0.00390000  6.251310e-01    0.00390000  6.251310e-01    0.00390000  6.251310e-01  0      78
    0.00395000  6.311716e-01    0.00395000  6.311716e-01    0.00395000  6.311716e-01    0.00395000  6.311716e-01  0      79
    0.00400000  6.371436e-01    0.00400000  6.371436e-01    0.00400000  6.371436e-01    0.00400000  6.371436e-01  0      80
    0.00405000  6.430465e-01    0.00405000  6.430465e-01    0.00405000  6.430465e-01    0.00405000  6.430465e-01  0      81
    0.00410000  6.488797e-01    0.00410000  6.488797e-01    0.00410000  6.488797e-01    0.00410000  6.488797e-01  0      82
    0.00415000  6.546430e-01    0.00415000  6.546430e-01    0.00415000  6.546430e-01    0.00415000  6.546430e-01  0      83
    0.00420000  6.603359e-01    0.00420000  6.603359e-01    0.00420000  6.603359e-01    0.00420000  6.603359e-01  0      84
    0.00425000  6.659579e-01    0.00425000  6.659579e-01    0.00425000  6.659579e-01    0.00425000  6.659579e-01  0      85
    0.00430000  6.715086e-01    0.00430000  6.715086e-01    0.00430000  6.715086e-01    0.00430000  6.715086e-01  0      86
    0.00435000  6.769878e-01    0.00435000  6.769878e-01    0.00435000  6.769878e-01    0.00435000  6.769878e-01  0      87
    0.00440000  6.823949e-01    0.00440000  6.823949e-01    0.00440000  6.823949e-01    0.00440000  6.823949e-01  0      88
    0.00445000  6.877297e-01    0.00445000  6.877297e-01    0.00445000  6.877297e-01    0.00445000  6.877297e-01  0      89
    0.00450000  6.929917e-01    0.00450000  6.929917e-01    0.00450000  6.929917e-01    0.00450000  6.929917e-01  0      90
    0.00455000  6.981808e-01    0.00455000  6.981808e-01    0.00455000  6.981808e-01    0.00455000  6.981808e-01  0      91
    0.00460000  7.032964e-01    0.00460000  7.032964e-01    0.00460000  7.032964e-01    0.00460000  7.032964e-01  0      92
    0.00465000  7.083384e-01    0.00465000  7.083384e-01    0.00465000  7.083384e-01    0.00465000  7.083384e-01  0      93
    0.00470000  7.133065e-01    0.00470000  7.133065e-01    0.00470000  7.133065e-01    0.00470000  7.133065e-01  0      94
    0.00475000  7.182003e-01    0.00475000  7.182003e-01    0.00475000  7.182003e-01    0.00475000  7.182003e-01  0      95
    0.00480000  7.230197e-01    0.00480000  7.230197e-01    0.00480000  7.230197e-01    0.00480000  7.230197e-01  0      96
    0.00485000  7.277643e-01    0.00485000  7.277643e-01    0.00485000  7.277643e-01    0.00485000  7.277643e-01  0      97
    0.00490000  7.324339e-01    0.00490000  7.324339e-01    0.00490000  7.324339e-01    0.00490000  7.324339e-01  0      98
    0.00495000  7.370283e-01    0.00495000  7.370283e-01    0.00495000  7.370283e-01    0.00495000  7.370283e-01  0      99
    0.00500000  7.415472e-01    0.00500000  7.415472e-01    0.00500000  7.415472e-01    0.00500000  7.415472e-01  0     100
    0.00505000  7.459906e-01    0.00505000  7.459906e-01    0.00505000  7.459906e-01    0.00505000  7.459906e-01  0     101
    0.00510000  7.503581e-01    0.00510000  7.503581e-01    0.00510000  7.503581e-01    0.00510000  7.503581e-01  0     102
    0.00515000  7.546497e-01    0.00515000  7.546497e-01    0.00515000  7.546497e-01    0.00515000  7.546497e-01  0     103
    0.00520000  7.588651e-01    0.00520000  7.588651e-01    0.00520000  7.588651e-01    0.00520000  7.588651e-01  0     104
    0.00525000  7.630043e-01    0.00525000  7.630043e-01    0.00525000  7.630043e-01    0.00525000  7.630043e-01  0     105
    0.00530000  7.670671e-01    0.00530000  7.670671e-01    0.00530000  7.670671e-01    0.00530000  7.670671e-01  0     106
    0.00535000  7.710533e-01    0.00535000  7.710533e-01    0.00535000  7.710533e-01    0.00535000  7.710533e-01  0     107
    0.00540000  7.749629e-01    0.00540000  7.749629e-01    0.00540000  7.749629e-01    0.00540000  7.749629e-01  0     108
    0.00545000  7.787957e-01    0.00545000  7.787957e-01    0.00545000  7.787957e-01    0.00545000  7.787957e-01  0     109
    0.00550000  7.825518e-01    0.00550000  7.825518e-01    0.00550000  7.825518e-01    0.00550000  7.825518e-01  0     110
    0.00555000  7.862310e-01    0.00555000  7.862310e-01    0.00555000  7.862310e-01    0.00555000  7.862310e-01  0     111
    0.00560000  7.898332e-01    0.00560000  7.898332e-01    0.00560000  7.898332e-01    0.00560000  7.898332e-01  0     112
    0.00565000  7.933585e-01    0.00565000  7.933585e-01    0.00565000  7.933585e-01    0.00565000  7.933585e-01  0     113
    0.00570000  7.968068e-01    0.00570000  7.968068e-01    0.00570000  7.968068e-01    0.00570000  7.968068e-01  0     114
    0.00575000  8.001781e-01    0.00575000  8.001781e-01    0.00575000  8.001781e-01    0.00575000  8.001781e-01  0     115
    0.00580000  8.034724e-01    0.00580000  8.034724e-01    0.00580000  8.034724e-01    0.00580000  8.034724e-01  0     116
    0.00585000  8.066896e-01    0.00585000  8.066896e-01    0.00585000  8.066896e-01    0.00585000  8.066896e-01  0     117
    0.00590000  8.098299e-01    0.00590000  8.098299e-01    0.00590000  8.098299e-01    0.00590000  8.098299e-01  0     118
    0.00595000  8.128933e-01    0.00595000  8.128933e-01    0.00595000  8.128933e-01    0.00595000  8.128933e-01  0     119
    0.00600000  8.158797e-01    0.00600000  8.158797e-01    0.00600000  8.158797e-01    0.00600000  8.158797e-01  0     120
    0.00605000  8.187893e-01    0.00605000  8.187893e-01    0.00605000  8.187893e-01    0.00605000  8.187893e-01  0     121
    0.00610000  8.216222e-01    0.00610000  8.216222e-01    0.00610000  8.216222e-01    0.00610000  8.216222e-01  0     122
    0.00615000  8.243783e-01    0.00615000  8.243783e-01    0.00615000  8.243783e-01    0.00615000  8.243783e-01  0     123
    0.00620000  8.270579e-01    0.00620000  8.270579e-01    0.00620000  8.270579e-01    0.00620000  8.270579e-01  0     124
    0.00625000  8.296610e-01    0.00625000  8.296610e-01    0.00625000  8.296610e-01    0.00625000  8.296610e-01  0     125
    0.00630000  8.321877e-01    0.00630000  8.321877e-01    0.00630000  8.321877e-01    0.00630000  8.321877e-01  0     126
    0.00635000  8.346382e-01    0.00635000  8.346382e-01    0.00635000  8.346382e-01    0.00635000  8.346382e-01  0     127
    0.00640000  8.370126e-01    0.00640000  8.370126e-01    0.00640000  8.370126e-01    0.00640000  8.370126e-01  0     128
    0.00645000  8.393111e-01    0.00645000  8.393111e-01    0.00645000  8.393111e-01    0.00645000  8.393111e-01  0     129
    0.00650000  8.415338e-01    0.00650000  8.415338e-01    0.00650000  8.415338e-01    0.00650000  8.415338e-01  0     130
    0.00655000  8.436809e-01    0.00655000  8.436809e-01    0.00655000  8.436809e-01    0.00655000  8.436809e-01  0     131
    0.00660000  8.457527e-01    0.00660000  8.457527e-01    0.00660000  8.457527e-01    0.00660000  8.457527e-01  0     132
    0.00665000  8.477492e-01    0.00665000  8.477492e-01    0.00665000  8.477492e-01    0.00665000  8.477492e-01  0     133
    0.00670000  8.496707e-01    0.00670000  8.496707e-01    0.00670000  8.496707e-01    0.00670000  8.496707e-01  0     134
    0.00675000  8.515175e-01    0.00675000  8.515175e-01    0.00675000  8.515175e-01    0.00675000  8.515175e-01  0     135
    0.00680000  8.532897e-01    0.00680000  8.532897e-01    0.00680000  8.532897e-01    0.00680000  8.532897e-01  0     136
    0.00685000  8.549876e-01    0.00685000  8.549876e-01    0.00685000  8.549876e-01    0.00685000  8.549876e-01  0     137
    0.00690000  8.566115e-01    0.00690000  8.566115e-01    0.00690000  8.566115e-01    0.00690000  8.566115e-01  0     138
    0.00695000  8.581616e-01    0.00695000  8.581616e-01    0.00695000  8.581616e-01    0.00695000  8.581616e-01  0     139
    0.00700000  8.596382e-01    0.00700000  8.596382e-01    0.00700000  8.596382e-01    0.00700000  8.596382e-01  0     140
    0.00705000  8.610415e-01    0.00705000  8.610415e-01    0.00705000  8.610415e-01    0.00705000  8.610415e-01  0     141
    0.00710000  8.623720e-01    0.00710000  8.623720e-01    0.00710000  8.623720e-01    0.00710000  8.623720e-01  0     142
    0.00715000  8.636298e-01    0.00715000  8.636298e-01    0.00715000  8.636298e-01    0.00715000  8.636298e-01  0     143
    0.00720000  8.648153e-01    0.00720000  8.648153e-01    0.00720000  8.648153e-01    0.00720000  8.648153e-01  0     144
    0.00725000  8.659288e-01    0.00725000  8.659288e-01    0.00725000  8.659288e-01    0.00725000  8.659288e-01  0     145
    0.00730000  8.669706e-01    0.00730000  8.669706e-01    0.00730000  8.669706e-01    0.00730000  8.669706e-01  0     146
    0.00735000  8.679411e-01    0.00735000  8.679411e-01    0.00735000  8.679411e-01    0.00735000  8.679411e-01  0     147
    0.00740000  8.688407e-01    0.00740000  8.688407e-01    0.00740000  8.688407e-01    0.00740000  8.688407e-01  0     148
    0.00745000  8.696696e-01    0.00745000  8.696696e-01    0.00745000  8.696696e-01    0.00745000  8.696696e-01  0     149
    0.00750000  8.704283e-01    0.00750000  8.704283e-01    0.00750000  8.704283e-01    0.00750000  8.704283e-01  0     150
    0.00755000  8.711171e-01    0.00755000  8.711171e-01    0.00755000  8.711171e-01    0.00755000  8.711171e-01  0     151
    0.00760000  8.717327e-01    0.00760000  8.717327e-01    0.00760000  8.717327e-01    0.00760000  8.717327e-01  0     152
    0.00765000  8.722538e-01    0.00765000  8.722538e-01    0.00765000  8.722538e-01    0.00765000  8.722538e-01  0     153
    0.00770000  8.726776e-01    0.00770000  8.726776e-01    0.00770000  8.726776e-01    0.00770000  8.726776e-01  0     154
    0.00775000  8.730051e-01    0.00775000  8.730051e-01    0.00775000  8.730051e-01    0.00775000  8.730051e-01  0     155
    0.00780000  8.732223e-01    0.00780000  8.732223e-01    0.00780000  8.732223e-01    0.00780000  8.732223e-01  0     156
    0.00785000  8.732613e-01    0.00785000  8.732613e-01    0.00785000  8.732613e-01    0.00785000  8.732613e-01  0     157
    0.00790000  8.731167e-01    0.00790000  8.731167e-01    0.00790000  8.731167e-01    0.00790000  8.731167e-01  0     158
    0.00795000  8.727783e-01    0.00795000  8.727783e-01    0.00795000  8.727783e-01    0.00795000  8.727783e-01  0     159
    0.00800000  8.722045e-01    0.00800000  8.722045e-01    0.00800000  8.722045e-01    0.00800000  8.722045e-01  0     160
    0.00805000  8.713982e-01    0.00805000  8.713982e-01    0.00805000  8.713982e-01    0.00805000  8.713982e-01  0     161
    0.00810000  8.703666e-01    0.00810000  8.703666e-01    0.00810000  8.703666e-01    0.00810000  8.703666e-01  0     162
    0.00815000  8.691168e-01    0.00815000  8.691168e-01    0.00815000  8.691168e-01    0.00815000  8.691168e-01  0     163
    0.00820000  8.676562e-01    0.00820000  8.676562e-01    0.00820000  8.676562e-01    0.00820000  8.676562e-01  0     164
    0.00825000  8.659597e-01    0.00825000  8.659597e-01    0.00825000  8.659597e-01    0.00825000  8.659597e-01  0     165
    0.00830000  8.639384e-01    0.00830000  8.639384e-01    0.00830000  8.639384e-01    0.00830000  8.639384e-01  0     166
    0.00835000  8.615951e-01    0.00835000  8.615951e-01    0.00835000  8.615951e-01    0.00835000  8.615951e-01  0     167
    0.00840000  8.589230e-01    0.00840000  8.589230e-01    0.00840000  8.589230e-01    0.00840000  8.589230e-01  0     168
    0.00845000  8.558844e-01    0.00845000  8.558844e-01    0.00845000  8.558844e-01    0.00845000  8.558844e-01  0     169
    0.00850000  8.524815e-01    0.00850000  8.524815e-01    0.00850000  8.524815e-01    0.00850000  8.524815e-01  0     170
    0.00855000  8.487207e-01    0.00855000  8.487207e-01    0.00855000  8.487207e-01    0.00855000  8.487207e-01  0     171
    0.00860000  8.446088e-01    0.00860000  8.446088e-01    0.00860000  8.446088e-01    0.00860000  8.446088e-01  0     172
    0.00865000  8.401531e-01    0.00865000  8.401531e-01    0.00865000  8.401531e-01    0.00865000  8.401531e-01  0     173
    0.00870000  8.353617e-01    0.00870000  8.353617e-01    0.00870000  8.353617e-01    0.00870000  8.353617e-01  0     174
    0.00875000  8.302430e-01    0.00875000  8.302430e-01    0.00875000  8.302430e-01    0.00875000  8.302430e-01  0     175
    0.00880000  8.248059e-01    0.00880000  8.248059e-01    0.00880000  8.248059e-01    0.00880000  8.248059e-01  0     176
    0.00885000  8.190599e-01    0.00885000  8.190599e-01    0.00885000  8.190599e-01    0.00885000  8.190599e-01  0     177
    0.00890000  8.130149e-01    0.00890000  8.130149e-01    0.00890000  8.130149e-01    0.00890000  8.130149e-01  0     178
    0.00895000  8.066813e-01    0.00895000  8.066813e-01    0.00895000  8.066813e-01    0.00895000  8.066813e-01  0     179
    0.00900000  8.000699e-01    0.00900000  8.000699e-01    0.00900000  8.000699e-01    0.00900000  8.000699e-01  0     180
    0.00905000  7.931917e-01    0.00905000  7.931917e-01    0.00905000  7.931917e-01    0.00905000  7.931917e-01  0     181
    0.00910000  7.860583e-01    0.00910000  7.860583e-01    0.00910000  7.860583e-01    0.00910000  7.860583e-01  0     182
    0.00915000  7.786815e-01    0.00915000  7.786815e-01    0.00915000  7.786815e-01    0.00915000  7.786815e-01  0     183
    0.00920000  7.710733e-01    0.00920000  7.710733e-01    0.00920000  7.710733e-01    0.00920000  7.710733e-01  0     184
    0.00925000  7.632459e-01    0.00925000  7.632459e-01    0.00925000  7.632459e-01    0.00925000  7.632459e-01  0     185
    0.00930000  7.552119e-01    0.00930000  7.552119e-01    0.00930000  7.552119e-01    0.00930000  7.552119e-01  0     186
    0.00935000  7.469839e-01    0.00935000  7.469839e-01    0.00935000  7.469839e-01    0.00935000  7.469839e-01  0     187
    0.00940000  7.385746e-01    0.00940000  7.385746e-01    0.00940000  7.385746e-01    0.00940000  7.385746e-01  0     188
    0.00945000  7.299968e-01    0.00945000  7.299968e-01    0.00945000  7.299968e-01    0.00945000  7.299968e-01  0     189
    0.00950000  7.212634e-01    0.00950000  7.212634e-01    0.00950000  7.212634e-01    0.00950000  7.212634e-01  0     190
    0.00955000  7.123871e-01    0.00955000  7.123871e-01    0.00955000  7.123871e-01    0.00955000  7.123871e-01  0     191
    0.00960000  7.033806e-01    0.00960000  7.033806e-01    0.00960000  7.033806e-01    0.00960000  7.033806e-01  0     192
    0.00965000  6.942568e-01    0.00965000  6.942568e-01    0.00965000  6.942568e-01    0.00965000  6.942568e-01  0     193
    0.00970000  6.850281e-01    0.00970000  6.850281e-01    0.00970000  6.850281e-01    0.00970000  6.850281e-01  0     194
    0.00975000  6.757069e-01    0.00975000  6.757069e-01    0.00975000  6.757069e-01    0.00975000  6.757069e-01  0     195
    0.00980000  6.663054e-01    0.00980000  6.663054e-01    0.00980000  6.663054e-01    0.00980000  6.663054e-01  0     196
    0.00985000  6.568357e-01    0.00985000  6.568357e-01    0.00985000  6.568357e-01    0.00985000  6.568357e-01  0     197
    0.00990000  6.473093e-01    0.00990000  6.473093e-01    0.00990000  6.473093e-01    0.00990000  6.473093e-01  0     198
    0.00995000  6.377378e-01    0.00995000  6.377378e-01    0.00995000  6.377378e-01    0.00995000  6.377378e-01  0     199
    0.01000000  6.281322e-01    0.01000000  6.281322e-01    0.01000000  6.281322e-01    0.01000000  6.281322e-01  0     200
