Time   1.0000
El      1    TAX2                                     EL1                                   MATEL             ELASTIC      1      2
   0.5025   0.0000  -2.6403e-06  -5.3069e-04  -2.6403e-01  -5.3069e+01   0.0000e+00   0.0000e+00   0.0000e+00   0.0000e+00
El      2    TAX2                                     EL1                                   MATEL             ELASTIC      2      3
   0.5075   0.0000  -7.8173e-06  -5.2552e-04  -7.8173e-01  -5.2552e+01   0.0000e+00   0.0000e+00   0.0000e+00   0.0000e+00
El      3    TAX2                                     EL1                                   MATEL             ELASTIC      3      4
   0.5125   0.0000  -1.2843e-05  -5.2049e-04  -1.2843e+00  -5.2049e+01   0.0000e+00   0.0000e+00   0.0000e+00   0.0000e+00
El      4    TAX2                                     EL1                                   MATEL             ELASTIC      4      5
   0.5175   0.0000  -1.7725e-05  -5.1561e-04  -1.7725e+00  -5.1561e+01   0.0000e+00   0.0000e+00   0.0000e+00   0.0000e+00
El      5    TAX2                                     EL1                                   MATEL             ELASTIC      5      6
   0.5225   0.0000  -2.2466e-05  -5.1087e-04  -2.2466e+00  -5.1087e+01   0.0000e+00   0.0000e+00   0.0000e+00   0.0000e+00
El      6    TAX2                                     EL1                                   MATEL             ELASTIC      6      7
   0.5275   0.0000  -2.7074e-05  -5.0626e-04  -2.7074e+00  -5.0626e+01   0.0000e+00   0.0000e+00   0.0000e+00   0.0000e+00
El      7    TAX2                                     EL1                                   MATEL             ELASTIC      7      8
   0.5325   0.0000  -3.1552e-05  -5.0178e-04  -3.1552e+00  -5.0178e+01   0.0000e+00   0.0000e+00   0.0000e+00   0.0000e+00
El      8    TAX2                                     EL1                                   MATEL             ELASTIC      8      9
   0.5375   0.0000  -3.5906e-05  -4.9743e-04  -3.5906e+00  -4.9743e+01   0.0000e+00   0.0000e+00   0.0000e+00   0.0000e+00
El      9    TAX2                                     EL1                                   MATEL             ELASTIC      9     10
   0.5425   0.0000  -4.0141e-05  -4.9319e-04  -4.0141e+00  -4.9319e+01   0.0000e+00   0.0000e+00   0.0000e+00   0.0000e+00
El     10    TAX2                                     EL1                                   MATEL             ELASTIC     10     11
   0.5475   0.0000  -4.4259e-05  -4.8908e-04  -4.4259e+00  -4.8908e+01   0.0000e+00   0.0000e+00   0.0000e+00   0.0000e+00
El     11    TAX2                                     EL1                                   MATEL             ELASTIC     11     12
   0.5525   0.0000  -4.8267e-05  -4.8507e-04  -4.8267e+00  -4.8507e+01   0.0000e+00   0.0000e+00   0.0000e+00   0.0000e+00
El     12    TAX2                                     EL1                                   MATEL             ELASTIC     12     13
   0.5575   0.0000  -5.2167e-05  -4.8117e-04  -5.2167e+00  -4.8117e+01   0.0000e+00   0.0000e+00   0.0000e+00   0.0000e+00
El     13    TAX2                                     EL1                                   MATEL             ELASTIC     13     14
   0.5625   0.0000  -5.5963e-05  -4.7737e-04  -5.5963e+00  -4.7737e+01   0.0000e+00   0.0000e+00   0.0000e+00   0.0000e+00
El     14    TAX2                                     EL1                                   MATEL             ELASTIC     14     15
   0.5675   0.0000  -5.9660e-05  -4.7367e-04  -5.9660e+00  -4.7367e+01   0.0000e+00   0.0000e+00   0.0000e+00   0.0000e+00
El     15    TAX2                                     EL1                                   MATEL             ELASTIC     15     16
   0.5725   0.0000  -6.3260e-05  -4.7007e-04  -6.3260e+00  -4.7007e+01   0.0000e+00   0.0000e+00   0.0000e+00   0.0000e+00
El     16    TAX2                                     EL1                                   MATEL             ELASTIC     16     17
   0.5775   0.0000  -6.6767e-05  -4.6657e-04  -6.6767e+00  -4.6657e+01   0.0000e+00   0.0000e+00   0.0000e+00   0.0000e+00
El     17    TAX2                                     EL1                                   MATEL             ELASTIC     17     18
   0.5825   0.0000  -7.0184e-05  -4.6315e-04  -7.0184e+00  -4.6315e+01   0.0000e+00   0.0000e+00   0.0000e+00   0.0000e+00
El     18    TAX2                                     EL1                                   MATEL             ELASTIC     18     19
   0.5875   0.0000  -7.3514e-05  -4.5982e-04  -7.3514e+00  -4.5982e+01   0.0000e+00   0.0000e+00   0.0000e+00   0.0000e+00
El     19    TAX2                                     EL1                                   MATEL             ELASTIC     19     20
   0.5925   0.0000  -7.6760e-05  -4.5657e-04  -7.6760e+00  -4.5657e+01   0.0000e+00   0.0000e+00   0.0000e+00   0.0000e+00
El     20    TAX2                                     EL1                                   MATEL             ELASTIC     20     21
   0.5975   0.0000  -7.9925e-05  -4.5341e-04  -7.9925e+00  -4.5341e+01   0.0000e+00   0.0000e+00   0.0000e+00   0.0000e+00
El     21    TAX2                                     EL1                                   MATEL             ELASTIC     21     22
   0.6025   0.0000  -8.3012e-05  -4.5032e-04  -8.3012e+00  -4.5032e+01   0.0000e+00   0.0000e+00   0.0000e+00   0.0000e+00
El     22    TAX2                                     EL1                                   MATEL             ELASTIC     22     23
   0.6075   0.0000  -8.6023e-05  -4.4731e-04  -8.6023e+00  -4.4731e+01   0.0000e+00   0.0000e+00   0.0000e+00   0.0000e+00
El     23    TAX2                                     EL1                                   MATEL             ELASTIC     23     24
   0.6125   0.0000  -8.8960e-05  -4.4437e-04  -8.8960e+00  -4.4437e+01   0.0000e+00   0.0000e+00   0.0000e+00   0.0000e+00
El     24    TAX2                                     EL1                                   MATEL             ELASTIC     24     25
   0.6175   0.0000  -9.1826e-05  -4.4151e-04  -9.1826e+00  -4.4151e+01   0.0000e+00   0.0000e+00   0.0000e+00   0.0000e+00
El     25    TAX2                                     EL1                                   MATEL             ELASTIC     25     26
   0.6225   0.0000  -9.4624e-05  -4.3871e-04  -9.4624e+00  -4.3871e+01   0.0000e+00   0.0000e+00   0.0000e+00   0.0000e+00
El     26    TAX2                                     EL1                                   MATEL             ELASTIC     26     27
   0.6275   0.0000  -9.7355e-05  -4.3598e-04  -9.7355e+00  -4.3598e+01   0.0000e+00   0.0000e+00   0.0000e+00   0.0000e+00
El     27    TAX2                                     EL1                                   MATEL             ELASTIC     27     28
   0.6325   0.0000  -1.0002e-04  -4.3331e-04  -1.0002e+01  -4.3331e+01   0.0000e+00   0.0000e+00   0.0000e+00   0.0000e+00
El     28    TAX2                                     EL1                                   MATEL             ELASTIC     28     29
   0.6375   0.0000  -1.0262e-04  -4.3071e-04  -1.0262e+01  -4.3071e+01   0.0000e+00   0.0000e+00   0.0000e+00   0.0000e+00
El     29    TAX2                                     EL1                                   MATEL             ELASTIC     29     30
   0.6425   0.0000  -1.0517e-04  -4.2817e-04  -1.0517e+01  -4.2817e+01   0.0000e+00   0.0000e+00   0.0000e+00   0.0000e+00
El     30    TAX2                                     EL1                                   MATEL             ELASTIC     30     31
   0.6475   0.0000  -1.0765e-04  -4.2568e-04  -1.0765e+01  -4.2568e+01   0.0000e+00   0.0000e+00   0.0000e+00   0.0000e+00
El     31    TAX2                                     EL1                                   MATEL             ELASTIC     31     32
   0.6525   0.0000  -1.1008e-04  -4.2325e-04  -1.1008e+01  -4.2325e+01   0.0000e+00   0.0000e+00   0.0000e+00   0.0000e+00
El     32    TAX2                                     EL1                                   MATEL             ELASTIC     32     33
   0.6575   0.0000  -1.1245e-04  -4.2088e-04  -1.1245e+01  -4.2088e+01   0.0000e+00   0.0000e+00   0.0000e+00   0.0000e+00
El     33    TAX2                                     EL1                                   MATEL             ELASTIC     33     34
   0.6625   0.0000  -1.1477e-04  -4.1856e-04  -1.1477e+01  -4.1856e+01   0.0000e+00   0.0000e+00   0.0000e+00   0.0000e+00
El     34    TAX2                                     EL1                                   MATEL             ELASTIC     34     35
   0.6675   0.0000  -1.1704e-04  -4.1630e-04  -1.1704e+01  -4.1630e+01   0.0000e+00   0.0000e+00   0.0000e+00   0.0000e+00
El     35    TAX2                                     EL1                                   MATEL             ELASTIC     35     36
   0.6725   0.0000  -1.1926e-04  -4.1408e-04  -1.1926e+01  -4.1408e+01   0.0000e+00   0.0000e+00   0.0000e+00   0.0000e+00
El     36    TAX2                                     EL1                                   MATEL             ELASTIC     36     37
   0.6775   0.0000  -1.2142e-04  -4.1191e-04  -1.2142e+01  -4.1191e+01   0.0000e+00   0.0000e+00   0.0000e+00   0.0000e+00
El     37    TAX2                                     EL1                                   MATEL             ELASTIC     37     38
   0.6825   0.0000  -1.2354e-04  -4.0979e-04  -1.2354e+01  -4.0979e+01   0.0000e+00   0.0000e+00   0.0000e+00   0.0000e+00
El     38    TAX2                                     EL1                                   MATEL             ELASTIC     38     39
   0.6875   0.0000  -1.2562e-04  -4.0772e-04  -1.2562e+01  -4.0772e+01   0.0000e+00   0.0000e+00   0.0000e+00   0.0000e+00
El     39    TAX2                                     EL1                                   MATEL             ELASTIC     39     40
   0.6925   0.0000  -1.2765e-04  -4.0569e-04  -1.2765e+01  -4.0569e+01   0.0000e+00   0.0000e+00   0.0000e+00   0.0000e+00
El     40    TAX2                                     EL1                                   MATEL             ELASTIC     40     41
   0.6975   0.0000  -1.2963e-04  -4.0370e-04  -1.2963e+01  -4.0370e+01   0.0000e+00   0.0000e+00   0.0000e+00   0.0000e+00
El     41    TAX2                                     EL1                                   MATEL             ELASTIC     41     42
   0.7025   0.0000  -1.3158e-04  -4.0176e-04  -1.3158e+01  -4.0176e+01   0.0000e+00   0.0000e+00   0.0000e+00   0.0000e+00
El     42    TAX2                                     EL1                                   MATEL             ELASTIC     42     43
   0.7075   0.0000  -1.3348e-04  -3.9985e-04  -1.3348e+01  -3.9985e+01   0.0000e+00   0.0000e+00   0.0000e+00   0.0000e+00
El     43    TAX2                                     EL1                                   MATEL             ELASTIC     43     44
   0.7125   0.0000  -1.3534e-04  -3.9799e-04  -1.3534e+01  -3.9799e+01   0.0000e+00   0.0000e+00   0.0000e+00   0.0000e+00
El     44    TAX2                                     EL1                                   MATEL             ELASTIC     44     45
   0.7175   0.0000  -1.3717e-04  -3.9617e-04  -1.3717e+01  -3.9617e+01   0.0000e+00   0.0000e+00   0.0000e+00   0.0000e+00
El     45    TAX2                                     EL1                                   MATEL             ELASTIC     45     46
   0.7225   0.0000  -1.3895e-04  -3.9438e-04  -1.3895e+01  -3.9438e+01   0.0000e+00   0.0000e+00   0.0000e+00   0.0000e+00
El     46    TAX2                                     EL1                                   MATEL             ELASTIC     46     47
   0.7275   0.0000  -1.4070e-04  -3.9263e-04  -1.4070e+01  -3.9263e+01   0.0000e+00   0.0000e+00   0.0000e+00   0.0000e+00
El     47    TAX2                                     EL1                                   MATEL             ELASTIC     47     48
   0.7325   0.0000  -1.4242e-04  -3.9092e-04  -1.4242e+01  -3.9092e+01   0.0000e+00   0.0000e+00   0.0000e+00   0.0000e+00
El     48    TAX2                                     EL1                                   MATEL             ELASTIC     48     49
   0.7375   0.0000  -1.4410e-04  -3.8924e-04  -1.4410e+01  -3.8924e+01   0.0000e+00   0.0000e+00   0.0000e+00   0.0000e+00
El     49    TAX2                                     EL1                                   MATEL             ELASTIC     49     50
   0.7425   0.0000  -1.4574e-04  -3.8759e-04  -1.4574e+01  -3.8759e+01   0.0000e+00   0.0000e+00   0.0000e+00   0.0000e+00
El     50    TAX2                                     EL1                                   MATEL             ELASTIC     50     51
   0.7475   0.0000  -1.4735e-04  -3.8598e-04  -1.4735e+01  -3.8598e+01   0.0000e+00   0.0000e+00   0.0000e+00   0.0000e+00
El     51    TAX2                                     EL1                                   MATEL             ELASTIC     51     52
   0.7525   0.0000  -1.4893e-04  -3.8440e-04  -1.4893e+01  -3.8440e+01   0.0000e+00   0.0000e+00   0.0000e+00   0.0000e+00
El     52    TAX2                                     EL1                                   MATEL             ELASTIC     52     53
   0.7575   0.0000  -1.5048e-04  -3.8285e-04  -1.5048e+01  -3.8285e+01   0.0000e+00   0.0000e+00   0.0000e+00   0.0000e+00
El     53    TAX2                                     EL1                                   MATEL             ELASTIC     53     54
   0.7625   0.0000  -1.5200e-04  -3.8133e-04  -1.5200e+01  -3.8133e+01   0.0000e+00   0.0000e+00   0.0000e+00   0.0000e+00
El     54    TAX2                                     EL1                                   MATEL             ELASTIC     54     55
   0.7675   0.0000  -1.5349e-04  -3.7984e-04  -1.5349e+01  -3.7984e+01   0.0000e+00   0.0000e+00   0.0000e+00   0.0000e+00
El     55    TAX2                                     EL1                                   MATEL             ELASTIC     55     56
   0.7725   0.0000  -1.5495e-04  -3.7838e-04  -1.5495e+01  -3.7838e+01   0.0000e+00   0.0000e+00   0.0000e+00   0.0000e+00
El     56    TAX2                                     EL1                                   MATEL             ELASTIC     56     57
   0.7775   0.0000  -1.5638e-04  -3.7695e-04  -1.5638e+01  -3.7695e+01   0.0000e+00   0.0000e+00   0.0000e+00   0.0000e+00
El     57    TAX2                                     EL1                                   MATEL             ELASTIC     57     58
   0.7825   0.0000  -1.5779e-04  -3.7555e-04  -1.5779e+01  -3.7555e+01   0.0000e+00   0.0000e+00   0.0000e+00   0.0000e+00
El     58    TAX2                                     EL1                                   MATEL             ELASTIC     58     59
   0.7875   0.0000  -1.5917e-04  -3.7417e-04  -1.5917e+01  -3.7417e+01   0.0000e+00   0.0000e+00   0.0000e+00   0.0000e+00
El     59    TAX2                                     EL1                                   MATEL             ELASTIC     59     60
   0.7925   0.0000  -1.6052e-04  -3.7282e-04  -1.6052e+01  -3.7282e+01   0.0000e+00   0.0000e+00   0.0000e+00   0.0000e+00
El     60    TAX2                                     EL1                                   MATEL             ELASTIC     60     61
   0.7975   0.0000  -1.6185e-04  -3.7149e-04  -1.6185e+01  -3.7149e+01   0.0000e+00   0.0000e+00   0.0000e+00   0.0000e+00
El     61    TAX2                                     EL1                                   MATEL             ELASTIC     61     62
   0.8025   0.0000  -1.6315e-04  -3.7019e-04  -1.6315e+01  -3.7019e+01   0.0000e+00   0.0000e+00   0.0000e+00   0.0000e+00
El     62    TAX2                                     EL1                                   MATEL             ELASTIC     62     63
   0.8075   0.0000  -1.6443e-04  -3.6891e-04  -1.6443e+01  -3.6891e+01   0.0000e+00   0.0000e+00   0.0000e+00   0.0000e+00
El     63    TAX2                                     EL1                                   MATEL             ELASTIC     63     64
   0.8125   0.0000  -1.6568e-04  -3.6765e-04  -1.6568e+01  -3.6765e+01   0.0000e+00   0.0000e+00   0.0000e+00   0.0000e+00
El     64    TAX2                                     EL1                                   MATEL             ELASTIC     64     65
   0.8175   0.0000  -1.6691e-04  -3.6642e-04  -1.6691e+01  -3.6642e+01   0.0000e+00   0.0000e+00   0.0000e+00   0.0000e+00
El     65    TAX2                                     EL1                                   MATEL             ELASTIC     65     66
   0.8225   0.0000  -1.6812e-04  -3.6521e-04  -1.6812e+01  -3.6521e+01   0.0000e+00   0.0000e+00   0.0000e+00   0.0000e+00
El     66    TAX2                                     EL1                                   MATEL             ELASTIC     66     67
   0.8275   0.0000  -1.6931e-04  -3.6403e-04  -1.6931e+01  -3.6403e+01   0.0000e+00   0.0000e+00   0.0000e+00   0.0000e+00
El     67    TAX2                                     EL1                                   MATEL             ELASTIC     67     68
   0.8325   0.0000  -1.7047e-04  -3.6286e-04  -1.7047e+01  -3.6286e+01   0.0000e+00   0.0000e+00   0.0000e+00   0.0000e+00
El     68    TAX2                                     EL1                                   MATEL             ELASTIC     68     69
   0.8375   0.0000  -1.7162e-04  -3.6172e-04  -1.7162e+01  -3.6172e+01   0.0000e+00   0.0000e+00   0.0000e+00   0.0000e+00
El     69    TAX2                                     EL1                                   MATEL             ELASTIC     69     70
   0.8425   0.0000  -1.7274e-04  -3.6059e-04  -1.7274e+01  -3.6059e+01   0.0000e+00   0.0000e+00   0.0000e+00   0.0000e+00
El     70    TAX2                                     EL1                                   MATEL             ELASTIC     70     71
   0.8475   0.0000  -1.7385e-04  -3.5949e-04  -1.7385e+01  -3.5949e+01   0.0000e+00   0.0000e+00   0.0000e+00   0.0000e+00
El     71    TAX2                                     EL1                                   MATEL             ELASTIC     71     72
   0.8525   0.0000  -1.7493e-04  -3.5840e-04  -1.7493e+01  -3.5840e+01   0.0000e+00   0.0000e+00   0.0000e+00   0.0000e+00
El     72    TAX2                                     EL1                                   MATEL             ELASTIC     72     73
   0.8575   0.0000  -1.7600e-04  -3.5733e-04  -1.7600e+01  -3.5733e+01   0.0000e+00   0.0000e+00   0.0000e+00   0.0000e+00
El     73    TAX2                                     EL1                                   MATEL             ELASTIC     73     74
   0.8625   0.0000  -1.7705e-04  -3.5629e-04  -1.7705e+01  -3.5629e+01   0.0000e+00   0.0000e+00   0.0000e+00   0.0000e+00
El     74    TAX2                                     EL1                                   MATEL             ELASTIC     74     75
   0.8675   0.0000  -1.7808e-04  -3.5526e-04  -1.7808e+01  -3.5526e+01   0.0000e+00   0.0000e+00   0.0000e+00   0.0000e+00
El     75    TAX2                                     EL1                                   MATEL             ELASTIC     75     76
   0.8725   0.0000  -1.7909e-04  -3.5424e-04  -1.7909e+01  -3.5424e+01   0.0000e+00   0.0000e+00   0.0000e+00   0.0000e+00
El     76    TAX2                                     EL1                                   MATEL             ELASTIC     76     77
   0.8775   0.0000  -1.8009e-04  -3.5325e-04  -1.8009e+01  -3.5325e+01   0.0000e+00   0.0000e+00   0.0000e+00   0.0000e+00
El     77    TAX2                                     EL1                                   MATEL             ELASTIC     77     78
   0.8825   0.0000  -1.8107e-04  -3.5227e-04  -1.8107e+01  -3.5227e+01   0.0000e+00   0.0000e+00   0.0000e+00   0.0000e+00
El     78    TAX2                                     EL1                                   MATEL             ELASTIC     78     79
   0.8875   0.0000  -1.8203e-04  -3.5131e-04  -1.8203e+01  -3.5131e+01   0.0000e+00   0.0000e+00   0.0000e+00   0.0000e+00
El     79    TAX2                                     EL1                                   MATEL             ELASTIC     79     80
   0.8925   0.0000  -1.8297e-04  -3.5036e-04  -1.8297e+01  -3.5036e+01   0.0000e+00   0.0000e+00   0.0000e+00   0.0000e+00
El     80    TAX2                                     EL1                                   MATEL             ELASTIC     80     81
   0.8975   0.0000  -1.8390e-04  -3.4943e-04  -1.8390e+01  -3.4943e+01   0.0000e+00   0.0000e+00   0.0000e+00   0.0000e+00
El     81    TAX2                                     EL1                                   MATEL             ELASTIC     81     82
   0.9025   0.0000  -1.8482e-04  -3.4852e-04  -1.8482e+01  -3.4852e+01   0.0000e+00   0.0000e+00   0.0000e+00   0.0000e+00
El     82    TAX2                                     EL1                                   MATEL             ELASTIC     82     83
   0.9075   0.0000  -1.8572e-04  -3.4762e-04  -1.8572e+01  -3.4762e+01   0.0000e+00   0.0000e+00   0.0000e+00   0.0000e+00
El     83    TAX2                                     EL1                                   MATEL             ELASTIC     83     84
   0.9125   0.0000  -1.8660e-04  -3.4673e-04  -1.8660e+01  -3.4673e+01   0.0000e+00   0.0000e+00   0.0000e+00   0.0000e+00
El     84    TAX2                                     EL1                                   MATEL             ELASTIC     84     85
   0.9175   0.0000  -1.8747e-04  -3.4586e-04  -1.8747e+01  -3.4586e+01   0.0000e+00   0.0000e+00   0.0000e+00   0.0000e+00
El     85    TAX2                                     EL1                                   MATEL             ELASTIC     85     86
   0.9225   0.0000  -1.8833e-04  -3.4501e-04  -1.8833e+01  -3.4501e+01   0.0000e+00   0.0000e+00   0.0000e+00   0.0000e+00
El     86    TAX2                                     EL1                                   MATEL             ELASTIC     86     87
   0.9275   0.0000  -1.8917e-04  -3.4416e-04  -1.8917e+01  -3.4416e+01   0.0000e+00   0.0000e+00   0.0000e+00   0.0000e+00
El     87    TAX2                                     EL1                                   MATEL             ELASTIC     87     88
   0.9325   0.0000  -1.9000e-04  -3.4334e-04  -1.9000e+01  -3.4334e+01   0.0000e+00   0.0000e+00   0.0000e+00   0.0000e+00
El     88    TAX2                                     EL1                                   MATEL             ELASTIC     88     89
   0.9375   0.0000  -1.9081e-04  -3.4252e-04  -1.9081e+01  -3.4252e+01   0.0000e+00   0.0000e+00   0.0000e+00   0.0000e+00
El     89    TAX2                                     EL1                                   MATEL             ELASTIC     89     90
   0.9425   0.0000  -1.9162e-04  -3.4172e-04  -1.9162e+01  -3.4172e+01   0.0000e+00   0.0000e+00   0.0000e+00   0.0000e+00
El     90    TAX2                                     EL1                                   MATEL             ELASTIC     90     91
   0.9475   0.0000  -1.9241e-04  -3.4093e-04  -1.9241e+01  -3.4093e+01   0.0000e+00   0.0000e+00   0.0000e+00   0.0000e+00
El     91    TAX2                                     EL1                                   MATEL             ELASTIC     91     92
   0.9525   0.0000  -1.9318e-04  -3.4015e-04  -1.9318e+01  -3.4015e+01   0.0000e+00   0.0000e+00   0.0000e+00   0.0000e+00
El     92    TAX2                                     EL1                                   MATEL             ELASTIC     92     93
   0.9575   0.0000  -1.9395e-04  -3.3938e-04  -1.9395e+01  -3.3938e+01   0.0000e+00   0.0000e+00   0.0000e+00   0.0000e+00
El     93    TAX2                                     EL1                                   MATEL             ELASTIC     93     94
   0.9625   0.0000  -1.9470e-04  -3.3863e-04  -1.9470e+01  -3.3863e+01   0.0000e+00   0.0000e+00   0.0000e+00   0.0000e+00
El     94    TAX2                                     EL1                                   MATEL             ELASTIC     94     95
   0.9675   0.0000  -1.9545e-04  -3.3789e-04  -1.9545e+01  -3.3789e+01   0.0000e+00   0.0000e+00   0.0000e+00   0.0000e+00
El     95    TAX2                                     EL1                                   MATEL             ELASTIC     95     96
   0.9725   0.0000  -1.9618e-04  -3.3716e-04  -1.9618e+01  -3.3716e+01   0.0000e+00   0.0000e+00   0.0000e+00   0.0000e+00
El     96    TAX2                                     EL1                                   MATEL             ELASTIC     96     97
   0.9775   0.0000  -1.9690e-04  -3.3644e-04  -1.9690e+01  -3.3644e+01   0.0000e+00   0.0000e+00   0.0000e+00   0.0000e+00
El     97    TAX2                                     EL1                                   MATEL             ELASTIC     97     98
   0.9825   0.0000  -1.9760e-04  -3.3573e-04  -1.9760e+01  -3.3573e+01   0.0000e+00   0.0000e+00   0.0000e+00   0.0000e+00
El     98    TAX2                                     EL1                                   MATEL             ELASTIC     98     99
   0.9875   0.0000  -1.9830e-04  -3.3503e-04  -1.9830e+01  -3.3503e+01   0.0000e+00   0.0000e+00   0.0000e+00   0.0000e+00
El     99    TAX2                                     EL1                                   MATEL             ELASTIC     99    100
   0.9925   0.0000  -1.9899e-04  -3.3435e-04  -1.9899e+01  -3.3435e+01   0.0000e+00   0.0000e+00   0.0000e+00   0.0000e+00
El    100    TAX2                                     EL1                                   MATEL             ELASTIC    100    101
   0.9975   0.0000  -1.9967e-04  -3.3367e-04  -1.9967e+01  -3.3367e+01   0.0000e+00   0.0000e+00   0.0000e+00   0.0000e+00
