ConFem  ../_DataBeams/E3-02_B23
PROP1, Area 0.080000, 1st moment area 0.000000e+00, 2nd moment area 1.066667e-03 
symmetric system True, used LinAlg2 True, used ConFemMatC True, used CaeFemElemC True
ndofs 33, elems 10, active nodes 11, abs.size 0.15 MItems, rel.size 0.1433 (abs.size/(ndofs**2)
used material MAT1, spec. inertial mass 2.50e-03, type RCBEAM
0 step starts, solution type NR
0   1 1.000 0.00000 iter 0 0.000000e+00 1.000000e+00    0.000000e+00
0   1 1.000 0.10000 iter 1 2.213802e-02 1.000000e+00    2.264659e-03
0   1 1.000 0.10000 iter 2 6.188426e-03 2.757120e-01    5.089886e-03
0   1 1.000 0.10000 iter 3 2.133521e-04 2.205754e-03    5.347351e-03
0   1 1.000 0.10000 iter 4 2.805916e-06 9.999623e-08    5.349073e-03
0   2 1.000 0.10000 iter 0 2.805916e-06 1.000000e+00    0.000000e+00
0   2 1.000 0.20000 iter 1 1.323701e-03 1.000000e+00    5.422425e-03
0   2 1.000 0.20000 iter 2 2.863062e-06 2.532462e-05    5.500299e-03
0   3 1.000 0.20000 iter 0 2.863062e-06 1.000000e+00    0.000000e+00
0   3 1.000 0.30000 iter 1 1.368307e-03 1.000000e+00    5.581011e-03
0   3 1.000 0.30000 iter 2 1.352488e-06 2.596672e-06    5.666810e-03
0   4 1.000 0.30000 iter 0 1.352488e-06 1.000000e+00    0.000000e+00
0   4 1.000 0.40000 iter 1 1.436148e-03 1.000000e+00    5.755909e-03
0   4 1.000 0.40000 iter 2 9.134892e-07 2.026615e-05    5.851153e-03
0   5 1.000 0.40000 iter 0 9.134892e-07 1.000000e+00    0.000000e+00
0   5 1.000 0.50000 iter 1 1.507087e-03 1.000000e+00    5.950355e-03
0   5 1.000 0.50000 iter 2 1.273406e-06 3.592547e-05    6.056946e-03
0   6 1.000 0.50000 iter 0 1.273406e-06 1.000000e+00    0.000000e+00
0   6 1.000 0.60000 iter 1 1.592625e-03 1.000000e+00    6.168371e-03
0   6 1.000 0.60000 iter 2 2.230376e-06 5.243424e-05    6.288845e-03
0   7 1.000 0.60000 iter 0 2.230376e-06 1.000000e+00    0.000000e+00
0   7 1.000 0.70000 iter 1 1.697525e-03 1.000000e+00    6.415330e-03
0   7 1.000 0.70000 iter 2 4.864011e-06 7.154092e-05    6.553131e-03
0   8 1.000 0.70000 iter 0 4.864011e-06 1.000000e+00    0.000000e+00
0   8 1.000 0.80000 iter 1 1.829558e-03 1.000000e+00    6.698618e-03
0   8 1.000 0.80000 iter 2 4.269779e-06 9.931207e-05    6.858521e-03
0   9 1.000 0.80000 iter 0 4.269779e-06 1.000000e+00    0.000000e+00
0   9 1.000 0.90000 iter 1 2.000763e-03 1.000000e+00    7.028455e-03
0   9 1.000 0.90000 iter 2 7.819993e-06 1.374209e-04    7.217598e-03
0  10 1.000 0.90000 iter 0 7.819993e-06 1.000000e+00    0.000000e+00
0  10 1.000 1.00000 iter 1 2.221458e-03 1.000000e+00    7.420233e-03
0  10 1.000 1.00000 iter 2 1.483126e-05 1.971164e-04    7.649388e-03
Element Data written 1.000000 1.000000
Nodal Data written 1.000000 1.000000
total comp time 0 seconds
