  1.0000
    1   0.0000   0.0000   0.0000  0.0000e+00  0.0000e+00 -1.4568e-02  6.2409e-12  1.0000e-01 -2.2110e-10
    2   0.2500   0.0000   0.0000  1.2009e-05 -3.6678e-03 -1.4384e-02  7.9919e-09 -1.4502e-15 -1.1672e-09
    3   0.5000   0.0000   0.0000  4.5086e-05 -7.2410e-03 -1.3846e-02 -1.2005e-08 -1.5812e-15  5.3622e-09
    4   0.7500   0.0000   0.0000  9.5028e-05 -1.0632e-02 -1.2971e-02 -3.2523e-07  6.5850e-15  7.6387e-08
    5   1.0000   0.0000   0.0000  1.5791e-04 -1.3762e-02 -1.1783e-02 -4.2214e-07  6.8782e-16  9.0358e-08
    6   1.2500   0.0000   0.0000  2.3025e-04 -1.6552e-02 -1.0308e-02 -1.8012e-06 -7.2164e-15  3.5428e-07
    7   1.5000   0.0000   0.0000  3.0900e-04 -1.8938e-02 -8.5791e-03 -1.4547e-06  1.0631e-14  2.7324e-07
    8   1.7500   0.0000   0.0000  3.9176e-04 -2.0858e-02 -6.6352e-03 -3.6636e-06 -9.5167e-15  6.6318e-07
    9   2.0000   0.0000   0.0000  4.7670e-04 -2.2268e-02 -4.5218e-03 -1.9029e-06  1.1714e-14  3.3544e-07
   10   2.2500   0.0000   0.0000  5.6269e-04 -2.3127e-02 -2.2910e-03 -2.2755e-06 -1.4117e-14  3.9649e-07
   11   2.5000   0.0000   0.0000  6.4903e-04 -2.3417e-02 -2.0739e-11  6.4528e-16  5.9848e-16 -9.9920e-16
   12   2.7500   0.0000   0.0000  7.3537e-04 -2.3127e-02  2.2910e-03  2.2755e-06  4.8642e-15 -3.9649e-07
   13   3.0000   0.0000   0.0000  8.2136e-04 -2.2268e-02  4.5218e-03  1.9029e-06  1.0972e-15 -3.3544e-07
   14   3.2500   0.0000   0.0000  9.0630e-04 -2.0858e-02  6.6352e-03  3.6636e-06 -1.1238e-14 -6.6318e-07
   15   3.5000   0.0000   0.0000  9.8906e-04 -1.8938e-02  8.5791e-03  1.4547e-06  1.3969e-14 -2.7324e-07
   16   3.7500   0.0000   0.0000  1.0678e-03 -1.6552e-02  1.0308e-02  1.8012e-06 -3.1850e-15 -3.5428e-07
   17   4.0000   0.0000   0.0000  1.1401e-03 -1.3762e-02  1.1783e-02  4.2075e-07 -3.4200e-15 -9.7014e-08
   18   4.2500   0.0000   0.0000  1.2030e-03 -1.0632e-02  1.2971e-02  3.2671e-07  4.2952e-15 -6.9254e-08
   19   4.5000   0.0000   0.0000  1.2530e-03 -7.2410e-03  1.3846e-02  1.1906e-08 -4.9674e-15 -5.8400e-09
   20   4.7500   0.0000   0.0000  1.2860e-03 -3.6678e-03  1.4384e-02 -7.9919e-09  1.9915e-15  1.1672e-09
   21   5.0000   0.0000   0.0000  1.2981e-03  0.0000e+00  1.4568e-02 -6.2425e-12  1.0000e-01  2.2110e-10
