  1.0000
    1   0.0000   0.0000   0.0000  0.0000e+00  0.0000e+00 -1.4575e-02 -7.4143e-10  1.0000e-01 -3.4815e-09
    3   0.5000   0.0000   0.0000  4.6877e-05 -7.1559e-03 -1.3851e-02 -1.7516e-07 -2.6012e-07 -2.8867e-08
    5   1.0000   0.0000   0.0000  1.5971e-04 -1.3612e-02 -1.1785e-02 -1.4258e-06 -5.7558e-07  1.5479e-08
    7   1.5000   0.0000   0.0000  3.1071e-04 -1.8744e-02 -8.5795e-03 -4.1302e-06 -3.2941e-07  2.6833e-07
    9   2.0000   0.0000   0.0000  4.7838e-04 -2.2047e-02 -4.5218e-03 -4.9525e-06  5.8960e-07  4.3837e-07
   11   2.5000   0.0000   0.0000  6.5071e-04 -2.3188e-02 -6.1479e-10 -1.6653e-16  1.1746e-06  1.8041e-15
   13   3.0000   0.0000   0.0000  8.2303e-04 -2.2047e-02  4.5218e-03  4.9525e-06  5.8960e-07 -4.3837e-07
   15   3.5000   0.0000   0.0000  9.9071e-04 -1.8744e-02  8.5795e-03  4.1302e-06 -3.2941e-07 -2.6833e-07
   17   4.0000   0.0000   0.0000  1.1417e-03 -1.3612e-02  1.1785e-02  8.8417e-06 -7.3080e-07 -4.5663e-07
   19   4.5000   0.0000   0.0000  1.2545e-03 -7.1559e-03  1.3851e-02 -7.2407e-06 -1.0489e-07  3.9241e-07
   21   5.0000   0.0000   0.0000  1.3014e-03  0.0000e+00  1.4575e-02  7.4143e-10  1.0000e-01  3.4815e-09
