Time   1.0000
El      1     B23                                   PROP1                                    MAT1              RCBEAM      1      3
   0.1057   0.0000   9.3754e-05   7.6540e-04   3.8162e-02   1.0343e-02   2.0856e-01  -5.9325e-02
   0.3943   0.0000   9.3754e-05   2.1299e-03  -3.8162e-02   3.6324e-02   4.1325e-01  -3.3224e-01
El      2     B23                                   PROP1                                    MAT1              RCBEAM      3      5
   0.6057   0.0000   2.2566e-04   3.4773e-03   2.3640e-02   5.3230e-02   7.4726e-01  -4.6980e-01
   0.8943   0.0000   2.2566e-04   4.7879e-03  -2.3640e-02   7.3437e-02   9.4385e-01  -7.3192e-01
El      3     B23                                   PROP1                                    MAT1              RCBEAM      5      7
   1.1057   0.0000   3.0200e-04   5.8471e-03   1.1185e-02   8.6116e-02   1.1791e+00  -8.6742e-01
   1.3943   0.0000   3.0200e-04   6.9750e-03  -1.1182e-02   1.0055e-01   1.3482e+00  -1.0930e+00
El      4     B23                                   PROP1                                    MAT1              RCBEAM      7      9
   1.6057   0.0000   3.3535e-04   7.7278e-03   3.6258e-03   1.0900e-01   1.4945e+00  -1.2102e+00
   1.8943   0.0000   3.3535e-04   8.5030e-03  -3.6143e-03   1.1766e-01   1.6108e+00  -1.3652e+00
El      5     B23                                   PROP1                                    MAT1              RCBEAM      9     11
   2.1057   0.0000   3.4465e-04   8.9047e-03   5.8649e-04   1.2189e-01   1.6804e+00  -1.4363e+00
   2.3943   0.0000   3.4465e-04   9.1825e-03  -5.6512e-04   1.2477e-01   1.7220e+00  -1.4919e+00
El      6     B23                                   PROP1                                    MAT1              RCBEAM     11     13
   2.6057   0.0000   3.4465e-04   9.1825e-03  -5.6512e-04   1.2477e-01   1.7220e+00  -1.4919e+00
   2.8943   0.0000   3.4465e-04   8.9047e-03   5.8649e-04   1.2189e-01   1.6804e+00  -1.4363e+00
El      7     B23                                   PROP1                                    MAT1              RCBEAM     13     15
   3.1057   0.0000   3.3535e-04   8.5030e-03  -3.6143e-03   1.1766e-01   1.6108e+00  -1.3652e+00
   3.3943   0.0000   3.3535e-04   7.7278e-03   3.6258e-03   1.0900e-01   1.4945e+00  -1.2102e+00
El      8     B23                                   PROP1                                    MAT1              RCBEAM     15     17
   3.6057   0.0000   3.0200e-04   6.9750e-03  -1.1182e-02   1.0055e-01   1.3482e+00  -1.0930e+00
   3.8943   0.0000   3.0200e-04   5.8471e-03   1.1185e-02   8.6116e-02   1.1791e+00  -8.6742e-01
El      9     B23                                   PROP1                                    MAT1              RCBEAM     17     19
   4.1057   0.0000   2.2565e-04   4.7879e-03  -2.3647e-02   7.3437e-02   9.4384e-01  -7.3193e-01
   4.3943   0.0000   2.2565e-04   3.4773e-03   2.3633e-02   5.3230e-02   7.4725e-01  -4.6981e-01
El     10     B23                                   PROP1                                    MAT1              RCBEAM     19     21
   4.6057   0.0000   9.3754e-05   2.1299e-03  -3.8162e-02   3.6324e-02   4.1325e-01  -3.3224e-01
   4.8943   0.0000   9.3754e-05   7.6540e-04   3.8162e-02   1.0343e-02   2.0856e-01  -5.9325e-02
