  1.0000
    1   0.0000   0.0000   0.0000 -5.9304e-22 -7.2362e-21  0.0000e+00 -2.6671e-05  2.6671e-05  4.3368e-18  1.5613e-17 -4.8793e-02 -1.1276e-16  7.6003e-17
    2   1.3300   0.0000   0.0000 -8.8671e-22 -7.2692e-21  0.0000e+00 -1.2762e-03  2.2596e-05  1.6914e-17 -2.8189e-17  4.6965e-02  9.1246e-16  2.9924e-16
    3   2.6700   0.0000   0.0000 -5.1383e-22 -1.1103e-20  0.0000e+00 -2.1720e-03  1.1767e-05  3.4694e-18 -8.2399e-18  6.8814e-02  1.9030e-15  4.0766e-16
    4   4.0000   0.0000   0.0000  0.0000e+00 -9.8378e-21  0.0000e+00 -2.4722e-03  0.0000e+00  1.0408e-17  0.0000e+00  3.6617e-02 -4.2316e-16 -5.4138e-03
    5   0.0000   1.3300   0.0000 -3.4940e-21 -7.3830e-21  0.0000e+00 -2.2596e-05  1.2762e-03 -2.8840e-17  1.0625e-17  4.6965e-02 -1.1232e-16 -4.7531e-16
    6   1.3300   1.3300   0.0000 -2.8651e-21 -5.4747e-21 -1.5685e-03 -1.0573e-03  1.0573e-03  1.9082e-17 -3.4261e-17 -4.4409e-16  1.0187e-15 -1.3527e-15
    7   2.6700   1.3300   0.0000 -1.6515e-21 -8.2146e-21 -2.6625e-03 -1.8167e-03  5.6116e-04 -1.6480e-17 -5.8547e-17  9.3675e-17  9.9226e-16  1.8648e-15
    8   4.0000   1.3300   0.0000  0.0000e+00 -7.0877e-21 -3.0388e-03 -2.0756e-03  0.0000e+00  1.9082e-17 -7.2858e-17 -4.7896e-15  4.5103e-17 -3.1130e-02
    9   0.0000   2.6700   0.0000 -8.4057e-21 -5.8245e-21  0.0000e+00 -1.1767e-05  2.1720e-03 -4.3368e-18 -1.0408e-17  6.8814e-02  7.4593e-17  1.7347e-17
   10   1.3300   2.6700   0.0000 -6.9650e-21 -3.9854e-21 -2.6625e-03 -5.6116e-04  1.8167e-03 -4.9440e-17  3.5996e-17 -2.3870e-15 -1.0582e-16  1.0061e-16
   11   2.6700   2.6700   0.0000 -3.8390e-21 -4.3977e-21 -4.5395e-03 -9.7803e-04  9.7803e-04  4.8572e-17  2.4286e-17 -1.1567e-14  1.0061e-15 -2.4043e-15
   12   4.0000   2.6700   0.0000  0.0000e+00 -2.6265e-21 -5.1911e-03 -1.1251e-03  0.0000e+00  1.9082e-17  4.5103e-17 -4.6022e-15 -3.4348e-16 -5.2745e-02
   13   0.0000   4.0000   0.0000 -1.2771e-20  0.0000e+00  0.0000e+00  0.0000e+00  2.4722e-03 -1.9082e-17  3.3827e-17  3.6617e-02  5.4138e-03 -4.4647e-16
   14   1.3300   4.0000   0.0000 -1.0214e-20  0.0000e+00 -3.0388e-03  0.0000e+00  2.0756e-03 -1.9082e-17  5.0307e-17 -7.2754e-15  3.1130e-02  1.1345e-15
   15   2.6700   4.0000   0.0000 -5.1758e-21  0.0000e+00 -5.1911e-03  0.0000e+00  1.1251e-03  2.4286e-17  1.9082e-17 -3.2856e-15  5.2745e-02 -1.1414e-15
   16   4.0000   4.0000   0.0000  0.0000e+00  0.0000e+00 -5.9418e-03  0.0000e+00  0.0000e+00  1.7347e-17 -1.7347e-17 -1.9646e-15  3.0044e-02 -3.0044e-02
