Time,   1.0000
     1,  EL1,       MAT1,    SH4,   0,     1.5774,    1.5774,    0.0000,  5.747571e-01,  5.747571e-01,  0.000000e+00,  1.151424e-01,  1.151424e-01, -2.434631e+00,  0.000000e+00,  0.000000e+00,
     1,  EL1,       MAT1,    SH4,   1,     1.5774,    1.5774,    0.0000,  3.415316e-01,  3.415316e-01,  0.000000e+00,  1.151424e-01,  1.151424e-01, -1.446704e+00,  0.000000e+00,  0.000000e+00,
     1,  EL1,       MAT1,    SH4,   2,     1.5774,    1.5774,    0.0000, -8.852552e-18,  2.576426e-18,  0.000000e+00,  1.151424e-01,  1.151424e-01, -1.305751e-17,  0.000000e+00,  0.000000e+00,
     1,  EL1,       MAT1,    SH4,   3,     1.5774,    1.5774,    0.0000, -3.415316e-01, -3.415316e-01,  0.000000e+00,  1.151424e-01,  1.151424e-01,  1.446704e+00,  0.000000e+00,  0.000000e+00,
     1,  EL1,       MAT1,    SH4,   4,     1.5774,    1.5774,    0.0000, -5.747571e-01, -5.747571e-01,  0.000000e+00,  1.151424e-01,  1.151424e-01,  2.434631e+00,  0.000000e+00,  0.000000e+00,
     1,  EL1,       MAT1,    SH4,   5,     1.5774,    0.4226,    0.0000,  9.792672e-01,  6.556591e-01,  0.000000e+00,  1.151424e-01, -7.748504e-02, -2.272827e+00,  0.000000e+00,  0.000000e+00,
     1,  EL1,       MAT1,    SH4,   6,     1.5774,    0.4226,    0.0000,  5.818992e-01,  3.896051e-01,  0.000000e+00,  1.151424e-01, -7.748504e-02, -1.350557e+00,  0.000000e+00,  0.000000e+00,
     1,  EL1,       MAT1,    SH4,   7,     1.5774,    0.4226,    0.0000, -3.783840e-17, -3.220743e-18,  0.000000e+00,  1.151424e-01, -7.748504e-02, -5.562022e-18,  0.000000e+00,  0.000000e+00,
     1,  EL1,       MAT1,    SH4,   8,     1.5774,    0.4226,    0.0000, -5.818992e-01, -3.896051e-01,  0.000000e+00,  1.151424e-01, -7.748504e-02,  1.350557e+00,  0.000000e+00,  0.000000e+00,
     1,  EL1,       MAT1,    SH4,   9,     1.5774,    0.4226,    0.0000, -9.792672e-01, -6.556591e-01,  0.000000e+00,  1.151424e-01, -7.748504e-02,  2.272827e+00,  0.000000e+00,  0.000000e+00,
     1,  EL1,       MAT1,    SH4,  10,     0.4226,    1.5774,    0.0000,  6.556591e-01,  9.792672e-01,  0.000000e+00, -7.748504e-02,  1.151424e-01, -2.272827e+00,  0.000000e+00,  0.000000e+00,
     1,  EL1,       MAT1,    SH4,  11,     0.4226,    1.5774,    0.0000,  3.896051e-01,  5.818992e-01,  0.000000e+00, -7.748504e-02,  1.151424e-01, -1.350557e+00,  0.000000e+00,  0.000000e+00,
     1,  EL1,       MAT1,    SH4,  12,     0.4226,    1.5774,    0.0000, -5.104808e-18,  2.131515e-17,  0.000000e+00, -7.748504e-02,  1.151424e-01, -2.465185e-17,  0.000000e+00,  0.000000e+00,
     1,  EL1,       MAT1,    SH4,  13,     0.4226,    1.5774,    0.0000, -3.896051e-01, -5.818992e-01,  0.000000e+00, -7.748504e-02,  1.151424e-01,  1.350557e+00,  0.000000e+00,  0.000000e+00,
     1,  EL1,       MAT1,    SH4,  14,     0.4226,    1.5774,    0.0000, -6.556591e-01, -9.792672e-01,  0.000000e+00, -7.748504e-02,  1.151424e-01,  2.272827e+00,  0.000000e+00,  0.000000e+00,
     1,  EL1,       MAT1,    SH4,  15,     0.4226,    0.4226,    0.0000,  1.060169e+00,  1.060169e+00,  0.000000e+00, -7.748504e-02, -7.748504e-02, -2.111023e+00,  0.000000e+00,  0.000000e+00,
     1,  EL1,       MAT1,    SH4,  16,     0.4226,    0.4226,    0.0000,  6.299727e-01,  6.299727e-01,  0.000000e+00, -7.748504e-02, -7.748504e-02, -1.254410e+00,  0.000000e+00,  0.000000e+00,
     1,  EL1,       MAT1,    SH4,  17,     0.4226,    0.4226,    0.0000, -3.409065e-17,  1.551798e-17,  0.000000e+00, -7.748504e-02, -7.748504e-02, -1.715636e-17,  0.000000e+00,  0.000000e+00,
     1,  EL1,       MAT1,    SH4,  18,     0.4226,    0.4226,    0.0000, -6.299727e-01, -6.299727e-01,  0.000000e+00, -7.748504e-02, -7.748504e-02,  1.254410e+00,  0.000000e+00,  0.000000e+00,
     1,  EL1,       MAT1,    SH4,  19,     0.4226,    0.4226,    0.0000, -1.060169e+00, -1.060169e+00,  0.000000e+00, -7.748504e-02, -7.748504e-02,  2.111023e+00,  0.000000e+00,  0.000000e+00,
     2,  EL1,       MAT1,    SH4,   0,     3.5774,    1.5774,    0.0000,  4.750508e-01,  1.194839e+00,  0.000000e+00, -1.385324e-01,  9.806709e-02, -1.309346e+00,  0.000000e+00,  0.000000e+00,
     2,  EL1,       MAT1,    SH4,   1,     3.5774,    1.5774,    0.0000,  2.822842e-01,  7.099960e-01,  0.000000e+00, -1.385324e-01,  9.806709e-02, -7.780381e-01,  0.000000e+00,  0.000000e+00,
     2,  EL1,       MAT1,    SH4,   2,     3.5774,    1.5774,    0.0000,  2.677552e-17,  2.760267e-17,  0.000000e+00, -1.385324e-01,  9.806709e-02, -1.563926e-17,  0.000000e+00,  0.000000e+00,
     2,  EL1,       MAT1,    SH4,   3,     3.5774,    1.5774,    0.0000, -2.822842e-01, -7.099960e-01,  0.000000e+00, -1.385324e-01,  9.806709e-02,  7.780381e-01,  0.000000e+00,  0.000000e+00,
     2,  EL1,       MAT1,    SH4,   4,     3.5774,    1.5774,    0.0000, -4.750508e-01, -1.194839e+00,  0.000000e+00, -1.385324e-01,  9.806709e-02,  1.309346e+00,  0.000000e+00,  0.000000e+00,
     2,  EL1,       MAT1,    SH4,   5,     3.5774,    0.4226,    0.0000,  2.016481e+00,  1.503125e+00,  0.000000e+00, -1.385324e-01, -1.945095e-02, -1.184633e+00,  0.000000e+00,  0.000000e+00,
     2,  EL1,       MAT1,    SH4,   6,     3.5774,    0.4226,    0.0000,  1.198231e+00,  8.931854e-01,  0.000000e+00, -1.385324e-01, -1.945095e-02, -7.039317e-01,  0.000000e+00,  0.000000e+00,
     2,  EL1,       MAT1,    SH4,   7,     3.5774,    0.4226,    0.0000, -1.772915e-17,  1.870173e-17,  0.000000e+00, -1.385324e-01, -1.945095e-02, -2.323554e-17,  0.000000e+00,  0.000000e+00,
     2,  EL1,       MAT1,    SH4,   8,     3.5774,    0.4226,    0.0000, -1.198231e+00, -8.931854e-01,  0.000000e+00, -1.385324e-01, -1.945095e-02,  7.039317e-01,  0.000000e+00,  0.000000e+00,
     2,  EL1,       MAT1,    SH4,   9,     3.5774,    0.4226,    0.0000, -2.016481e+00, -1.503125e+00,  0.000000e+00, -1.385324e-01, -1.945095e-02,  1.184633e+00,  0.000000e+00,  0.000000e+00,
     2,  EL1,       MAT1,    SH4,  10,     2.4226,    1.5774,    0.0000,  5.374069e-01,  1.506619e+00,  0.000000e+00, -1.126895e-01,  9.806709e-02, -6.927736e-01,  0.000000e+00,  0.000000e+00,
     2,  EL1,       MAT1,    SH4,  11,     2.4226,    1.5774,    0.0000,  3.193374e-01,  8.952619e-01,  0.000000e+00, -1.126895e-01,  9.806709e-02, -4.116593e-01,  0.000000e+00,  0.000000e+00,
     2,  EL1,       MAT1,    SH4,  12,     2.4226,    1.5774,    0.0000,  2.297738e-17,  8.611957e-18,  0.000000e+00, -1.126895e-01,  9.806709e-02, -3.344112e-17,  0.000000e+00,  0.000000e+00,
     2,  EL1,       MAT1,    SH4,  13,     2.4226,    1.5774,    0.0000, -3.193374e-01, -8.952619e-01,  0.000000e+00, -1.126895e-01,  9.806709e-02,  4.116593e-01,  0.000000e+00,  0.000000e+00,
     2,  EL1,       MAT1,    SH4,  14,     2.4226,    1.5774,    0.0000, -5.374069e-01, -1.506619e+00,  0.000000e+00, -1.126895e-01,  9.806709e-02,  6.927736e-01,  0.000000e+00,  0.000000e+00,
     2,  EL1,       MAT1,    SH4,  15,     2.4226,    0.4226,    0.0000,  2.078837e+00,  1.814905e+00,  0.000000e+00, -1.126895e-01, -1.945095e-02, -5.680614e-01,  0.000000e+00,  0.000000e+00,
     2,  EL1,       MAT1,    SH4,  16,     2.4226,    0.4226,    0.0000,  1.235284e+00,  1.078451e+00,  0.000000e+00, -1.126895e-01, -1.945095e-02, -3.375529e-01,  0.000000e+00,  0.000000e+00,
     2,  EL1,       MAT1,    SH4,  17,     2.4226,    0.4226,    0.0000, -2.152729e-17, -2.889770e-19,  0.000000e+00, -1.126895e-01, -1.945095e-02, -4.103741e-17,  0.000000e+00,  0.000000e+00,
     2,  EL1,       MAT1,    SH4,  18,     2.4226,    0.4226,    0.0000, -1.235284e+00, -1.078451e+00,  0.000000e+00, -1.126895e-01, -1.945095e-02,  3.375529e-01,  0.000000e+00,  0.000000e+00,
     2,  EL1,       MAT1,    SH4,  19,     2.4226,    0.4226,    0.0000, -2.078837e+00, -1.814905e+00,  0.000000e+00, -1.126895e-01, -1.945095e-02,  5.680614e-01,  0.000000e+00,  0.000000e+00,
     3,  EL1,       MAT1,    SH4,   0,     1.5774,    3.5774,    0.0000,  1.194839e+00,  4.750508e-01,  0.000000e+00,  9.806709e-02, -1.385324e-01, -1.309346e+00,  0.000000e+00,  0.000000e+00,
     3,  EL1,       MAT1,    SH4,   1,     1.5774,    3.5774,    0.0000,  7.099960e-01,  2.822842e-01,  0.000000e+00,  9.806709e-02, -1.385324e-01, -7.780381e-01,  0.000000e+00,  0.000000e+00,
     3,  EL1,       MAT1,    SH4,   2,     1.5774,    3.5774,    0.0000, -4.533306e-17, -1.063335e-18,  0.000000e+00,  9.806709e-02, -1.385324e-01, -5.790399e-19,  0.000000e+00,  0.000000e+00,
     3,  EL1,       MAT1,    SH4,   3,     1.5774,    3.5774,    0.0000, -7.099960e-01, -2.822842e-01,  0.000000e+00,  9.806709e-02, -1.385324e-01,  7.780381e-01,  0.000000e+00,  0.000000e+00,
     3,  EL1,       MAT1,    SH4,   4,     1.5774,    3.5774,    0.0000, -1.194839e+00, -4.750508e-01,  0.000000e+00,  9.806709e-02, -1.385324e-01,  1.309346e+00,  0.000000e+00,  0.000000e+00,
     3,  EL1,       MAT1,    SH4,   5,     1.5774,    2.4226,    0.0000,  1.506619e+00,  5.374069e-01,  0.000000e+00,  9.806709e-02, -1.126895e-01, -6.927736e-01,  0.000000e+00,  0.000000e+00,
     3,  EL1,       MAT1,    SH4,   6,     1.5774,    2.4226,    0.0000,  8.952619e-01,  3.193374e-01,  0.000000e+00,  9.806709e-02, -1.126895e-01, -4.116593e-01,  0.000000e+00,  0.000000e+00,
     3,  EL1,       MAT1,    SH4,   7,     1.5774,    2.4226,    0.0000, -3.890412e-17,  2.224531e-19,  0.000000e+00,  9.806709e-02, -1.126895e-01,  4.278160e-18,  0.000000e+00,  0.000000e+00,
     3,  EL1,       MAT1,    SH4,   8,     1.5774,    2.4226,    0.0000, -8.952619e-01, -3.193374e-01,  0.000000e+00,  9.806709e-02, -1.126895e-01,  4.116593e-01,  0.000000e+00,  0.000000e+00,
     3,  EL1,       MAT1,    SH4,   9,     1.5774,    2.4226,    0.0000, -1.506619e+00, -5.374069e-01,  0.000000e+00,  9.806709e-02, -1.126895e-01,  6.927736e-01,  0.000000e+00,  0.000000e+00,
     3,  EL1,       MAT1,    SH4,  10,     0.4226,    3.5774,    0.0000,  1.503125e+00,  2.016481e+00,  0.000000e+00, -1.945095e-02, -1.385324e-01, -1.184633e+00,  0.000000e+00,  0.000000e+00,
     3,  EL1,       MAT1,    SH4,  11,     0.4226,    3.5774,    0.0000,  8.931854e-01,  1.198231e+00,  0.000000e+00, -1.945095e-02, -1.385324e-01, -7.039317e-01,  0.000000e+00,  0.000000e+00,
     3,  EL1,       MAT1,    SH4,  12,     0.4226,    3.5774,    0.0000, -4.290446e-17,  1.107966e-17,  0.000000e+00, -1.945095e-02, -1.385324e-01,  1.992536e-18,  0.000000e+00,  0.000000e+00,
     3,  EL1,       MAT1,    SH4,  13,     0.4226,    3.5774,    0.0000, -8.931854e-01, -1.198231e+00,  0.000000e+00, -1.945095e-02, -1.385324e-01,  7.039317e-01,  0.000000e+00,  0.000000e+00,
     3,  EL1,       MAT1,    SH4,  14,     0.4226,    3.5774,    0.0000, -1.503125e+00, -2.016481e+00,  0.000000e+00, -1.945095e-02, -1.385324e-01,  1.184633e+00,  0.000000e+00,  0.000000e+00,
     3,  EL1,       MAT1,    SH4,  15,     0.4226,    2.4226,    0.0000,  1.814905e+00,  2.078837e+00,  0.000000e+00, -1.945095e-02, -1.126895e-01, -5.680614e-01,  0.000000e+00,  0.000000e+00,
     3,  EL1,       MAT1,    SH4,  16,     0.4226,    2.4226,    0.0000,  1.078451e+00,  1.235284e+00,  0.000000e+00, -1.945095e-02, -1.126895e-01, -3.375529e-01,  0.000000e+00,  0.000000e+00,
     3,  EL1,       MAT1,    SH4,  17,     0.4226,    2.4226,    0.0000, -3.647552e-17,  1.236545e-17,  0.000000e+00, -1.945095e-02, -1.126895e-01,  6.849735e-18,  0.000000e+00,  0.000000e+00,
     3,  EL1,       MAT1,    SH4,  18,     0.4226,    2.4226,    0.0000, -1.078451e+00, -1.235284e+00,  0.000000e+00, -1.945095e-02, -1.126895e-01,  3.375529e-01,  0.000000e+00,  0.000000e+00,
     3,  EL1,       MAT1,    SH4,  19,     0.4226,    2.4226,    0.0000, -1.814905e+00, -2.078837e+00,  0.000000e+00, -1.945095e-02, -1.126895e-01,  5.680614e-01,  0.000000e+00,  0.000000e+00,
     4,  EL1,       MAT1,    SH4,   0,     3.5774,    3.5774,    0.0000,  3.055406e+00,  3.055406e+00,  0.000000e+00, -5.280835e-02, -5.280835e-02, -5.810634e-01,  0.000000e+00,  0.000000e+00,
     4,  EL1,       MAT1,    SH4,   1,     3.5774,    3.5774,    0.0000,  1.815580e+00,  1.815580e+00,  0.000000e+00, -5.280835e-02, -5.280835e-02, -3.452789e-01,  0.000000e+00,  0.000000e+00,
     4,  EL1,       MAT1,    SH4,   2,     3.5774,    3.5774,    0.0000,  1.024933e-17, -8.808071e-19,  0.000000e+00, -5.280835e-02, -5.280835e-02,  8.927187e-18,  0.000000e+00,  0.000000e+00,
     4,  EL1,       MAT1,    SH4,   3,     3.5774,    3.5774,    0.0000, -1.815580e+00, -1.815580e+00,  0.000000e+00, -5.280835e-02, -5.280835e-02,  3.452789e-01,  0.000000e+00,  0.000000e+00,
     4,  EL1,       MAT1,    SH4,   4,     3.5774,    3.5774,    0.0000, -3.055406e+00, -3.055406e+00,  0.000000e+00, -5.280835e-02, -5.280835e-02,  5.810634e-01,  0.000000e+00,  0.000000e+00,
     4,  EL1,       MAT1,    SH4,   5,     3.5774,    2.4226,    0.0000,  3.587116e+00,  3.161748e+00,  0.000000e+00, -5.280835e-02, -2.642442e-02, -3.683795e-01,  0.000000e+00,  0.000000e+00,
     4,  EL1,       MAT1,    SH4,   6,     3.5774,    2.4226,    0.0000,  2.131533e+00,  1.878771e+00,  0.000000e+00, -5.280835e-02, -2.642442e-02, -2.188981e-01,  0.000000e+00,  0.000000e+00,
     4,  EL1,       MAT1,    SH4,   7,     3.5774,    2.4226,    0.0000,  1.455235e-16,  2.617402e-17,  0.000000e+00, -5.280835e-02, -2.642442e-02, -2.164684e-17,  0.000000e+00,  0.000000e+00,
     4,  EL1,       MAT1,    SH4,   8,     3.5774,    2.4226,    0.0000, -2.131533e+00, -1.878771e+00,  0.000000e+00, -5.280835e-02, -2.642442e-02,  2.188981e-01,  0.000000e+00,  0.000000e+00,
     4,  EL1,       MAT1,    SH4,   9,     3.5774,    2.4226,    0.0000, -3.587116e+00, -3.161748e+00,  0.000000e+00, -5.280835e-02, -2.642442e-02,  3.683795e-01,  0.000000e+00,  0.000000e+00,
     4,  EL1,       MAT1,    SH4,  10,     2.4226,    3.5774,    0.0000,  3.161748e+00,  3.587116e+00,  0.000000e+00, -2.642442e-02, -5.280835e-02, -3.683795e-01,  0.000000e+00,  0.000000e+00,
     4,  EL1,       MAT1,    SH4,  11,     2.4226,    3.5774,    0.0000,  1.878771e+00,  2.131533e+00,  0.000000e+00, -2.642442e-02, -5.280835e-02, -2.188981e-01,  0.000000e+00,  0.000000e+00,
     4,  EL1,       MAT1,    SH4,  12,     2.4226,    3.5774,    0.0000, -5.037686e-18, -7.731587e-17,  0.000000e+00, -2.642442e-02, -5.280835e-02,  6.303685e-17,  0.000000e+00,  0.000000e+00,
     4,  EL1,       MAT1,    SH4,  13,     2.4226,    3.5774,    0.0000, -1.878771e+00, -2.131533e+00,  0.000000e+00, -2.642442e-02, -5.280835e-02,  2.188981e-01,  0.000000e+00,  0.000000e+00,
     4,  EL1,       MAT1,    SH4,  14,     2.4226,    3.5774,    0.0000, -3.161748e+00, -3.587116e+00,  0.000000e+00, -2.642442e-02, -5.280835e-02,  3.683795e-01,  0.000000e+00,  0.000000e+00,
     4,  EL1,       MAT1,    SH4,  15,     2.4226,    2.4226,    0.0000,  3.693458e+00,  3.693458e+00,  0.000000e+00, -2.642442e-02, -2.642442e-02, -1.556955e-01,  0.000000e+00,  0.000000e+00,
     4,  EL1,       MAT1,    SH4,  16,     2.4226,    2.4226,    0.0000,  2.194723e+00,  2.194723e+00,  0.000000e+00, -2.642442e-02, -2.642442e-02, -9.251722e-02,  0.000000e+00,  0.000000e+00,
     4,  EL1,       MAT1,    SH4,  17,     2.4226,    2.4226,    0.0000,  1.302365e-16, -5.026104e-17,  0.000000e+00, -2.642442e-02, -2.642442e-02,  3.246282e-17,  0.000000e+00,  0.000000e+00,
     4,  EL1,       MAT1,    SH4,  18,     2.4226,    2.4226,    0.0000, -2.194723e+00, -2.194723e+00,  0.000000e+00, -2.642442e-02, -2.642442e-02,  9.251722e-02,  0.000000e+00,  0.000000e+00,
     4,  EL1,       MAT1,    SH4,  19,     2.4226,    2.4226,    0.0000, -3.693458e+00, -3.693458e+00,  0.000000e+00, -2.642442e-02, -2.642442e-02,  1.556955e-01,  0.000000e+00,  0.000000e+00,
