ConFem  ../_DataC3D/Cube8
symmetric system False, used LinAlg2 True, used ConFemMatC True, used CaeFemElemC True
ndofs 135, elems 44, active nodes 53, abs.size 4.36 MItems, rel.size 0.2448 (abs.size/(ndofs**2)
used material MIPL, spec. inertial mass 2.50e-09, type MICRODAMAGE
used material MAT3, spec. inertial mass 1.00e-09, type ELASTIC
0 step starts, solution type NR
System mass 0.000060
0   1 1.000 0.02500 iter 0 5.984807e+01 1.000000e+00    0.000000e+00
0   1 1.000 0.02500 iter 1 2.189000e-04 1.000000e+00    4.261506e-04
0   1 1.000 0.02500 iter 2 1.734978e-12 2.160837e-19    4.261508e-04
0   2 1.000 0.05000 iter 0 5.981995e+01 1.000000e+00    0.000000e+00
0   2 1.000 0.05000 iter 1 1.311845e-03 1.000000e+00    4.261506e-04
0   2 1.000 0.05000 iter 2 1.247517e-10 9.400827e-17    4.261528e-04
0   3 1.000 0.07500 iter 0 5.973564e+01 1.000000e+00    0.000000e+00
0   3 1.000 0.07500 iter 1 3.272021e-03 1.000000e+00    4.261514e-04
0   3 1.000 0.07500 iter 2 1.166806e-09 2.210651e-15    4.261571e-04
0   4 1.000 0.10000 iter 0 5.959545e+01 1.000000e+00    0.000000e+00
0   4 1.000 0.10000 iter 1 6.087793e-03 1.000000e+00    4.261531e-04
0   4 1.000 0.10000 iter 2 5.402794e-09 1.926991e-14    4.261640e-04
0   5 1.000 0.12500 iter 0 5.939973e+01 1.000000e+00    0.000000e+00
0   5 1.000 0.12500 iter 1 9.742726e-03 1.000000e+00    4.261554e-04
0   5 1.000 0.12500 iter 2 1.736825e-08 1.006886e-13    4.261729e-04
0   6 1.000 0.15000 iter 0 5.914915e+01 1.000000e+00    0.000000e+00
0   6 1.000 0.15000 iter 1 1.421576e-02 1.000000e+00    4.261588e-04
0   6 1.000 0.15000 iter 2 4.459651e-08 3.846179e-13    4.261846e-04
0   7 1.000 0.17500 iter 0 5.884436e+01 1.000000e+00    0.000000e+00
0   7 1.000 0.17500 iter 1 1.948129e-02 1.000000e+00    4.261625e-04
0   7 1.000 0.17500 iter 2 9.829240e-08 1.189042e-12    4.261981e-04
0   8 1.000 0.20000 iter 0 5.848639e+01 1.000000e+00    0.000000e+00
0   8 1.000 0.20000 iter 1 2.550946e-02 1.000000e+00    4.261676e-04
0   8 1.000 0.20000 iter 2 1.939335e-07 3.156746e-12    4.262146e-04
Element data written 0.200000
Nodal data written 0.200000
0   9 1.000 0.22500 iter 0 5.807615e+01 1.000000e+00    0.000000e+00
0   9 1.000 0.22500 iter 1 3.226623e-02 1.000000e+00    4.261728e-04
0   9 1.000 0.22500 iter 2 3.517748e-07 7.472631e-12    4.262329e-04
0  10 1.000 0.25000 iter 0 5.761502e+01 1.000000e+00    0.000000e+00
0  10 1.000 0.25000 iter 1 3.971388e-02 1.000000e+00    4.261795e-04
0  10 1.000 0.25000 iter 2 5.972710e-07 1.617898e-11    4.262542e-04
0  11 1.000 0.27500 iter 0 5.710418e+01 1.000000e+00    0.000000e+00
0  11 1.000 0.27500 iter 1 4.781092e-02 1.000000e+00    4.261862e-04
0  11 1.000 0.27500 iter 2 9.613572e-07 3.261861e-11    4.262772e-04
0  12 1.000 0.30000 iter 0 5.654530e+01 1.000000e+00    0.000000e+00
0  12 1.000 0.30000 iter 1 5.651288e-02 1.000000e+00    4.261946e-04
0  12 1.000 0.30000 iter 2 1.480675e-06 6.205654e-11    4.263034e-04
0  12 1.000 0.30000 iter 3 7.337641e-14 4.313832e-24    4.263034e-04
0  13 1.000 0.32500 iter 0 5.593979e+01 1.000000e+00    0.000000e+00
0  13 1.000 0.32500 iter 1 6.577202e-02 1.000000e+00    4.262028e-04
0  13 1.000 0.32500 iter 2 2.197573e-06 1.125273e-10    4.263311e-04
0  13 1.000 0.32500 iter 3 1.222724e-13 2.285069e-24    4.263311e-04
0  14 1.000 0.35000 iter 0 5.528960e+01 1.000000e+00    0.000000e+00
0  14 1.000 0.35000 iter 1 7.553842e-02 1.000000e+00    4.262129e-04
0  14 1.000 0.35000 iter 2 3.160161e-06 1.960228e-10    4.263623e-04
0  14 1.000 0.35000 iter 3 1.576441e-13 8.568452e-26    4.263623e-04
0  15 1.000 0.37500 iter 0 5.459635e+01 1.000000e+00    0.000000e+00
0  15 1.000 0.37500 iter 1 8.575945e-02 1.000000e+00    4.262226e-04
0  15 1.000 0.37500 iter 2 4.421951e-06 3.300855e-10    4.263947e-04
0  15 1.000 0.37500 iter 3 1.220242e-13 3.036554e-23    4.263947e-04
0  16 1.000 0.40000 iter 0 5.386222e+01 1.000000e+00    0.000000e+00
0  16 1.000 0.40000 iter 1 9.638116e-02 1.000000e+00    4.262343e-04
0  16 1.000 0.40000 iter 2 6.041858e-06 5.400959e-10    4.264309e-04
0  16 1.000 0.40000 iter 3 1.450615e-13 2.752626e-22    4.264309e-04
Element data written 0.400000
Nodal data written 0.400000
0  17 1.000 0.42500 iter 0 5.308900e+01 1.000000e+00    0.000000e+00
0  17 1.000 0.42500 iter 1 1.073475e-01 1.000000e+00    4.262455e-04
0  17 1.000 0.42500 iter 2 8.083311e-06 8.623141e-10    4.264681e-04
0  17 1.000 0.42500 iter 3 1.117007e-13 3.138480e-22    4.264681e-04
0  18 1.000 0.45000 iter 0 5.227908e+01 1.000000e+00    0.000000e+00
0  18 1.000 0.45000 iter 1 1.186020e-01 1.000000e+00    4.262590e-04
0  18 1.000 0.45000 iter 2 1.061450e-05 1.348452e-09    4.265094e-04
0  18 1.000 0.45000 iter 3 1.445346e-13 1.013650e-21    4.265094e-04
0  19 1.000 0.47500 iter 0 5.143435e+01 1.000000e+00    0.000000e+00
0  19 1.000 0.47500 iter 1 1.300866e-01 1.000000e+00    4.262717e-04
0  19 1.000 0.47500 iter 2 1.370662e-05 2.071730e-09    4.265515e-04
0  19 1.000 0.47500 iter 3 2.133912e-13 2.471175e-21    4.265514e-04
0  20 1.000 0.50000 iter 0 5.055739e+01 1.000000e+00    0.000000e+00
0  20 1.000 0.50000 iter 1 1.417440e-01 1.000000e+00    4.262869e-04
0  20 1.000 0.50000 iter 2 1.743505e-05 3.136620e-09    4.265980e-04
0  20 1.000 0.50000 iter 3 2.645918e-13 5.418272e-21    4.265980e-04
0  21 1.000 0.52500 iter 0 4.965017e+01 1.000000e+00    0.000000e+00
0  21 1.000 0.52500 iter 1 1.535157e-01 1.000000e+00    4.263010e-04
0  21 1.000 0.52500 iter 2 2.187591e-05 4.691821e-09    4.266450e-04
0  21 1.000 0.52500 iter 3 4.791272e-13 1.409365e-20    4.266450e-04
0  22 1.000 0.55000 iter 0 4.871539e+01 1.000000e+00    0.000000e+00
0  22 1.000 0.55000 iter 1 1.653452e-01 1.000000e+00    4.263180e-04
0  22 1.000 0.55000 iter 2 2.711022e-05 6.953074e-09    4.266969e-04
0  22 1.000 0.55000 iter 3 7.449523e-13 3.152063e-20    4.266969e-04
0  23 1.000 0.57500 iter 0 4.775504e+01 1.000000e+00    0.000000e+00
0  23 1.000 0.57500 iter 1 1.771747e-01 1.000000e+00    4.263336e-04
0  23 1.000 0.57500 iter 2 3.321676e-05 1.023437e-08    4.267491e-04
0  23 1.000 0.57500 iter 3 1.222978e-12 7.132710e-20    4.267490e-04
0  24 1.000 0.60000 iter 0 4.677193e+01 1.000000e+00    0.000000e+00
0  24 1.000 0.60000 iter 1 1.889504e-01 1.000000e+00    4.263524e-04
0  24 1.000 0.60000 iter 2 4.028587e-05 1.500974e-08    4.268067e-04
0  24 1.000 0.60000 iter 3 1.974465e-12 1.597571e-19    4.268066e-04
Element data written 0.600000
Nodal data written 0.600000
0  25 1.000 0.62500 iter 0 4.576804e+01 1.000000e+00    0.000000e+00
0  25 1.000 0.62500 iter 1 2.006170e-01 1.000000e+00    4.263695e-04
0  25 1.000 0.62500 iter 2 4.840634e-05 2.200445e-08    4.268645e-04
0  25 1.000 0.62500 iter 3 3.185122e-12 3.611092e-19    4.268643e-04
0  26 1.000 0.65000 iter 0 4.474624e+01 1.000000e+00    0.000000e+00
0  26 1.000 0.65000 iter 1 2.121254e-01 1.000000e+00    4.263901e-04
0  26 1.000 0.65000 iter 2 5.772171e-05 3.241173e-08    4.269287e-04
0  26 1.000 0.65000 iter 3 5.363026e-12 8.845025e-19    4.269285e-04
0  27 1.000 0.67500 iter 0 4.370845e+01 1.000000e+00    0.000000e+00
0  27 1.000 0.67500 iter 1 2.234253e-01 1.000000e+00    4.264088e-04
0  27 1.000 0.67500 iter 2 6.845012e-05 4.830000e-08    4.269933e-04
0  27 1.000 0.67500 iter 3 1.019100e-11 2.676433e-18    4.269931e-04
0  28 1.000 0.70000 iter 0 4.265754e+01 1.000000e+00    0.000000e+00
0  28 1.000 0.70000 iter 1 2.344784e-01 1.000000e+00    4.264314e-04
0  28 1.000 0.70000 iter 2 8.134914e-05 7.404759e-08    4.270678e-04
0  28 1.000 0.70000 iter 3 2.394004e-11 1.251873e-17    4.270675e-04
0  29 1.000 0.72500 iter 0 4.159539e+01 1.000000e+00    0.000000e+00
0  29 1.000 0.72500 iter 1 2.452528e-01 1.000000e+00    4.264518e-04
0  29 1.000 0.72500 iter 2 9.943488e-05 1.223787e-07    4.271491e-04
0  29 1.000 0.72500 iter 3 8.056708e-11 1.150348e-16    4.271487e-04
0  30 1.000 0.75000 iter 0 4.052487e+01 1.000000e+00    0.000000e+00
0  30 1.000 0.75000 iter 1 2.557744e-01 1.000000e+00    4.264768e-04
0  30 1.000 0.75000 iter 2 1.454284e-04 2.801198e-07    4.272814e-04
0  30 1.000 0.75000 iter 3 7.343178e-10 3.279092e-15    4.272802e-04
0  31 1.000 0.77500 iter 0 3.944795e+01 1.000000e+00    0.000000e+00
0  31 1.000 0.77500 iter 1 2.663339e-01 1.000000e+00    4.265006e-04
0  31 1.000 0.77500 iter 2 7.107619e-04 5.102937e-06    4.297041e-04
0  31 1.000 0.77500 iter 3 1.291825e-06 3.611542e-11    4.293708e-04
0  31 1.000 0.77500 iter 4 1.696804e-13 5.104873e-22    4.293707e-04
0  32 1.000 0.80000 iter 0 3.838374e+01 1.000000e+00    0.000000e+00
0  32 1.000 0.80000 iter 1 2.729731e-01 1.000000e+00    4.265881e-04
0  32 1.000 0.80000 iter 2 4.193970e-03 5.983817e-05    4.273671e-04
0  32 1.000 0.80000 iter 3 1.793690e-04 7.008303e-07    4.279494e-04
0  32 1.000 0.80000 iter 4 5.863148e-07 1.341664e-10    4.279890e-04
Element data written 0.800000
Nodal data written 0.800000
0  33 1.000 0.82500 iter 0 3.728374e+01 1.000000e+00    0.000000e+00
0  33 1.000 0.82500 iter 1 2.403153e-01 1.000000e+00    4.265458e-04
0  33 1.000 0.82500 iter 2 2.325355e-03 2.986962e-05    4.282607e-04
0  33 1.000 0.82500 iter 3 1.275294e-07 1.760174e-11    4.282684e-04
0  34 1.000 0.85000 iter 0 3.620752e+01 1.000000e+00    0.000000e+00
0  34 1.000 0.85000 iter 1 1.304961e-01 1.000000e+00    4.265634e-04
0  34 1.000 0.85000 iter 2 5.513586e-05 3.506046e-07    4.270344e-04
0  34 1.000 0.85000 iter 3 9.271682e-12 1.070761e-16    4.270342e-04
0  35 1.000 0.87500 iter 0 3.514871e+01 1.000000e+00    0.000000e+00
0  35 1.000 0.87500 iter 1 6.361392e-02 1.000000e+00    4.265740e-04
0  35 1.000 0.87500 iter 2 9.206313e-06 4.778360e-08    4.268093e-04
0  35 1.000 0.87500 iter 3 2.944892e-13 1.454237e-19    4.268092e-04
0  36 1.000 0.90000 iter 0 3.412012e+01 1.000000e+00    0.000000e+00
0  36 1.000 0.90000 iter 1 5.281582e-02 1.000000e+00    4.265829e-04
0  36 1.000 0.90000 iter 2 5.904148e-06 1.942485e-08    4.267839e-04
0  36 1.000 0.90000 iter 3 2.266404e-13 2.912115e-20    4.267839e-04
0  37 1.000 0.92500 iter 0 3.313671e+01 1.000000e+00    0.000000e+00
0  37 1.000 0.92500 iter 1 5.018165e-02 1.000000e+00    4.265853e-04
0  37 1.000 0.92500 iter 2 5.338612e-06 1.309994e-08    4.267840e-04
0  37 1.000 0.92500 iter 3 2.248224e-13 1.053081e-20    4.267840e-04
0  38 1.000 0.95000 iter 0 3.219829e+01 1.000000e+00    0.000000e+00
0  38 1.000 0.95000 iter 1 4.782918e-02 1.000000e+00    4.265933e-04
0  38 1.000 0.95000 iter 2 4.848996e-06 9.813260e-09    4.267886e-04
0  38 1.000 0.95000 iter 3 1.642951e-13 6.287373e-21    4.267885e-04
0  39 1.000 0.97500 iter 0 3.130160e+01 1.000000e+00    0.000000e+00
0  39 1.000 0.97500 iter 1 4.574861e-02 1.000000e+00    4.265949e-04
0  39 1.000 0.97500 iter 2 4.475542e-06 7.684726e-09    4.267891e-04
0  39 1.000 0.97500 iter 3 2.356296e-13 1.281724e-20    4.267890e-04
0  40 1.000 1.00000 iter 0 3.044491e+01 1.000000e+00    0.000000e+00
0  40 1.000 1.00000 iter 1 4.385872e-02 1.000000e+00    4.266029e-04
0  40 1.000 1.00000 iter 2 4.136824e-06 6.311274e-09    4.267951e-04
0  40 1.000 1.00000 iter 3 1.340872e-13 3.547053e-21    4.267951e-04
Element data written 1.000000
Nodal data written 1.000000
Restart data written 1.000000
last iteration data
   37, 0.9250,    3
   38, 0.9500,    3
   39, 0.9750,    3
   40, 1.0000,    3
last timeout data
total comp time 7 seconds
