  0.2000
    1   0.0000   0.0000   0.0000  0.0000e+00  0.0000e+00  0.0000e+00 -4.7023e-03 -5.0228e-03 -3.3982e+01
    2  10.0000   0.0000   0.0000 -8.0105e-05  0.0000e+00  0.0000e+00 -3.2004e-07  2.2562e-03 -6.7940e+01
    3  20.0000   0.0000   0.0000 -1.6021e-04  0.0000e+00  0.0000e+00 -2.8366e-07  2.7767e-03 -3.3965e+01
    4   0.0000  10.0000   0.0000  0.0000e+00 -8.0089e-05  0.0000e+00  1.6151e-03 -3.2013e-07 -6.7950e+01
    5  10.0000  10.0000   0.0000 -8.0109e-05 -8.0095e-05  0.0000e+00 -6.4028e-07 -6.4042e-07 -1.3588e+02
    6  20.0000  10.0000   0.0000 -1.6020e-04 -8.0107e-05  0.0000e+00 -5.6709e-07 -3.2027e-07 -6.7932e+01
    7   0.0000  20.0000   0.0000  0.0000e+00 -1.6016e-04  0.0000e+00  3.0973e-03 -2.8357e-07 -3.3962e+01
    8  10.0000  20.0000   0.0000 -8.0106e-05 -1.6017e-04  0.0000e+00 -3.2033e-07 -5.6698e-07 -6.7929e+01
    9  20.0000  20.0000   0.0000 -1.6019e-04 -1.6020e-04  0.0000e+00 -2.8341e-07 -2.8339e-07 -3.3967e+01
   10   0.0000   0.0000  10.0000 -9.0731e-08  2.5834e-08  3.9999e-04 -7.3137e-08 -7.2766e-08  1.5992e-06
   11  10.0000   0.0000  10.0000 -8.0181e-05 -1.7976e-08  3.9998e-04 -6.4067e-07 -1.4591e-07  3.1981e-06
   12  20.0000   0.0000  10.0000 -1.6026e-04 -5.8344e-08  4.0002e-04 -5.6734e-07 -7.3156e-08  1.5999e-06
   13   0.0000  10.0000  10.0000 -7.1239e-08 -8.0065e-05  4.0001e-04 -1.4634e-07 -6.3993e-07  3.1995e-06
   14  10.0000  10.0000  10.0000 -8.0155e-05 -8.0101e-05  4.0000e-04 -1.2811e-06 -1.2803e-06  6.3998e-06
   15  20.0000  10.0000  10.0000 -1.6024e-04 -8.0141e-05  4.0001e-04 -1.1347e-06 -6.4041e-07  3.2015e-06
   16   0.0000  20.0000  10.0000 -5.1527e-08 -1.6015e-04  3.9998e-04 -7.3207e-08 -5.6697e-07  1.5993e-06
   17  10.0000  20.0000  10.0000 -8.0133e-05 -1.6019e-04  4.0000e-04 -6.4051e-07 -1.1343e-06  3.2009e-06
   18  20.0000  20.0000  10.0000 -1.6021e-04 -1.6022e-04  4.0001e-04 -5.6743e-07 -5.6738e-07  1.6018e-06
   19   0.0000   0.0000  20.0000 -1.7980e-07  4.3305e-08  8.0000e-04 -3.6958e-08 -3.6432e-08  3.3979e+01
   20  10.0000   0.0000  20.0000 -8.0256e-05 -4.5991e-09  8.0000e-04 -3.2065e-07 -7.2946e-08  6.7952e+01
   21  20.0000   0.0000  20.0000 -1.6031e-04 -7.9347e-08  8.0000e-04 -2.8370e-07 -3.6584e-08  3.3963e+01
   22   0.0000  10.0000  20.0000 -1.2039e-07 -8.0040e-05  8.0000e-04 -7.3551e-08 -3.1982e-07  6.7942e+01
   23  10.0000  10.0000  20.0000 -8.0207e-05 -8.0113e-05  8.0000e-04 -6.4082e-07 -6.3985e-07  1.3588e+02
   24  20.0000  10.0000  20.0000 -1.6028e-04 -8.0179e-05  8.0000e-04 -5.6775e-07 -3.2015e-07  6.7927e+01
   25   0.0000  20.0000  20.0000 -5.7097e-08 -1.6013e-04  8.0000e-04 -3.6668e-08 -2.8342e-07  3.3966e+01
   26  10.0000  20.0000  20.0000 -8.0164e-05 -1.6020e-04  8.0000e-04 -3.2018e-07 -5.6743e-07  6.7931e+01
   27  20.0000  20.0000  20.0000 -1.6031e-04 -1.6032e-04  8.0000e-04 -2.8438e-07 -2.8435e-07  3.3967e+01
  101   1.0000   1.0000   1.0000  3.5869e-05  3.5883e-05  8.3889e-05 -2.4878e-11 -2.4841e-11  1.3478e-10
  102   4.0000   4.0000   4.0000 -7.7156e-06 -7.6743e-06  1.8436e-04 -1.5104e-10 -1.5091e-10  4.8759e-10
  103   7.0000   7.0000   7.0000 -4.5279e-05 -4.5224e-05  2.9084e-04 -2.9876e-10 -2.9859e-10  8.1880e-10
  104  10.0000  10.0000  10.0000 -8.0159e-05 -8.0104e-05  4.0000e-04 -4.4357e-10 -4.4340e-10  1.1529e-09
  105  13.0000  13.0000  13.0000 -1.1503e-04 -1.1499e-04  5.0916e-04 -5.8837e-10 -5.8823e-10  1.4870e-09
  106  16.0000  16.0000  16.0000 -1.5259e-04 -1.5256e-04  6.1564e-04 -7.3605e-10 -7.3598e-10  1.8183e-09
  107  19.0000  19.0000  19.0000 -1.9616e-04 -1.9616e-04  7.1613e-04 -4.1865e-10 -4.1864e-10  1.0182e-09
  201   4.0000   7.0000   1.0000  1.3167e-05 -1.0128e-04  3.1130e-04 -2.8850e-11 -5.7970e-11  1.0320e-10
  202   4.5000   6.5000   4.0000 -7.9249e-06 -8.0207e-05  3.2890e-04 -8.6491e-11 -8.7173e-11  2.2319e-10
  203   5.0000   6.0000   7.0000 -2.6605e-05 -6.1547e-05  3.6098e-04 -1.2862e-10 -4.5076e-11  2.5468e-10
  204   5.5000   5.5000  10.0000 -4.4127e-05 -4.4046e-05  4.0000e-04 -1.7000e-10 -3.7376e-12  2.9072e-10
  205   6.0000   5.0000  13.0000 -6.1650e-05 -2.6544e-05  4.3902e-04 -2.1138e-10  3.7602e-11  3.2675e-10
  206   6.5000   4.5000  16.0000 -8.0330e-05 -7.8851e-06  4.7109e-04 -2.5351e-10  7.9697e-11  3.5824e-10
  207   7.0000   4.0000  19.0000 -1.0142e-04  1.3186e-05  4.8869e-04 -1.4115e-10  5.4230e-11  1.8752e-10
 1001   0.0000   0.0000   0.0000  9.1953e-05  2.0509e-10
 1002   0.0000   0.0000   0.0000  1.0570e-04  2.3512e-10
 1003   0.0000   0.0000   0.0000  1.2676e-04  2.8142e-10
 1004   0.0000   0.0000   0.0000  1.5006e-04  3.3274e-10
 1005   0.0000   0.0000   0.0000  1.7112e-04  3.7904e-10
 1006   0.0000   0.0000   0.0000  1.8486e-04  4.0906e-10
 2001   0.0000   0.0000   0.0000  3.2432e-04  4.2746e-10
 2002   0.0000   0.0000   0.0000  3.4308e-04  4.5171e-10
 2003   0.0000   0.0000   0.0000  3.7273e-04  4.9034e-10
 2004   0.0000   0.0000   0.0000  4.0590e-04  5.3362e-10
 2005   0.0000   0.0000   0.0000  4.3555e-04  5.7225e-10
 2006   0.0000   0.0000   0.0000  4.5431e-04  5.9650e-10
  0.4000
    1   0.0000   0.0000   0.0000  0.0000e+00  0.0000e+00  0.0000e+00 -9.2386e-03 -9.8963e-03 -6.2135e+01
    2  10.0000   0.0000   0.0000 -1.6069e-04  0.0000e+00  0.0000e+00 -6.4031e-07  4.5319e-03 -1.2422e+02
    3  20.0000   0.0000   0.0000 -3.2139e-04  0.0000e+00  0.0000e+00 -5.3352e-07  5.3844e-03 -6.2102e+01
    4   0.0000  10.0000   0.0000  0.0000e+00 -1.6066e-04  0.0000e+00  3.2166e-03 -6.3997e-07 -1.2424e+02
    5  10.0000  10.0000   0.0000 -1.6070e-04 -1.6067e-04  0.0000e+00 -1.2805e-06 -1.2801e-06 -2.4844e+02
    6  20.0000  10.0000   0.0000 -3.2138e-04 -1.6070e-04  0.0000e+00 -1.0670e-06 -6.4017e-07 -1.2421e+02
    7   0.0000  20.0000   0.0000  0.0000e+00 -3.2129e-04  0.0000e+00  6.0421e-03 -5.3331e-07 -6.2095e+01
    8  10.0000  20.0000   0.0000 -1.6069e-04 -3.2131e-04  0.0000e+00 -6.4022e-07 -1.0667e-06 -1.2420e+02
    9  20.0000  20.0000   0.0000 -3.2135e-04 -3.2136e-04  0.0000e+00 -5.3346e-07 -5.3342e-07 -6.2105e+01
   10   0.0000   0.0000  10.0000 -2.0141e-07  5.2796e-08  7.9998e-04 -2.1394e-07 -2.1321e-07  3.2000e-06
   11  10.0000   0.0000  10.0000 -1.6086e-04 -4.2656e-08  7.9996e-04 -1.2813e-06 -4.2680e-07  6.3999e-06
   12  20.0000   0.0000  10.0000 -3.2151e-04 -1.3058e-07  8.0004e-04 -1.0673e-06 -2.1360e-07  3.2000e-06
   13   0.0000  10.0000  10.0000 -1.5874e-07 -1.6061e-04  8.0001e-04 -4.2765e-07 -1.2798e-06  6.4000e-06
   14  10.0000  10.0000  10.0000 -1.6081e-04 -1.6069e-04  8.0000e-04 -2.5621e-06 -2.5604e-06  1.2800e-05
   15  20.0000  10.0000  10.0000 -3.2146e-04 -1.6078e-04  8.0003e-04 -2.1344e-06 -1.2806e-06  6.4000e-06
   16   0.0000  20.0000  10.0000 -1.1577e-07 -3.2126e-04  7.9994e-04 -2.1370e-07 -1.0666e-06  3.1999e-06
   17  10.0000  20.0000  10.0000 -1.6076e-04 -3.2135e-04  8.0000e-04 -1.2808e-06 -2.1336e-06  6.4000e-06
   18  20.0000  20.0000  10.0000 -3.2140e-04 -3.2142e-04  8.0006e-04 -1.0671e-06 -1.0670e-06  3.2000e-06
   19   0.0000   0.0000  20.0000 -3.9680e-07  8.9102e-08  1.6000e-03 -1.0716e-07 -1.0656e-07  6.2129e+01
   20  10.0000   0.0000  20.0000 -1.6103e-04 -1.6319e-08  1.6000e-03 -6.4096e-07 -2.1340e-07  1.2425e+02
   21  20.0000   0.0000  20.0000 -3.2163e-04 -1.8275e-07  1.6000e-03 -5.3379e-07 -1.0685e-07  6.2097e+01
   22   0.0000  10.0000  20.0000 -2.6927e-07 -1.6056e-04  1.6000e-03 -2.1408e-07 -6.3982e-07  1.2423e+02
   23  10.0000  10.0000  20.0000 -1.6093e-04 -1.6072e-04  1.6000e-03 -1.2815e-06 -1.2803e-06  2.4844e+02
   24  20.0000  10.0000  20.0000 -3.2154e-04 -1.6087e-04  1.6000e-03 -1.0674e-06 -6.4046e-07  1.2420e+02
   25   0.0000  20.0000  20.0000 -1.3379e-07 -3.2122e-04  1.6000e-03 -1.0693e-07 -5.3326e-07  6.2104e+01
   26  10.0000  20.0000  20.0000 -1.6084e-04 -3.2138e-04  1.6000e-03 -6.4060e-07 -1.0669e-06  1.2421e+02
   27  20.0000  20.0000  20.0000 -3.2162e-04 -3.2164e-04  1.6000e-03 -5.3370e-07 -5.3363e-07  6.2107e+01
  101   1.0000   1.0000   1.0000  7.1520e-05  7.1549e-05  1.6761e-04 -4.9663e-11 -4.9588e-11  2.6965e-10
  102   4.0000   4.0000   4.0000 -1.5722e-05 -1.5633e-05  3.6862e-04 -3.0201e-10 -3.0175e-10  9.7521e-10
  103   7.0000   7.0000   7.0000 -9.0948e-05 -9.0828e-05  5.8163e-04 -5.9750e-10 -5.9715e-10  1.6376e-09
  104  10.0000  10.0000  10.0000 -1.6082e-04 -1.6070e-04  8.0000e-04 -8.8713e-10 -8.8678e-10  2.3058e-09
  105  13.0000  13.0000  13.0000 -2.3067e-04 -2.3058e-04  1.0184e-03 -1.1767e-09 -1.1765e-09  2.9740e-09
  106  16.0000  16.0000  16.0000 -3.0587e-04 -3.0582e-04  1.2314e-03 -1.4721e-09 -1.4720e-09  3.6365e-09
  107  19.0000  19.0000  19.0000 -3.9308e-04 -3.9309e-04  1.4324e-03 -8.3738e-10 -8.3736e-10  2.0362e-09
  201   4.0000   7.0000   1.0000  2.6161e-05 -2.0292e-04  6.2273e-04 -5.7696e-11 -1.1593e-10  2.0640e-10
  202   4.5000   6.5000   4.0000 -1.6056e-05 -1.6075e-04  6.5792e-04 -1.7297e-10 -1.7433e-10  4.4638e-10
  203   5.0000   6.0000   7.0000 -5.3453e-05 -1.2339e-04  7.2201e-04 -2.5723e-10 -9.0136e-11  5.0937e-10
  204   5.5000   5.5000  10.0000 -8.8537e-05 -8.8360e-05  7.9999e-04 -3.3998e-10 -7.4557e-12  5.8143e-10
  205   6.0000   5.0000  13.0000 -1.2362e-04 -5.3324e-05  8.7797e-04 -4.2274e-10  7.5225e-11  6.5349e-10
  206   6.5000   4.5000  16.0000 -1.6102e-04 -1.5973e-05  9.4207e-04 -5.0701e-10  1.5942e-10  7.1649e-10
  207   7.0000   4.0000  19.0000 -2.0324e-04  2.6196e-05  9.7725e-04 -2.8229e-10  1.0847e-10  3.7503e-10
 1001   0.0000   0.0000   0.0000  1.8355e-04  4.1058e-10
 1002   0.0000   0.0000   0.0000  2.1098e-04  4.7036e-10
 1003   0.0000   0.0000   0.0000  2.5300e-04  5.6288e-10
 1004   0.0000   0.0000   0.0000  2.9951e-04  6.6548e-10
 1005   0.0000   0.0000   0.0000  3.4152e-04  7.5799e-10
 1006   0.0000   0.0000   0.0000  3.6895e-04  8.1775e-10
 2001   0.0000   0.0000   0.0000  6.4879e-04  8.5492e-10
 2002   0.0000   0.0000   0.0000  6.8626e-04  9.0342e-10
 2003   0.0000   0.0000   0.0000  7.4548e-04  9.8067e-10
 2004   0.0000   0.0000   0.0000  8.1177e-04  1.0672e-09
 2005   0.0000   0.0000   0.0000  8.7099e-04  1.1445e-09
 2006   0.0000   0.0000   0.0000  9.0846e-04  1.1930e-09
  0.6000
    1   0.0000   0.0000   0.0000  0.0000e+00  0.0000e+00  0.0000e+00 -1.3055e-02 -1.4092e-02 -8.0376e+01
    2  10.0000   0.0000   0.0000 -2.4224e-04  0.0000e+00  0.0000e+00 -9.6039e-07  6.9109e-03 -1.6068e+02
    3  20.0000   0.0000   0.0000 -4.8449e-04  0.0000e+00  0.0000e+00 -8.0024e-07  7.2117e-03 -8.0327e+01
    4   0.0000  10.0000   0.0000  0.0000e+00 -2.4219e-04  0.0000e+00  4.8353e-03 -9.5988e-07 -1.6071e+02
    5  10.0000  10.0000   0.0000 -2.4225e-04 -2.4221e-04  0.0000e+00 -1.9206e-06 -1.9200e-06 -3.2136e+02
    6  20.0000  10.0000   0.0000 -4.8448e-04 -2.4225e-04  0.0000e+00 -1.6004e-06 -9.6017e-07 -1.6066e+02
    7   0.0000  20.0000   0.0000  0.0000e+00 -4.8433e-04  0.0000e+00  8.2495e-03 -7.9992e-07 -8.0318e+01
    8  10.0000  20.0000   0.0000 -2.4223e-04 -4.8437e-04  0.0000e+00 -9.6025e-07 -1.6000e-06 -1.6065e+02
    9  20.0000  20.0000   0.0000 -4.8443e-04 -4.8447e-04  0.0000e+00 -8.0013e-07 -8.0009e-07 -8.0331e+01
   10   0.0000   0.0000  10.0000 -3.7321e-07  6.9501e-08  1.1999e-03 -3.2081e-07 -3.1971e-07  4.8000e-06
   11  10.0000   0.0000  10.0000 -2.4257e-04 -9.5508e-08  1.1999e-03 -1.9217e-06 -6.4000e-07  9.5999e-06
   12  20.0000   0.0000  10.0000 -4.8474e-04 -2.4742e-07  1.2001e-03 -1.6009e-06 -3.2030e-07  4.8000e-06
   13   0.0000  10.0000  10.0000 -2.9791e-07 -2.4213e-04  1.2000e-03 -6.4126e-07 -1.9195e-06  9.5999e-06
   14  10.0000  10.0000  10.0000 -2.4247e-04 -2.4227e-04  1.2000e-03 -3.8427e-06 -3.8401e-06  1.9200e-05
   15  20.0000  10.0000  10.0000 -4.8466e-04 -2.4242e-04  1.2001e-03 -3.2014e-06 -1.9207e-06  9.6000e-06
   16   0.0000  20.0000  10.0000 -2.2275e-07 -4.8430e-04  1.1998e-03 -3.2045e-07 -1.5997e-06  4.7999e-06
   17  10.0000  20.0000  10.0000 -2.4239e-04 -4.8445e-04  1.2000e-03 -1.9210e-06 -3.2001e-06  9.5999e-06
   18  20.0000  20.0000  10.0000 -4.8455e-04 -4.8458e-04  1.2002e-03 -1.6005e-06 -1.6004e-06  4.8000e-06
   19   0.0000   0.0000  20.0000 -7.2202e-07  1.2227e-07  2.4000e-03 -1.6067e-07 -1.5977e-07  8.0368e+01
   20  10.0000   0.0000  20.0000 -2.4289e-04 -6.8499e-08  2.4000e-03 -9.6132e-07 -3.1996e-07  1.6072e+02
   21  20.0000   0.0000  20.0000 -4.8498e-04 -3.7814e-07  2.4000e-03 -8.0062e-07 -1.6021e-07  8.0319e+01
   22   0.0000  10.0000  20.0000 -5.1138e-07 -2.4206e-04  2.4000e-03 -3.2099e-07 -9.5960e-07  1.6069e+02
   23  10.0000  10.0000  20.0000 -2.4271e-04 -2.4234e-04  2.4000e-03 -1.9220e-06 -1.9201e-06  3.2136e+02
   24  20.0000  10.0000  20.0000 -4.8482e-04 -2.4261e-04  2.4000e-03 -1.6010e-06 -9.6056e-07  1.6065e+02
   25   0.0000  20.0000  20.0000 -2.9339e-07 -4.8426e-04  2.4000e-03 -1.6032e-07 -7.9982e-07  8.0328e+01
   26  10.0000  20.0000  20.0000 -2.4256e-04 -4.8452e-04  2.4000e-03 -9.6077e-07 -1.6002e-06  1.6066e+02
   27  20.0000  20.0000  20.0000 -4.8496e-04 -4.8498e-04  2.4000e-03 -8.0048e-07 -8.0038e-07  8.0337e+01
  101   1.0000   1.0000   1.0000  1.0671e-04  1.0676e-04  2.5096e-04 -7.4484e-11 -7.4373e-11  4.0447e-10
  102   4.0000   4.0000   4.0000 -2.4327e-05 -2.4172e-05  5.5267e-04 -4.5298e-10 -4.5260e-10  1.4628e-09
  103   7.0000   7.0000   7.0000 -1.3741e-04 -1.3720e-04  8.7232e-04 -8.9620e-10 -8.9568e-10  2.4564e-09
  104  10.0000  10.0000  10.0000 -2.4249e-04 -2.4227e-04  1.2000e-03 -1.3306e-09 -1.3301e-09  3.4586e-09
  105  13.0000  13.0000  13.0000 -3.4755e-04 -3.4738e-04  1.5277e-03 -1.7650e-09 -1.7646e-09  4.4610e-09
  106  16.0000  16.0000  16.0000 -4.6059e-04 -4.6049e-04  1.8473e-03 -2.2082e-09 -2.2079e-09  5.4546e-09
  107  19.0000  19.0000  19.0000 -5.9157e-04 -5.9156e-04  2.1491e-03 -1.2561e-09 -1.2560e-09  3.0543e-09
  201   4.0000   7.0000   1.0000  3.8780e-05 -3.0525e-04  9.3425e-04 -8.6532e-11 -1.7389e-10  3.0960e-10
  202   4.5000   6.5000   4.0000 -2.4626e-05 -2.4193e-04  9.8700e-04 -2.5942e-10 -2.6146e-10  6.6956e-10
  203   5.0000   6.0000   7.0000 -8.0812e-05 -1.8584e-04  1.0831e-03 -3.8581e-10 -1.3516e-10  7.6405e-10
  204   5.5000   5.5000  10.0000 -1.3353e-04 -1.3323e-04  1.2000e-03 -5.0992e-10 -1.1131e-11  8.7214e-10
  205   6.0000   5.0000  13.0000 -1.8625e-04 -8.0602e-05  1.3169e-03 -6.3405e-10  1.1289e-10  9.8024e-10
  206   6.5000   4.5000  16.0000 -2.4244e-04 -2.4508e-05  1.4129e-03 -7.6045e-10  2.3919e-10  1.0747e-09
  207   7.0000   4.0000  19.0000 -3.0585e-04  3.8807e-05  1.4657e-03 -4.2341e-10  1.6275e-10  5.6255e-10
 1001   0.0000   0.0000   0.0000  2.7439e-04  6.1592e-10
 1002   0.0000   0.0000   0.0000  3.1539e-04  7.0559e-10
 1003   0.0000   0.0000   0.0000  3.7818e-04  8.4437e-10
 1004   0.0000   0.0000   0.0000  4.4769e-04  9.9827e-10
 1005   0.0000   0.0000   0.0000  5.1048e-04  1.1370e-09
 1006   0.0000   0.0000   0.0000  5.5147e-04  1.2267e-09
 2001   0.0000   0.0000   0.0000  9.7339e-04  1.2824e-09
 2002   0.0000   0.0000   0.0000  1.0295e-03  1.3551e-09
 2003   0.0000   0.0000   0.0000  1.1182e-03  1.4710e-09
 2004   0.0000   0.0000   0.0000  1.2176e-03  1.6009e-09
 2005   0.0000   0.0000   0.0000  1.3063e-03  1.7167e-09
 2006   0.0000   0.0000   0.0000  1.3624e-03  1.7895e-09
  0.8000
    1   0.0000   0.0000   0.0000  0.0000e+00  0.0000e+00  0.0000e+00 -4.2683e-02 -5.5911e-02 -8.7342e+01
    2  10.0000   0.0000   0.0000 -3.2587e-04  0.0000e+00  0.0000e+00 -1.2735e-06  1.4777e-02 -1.7462e+02
    3  20.0000   0.0000   0.0000 -6.4939e-04  0.0000e+00  0.0000e+00 -1.0737e-06  4.1174e-02 -8.7300e+01
    4   0.0000  10.0000   0.0000  0.0000e+00 -3.2627e-04  0.0000e+00 -1.1678e-02 -1.2532e-06 -1.7464e+02
    5  10.0000  10.0000   0.0000 -3.2630e-04 -3.2521e-04  0.0000e+00 -2.5895e-06 -2.5697e-06 -3.4923e+02
    6  20.0000  10.0000   0.0000 -6.5011e-04 -3.2376e-04  0.0000e+00 -2.1547e-06 -1.3071e-06 -1.7459e+02
    7   0.0000  20.0000   0.0000  0.0000e+00 -6.5296e-04  0.0000e+00  5.4402e-02 -1.0777e-06 -8.7284e+01
    8  10.0000  20.0000   0.0000 -3.2749e-04 -6.5049e-04  0.0000e+00 -1.3140e-06 -2.1540e-06 -1.7460e+02
    9  20.0000  20.0000   0.0000 -6.5197e-04 -6.4741e-04  0.0000e+00 -1.0818e-06 -1.0844e-06 -8.7293e+01
   10   0.0000   0.0000  10.0000  3.8749e-06 -1.3196e-06  1.6073e-03 -4.2382e-07 -3.9658e-07  6.3755e-06
   11  10.0000   0.0000  10.0000 -3.2131e-04 -6.0597e-07  1.5986e-03 -2.4828e-06 -7.1764e-07  1.2727e-05
   12  20.0000   0.0000  10.0000 -6.4640e-04  2.0042e-07  1.5911e-03 -2.3330e-06 -2.6996e-07  6.3131e-06
   13   0.0000  10.0000  10.0000  2.9400e-06 -3.2656e-04  1.6086e-03 -7.4665e-07 -2.4368e-06  1.2845e-05
   14  10.0000  10.0000  10.0000 -3.2223e-04 -3.2571e-04  1.6000e-03 -5.2358e-06 -5.1690e-06  2.5621e-05
   15  20.0000  10.0000  10.0000 -6.4735e-04 -3.2486e-04  1.5917e-03 -4.4789e-06 -2.7251e-06  1.2782e-05
   16   0.0000  20.0000  10.0000  1.9152e-06 -6.5162e-04  1.6073e-03 -2.8508e-07 -2.3089e-06  6.4968e-06
   17  10.0000  20.0000  10.0000 -3.2308e-04 -6.5086e-04  1.6010e-03 -2.7456e-06 -4.4357e-06  1.2885e-05
   18  20.0000  20.0000  10.0000 -6.4823e-04 -6.5000e-04  1.5944e-03 -2.1899e-06 -2.1825e-06  6.4333e-06
   19   0.0000   0.0000  20.0000  7.4068e-06 -3.6244e-06  3.2000e-03 -2.2742e-07 -2.0719e-07  8.7353e+01
   20  10.0000   0.0000  20.0000 -3.1673e-04 -8.8993e-07  3.2000e-03 -1.3036e-06 -4.2908e-07  1.7466e+02
   21  20.0000   0.0000  20.0000 -6.4326e-04  1.4112e-06  3.2000e-03 -1.1041e-06 -2.1434e-07  8.7268e+01
   22   0.0000  10.0000  20.0000  5.6237e-06 -3.2680e-04  3.2000e-03 -4.6465e-07 -1.2776e-06  1.7462e+02
   23  10.0000  10.0000  20.0000 -3.1825e-04 -3.2633e-04  3.2000e-03 -2.6503e-06 -2.6038e-06  3.4923e+02
   24  20.0000  10.0000  20.0000 -6.4459e-04 -3.2594e-04  3.2000e-03 -2.1956e-06 -1.3307e-06  1.7459e+02
   25   0.0000  20.0000  20.0000  5.3883e-06 -6.5001e-04  3.2000e-03 -2.3566e-07 -1.0762e-06  8.7283e+01
   26  10.0000  20.0000  20.0000 -3.1868e-04 -6.5130e-04  3.2000e-03 -1.3435e-06 -2.1595e-06  1.7459e+02
   27  20.0000  20.0000  20.0000 -6.4497e-04 -6.5305e-04  3.2000e-03 -1.0989e-06 -1.0872e-06  8.7316e+01
  101   1.0000   1.0000   1.0000  1.4216e-04  1.4159e-04  3.3513e-04 -1.0044e-10 -9.8299e-11  5.3597e-10
  102   4.0000   4.0000   4.0000 -3.2401e-05 -3.4198e-05  7.3831e-04 -6.0789e-10 -6.0032e-10  1.9436e-09
  103   7.0000   7.0000   7.0000 -1.8286e-04 -1.8554e-04  1.1644e-03 -1.2042e-09 -1.1928e-09  3.2750e-09
  104  10.0000  10.0000  10.0000 -3.2226e-04 -3.2574e-04  1.5999e-03 -1.7919e-09 -1.7775e-09  4.6253e-09
  105  13.0000  13.0000  13.0000 -4.6170e-04 -4.6605e-04  2.0356e-03 -2.3774e-09 -2.3602e-09  5.9713e-09
  106  16.0000  16.0000  16.0000 -6.1220e-04 -6.1767e-04  2.4619e-03 -2.9704e-09 -2.9496e-09  7.2962e-09
  107  19.0000  19.0000  19.0000 -7.8667e-04 -7.9389e-04  2.8654e-03 -1.6877e-09 -1.6756e-09  4.0819e-09
  201   4.0000   7.0000   1.0000  5.1172e-05 -4.0943e-04  1.2482e-03 -1.1629e-10 -2.3166e-10  4.1157e-10
  202   4.5000   6.5000   4.0000 -3.2507e-05 -3.2478e-04  1.3184e-03 -3.5028e-10 -3.4995e-10  8.9042e-10
  203   5.0000   6.0000   7.0000 -1.0646e-04 -2.4983e-04  1.4464e-03 -5.2280e-10 -1.8397e-10  1.0165e-09
  204   5.5000   5.5000  10.0000 -1.7570e-04 -1.7955e-04  1.6020e-03 -6.9267e-10 -2.0631e-11  1.1610e-09
  205   6.0000   5.0000  13.0000 -2.4465e-04 -1.0962e-04  1.7574e-03 -8.6331e-10  1.4371e-10  1.3058e-09
  206   6.5000   4.5000  16.0000 -3.1821e-04 -3.4994e-05  1.8850e-03 -1.0372e-09  3.1124e-10  1.4327e-09
  207   7.0000   4.0000  19.0000 -4.0139e-04  4.9311e-05  1.9550e-03 -5.7800e-10  2.1283e-10  7.5021e-10
 1001   0.0000   0.0000   0.0000  3.6562e-04  8.1276e-10
 1002   0.0000   0.0000   0.0000  4.2011e-04  9.3187e-10
 1003   0.0000   0.0000   0.0000  5.0348e-04  1.1167e-09
 1004   0.0000   0.0000   0.0000  5.9571e-04  1.3218e-09
 1005   0.0000   0.0000   0.0000  6.7905e-04  1.5065e-09
 1006   0.0000   0.0000   0.0000  7.3349e-04  1.6255e-09
 2001   0.0000   0.0000   0.0000  1.3006e-03  1.7043e-09
 2002   0.0000   0.0000   0.0000  1.3754e-03  1.8012e-09
 2003   0.0000   0.0000   0.0000  1.4937e-03  1.9555e-09
 2004   0.0000   0.0000   0.0000  1.6260e-03  2.1286e-09
 2005   0.0000   0.0000   0.0000  1.7441e-03  2.2833e-09
 2006   0.0000   0.0000   0.0000  1.8188e-03  2.3804e-09
  1.0000
    1   0.0000   0.0000   0.0000  0.0000e+00  0.0000e+00  0.0000e+00 -2.7010e-02 -2.9481e-02 -8.6996e+01
    2  10.0000   0.0000   0.0000 -4.0784e-04  0.0000e+00  0.0000e+00 -1.7730e-06  1.0387e-02 -1.7391e+02
    3  20.0000   0.0000   0.0000 -8.1521e-04  0.0000e+00  0.0000e+00 -1.4540e-06  1.9146e-02 -8.6933e+01
    4   0.0000  10.0000   0.0000  0.0000e+00 -4.0781e-04  0.0000e+00  5.4616e-03 -1.5153e-06 -1.7394e+02
    5  10.0000  10.0000   0.0000 -4.0769e-04 -4.0757e-04  0.0000e+00 -3.4295e-06 -3.2387e-06 -3.4779e+02
    6  20.0000  10.0000   0.0000 -8.1493e-04 -4.0745e-04  0.0000e+00 -2.8385e-06 -1.7338e-06 -1.7387e+02
    7   0.0000  20.0000   0.0000  0.0000e+00 -8.1506e-04  0.0000e+00  2.1615e-02 -1.2673e-06 -8.6923e+01
    8  10.0000  20.0000   0.0000 -4.0752e-04 -8.1473e-04  0.0000e+00 -1.6341e-06 -2.6991e-06 -1.7386e+02
    9  20.0000  20.0000   0.0000 -8.1464e-04 -8.1462e-04  0.0000e+00 -1.3682e-06 -1.4394e-06 -8.6924e+01
   10   0.0000   0.0000  10.0000 -3.3876e-07  5.3229e-07  2.0025e-03 -1.1393e-06 -4.7162e-07  7.4995e-06
   11  10.0000   0.0000  10.0000 -4.0774e-04  1.4678e-07  2.0005e-03 -4.4201e-06 -1.1385e-06  1.6098e-05
   12  20.0000   0.0000  10.0000 -8.1507e-04 -2.0536e-07  1.9992e-03 -3.2814e-06 -6.6967e-07  8.5806e-06
   13   0.0000  10.0000  10.0000 -1.9491e-07 -4.0688e-04  2.0014e-03 -2.1083e-06 -3.0882e-06  1.5056e-05
   14  10.0000  10.0000  10.0000 -4.0754e-04 -4.0719e-04  1.9999e-03 -8.4837e-06 -6.5404e-06  3.2273e-05
   15  20.0000  10.0000  10.0000 -8.1491e-04 -4.0752e-04  1.9989e-03 -6.3775e-06 -3.4611e-06  1.7191e-05
   16   0.0000  20.0000  10.0000 -6.6276e-08 -8.1421e-04  1.9990e-03 -9.7753e-07 -2.6169e-06  7.5930e-06
   17  10.0000  20.0000  10.0000 -4.0736e-04 -8.1455e-04  1.9990e-03 -4.0763e-06 -5.4040e-06  1.6161e-05
   18  20.0000  20.0000  10.0000 -8.1468e-04 -8.1484e-04  1.9994e-03 -3.1007e-06 -2.7931e-06  8.5622e-06
   19   0.0000   0.0000  20.0000 -7.4318e-07  8.4390e-07  4.0000e-03 -7.7356e-07 -2.1325e-07  8.7006e+01
   20  10.0000   0.0000  20.0000 -4.0762e-04  5.8168e-07  4.0000e-03 -2.6437e-06 -5.9265e-07  1.7395e+02
   21  20.0000   0.0000  20.0000 -8.1485e-04  1.4003e-07  4.0000e-03 -1.8291e-06 -3.7993e-07  8.6904e+01
   22   0.0000  10.0000  20.0000 -2.4056e-07 -4.0594e-04  4.0000e-03 -1.4304e-06 -1.5687e-06  1.7392e+02
   23  10.0000  10.0000  20.0000 -4.0746e-04 -4.0687e-04  4.0000e-03 -5.0497e-06 -3.2990e-06  3.4779e+02
   24  20.0000  10.0000  20.0000 -8.1487e-04 -4.0761e-04  4.0000e-03 -3.5383e-06 -1.7328e-06  1.7384e+02
   25   0.0000  20.0000  20.0000  5.4840e-07 -8.1324e-04  4.0000e-03 -6.7914e-07 -1.3520e-06  8.6914e+01
   26  10.0000  20.0000  20.0000 -4.0724e-04 -8.1438e-04  4.0000e-03 -2.4485e-06 -2.7036e-06  1.7385e+02
   27  20.0000  20.0000  20.0000 -8.1546e-04 -8.1578e-04  4.0000e-03 -1.7321e-06 -1.3532e-06  8.6960e+01
  101   1.0000   1.0000   1.0000  1.7627e-04  1.7636e-04  4.1735e-04 -1.5349e-10 -9.4790e-11  6.1676e-10
  102   4.0000   4.0000   4.0000 -4.2758e-05 -4.2469e-05  9.2098e-04 -8.5578e-10 -6.4764e-10  2.3111e-09
  103   7.0000   7.0000   7.0000 -2.3187e-04 -2.3149e-04  1.4540e-03 -1.6948e-09 -1.3793e-09  4.0538e-09
  104  10.0000  10.0000  10.0000 -4.0756e-04 -4.0720e-04  1.9999e-03 -2.5661e-09 -2.1629e-09  5.9302e-09
  105  13.0000  13.0000  13.0000 -5.8328e-04 -5.8305e-04  2.5460e-03 -3.4162e-09 -2.9250e-09  7.7627e-09
  106  16.0000  16.0000  16.0000 -7.7240e-04 -7.7237e-04  3.0792e-03 -4.2230e-09 -3.6192e-09  9.4358e-09
  107  19.0000  19.0000  19.0000 -9.9133e-04 -9.9156e-04  3.5831e-03 -2.3771e-09 -2.0239e-09  5.2337e-09
  201   4.0000   7.0000   1.0000  6.3249e-05 -5.1169e-04  1.5582e-03 -1.6107e-10 -2.7744e-10  4.9271e-10
  202   4.5000   6.5000   4.0000 -4.2570e-05 -4.0572e-04  1.6461e-03 -5.1698e-10 -4.2503e-10  1.0741e-09
  203   5.0000   6.0000   7.0000 -1.3637e-04 -3.1179e-04  1.8060e-03 -8.0868e-10 -2.3283e-10  1.2394e-09
  204   5.5000   5.5000  10.0000 -2.2438e-04 -2.2367e-04  2.0006e-03 -1.1052e-09 -3.7130e-11  1.4312e-09
  205   6.0000   5.0000  13.0000 -3.1229e-04 -1.3565e-04  2.1951e-03 -1.4165e-09  1.7595e-10  1.6306e-09
  206   6.5000   4.5000  16.0000 -4.0599e-04 -4.1852e-05  2.3549e-03 -1.7356e-09  3.9383e-10  1.8090e-09
  207   7.0000   4.0000  19.0000 -5.1168e-04  6.3945e-05  2.4427e-03 -9.7622e-10  2.7030e-10  9.5319e-10
 1001   0.0000   0.0000   0.0000  4.5488e-04  8.9050e-10
 1002   0.0000   0.0000   0.0000  5.2277e-04  1.0321e-09
 1003   0.0000   0.0000   0.0000  6.2672e-04  1.2592e-09
 1004   0.0000   0.0000   0.0000  7.4177e-04  1.5144e-09
 1005   0.0000   0.0000   0.0000  8.4570e-04  1.7405e-09
 1006   0.0000   0.0000   0.0000  9.1355e-04  1.8830e-09
 2001   0.0000   0.0000   0.0000  1.6236e-03  2.0264e-09
 2002   0.0000   0.0000   0.0000  1.7169e-03  2.1435e-09
 2003   0.0000   0.0000   0.0000  1.8645e-03  2.3327e-09
 2004   0.0000   0.0000   0.0000  2.0297e-03  2.5485e-09
 2005   0.0000   0.0000   0.0000  2.1772e-03  2.7441e-09
 2006   0.0000   0.0000   0.0000  2.2705e-03  2.8676e-09
