** node-data must be first
*NODE
    1,   0.00,  0.00,   0.00
    2,  10.00,  0.00,   0.00
    3,  20.00,  0.00,   0.00
    4,   0.00, 10.00,   0.00
    5,  10.00, 10.00,   0.00
    6,  20.00, 10.00,   0.00
    7,   0.00, 20.00,   0.00
    8,  10.00, 20.00,   0.00
    9,  20.00, 20.00,   0.00
   10,   0.00,  0.00,  10.00
   11,  10.00,  0.00,  10.00
   12,  20.00,  0.00,  10.00
   13,   0.00, 10.00,  10.00
   14,  10.00, 10.00,  10.00
   15,  20.00, 10.00,  10.00
   16,   0.00, 20.00,  10.00
   17,  10.00, 20.00,  10.00
   18,  20.00, 20.00,  10.00
   19,   0.00,  0.00,  20.00
   20,  10.00,  0.00,  20.00
   21,  20.00,  0.00,  20.00
   22,   0.00, 10.00,  20.00
   23,  10.00, 10.00,  20.00
   24,  20.00, 10.00,  20.00
   25,   0.00, 20.00,  20.00
   26,  10.00, 20.00,  20.00
   27,  20.00, 20.00,  20.00
  101,   1.00,  1.00,   1.00
  102,   4.00,  4.00,   4.00
  103,   7.00,  7.00,   7.00
  104,  10.00, 10.00,  10.00
  105,  13.00, 13.00,  13.00
  106,  16.00, 16.00,  16.00
  107,  19.00, 19.00,  19.00
** in case of T3D2 these nodes must be commented out otherwise vtk will not be correct
 1001,  0.,  0.,  0.
 1002,  0.,  0.,  0.
 1003,  0.,  0.,  0.
 1004,  0.,  0.,  0.
 1005,  0.,  0.,  0.
 1006,  0.,  0.,  0.
  201,  4., 7., 1.
  202,  4.500000000, 6.500000000, 4.000000000
  203,  5.000000000, 6.000000000, 7.000000000
  204,  5.500000000, 5.500000000, 10.00000000
  205,  6.000000000, 5.000000000, 13.00000000
  206,  6.500000000, 4.500000000, 16.00000000
  207,  7.000000000, 4.000000000, 19.00000000
** in case of T3D2 these nodes must be commented out otherwise vtk will not be correct
 2001,  0.,  0.,  0.
 2002,  0.,  0.,  0.
 2003,  0.,  0.,  0.
 2004,  0.,  0.,  0.
 2005,  0.,  0.,  0.
 2006,  0.,  0.,  0.
*****************************************************************
*ELEMENT, TYPE=C3D8, ELSET=EL1
    1,   1,  2,  5,  4, 10, 11, 14, 13
    2,   2,  3,  6,  5, 11, 12, 15, 14
    3,   4,  5,  8,  7, 13, 14, 17, 16
    4,   5,  6,  9,  8, 14, 15, 18, 17
    5,  10, 11, 14, 13, 19, 20, 23, 22
    6,  11, 12, 15, 14, 20, 21, 24, 23
    7,  13, 14, 17, 16, 22, 23, 26, 25
    8,  14, 15, 18, 17, 23, 24, 27, 26
**---------------------------------------------------------------
***ELEMENT, TYPE=T3D2, ELSET=EL2, BONDLAW=bond1
**   101,   101,   102
**   102,   102,   103
**   103,   103,   104
**   104,   104,   105
**   105,   105,   106
**   106,   106,   107   
**   201,   201,   202
**   202,   202,   203
**   203,   203,   204
**   204,   204,   205
**   205,   205,   206
**   206,   206,   207   
*ELEMENT, TYPE=T3D3, ELSET=EL2, BONDLAW=bond1
   101,   101,   102, 1001
   102,   102,   103, 1002
   103,   103,   104, 1003
   104,   104,   105, 1004
   105,   105,   106, 1005
   106,   106,   107, 1006   
   201,   201,   202, 2001
   202,   202,   203, 2002
   203,   203,   204, 2003
   204,   204,   205, 2004
   205,   205,   206, 2005
   206,   206,   207, 2006   
*****************************************************************
** matrix linear elastic *********
*MATERIAL, NAME=MAT1
*DENSITY
   2.5e-9
*ELASTIC
   35000., 0.2, 1.0e-5
**---------------------------------------------------------------
** matrix isodamage ************** units are N, mm
*MATERIAL, NAME=ISOD
*DENSITY
   2.5e-9
*ISODAMAGE
** "crack energy N/mm"
   35000.,0.2,   35.,3.5,  1,1.2,0.2,2.0,  2,100.e-3,  0.,  0.
**---------------------------------------------------------------
*MATERIAL, NAME=MIPL
*DENSITY
   2.5e-9
*MICRODAMAGE
   35000., 0.20, 2, 3.5, 13.0,    0., 0., 2, 100.e-03, 0., 0.
**---------------------------------------------------------------
** matrix linear elastic limited tensile strength **************
*MATERIAL, NAME=ELLT
*DENSITY
   2.5e-9
*ELASTICLT, SDA
   35000.,    0.2,   3.50,   100.e-3,  0.01,  30., 0.0, 0.0, "crack energy MN/m"
**---------------------------------------------------------------
** fiber *************************
*MATERIAL, NAME=MAT3
*DENSITY
   1.0e-9
*ELASTIC
 100000., 0.0, 1.0e-5
**---------------------------------------------------------------
** #(Iurie's data) in mm *********
*MATERIAL, NAME=bond1
*BOND
   5000., 10000.
   5.000e+04,   8.864e-02,   3.188e+0,   2.095e-01,   1.614e+00,   0.0,   8.000e+01
*****************************************************************
*SOLID SECTION, ELSET=EL1, MATERIAL=MIPL
***SOLID SECTION, ELSET=EL1, MATERIAL=ISOD
***SOLID SECTION, ELSET=EL1, MATERIAL=ELLT
 1.000
**---------------------------------------------------------------
*SOLID SECTION, ELSET=EL2, MATERIAL=MAT3
 0.10
*****************************************************************
*STEP
***STATIC
*DYNAMIC
   0.025,   1.0
*CONTROLS, ITOL= 1.e-6, NITER= 100
*AMPLITUDE, NAME=AMPL0
 0.0, 0.0,  1.0, 4.0
*BOUNDARY
  1,    1,1,  0.
  1,    2,2,  0.
  1,    3,3,  0.
  2,    2,2,  0.
  2,    3,3,  0.
  3,    2,2,  0.
  3,    3,3,  0.
  4,    1,1,  0.
  4,    3,3,  0.
  5,    3,3,  0.
  6,    3,3,  0.
  7,    1,1,  0.
  7,    3,3,  0.
  8,    3,3,  0.
  9,    3,3,  0.
*BOUNDARY, AMPLITUDE=AMPL0
  19,    3,3,  0.001
  20,    3,3,  0.001
  21,    3,3,  0.001
  22,    3,3,  0.001
  23,    3,3,  0.001
  24,    3,3,  0.001
  25,    3,3,  0.001
  26,    3,3,  0.001
  27,    3,3,  0.001
*EL FILE, FREQUENCY=0.2
*NODE FILE, FREQUENCY=0.2
*END STEP
*****************************************************************

