  0.0250    4.374709  0.0250    8.748771  0.0250    4.372717  0.0250    8.747533  0.0250   17.494284  0.0250    8.745718  0.0250    4.373142  0.0250    8.746111  0.0250    4.373293  0       1
  0.0500    8.737101  0.0500   17.472905  0.0500    8.733116  0.0500   17.470429  0.0500   34.939293  0.0500   17.466800  0.0500    8.733965  0.0500   17.467586  0.0500    8.734269  0       2
  0.0750   13.074919  0.0750   26.147892  0.0750   13.068942  0.0750   26.144181  0.0750   52.286013  0.0750   26.138739  0.0750   13.070214  0.0750   26.139917  0.0750   13.070676  0       3
  0.1000   17.376033  0.1000   34.749465  0.1000   17.368061  0.1000   34.744522  0.1000   69.485906  0.1000   34.737264  0.1000   17.369755  0.1000   34.738834  0.1000   17.370380  0       4
  0.1250   21.628495  0.1250   43.253735  0.1250   21.618530  0.1250   43.247563  0.1250   86.491196  0.1250   43.238492  0.1250   21.620644  0.1250   43.240452  0.1250   21.621440  0       5
  0.1500   25.820603  0.1500   51.637288  0.1500   25.808640  0.1500   51.629893  0.1500  103.255054  0.1500   51.619003  0.1500   25.811171  0.1500   51.621354  0.1500   25.812147  0       6
  0.1750   29.940956  0.1750   59.877328  0.1750   29.926994  0.1750   59.868715  0.1750  119.731896  0.1750   59.856010  0.1750   29.929941  0.1750   59.858751  0.1750   29.931111  0       7
  0.2000   33.978510  0.2000   67.951759  0.2000   33.962543  0.2000   67.941935  0.2000  135.877515  0.2000   67.927406  0.2000   33.965901  0.2000   67.930535  0.2000   33.967277  0       8
  0.2250   37.922628  0.2250   75.839317  0.2250   37.904657  0.2250   75.828289  0.2250  151.649401  0.2250   75.811942  0.2250   37.908423  0.2250   75.815458  0.2250   37.910024  0       9
  0.2500   41.763137  0.2500   83.519641  0.2500   41.743153  0.2500   83.507419  0.2500  167.006817  0.2500   83.489242  0.2500   41.747323  0.2500   83.493144  0.2500   41.749163  0      10
  0.2750   45.490366  0.2750   90.973400  0.2750   45.468368  0.2750   90.959995  0.2750  181.911119  0.2750   90.939992  0.2750   45.472937  0.2750   90.944279  0.2750   45.475042  0      11
  0.3000   49.095195  0.3000   98.182339  0.3000   49.071171  0.3000   98.167762  0.3000  196.325777  0.3000   98.145919  0.3000   49.076133  0.3000   98.150588  0.3000   49.078524  0      12
  0.3250   52.569087  0.3250  105.129398  0.3250   52.543037  0.3250  105.113663  0.3250  210.216694  0.3250  105.089985  0.3250   52.548386  0.3250  105.095034  0.3250   52.551092  0      13
  0.3500   55.904131  0.3500  111.798739  0.3500   55.876041  0.3500  111.781861  0.3500  223.552170  0.3500  111.756329  0.3500   55.881770  0.3500  111.761755  0.3500   55.884816  0      14
  0.3750   59.093065  0.3750  118.175847  0.3750   59.062931  0.3750  118.157845  0.3750  236.303205  0.3750  118.130463  0.3750   59.069032  0.3750  118.136262  0.3750   59.072458  0      15
  0.4000   62.129307  0.4000  124.247544  0.4000   62.097112  0.4000  124.228437  0.4000  248.443410  0.4000  124.199180  0.4000   62.103576  0.4000  124.205350  0.4000   62.107412  0      16
  0.4250   65.006970  0.4250  130.002068  0.4250   64.972709  0.4250  129.981878  0.4250  259.949296  0.4250  129.950749  0.4250   64.979527  0.4250  129.957285  0.4250   64.983820  0      17
  0.4500   67.720889  0.4500  135.429067  0.4500   67.684539  0.4500  135.407819  0.4500  270.800123  0.4500  135.374786  0.4500   67.691699  0.4500  135.381683  0.4500   67.696487  0      18
  0.4750   70.266614  0.4750  140.519659  0.4750   70.228169  0.4750  140.497383  0.4750  280.978170  0.4750  140.462446  0.4750   70.235658  0.4750  140.469697  0.4750   70.241000  0      19
  0.5000   72.640445  0.5000  145.266417  0.5000   72.599875  0.5000  145.243146  0.5000  290.468536  0.5000  145.206261  0.5000   72.607679  0.5000  145.213860  0.5000   72.613622  0      20
  0.5250   74.839400  0.5250  149.663396  0.5250   74.796694  0.5250  149.639167  0.5250  299.259379  0.5250  149.600328  0.5250   74.804797  0.5250  149.608267  0.5250   74.811413  0      21
  0.5500   76.861251  0.5500  153.706108  0.5500   76.816371  0.5500  153.680965  0.5500  307.341674  0.5500  153.640114  0.5500   76.824755  0.5500  153.648382  0.5500   76.832105  0      22
  0.5750   78.704475  0.5750  157.391529  0.5750   78.657402  0.5750  157.365521  0.5750  314.709421  0.5750  157.322638  0.5750   78.666048  0.5750  157.331224  0.5750   78.674221  0      23
  0.6000   80.368290  0.6000  160.718062  0.6000   80.318976  0.6000  160.691248  0.6000  321.359366  0.6000  160.646249  0.6000   80.327859  0.6000  160.655139  0.6000   80.336933  0      24
  0.6250   81.852591  0.6250  163.685513  0.6250   81.801006  0.6250  163.657961  0.6250  327.291173  0.6250  163.610797  0.6250   81.810099  0.6250  163.619974  0.6250   81.820188  0      25
  0.6500   83.157981  0.6500  166.295064  0.6500   83.104064  0.6500  166.266852  0.6500  332.507123  0.6500  166.217388  0.6500   83.113337  0.6500  166.226832  0.6500   83.124538  0      26
  0.6750   84.285694  0.6750  168.549213  0.6750   84.229408  0.6750  168.520436  0.6750  337.012239  0.6750  168.468542  0.6750   84.238824  0.6750  168.478228  0.6750   84.251273  0      27
  0.7000   85.237626  0.7000  170.451763  0.7000   85.178918  0.7000  170.422534  0.7000  340.813975  0.7000  170.367912  0.7000   85.188433  0.7000  170.377814  0.7000   85.202228  0      28
  0.7250   86.016223  0.7250  172.007772  0.7250   85.955129  0.7250  171.978229  0.7250  343.922280  0.7250  171.920395  0.7250   85.964690  0.7250  171.930483  0.7250   85.979899  0      29
  0.7500   86.624434  0.7500  173.223763  0.7500   86.561292  0.7500  173.194081  0.7500  346.349224  0.7500  173.131574  0.7500   86.570824  0.7500  173.141837  0.7500   86.587124  0      30
  0.7750   87.065272  0.7750  174.110361  0.7750   87.003811  0.7750  174.080788  0.7750  348.103913  0.7750  174.004286  0.7750   87.013203  0.7750  174.014923  0.7750   87.026333  0      31
  0.8000   87.353048  0.8000  174.655574  0.8000   87.267634  0.8000  174.620050  0.8000  349.231363  0.8000  174.587616  0.8000   87.283273  0.8000  174.588681  0.8000   87.316275  0      32
  0.8250   87.498441  0.8250  174.951274  0.8250   87.418294  0.8250  174.921590  0.8250  349.810460  0.8250  174.865993  0.8250   87.428022  0.8250  174.875364  0.8250   87.459757  0      33
  0.8500   87.540794  0.8500  175.034648  0.8500   87.457700  0.8500  175.005155  0.8500  349.971912  0.8500  174.944135  0.8500   87.467254  0.8500  174.953690  0.8500   87.501054  0      34
  0.8750   87.511944  0.8750  174.974956  0.8750   87.425791  0.8750  174.945109  0.8750  349.849129  0.8750  174.881234  0.8750   87.435431  0.8750  174.890939  0.8750   87.471160  0      35
  0.9000   87.452855  0.9000  174.854789  0.9000   87.363687  0.9000  174.824473  0.9000  349.605662  0.9000  174.758105  0.9000   87.373468  0.9000  174.767979  0.9000   87.410981  0      36
  0.9250   87.370284  0.9250  174.687576  0.9250   87.278057  0.9250  174.656796  0.9250  349.268183  0.9250  174.588041  0.9250   87.287972  0.9250  174.598066  0.9250   87.327376  0      37
  0.9500   87.266806  0.9500  174.478420  0.9500   87.171404  0.9500  174.447193  0.9500  348.846850  0.9500  174.376038  0.9500   87.181459  0.9500  174.386212  0.9500   87.222817  0      38
  0.9750   87.144581  0.9750  174.231705  0.9750   87.045971  0.9750  174.200038  0.9750  348.350452  0.9750  174.126566  0.9750   87.056155  0.9750  174.136868  0.9750   87.099569  0      39
  1.0000   87.005600  1.0000  173.951356  1.0000   86.903662  1.0000  173.919268  1.0000  347.786798  1.0000  173.843435  1.0000   86.913983  1.0000  173.853869  1.0000   86.959512  0      40
