   -0.00002500 -1.084721e-02   -0.00002500 -1.084721e-02   -0.00002500 -2.882258e-02   -0.00002500 -2.882258e-02   -0.00002500 -1.050093e-02   -0.00002500 -1.050093e-02  0       1
   -0.00005000 -2.169443e-02   -0.00005000 -2.169443e-02   -0.00005000 -5.764516e-02   -0.00005000 -5.764516e-02   -0.00005000 -2.100187e-02   -0.00005000 -2.100187e-02  0       2
   -0.00007500 -3.254164e-02   -0.00007500 -3.254164e-02   -0.00007500 -8.646773e-02   -0.00007500 -8.646773e-02   -0.00007500 -3.150280e-02   -0.00007500 -3.150280e-02  0       3
   -0.00010000 -4.338885e-02   -0.00010000 -4.338885e-02   -0.00010000 -1.152903e-01   -0.00010000 -1.152903e-01   -0.00010000 -4.200373e-02   -0.00010000 -4.200373e-02  0       4
   -0.00012500 -5.423607e-02   -0.00012500 -5.423607e-02   -0.00012500 -1.441129e-01   -0.00012500 -1.441129e-01   -0.00012500 -5.250467e-02   -0.00012500 -5.250467e-02  0       5
   -0.00015000 -6.508328e-02   -0.00015000 -6.508328e-02   -0.00015000 -1.729355e-01   -0.00015000 -1.729355e-01   -0.00015000 -6.300560e-02   -0.00015000 -6.300560e-02  0       6
   -0.00017500 -7.593049e-02   -0.00017500 -7.593049e-02   -0.00017500 -2.017580e-01   -0.00017500 -2.017580e-01   -0.00017500 -7.350654e-02   -0.00017500 -7.350654e-02  0       7
   -0.00020000 -8.677770e-02   -0.00020000 -8.677770e-02   -0.00020000 -2.305806e-01   -0.00020000 -2.305806e-01   -0.00020000 -8.400747e-02   -0.00020000 -8.400747e-02  0       8
   -0.00022500 -9.762492e-02   -0.00022500 -9.762492e-02   -0.00022500 -2.594032e-01   -0.00022500 -2.594032e-01   -0.00022500 -9.450840e-02   -0.00022500 -9.450840e-02  0       9
   -0.00025000 -1.084721e-01   -0.00025000 -1.084721e-01   -0.00025000 -2.882258e-01   -0.00025000 -2.882258e-01   -0.00025000 -1.050093e-01   -0.00025000 -1.050093e-01  0      10
   -0.00027500 -1.193193e-01   -0.00027500 -1.193193e-01   -0.00027500 -3.170484e-01   -0.00027500 -3.170484e-01   -0.00027500 -1.155103e-01   -0.00027500 -1.155103e-01  0      11
   -0.00030000 -1.301666e-01   -0.00030000 -1.301666e-01   -0.00030000 -3.458709e-01   -0.00030000 -3.458709e-01   -0.00030000 -1.260112e-01   -0.00030000 -1.260112e-01  0      12
   -0.00032500 -1.410138e-01   -0.00032500 -1.410138e-01   -0.00032500 -3.746935e-01   -0.00032500 -3.746935e-01   -0.00032500 -1.365121e-01   -0.00032500 -1.365121e-01  0      13
   -0.00035000 -1.518610e-01   -0.00035000 -1.518610e-01   -0.00035000 -4.035161e-01   -0.00035000 -4.035161e-01   -0.00035000 -1.470131e-01   -0.00035000 -1.470131e-01  0      14
   -0.00037500 -1.627082e-01   -0.00037500 -1.627082e-01   -0.00037500 -4.323387e-01   -0.00037500 -4.323387e-01   -0.00037500 -1.575140e-01   -0.00037500 -1.575140e-01  0      15
   -0.00040000 -1.735554e-01   -0.00040000 -1.735554e-01   -0.00040000 -4.611612e-01   -0.00040000 -4.611612e-01   -0.00040000 -1.680149e-01   -0.00040000 -1.680149e-01  0      16
   -0.00042500 -1.844026e-01   -0.00042500 -1.844026e-01   -0.00042500 -4.899838e-01   -0.00042500 -4.899838e-01   -0.00042500 -1.785159e-01   -0.00042500 -1.785159e-01  0      17
   -0.00045000 -1.952498e-01   -0.00045000 -1.952498e-01   -0.00045000 -5.188064e-01   -0.00045000 -5.188064e-01   -0.00045000 -1.890168e-01   -0.00045000 -1.890168e-01  0      18
   -0.00047500 -2.060970e-01   -0.00047500 -2.060970e-01   -0.00047500 -5.476290e-01   -0.00047500 -5.476290e-01   -0.00047500 -1.995177e-01   -0.00047500 -1.995177e-01  0      19
   -0.00050000 -2.169443e-01   -0.00050000 -2.169443e-01   -0.00050000 -5.764516e-01   -0.00050000 -5.764516e-01   -0.00050000 -2.100187e-01   -0.00050000 -2.100187e-01  0      20
   -0.00052500 -2.277915e-01   -0.00052500 -2.277915e-01   -0.00052500 -6.052741e-01   -0.00052500 -6.052741e-01   -0.00052500 -2.205196e-01   -0.00052500 -2.205196e-01  0      21
   -0.00055000 -2.386387e-01   -0.00055000 -2.386387e-01   -0.00055000 -6.340967e-01   -0.00055000 -6.340967e-01   -0.00055000 -2.310205e-01   -0.00055000 -2.310205e-01  0      22
   -0.00057500 -2.494859e-01   -0.00057500 -2.494859e-01   -0.00057500 -6.629193e-01   -0.00057500 -6.629193e-01   -0.00057500 -2.415215e-01   -0.00057500 -2.415215e-01  0      23
   -0.00060000 -2.603331e-01   -0.00060000 -2.603331e-01   -0.00060000 -6.917419e-01   -0.00060000 -6.917419e-01   -0.00060000 -2.520224e-01   -0.00060000 -2.520224e-01  0      24
   -0.00062500 -2.711803e-01   -0.00062500 -2.711803e-01   -0.00062500 -7.205645e-01   -0.00062500 -7.205645e-01   -0.00062500 -2.625233e-01   -0.00062500 -2.625233e-01  0      25
   -0.00065000 -2.820275e-01   -0.00065000 -2.820275e-01   -0.00065000 -7.493870e-01   -0.00065000 -7.493870e-01   -0.00065000 -2.730243e-01   -0.00065000 -2.730243e-01  0      26
   -0.00067500 -2.928748e-01   -0.00067500 -2.928748e-01   -0.00067500 -7.782096e-01   -0.00067500 -7.782096e-01   -0.00067500 -2.835252e-01   -0.00067500 -2.835252e-01  0      27
   -0.00070000 -3.037220e-01   -0.00070000 -3.037220e-01   -0.00070000 -8.070322e-01   -0.00070000 -8.070322e-01   -0.00070000 -2.940261e-01   -0.00070000 -2.940261e-01  0      28
   -0.00072500 -3.145692e-01   -0.00072500 -3.145692e-01   -0.00072500 -8.358548e-01   -0.00072500 -8.358548e-01   -0.00072500 -3.045271e-01   -0.00072500 -3.045271e-01  0      29
   -0.00075000 -3.254164e-01   -0.00075000 -3.254164e-01   -0.00075000 -8.646773e-01   -0.00075000 -8.646773e-01   -0.00075000 -3.150280e-01   -0.00075000 -3.150280e-01  0      30
   -0.00077500 -3.362636e-01   -0.00077500 -3.362636e-01   -0.00077500 -8.934999e-01   -0.00077500 -8.934999e-01   -0.00077500 -3.255289e-01   -0.00077500 -3.255289e-01  0      31
   -0.00080000 -3.471108e-01   -0.00080000 -3.471108e-01   -0.00080000 -9.223225e-01   -0.00080000 -9.223225e-01   -0.00080000 -3.360299e-01   -0.00080000 -3.360299e-01  0      32
   -0.00082500 -3.579580e-01   -0.00082500 -3.579580e-01   -0.00082500 -9.511451e-01   -0.00082500 -9.511451e-01   -0.00082500 -3.465308e-01   -0.00082500 -3.465308e-01  0      33
   -0.00085000 -3.688052e-01   -0.00085000 -3.688052e-01   -0.00085000 -9.799677e-01   -0.00085000 -9.799677e-01   -0.00085000 -3.570317e-01   -0.00085000 -3.570317e-01  0      34
   -0.00087500 -3.796525e-01   -0.00087500 -3.796525e-01   -0.00087500 -1.008790e+00   -0.00087500 -1.008790e+00   -0.00087500 -3.675327e-01   -0.00087500 -3.675327e-01  0      35
   -0.00090000 -3.904997e-01   -0.00090000 -3.904997e-01   -0.00090000 -1.037613e+00   -0.00090000 -1.037613e+00   -0.00090000 -3.780336e-01   -0.00090000 -3.780336e-01  0      36
   -0.00092500 -4.013469e-01   -0.00092500 -4.013469e-01   -0.00092500 -1.066435e+00   -0.00092500 -1.066435e+00   -0.00092500 -3.885345e-01   -0.00092500 -3.885345e-01  0      37
   -0.00095000 -4.121941e-01   -0.00095000 -4.121941e-01   -0.00095000 -1.095258e+00   -0.00095000 -1.095258e+00   -0.00095000 -3.990355e-01   -0.00095000 -3.990355e-01  0      38
   -0.00097500 -4.230413e-01   -0.00097500 -4.230413e-01   -0.00097500 -1.124081e+00   -0.00097500 -1.124081e+00   -0.00097500 -4.095364e-01   -0.00097500 -4.095364e-01  0      39
   -0.00100000 -4.338885e-01   -0.00100000 -4.338885e-01   -0.00100000 -1.152903e+00   -0.00100000 -1.152903e+00   -0.00100000 -4.200373e-01   -0.00100000 -4.200373e-01  0      40
   -0.00102500 -4.447357e-01   -0.00102500 -4.447357e-01   -0.00102500 -1.181726e+00   -0.00102500 -1.181726e+00   -0.00102500 -4.305383e-01   -0.00102500 -4.305383e-01  0      41
   -0.00105000 -4.555829e-01   -0.00105000 -4.555829e-01   -0.00105000 -1.210548e+00   -0.00105000 -1.210548e+00   -0.00105000 -4.410392e-01   -0.00105000 -4.410392e-01  0      42
   -0.00107500 -4.664302e-01   -0.00107500 -4.664302e-01   -0.00107500 -1.239371e+00   -0.00107500 -1.239371e+00   -0.00107500 -4.515401e-01   -0.00107500 -4.515401e-01  0      43
   -0.00110000 -4.772774e-01   -0.00110000 -4.772774e-01   -0.00110000 -1.268193e+00   -0.00110000 -1.268193e+00   -0.00110000 -4.620411e-01   -0.00110000 -4.620411e-01  0      44
   -0.00112500 -4.881246e-01   -0.00112500 -4.881246e-01   -0.00112500 -1.297016e+00   -0.00112500 -1.297016e+00   -0.00112500 -4.725420e-01   -0.00112500 -4.725420e-01  0      45
   -0.00115000 -4.989718e-01   -0.00115000 -4.989718e-01   -0.00115000 -1.325839e+00   -0.00115000 -1.325839e+00   -0.00115000 -4.830429e-01   -0.00115000 -4.830429e-01  0      46
   -0.00117500 -5.098190e-01   -0.00117500 -5.098190e-01   -0.00117500 -1.354661e+00   -0.00117500 -1.354661e+00   -0.00117500 -4.935439e-01   -0.00117500 -4.935439e-01  0      47
   -0.00120000 -5.206662e-01   -0.00120000 -5.206662e-01   -0.00120000 -1.383484e+00   -0.00120000 -1.383484e+00   -0.00120000 -5.040448e-01   -0.00120000 -5.040448e-01  0      48
   -0.00122500 -5.315134e-01   -0.00122500 -5.315134e-01   -0.00122500 -1.412306e+00   -0.00122500 -1.412306e+00   -0.00122500 -5.145457e-01   -0.00122500 -5.145457e-01  0      49
   -0.00125000 -5.423607e-01   -0.00125000 -5.423607e-01   -0.00125000 -1.441129e+00   -0.00125000 -1.441129e+00   -0.00125000 -5.250467e-01   -0.00125000 -5.250467e-01  0      50
   -0.00127500 -5.532079e-01   -0.00127500 -5.532079e-01   -0.00127500 -1.469951e+00   -0.00127500 -1.469951e+00   -0.00127500 -5.355476e-01   -0.00127500 -5.355476e-01  0      51
   -0.00130000 -5.640551e-01   -0.00130000 -5.640551e-01   -0.00130000 -1.498774e+00   -0.00130000 -1.498774e+00   -0.00130000 -5.460485e-01   -0.00130000 -5.460485e-01  0      52
   -0.00132500 -5.749023e-01   -0.00132500 -5.749023e-01   -0.00132500 -1.527597e+00   -0.00132500 -1.527597e+00   -0.00132500 -5.565495e-01   -0.00132500 -5.565495e-01  0      53
   -0.00135000 -5.857495e-01   -0.00135000 -5.857495e-01   -0.00135000 -1.556419e+00   -0.00135000 -1.556419e+00   -0.00135000 -5.670504e-01   -0.00135000 -5.670504e-01  0      54
   -0.00137500 -5.965967e-01   -0.00137500 -5.965967e-01   -0.00137500 -1.585242e+00   -0.00137500 -1.585242e+00   -0.00137500 -5.775513e-01   -0.00137500 -5.775513e-01  0      55
   -0.00140000 -6.074439e-01   -0.00140000 -6.074439e-01   -0.00140000 -1.614064e+00   -0.00140000 -1.614064e+00   -0.00140000 -5.880523e-01   -0.00140000 -5.880523e-01  0      56
   -0.00142500 -6.182911e-01   -0.00142500 -6.182911e-01   -0.00142500 -1.642887e+00   -0.00142500 -1.642887e+00   -0.00142500 -5.985532e-01   -0.00142500 -5.985532e-01  0      57
   -0.00145000 -6.291384e-01   -0.00145000 -6.291384e-01   -0.00145000 -1.671710e+00   -0.00145000 -1.671710e+00   -0.00145000 -6.090541e-01   -0.00145000 -6.090541e-01  0      58
   -0.00147500 -6.399856e-01   -0.00147500 -6.399856e-01   -0.00147500 -1.700532e+00   -0.00147500 -1.700532e+00   -0.00147500 -6.195551e-01   -0.00147500 -6.195551e-01  0      59
   -0.00150000 -6.508328e-01   -0.00150000 -6.508328e-01   -0.00150000 -1.729355e+00   -0.00150000 -1.729355e+00   -0.00150000 -6.300560e-01   -0.00150000 -6.300560e-01  0      60
   -0.00152500 -6.616800e-01   -0.00152500 -6.616800e-01   -0.00152500 -1.758177e+00   -0.00152500 -1.758177e+00   -0.00152500 -6.405569e-01   -0.00152500 -6.405569e-01  0      61
   -0.00155000 -6.725272e-01   -0.00155000 -6.725272e-01   -0.00155000 -1.787000e+00   -0.00155000 -1.787000e+00   -0.00155000 -6.510579e-01   -0.00155000 -6.510579e-01  0      62
   -0.00157500 -6.833744e-01   -0.00157500 -6.833744e-01   -0.00157500 -1.815822e+00   -0.00157500 -1.815822e+00   -0.00157500 -6.615588e-01   -0.00157500 -6.615588e-01  0      63
   -0.00160000 -6.942216e-01   -0.00160000 -6.942216e-01   -0.00160000 -1.844645e+00   -0.00160000 -1.844645e+00   -0.00160000 -6.720597e-01   -0.00160000 -6.720597e-01  0      64
   -0.00162500 -7.050688e-01   -0.00162500 -7.050688e-01   -0.00162500 -1.873468e+00   -0.00162500 -1.873468e+00   -0.00162500 -6.825607e-01   -0.00162500 -6.825607e-01  0      65
   -0.00165000 -7.159161e-01   -0.00165000 -7.159161e-01   -0.00165000 -1.902290e+00   -0.00165000 -1.902290e+00   -0.00165000 -6.930616e-01   -0.00165000 -6.930616e-01  0      66
   -0.00167500 -7.267633e-01   -0.00167500 -7.267633e-01   -0.00167500 -1.931113e+00   -0.00167500 -1.931113e+00   -0.00167500 -7.035625e-01   -0.00167500 -7.035625e-01  0      67
   -0.00170000 -7.376105e-01   -0.00170000 -7.376105e-01   -0.00170000 -1.959935e+00   -0.00170000 -1.959935e+00   -0.00170000 -7.140635e-01   -0.00170000 -7.140635e-01  0      68
   -0.00172500 -7.484577e-01   -0.00172500 -7.484577e-01   -0.00172500 -1.988758e+00   -0.00172500 -1.988758e+00   -0.00172500 -7.245644e-01   -0.00172500 -7.245644e-01  0      69
   -0.00175000 -7.593049e-01   -0.00175000 -7.593049e-01   -0.00175000 -2.017580e+00   -0.00175000 -2.017580e+00   -0.00175000 -7.350653e-01   -0.00175000 -7.350653e-01  0      70
   -0.00177500 -7.701521e-01   -0.00177500 -7.701521e-01   -0.00177500 -2.046403e+00   -0.00177500 -2.046403e+00   -0.00177500 -7.455663e-01   -0.00177500 -7.455663e-01  0      71
   -0.00180000 -7.809993e-01   -0.00180000 -7.809993e-01   -0.00180000 -2.075226e+00   -0.00180000 -2.075226e+00   -0.00180000 -7.560672e-01   -0.00180000 -7.560672e-01  0      72
   -0.00182500 -7.918465e-01   -0.00182500 -7.918465e-01   -0.00182500 -2.104048e+00   -0.00182500 -2.104048e+00   -0.00182500 -7.665681e-01   -0.00182500 -7.665681e-01  0      73
   -0.00185000 -8.026938e-01   -0.00185000 -8.026938e-01   -0.00185000 -2.132871e+00   -0.00185000 -2.132871e+00   -0.00185000 -7.770691e-01   -0.00185000 -7.770691e-01  0      74
   -0.00187500 -8.135410e-01   -0.00187500 -8.135410e-01   -0.00187500 -2.161693e+00   -0.00187500 -2.161693e+00   -0.00187500 -7.875700e-01   -0.00187500 -7.875700e-01  0      75
   -0.00190000 -8.243882e-01   -0.00190000 -8.243882e-01   -0.00190000 -2.190516e+00   -0.00190000 -2.190516e+00   -0.00190000 -7.980709e-01   -0.00190000 -7.980709e-01  0      76
   -0.00192500 -8.156105e-01   -0.00192500 -8.156105e-01   -0.00192500 -2.181934e+00   -0.00192500 -2.181934e+00   -0.00192500 -7.893810e-01   -0.00192500 -7.893810e-01  0      77
   -0.00195000 -8.239300e-01   -0.00195000 -8.239300e-01   -0.00195000 -2.205503e+00   -0.00195000 -2.205503e+00   -0.00195000 -7.970086e-01   -0.00195000 -7.970086e-01  0      78
   -0.00197500 -8.321544e-01   -0.00197500 -8.321544e-01   -0.00197500 -2.228912e+00   -0.00197500 -2.228912e+00   -0.00197500 -8.045700e-01   -0.00197500 -8.045700e-01  0      79
   -0.00200000 -8.345473e-01   -0.00200000 -8.345473e-01   -0.00200000 -2.242078e+00   -0.00200000 -2.242078e+00   -0.00200000 -8.075826e-01   -0.00200000 -8.075826e-01  0      80
   -0.00202500 -8.410212e-01   -0.00202500 -8.410212e-01   -0.00202500 -2.262438e+00   -0.00202500 -2.262438e+00   -0.00202500 -8.138077e-01   -0.00202500 -8.138077e-01  0      81
   -0.00205000 -8.475689e-01   -0.00205000 -8.475689e-01   -0.00205000 -2.282941e+00   -0.00205000 -2.282941e+00   -0.00205000 -8.201050e-01   -0.00205000 -8.201050e-01  0      82
   -0.00207500 -8.541868e-01   -0.00207500 -8.541868e-01   -0.00207500 -2.303580e+00   -0.00207500 -2.303580e+00   -0.00207500 -8.264711e-01   -0.00207500 -8.264711e-01  0      83
   -0.00210000 -8.608717e-01   -0.00210000 -8.608717e-01   -0.00210000 -2.324349e+00   -0.00210000 -2.324349e+00   -0.00210000 -8.329025e-01   -0.00210000 -8.329025e-01  0      84
   -0.00212500 -8.676204e-01   -0.00212500 -8.676204e-01   -0.00212500 -2.345241e+00   -0.00212500 -2.345241e+00   -0.00212500 -8.393964e-01   -0.00212500 -8.393964e-01  0      85
   -0.00215000 -8.744301e-01   -0.00215000 -8.744301e-01   -0.00215000 -2.366251e+00   -0.00215000 -2.366251e+00   -0.00215000 -8.459498e-01   -0.00215000 -8.459498e-01  0      86
   -0.00217500 -8.812981e-01   -0.00217500 -8.812981e-01   -0.00217500 -2.387373e+00   -0.00217500 -2.387373e+00   -0.00217500 -8.525603e-01   -0.00217500 -8.525603e-01  0      87
   -0.00220000 -8.882220e-01   -0.00220000 -8.882220e-01   -0.00220000 -2.408604e+00   -0.00220000 -2.408604e+00   -0.00220000 -8.592255e-01   -0.00220000 -8.592255e-01  0      88
   -0.00222500 -8.951994e-01   -0.00222500 -8.951994e-01   -0.00222500 -2.429939e+00   -0.00222500 -2.429939e+00   -0.00222500 -8.659430e-01   -0.00222500 -8.659430e-01  0      89
   -0.00225000 -9.022283e-01   -0.00225000 -9.022283e-01   -0.00225000 -2.451372e+00   -0.00225000 -2.451372e+00   -0.00225000 -8.727108e-01   -0.00225000 -8.727108e-01  0      90
   -0.00227500 -9.093067e-01   -0.00227500 -9.093067e-01   -0.00227500 -2.472902e+00   -0.00227500 -2.472902e+00   -0.00227500 -8.795270e-01   -0.00227500 -8.795270e-01  0      91
   -0.00230000 -8.005706e-01   -0.00230000 -8.005706e-01   -0.00230000 -2.260325e+00   -0.00230000 -2.260325e+00   -0.00230000 -7.731765e-01   -0.00230000 -7.731765e-01  0      92
   -0.00232500 -7.949774e-01   -0.00232500 -7.949774e-01   -0.00232500 -2.255899e+00   -0.00232500 -2.255899e+00   -0.00232500 -7.676141e-01   -0.00232500 -7.676141e-01  0      93
   -0.00235000 -7.911246e-01   -0.00235000 -7.911246e-01   -0.00235000 -2.254993e+00   -0.00235000 -2.254993e+00   -0.00235000 -7.637522e-01   -0.00235000 -7.637522e-01  0      94
   -0.00237500 -7.885539e-01   -0.00237500 -7.885539e-01   -0.00237500 -2.256681e+00   -0.00237500 -2.256681e+00   -0.00237500 -7.611430e-01   -0.00237500 -7.611430e-01  0      95
   -0.00240000 -7.869785e-01   -0.00240000 -7.869785e-01   -0.00240000 -2.260381e+00   -0.00240000 -2.260381e+00   -0.00240000 -7.595063e-01   -0.00240000 -7.595063e-01  0      96
   -0.00242500 -7.862049e-01   -0.00242500 -7.862049e-01   -0.00242500 -2.265704e+00   -0.00242500 -2.265704e+00   -0.00242500 -7.586529e-01   -0.00242500 -7.586529e-01  0      97
   -0.00245000 -7.860952e-01   -0.00245000 -7.860952e-01   -0.00245000 -2.272368e+00   -0.00245000 -2.272368e+00   -0.00245000 -7.584481e-01   -0.00245000 -7.584481e-01  0      98
   -0.00247500 -7.865473e-01   -0.00247500 -7.865473e-01   -0.00247500 -2.280170e+00   -0.00247500 -2.280170e+00   -0.00247500 -7.587921e-01   -0.00247500 -7.587921e-01  0      99
   -0.00250000 -7.874835e-01   -0.00250000 -7.874835e-01   -0.00250000 -2.288949e+00   -0.00250000 -2.288949e+00   -0.00250000 -7.596081e-01   -0.00250000 -7.596081e-01  0     100
