*HEADING
 X
*NODE
1, 0, 0, 0
2, 0, 0, 1.0
3, 0, 0, 2.0
4, 0, 0, 3.0
5, 0, 0, 4.0
6, 0, 0, 5.0
7, 0, 0, 6.0
8, 0, 1.0, 0
9, 0, 1.0, 1.0
10, 0, 1.0, 2.0
11, 0, 1.0, 3.0
12, 0, 1.0, 4.0
13, 0, 1.0, 5.0
14, 0, 1.0, 6.0
15, 1.0, 0, 0
16, 1.0, 0, 1.0
17, 1.0, 0, 2.0
18, 1.0, 0, 3.0
19, 1.0, 0, 4.0
20, 1.0, 0, 5.0
21, 1.0, 0, 6.0
22, 1.0, 1.0, 0
23, 1.0, 1.0, 1.0
24, 1.0, 1.0, 2.0
25, 1.0, 1.0, 3.0
26, 1.0, 1.0, 4.0
27, 1.0, 1.0, 5.0
28, 1.0, 1.0, 6.0
29, 2.0, 0, 0
30, 2.0, 0, 1.0
31, 2.0, 0, 2.0
32, 2.0, 0, 3.0
33, 2.0, 0, 4.0
34, 2.0, 0, 5.0
35, 2.0, 0, 6.0
36, 2.0, 1.0, 0
37, 2.0, 1.0, 1.0
38, 2.0, 1.0, 2.0
39, 2.0, 1.0, 3.0
40, 2.0, 1.0, 4.0
41, 2.0, 1.0, 5.0
42, 2.0, 1.0, 6.0
43, 3.0, 0, 0
44, 3.0, 0, 1.0
45, 3.0, 0, 2.0
46, 3.0, 0, 3.0
47, 3.0, 0, 4.0
48, 3.0, 0, 5.0
49, 3.0, 0, 6.0
50, 3.0, 1.0, 0
51, 3.0, 1.0, 1.0
52, 3.0, 1.0, 2.0
53, 3.0, 1.0, 3.0
54, 3.0, 1.0, 4.0
55, 3.0, 1.0, 5.0
56, 3.0, 1.0, 6.0
57, 4.0, 0, 0
58, 4.0, 0, 1.0
59, 4.0, 0, 2.0
60, 4.0, 0, 3.0
61, 4.0, 0, 4.0
62, 4.0, 0, 5.0
63, 4.0, 0, 6.0
64, 4.0, 1.0, 0
65, 4.0, 1.0, 1.0
66, 4.0, 1.0, 2.0
67, 4.0, 1.0, 3.0
68, 4.0, 1.0, 4.0
69, 4.0, 1.0, 5.0
70, 4.0, 1.0, 6.0
71, 5.0, 0, 0
72, 5.0, 0, 1.0
73, 5.0, 0, 2.0
74, 5.0, 0, 3.0
75, 5.0, 0, 4.0
76, 5.0, 0, 5.0
77, 5.0, 0, 6.0
78, 5.0, 1.0, 0
79, 5.0, 1.0, 1.0
80, 5.0, 1.0, 2.0
81, 5.0, 1.0, 3.0
82, 5.0, 1.0, 4.0
83, 5.0, 1.0, 5.0
84, 5.0, 1.0, 6.0
85, 6.0, 0, 0
86, 6.0, 0, 1.0
87, 6.0, 0, 2.0
88, 6.0, 0, 3.0
89, 6.0, 0, 4.0
90, 6.0, 0, 5.0
91, 6.0, 0, 6.0
92, 6.0, 1.0, 0
93, 6.0, 1.0, 1.0
94, 6.0, 1.0, 2.0
95, 6.0, 1.0, 3.0
96, 6.0, 1.0, 4.0
97, 6.0, 1.0, 5.0
98, 6.0, 1.0, 6.0
99, 7.0, 0, 0
100, 7.0, 0, 1.0
101, 7.0, 0, 2.0
102, 7.0, 0, 3.0
103, 7.0, 0, 4.0
104, 7.0, 0, 5.0
105, 7.0, 0, 6.0
106, 7.0, 1.0, 0
107, 7.0, 1.0, 1.0
108, 7.0, 1.0, 2.0
109, 7.0, 1.0, 3.0
110, 7.0, 1.0, 4.0
111, 7.0, 1.0, 5.0
112, 7.0, 1.0, 6.0
113, 8.0, 0, 0
114, 8.0, 0, 1.0
115, 8.0, 0, 2.0
116, 8.0, 0, 3.0
117, 8.0, 0, 4.0
118, 8.0, 0, 5.0
119, 8.0, 0, 6.0
120, 8.0, 1.0, 0
121, 8.0, 1.0, 1.0
122, 8.0, 1.0, 2.0
123, 8.0, 1.0, 3.0
124, 8.0, 1.0, 4.0
125, 8.0, 1.0, 5.0
126, 8.0, 1.0, 6.0
127, 9.0, 0, 0
128, 9.0, 0, 1.0
129, 9.0, 0, 2.0
130, 9.0, 0, 3.0
131, 9.0, 0, 4.0
132, 9.0, 0, 5.0
133, 9.0, 0, 6.0
134, 9.0, 1.0, 0
135, 9.0, 1.0, 1.0
136, 9.0, 1.0, 2.0
137, 9.0, 1.0, 3.0
138, 9.0, 1.0, 4.0
139, 9.0, 1.0, 5.0
140, 9.0, 1.0, 6.0
141, 10.0, 0, 0
142, 10.0, 0, 1.0
143, 10.0, 0, 2.0
144, 10.0, 0, 3.0
145, 10.0, 0, 4.0
146, 10.0, 0, 5.0
147, 10.0, 0, 6.0
148, 10.0, 1.0, 0
149, 10.0, 1.0, 1.0
150, 10.0, 1.0, 2.0
151, 10.0, 1.0, 3.0
152, 10.0, 1.0, 4.0
153, 10.0, 1.0, 5.0
154, 10.0, 1.0, 6.0
155, 11.0, 0, 0
156, 11.0, 0, 1.0
157, 11.0, 0, 2.0
158, 11.0, 0, 3.0
159, 11.0, 0, 4.0
160, 11.0, 0, 5.0
161, 11.0, 0, 6.0
162, 11.0, 1.0, 0
163, 11.0, 1.0, 1.0
164, 11.0, 1.0, 2.0
165, 11.0, 1.0, 3.0
166, 11.0, 1.0, 4.0
167, 11.0, 1.0, 5.0
168, 11.0, 1.0, 6.0
169, 12.0, 0, 0
170, 12.0, 0, 1.0
171, 12.0, 0, 2.0
172, 12.0, 0, 3.0
173, 12.0, 0, 4.0
174, 12.0, 0, 5.0
175, 12.0, 0, 6.0
176, 12.0, 1.0, 0
177, 12.0, 1.0, 1.0
178, 12.0, 1.0, 2.0
179, 12.0, 1.0, 3.0
180, 12.0, 1.0, 4.0
181, 12.0, 1.0, 5.0
182, 12.0, 1.0, 6.0
183, 13.0, 0, 0
184, 13.0, 0, 1.0
185, 13.0, 0, 2.0
186, 13.0, 0, 3.0
187, 13.0, 0, 4.0
188, 13.0, 0, 5.0
189, 13.0, 0, 6.0
190, 13.0, 1.0, 0
191, 13.0, 1.0, 1.0
192, 13.0, 1.0, 2.0
193, 13.0, 1.0, 3.0
194, 13.0, 1.0, 4.0
195, 13.0, 1.0, 5.0
196, 13.0, 1.0, 6.0
197, 14.0, 0, 0
198, 14.0, 0, 1.0
199, 14.0, 0, 2.0
200, 14.0, 0, 3.0
201, 14.0, 0, 4.0
202, 14.0, 0, 5.0
203, 14.0, 0, 6.0
204, 14.0, 1.0, 0
205, 14.0, 1.0, 1.0
206, 14.0, 1.0, 2.0
207, 14.0, 1.0, 3.0
208, 14.0, 1.0, 4.0
209, 14.0, 1.0, 5.0
210, 14.0, 1.0, 6.0
211, 15.0, 0, 0
212, 15.0, 0, 1.0
213, 15.0, 0, 2.0
214, 15.0, 0, 3.0
215, 15.0, 0, 4.0
216, 15.0, 0, 5.0
217, 15.0, 0, 6.0
218, 15.0, 1.0, 0
219, 15.0, 1.0, 1.0
220, 15.0, 1.0, 2.0
221, 15.0, 1.0, 3.0
222, 15.0, 1.0, 4.0
223, 15.0, 1.0, 5.0
224, 15.0, 1.0, 6.0
225, 16.0, 0, 0
226, 16.0, 0, 1.0
227, 16.0, 0, 2.0
228, 16.0, 0, 3.0
229, 16.0, 0, 4.0
230, 16.0, 0, 5.0
231, 16.0, 0, 6.0
232, 16.0, 1.0, 0
233, 16.0, 1.0, 1.0
234, 16.0, 1.0, 2.0
235, 16.0, 1.0, 3.0
236, 16.0, 1.0, 4.0
237, 16.0, 1.0, 5.0
238, 16.0, 1.0, 6.0
239, 17.0, 0, 0
240, 17.0, 0, 1.0
241, 17.0, 0, 2.0
242, 17.0, 0, 3.0
243, 17.0, 0, 4.0
244, 17.0, 0, 5.0
245, 17.0, 0, 6.0
246, 17.0, 1.0, 0
247, 17.0, 1.0, 1.0
248, 17.0, 1.0, 2.0
249, 17.0, 1.0, 3.0
250, 17.0, 1.0, 4.0
251, 17.0, 1.0, 5.0
252, 17.0, 1.0, 6.0
253, 18.0, 0, 0
254, 18.0, 0, 1.0
255, 18.0, 0, 2.0
256, 18.0, 0, 3.0
257, 18.0, 0, 4.0
258, 18.0, 0, 5.0
259, 18.0, 0, 6.0
260, 18.0, 1.0, 0
261, 18.0, 1.0, 1.0
262, 18.0, 1.0, 2.0
263, 18.0, 1.0, 3.0
264, 18.0, 1.0, 4.0
265, 18.0, 1.0, 5.0
266, 18.0, 1.0, 6.0

300, 0, 0, -1.0
301, 0, 1.0, -1.0
302, 1.0, 0, -1.0
303, 1.0, 1.0, -1.0
304, 17, 0, -1.0
305, 17, 1.0, -1.0
306, 18, 0, -1.0
307, 18, 1.0, -1.0
400, 8.0, 0, 7.0
401, 8.0, 1.0, 7.0
402, 9.0, 0, 7.0
403, 9.0, 1.0, 7.0
404, 10.0, 0, 7.0
405, 10.0, 1.0, 7.0

500, 0.5, 0.5, 0.5
501, 1.5, 0.5, 0.5
502, 2.5, 0.5, 0.5
503, 3.5, 0.5, 0.5
504, 4.5, 0.5, 0.5
505, 5.5, 0.5, 0.5
506, 6.5, 0.5, 0.5
507, 7.5, 0.5, 0.5
508, 8.5, 0.5, 0.5
509, 9.5, 0.5, 0.5
510, 10.5, 0.5, 0.5
511, 11.5, 0.5, 0.5
512, 12.5, 0.5, 0.5
513, 13.5, 0.5, 0.5
514, 14.5, 0.5, 0.5
515, 15.5, 0.5, 0.5
516, 16.5, 0.5, 0.5
517, 17.5, 0.5, 0.5
*****************************************************************
*ELEMENT, TYPE=C3D8, ELSET=Supp
109, 300, 302, 303, 301, 1, 15, 22, 8
110, 304, 306, 307, 305, 240, 254, 261, 247

111, 119, 133, 140, 126, 400, 402, 403, 401
112, 133, 147, 154, 140, 402, 404, 405, 403
**---------------------------------------------------------------
*ELEMENT, TYPE=C3D8, ELSET=CONC
1, 1, 15, 22, 8, 2, 16, 23, 9
2, 2, 16, 23, 9, 3, 17, 24, 10
3, 3, 17, 24, 10, 4, 18, 25, 11
4, 4, 18, 25, 11, 5, 19, 26, 12
5, 5, 19, 26, 12, 6, 20, 27, 13
6, 6, 20, 27, 13, 7, 21, 28, 14
7, 15, 29, 36, 22, 16, 30, 37, 23
8, 16, 30, 37, 23, 17, 31, 38, 24
9, 17, 31, 38, 24, 18, 32, 39, 25
10, 18, 32, 39, 25, 19, 33, 40, 26
11, 19, 33, 40, 26, 20, 34, 41, 27
12, 20, 34, 41, 27, 21, 35, 42, 28
13, 29, 43, 50, 36, 30, 44, 51, 37
14, 30, 44, 51, 37, 31, 45, 52, 38
15, 31, 45, 52, 38, 32, 46, 53, 39
16, 32, 46, 53, 39, 33, 47, 54, 40
17, 33, 47, 54, 40, 34, 48, 55, 41
18, 34, 48, 55, 41, 35, 49, 56, 42
19, 43, 57, 64, 50, 44, 58, 65, 51
20, 44, 58, 65, 51, 45, 59, 66, 52
21, 45, 59, 66, 52, 46, 60, 67, 53
22, 46, 60, 67, 53, 47, 61, 68, 54
23, 47, 61, 68, 54, 48, 62, 69, 55
24, 48, 62, 69, 55, 49, 63, 70, 56
25, 57, 71, 78, 64, 58, 72, 79, 65
26, 58, 72, 79, 65, 59, 73, 80, 66
27, 59, 73, 80, 66, 60, 74, 81, 67
28, 60, 74, 81, 67, 61, 75, 82, 68
29, 61, 75, 82, 68, 62, 76, 83, 69
30, 62, 76, 83, 69, 63, 77, 84, 70
31, 71, 85, 92, 78, 72, 86, 93, 79
32, 72, 86, 93, 79, 73, 87, 94, 80
33, 73, 87, 94, 80, 74, 88, 95, 81
34, 74, 88, 95, 81, 75, 89, 96, 82
35, 75, 89, 96, 82, 76, 90, 97, 83
36, 76, 90, 97, 83, 77, 91, 98, 84
37, 85, 99, 106, 92, 86, 100, 107, 93
38, 86, 100, 107, 93, 87, 101, 108, 94
39, 87, 101, 108, 94, 88, 102, 109, 95
40, 88, 102, 109, 95, 89, 103, 110, 96
41, 89, 103, 110, 96, 90, 104, 111, 97
42, 90, 104, 111, 97, 91, 105, 112, 98
43, 99, 113, 120, 106, 100, 114, 121, 107
44, 100, 114, 121, 107, 101, 115, 122, 108
45, 101, 115, 122, 108, 102, 116, 123, 109
46, 102, 116, 123, 109, 103, 117, 124, 110
47, 103, 117, 124, 110, 104, 118, 125, 111
48, 104, 118, 125, 111, 105, 119, 126, 112
49, 113, 127, 134, 120, 114, 128, 135, 121
50, 114, 128, 135, 121, 115, 129, 136, 122
51, 115, 129, 136, 122, 116, 130, 137, 123
52, 116, 130, 137, 123, 117, 131, 138, 124
53, 117, 131, 138, 124, 118, 132, 139, 125
54, 118, 132, 139, 125, 119, 133, 140, 126
55, 127, 141, 148, 134, 128, 142, 149, 135
56, 128, 142, 149, 135, 129, 143, 150, 136
57, 129, 143, 150, 136, 130, 144, 151, 137
58, 130, 144, 151, 137, 131, 145, 152, 138
59, 131, 145, 152, 138, 132, 146, 153, 139
60, 132, 146, 153, 139, 133, 147, 154, 140
61, 141, 155, 162, 148, 142, 156, 163, 149
62, 142, 156, 163, 149, 143, 157, 164, 150
63, 143, 157, 164, 150, 144, 158, 165, 151
64, 144, 158, 165, 151, 145, 159, 166, 152
65, 145, 159, 166, 152, 146, 160, 167, 153
66, 146, 160, 167, 153, 147, 161, 168, 154
67, 155, 169, 176, 162, 156, 170, 177, 163
68, 156, 170, 177, 163, 157, 171, 178, 164
69, 157, 171, 178, 164, 158, 172, 179, 165
70, 158, 172, 179, 165, 159, 173, 180, 166
71, 159, 173, 180, 166, 160, 174, 181, 167
72, 160, 174, 181, 167, 161, 175, 182, 168
73, 169, 183, 190, 176, 170, 184, 191, 177
74, 170, 184, 191, 177, 171, 185, 192, 178
75, 171, 185, 192, 178, 172, 186, 193, 179
76, 172, 186, 193, 179, 173, 187, 194, 180
77, 173, 187, 194, 180, 174, 188, 195, 181
78, 174, 188, 195, 181, 175, 189, 196, 182
79, 183, 197, 204, 190, 184, 198, 205, 191
80, 184, 198, 205, 191, 185, 199, 206, 192
81, 185, 199, 206, 192, 186, 200, 207, 193
82, 186, 200, 207, 193, 187, 201, 208, 194
83, 187, 201, 208, 194, 188, 202, 209, 195
84, 188, 202, 209, 195, 189, 203, 210, 196
85, 197, 211, 218, 204, 198, 212, 219, 205
86, 198, 212, 219, 205, 199, 213, 220, 206
87, 199, 213, 220, 206, 200, 214, 221, 207
88, 200, 214, 221, 207, 201, 215, 222, 208
89, 201, 215, 222, 208, 202, 216, 223, 209
90, 202, 216, 223, 209, 203, 217, 224, 210
91, 211, 225, 232, 218, 212, 226, 233, 219
92, 212, 226, 233, 219, 213, 227, 234, 220
93, 213, 227, 234, 220, 214, 228, 235, 221
94, 214, 228, 235, 221, 215, 229, 236, 222
95, 215, 229, 236, 222, 216, 230, 237, 223
96, 216, 230, 237, 223, 217, 231, 238, 224
97, 225, 239, 246, 232, 226, 240, 247, 233
98, 226, 240, 247, 233, 227, 241, 248, 234
99, 227, 241, 248, 234, 228, 242, 249, 235
100, 228, 242, 249, 235, 229, 243, 250, 236
101, 229, 243, 250, 236, 230, 244, 251, 237
102, 230, 244, 251, 237, 231, 245, 252, 238
103, 239, 253, 260, 246, 240, 254, 261, 247
104, 240, 254, 261, 247, 241, 255, 262, 248
105, 241, 255, 262, 248, 242, 256, 263, 249
106, 242, 256, 263, 249, 243, 257, 264, 250
107, 243, 257, 264, 250, 244, 258, 265, 251
108, 244, 258, 265, 251, 245, 259, 266, 252
**---------------------------------------------------------------
*ELEMENT, TYPE=T3D2, ELSET=bar, BONDLAW=bond
201, 500, 501
202, 501, 502
203, 502, 503
204, 503, 504
205, 504, 505
206, 505, 506
207, 506, 507
208, 507, 508
209, 508, 509
210, 509, 510
211, 510, 511
212, 511, 512
213, 512, 513
214, 513, 514
215, 514, 515
216, 515, 516
217, 516, 517
*****************************************************************
*MATERIAL, NAME=ELAS
*DENSITY
1.0e-3
*ELASTIC
30000.0,   0.3, 1.0e-03
**---------------------------------------------------------------
*MATERIAL, NAME=steel
*DENSITY
1.0e-3
*ELASTIC
200000,   0.2, 1.0e-05
**---------------------------------------------------------------
*MATERIAL, NAME=SDA_
*DENSITY
   2.5e-3
*ELASTICLT, SDA
**   35000.,    0.2,   3.50,   100.e-6,  0.0,  -1, 0.0, 0.0, "crack energy MN/m"
   35000.,    0.2,   3.50,   100.e-5,  0.0,  -1, 0.0, 0.0, "crack energy MN/m"
**---------------------------------------------------------------
*MATERIAL, NAME=bond
*BOND
1000000, 1000000
1000000, 0.001, 25, 0.1, 6,   0.00, 400000
*****************************************************************
*SOLID SECTION, ELSET=bar, MATERIAL=steel
0.01
**---------------------------------------------------------------
*SOLID SECTION, ELSET=Supp, MATERIAL=ELAS
1
**---------------------------------------------------------------
*SOLID SECTION, ELSET=CONC, MATERIAL=SDA_
1
*****************************************************************
*STEP
*STATIC
***DYNAMIC
**0.25, 1
0.01, 1
*DAMPING, ALPHA=0.001, BETA=0.0015
*CONTROLS, ITOL= 1.e-6, NITER= 50

*AMPLITUDE, NAME=AMP1
0.0, 0.0, 1.0, 0.5

*BOUNDARY, AMPLITUDE=AMP1
300, 1,1, 0
300, 2,2, 0
300, 3,3, 0
301, 3,3, 0
302, 3,3, 0
303, 3,3, 0

304, 3,3, 0
305, 3,3, 0
306, 3,3, 0
307, 3,3, 0
307, 2,3, 0

400, 3,3, -0.005
401, 3,3, -0.005
402, 3,3, -0.005
403, 3,3, -0.005
404, 3,3, -0.005
405, 3,3, -0.005

*EL FILE, FREQUENCY=0.1
*NODE FILE, FREQUENCY=0.1
*END STEP
*****************************************************************
