                0.                 0.                 0.                -0.                 0.                 0.                 0.         
               10.E-03             0.                 0.               -37.7077E-03       677.668E-06          4.91594E-03       -2.1E-03    
               20.E-03             0.                 0.               -74.1833E-03         1.35399E-03        9.86196E-03       -4.2E-03    
               30.E-03             0.                 0.              -109.437E-03          2.02904E-03       14.8344E-03        -6.3E-03    
               40.E-03             0.                 0.              -143.49E-03           2.70294E-03       19.8289E-03        -8.4E-03    
               50.E-03             0.                 0.              -176.365E-03          3.37579E-03       24.8413E-03       -10.5E-03    
               60.E-03             0.                 0.              -208.082E-03          4.04768E-03       29.8678E-03       -12.6E-03    
               70.E-03             0.                 0.              -238.668E-03          4.71873E-03       34.9044E-03       -14.7E-03    
               80.E-03             0.                 0.              -268.148E-03          5.38903E-03       39.9478E-03       -16.8E-03    
               90.E-03             0.                 0.              -296.548E-03          6.05868E-03       44.9943E-03       -18.9E-03    
              100.E-03             0.                 0.              -323.897E-03          6.72775E-03       50.0408E-03       -21.E-03     
              110.E-03             0.                 0.              -350.224E-03          7.39634E-03       55.0841E-03       -23.1E-03    
              120.E-03             0.                 0.              -375.558E-03          8.06452E-03       60.1213E-03       -25.2E-03    
              130.E-03             0.                 0.              -399.928E-03          8.73237E-03       65.1497E-03       -27.3E-03    
              140.E-03             0.                 0.              -423.365E-03          9.39994E-03       70.1668E-03       -29.4E-03    
              150.E-03             0.                 0.              -445.896E-03         10.0673E-03        75.1702E-03       -31.5E-03    
              160.E-03             0.                 0.              -467.553E-03         10.7345E-03        80.1578E-03       -33.6E-03    
              170.E-03             0.                 0.              -488.364E-03         11.4015E-03        85.1275E-03       -35.7E-03    
              180.E-03             0.                 0.              -508.358E-03         12.0685E-03        90.0775E-03       -37.8E-03    
              190.E-03             0.                 0.              -527.563E-03         12.7354E-03        95.0062E-03       -39.9E-03    
              200.E-03             0.                 0.              -546.007E-03         13.4023E-03        99.9119E-03       -42.E-03     
              210.E-03             0.                 0.              -563.718E-03         14.0692E-03       104.793E-03        -44.1E-03    
              220.E-03             0.                 0.              -580.72E-03          14.736E-03        109.649E-03        -46.2E-03    
              230.E-03             0.                 0.              -597.042E-03         15.4029E-03       114.479E-03        -48.3E-03    
              240.E-03             0.                 0.              -612.706E-03         16.0698E-03       119.28E-03         -50.4E-03    
              250.E-03             0.                 0.              -627.738E-03         16.7367E-03       124.053E-03        -52.5E-03    
              260.E-03             0.                 0.              -642.161E-03         17.4035E-03       128.797E-03        -54.6E-03    
              270.E-03             0.                 0.              -655.998E-03         18.0704E-03       133.511E-03        -56.7E-03    
              280.E-03             0.                 0.              -669.271E-03         18.7372E-03       138.194E-03        -58.8E-03    
              290.E-03             0.                 0.              -682.E-03            19.404E-03        142.846E-03        -60.9E-03    
              300.E-03             0.                 0.              -694.207E-03         20.0708E-03       147.467E-03        -63.E-03     
              310.E-03             0.                 0.              -705.911E-03         20.7374E-03       152.056E-03        -65.1E-03    
              320.E-03             0.                 0.              -717.131E-03         21.404E-03        156.613E-03        -67.2E-03    
              330.E-03             0.                 0.              -727.885E-03         22.0704E-03       161.137E-03        -69.3E-03    
              340.E-03             0.                 0.              -738.191E-03         22.7366E-03       165.628E-03        -71.4E-03    
              350.E-03             0.                 0.              -748.066E-03         23.4027E-03       170.087E-03        -73.5E-03    
              360.E-03             0.                 0.              -757.525E-03         24.0685E-03       174.514E-03        -75.6E-03    
              370.E-03             0.                 0.              -766.584E-03         24.7341E-03       178.907E-03        -77.7E-03    
              380.E-03             0.                 0.              -775.259E-03         25.3993E-03       183.268E-03        -79.8E-03    
              390.E-03             0.                 0.              -783.562E-03         26.0643E-03       187.596E-03        -81.9E-03    
              400.E-03             0.                 0.              -791.509E-03         26.7288E-03       191.891E-03        -84.E-03     
              410.E-03             0.                 0.              -799.113E-03         27.393E-03        196.153E-03        -86.1E-03    
              420.E-03             0.                 0.              -806.385E-03         28.0568E-03       200.383E-03        -88.2E-03    
              430.E-03             0.                 0.              -813.338E-03         28.72E-03         204.581E-03        -90.3E-03    
              440.E-03             0.                 0.              -819.984E-03         29.3828E-03       208.746E-03        -92.4E-03    
              450.E-03             0.                 0.              -826.334E-03         30.045E-03        212.88E-03         -94.5E-03    
              460.E-03             0.                 0.              -832.398E-03         30.7066E-03       216.982E-03        -96.6E-03    
              470.E-03             0.                 0.              -838.187E-03         31.3676E-03       221.052E-03        -98.7E-03    
              480.E-03             0.                 0.              -843.711E-03         32.028E-03        225.091E-03       -100.8E-03    
              490.E-03             0.                 0.              -848.979E-03         32.6877E-03       229.098E-03       -102.9E-03    
              500.E-03             0.                 0.              -854.E-03            33.3466E-03       233.075E-03       -105.E-03     
              510.E-03             0.                 0.              -858.782E-03         34.0048E-03       237.021E-03       -107.1E-03    
              520.E-03             0.                 0.              -863.335E-03         34.6622E-03       240.937E-03       -109.2E-03    
              530.E-03             0.                 0.              -867.666E-03         35.3188E-03       244.822E-03       -111.3E-03    
              540.E-03             0.                 0.              -871.783E-03         35.9745E-03       248.678E-03       -113.4E-03    
              550.E-03             0.                 0.              -875.693E-03         36.6293E-03       252.505E-03       -115.5E-03    
              560.E-03             0.                 0.              -879.403E-03         37.2832E-03       256.302E-03       -117.6E-03    
              570.E-03             0.                 0.              -882.921E-03         37.9361E-03       260.07E-03        -119.7E-03    
              580.E-03             0.                 0.              -886.252E-03         38.5881E-03       263.809E-03       -121.8E-03    
              590.E-03             0.                 0.              -889.403E-03         39.239E-03        267.52E-03        -123.9E-03    
              600.E-03             0.                 0.              -892.38E-03          39.8889E-03       271.203E-03       -126.E-03     
              610.E-03             0.                 0.              -895.189E-03         40.5377E-03       274.858E-03       -128.1E-03    
              620.E-03             0.                 0.              -897.836E-03         41.1854E-03       278.485E-03       -130.2E-03    
              630.E-03             0.                 0.              -900.325E-03         41.832E-03        282.085E-03       -132.3E-03    
              640.E-03             0.                 0.              -902.662E-03         42.4774E-03       285.659E-03       -134.4E-03    
              650.E-03             0.                 0.              -904.852E-03         43.1216E-03       289.205E-03       -136.5E-03    
              660.E-03             0.                 0.              -906.9E-03           43.7647E-03       292.725E-03       -138.6E-03    
              670.E-03             0.                 0.              -908.81E-03          44.4064E-03       296.219E-03       -140.7E-03    
              680.E-03             0.                 0.              -910.587E-03         45.0469E-03       299.687E-03       -142.8E-03    
              690.E-03             0.                 0.              -912.235E-03         45.6862E-03       303.13E-03        -144.9E-03    
              700.E-03             0.                 0.              -913.757E-03         46.3241E-03       306.547E-03       -147.E-03     
              710.E-03             0.                 0.              -915.159E-03         46.9607E-03       309.94E-03        -149.1E-03    
              720.E-03             0.                 0.              -916.444E-03         47.596E-03        313.307E-03       -151.2E-03    
              730.E-03             0.                 0.              -917.615E-03         48.2298E-03       316.651E-03       -153.3E-03    
              740.E-03             0.                 0.              -918.677E-03         48.8623E-03       319.97E-03        -155.4E-03    
              750.E-03             0.                 0.              -919.632E-03         49.4934E-03       323.265E-03       -157.5E-03    
              760.E-03             0.                 0.              -920.483E-03         50.123E-03        326.536E-03       -159.6E-03    
              770.E-03             0.                 0.              -921.235E-03         50.7512E-03       329.784E-03       -161.7E-03    
              780.E-03             0.                 0.              -921.89E-03          51.3779E-03       333.009E-03       -163.8E-03    
              790.E-03             0.                 0.              -922.45E-03          52.0032E-03       336.211E-03       -165.9E-03    
              800.E-03             0.                 0.              -922.92E-03          52.6269E-03       339.39E-03        -168.E-03     
              810.E-03             0.                 0.              -923.301E-03         53.2491E-03       342.547E-03       -170.1E-03    
              820.E-03             0.                 0.              -923.597E-03         53.8698E-03       345.682E-03       -172.2E-03    
              830.E-03             0.                 0.              -923.809E-03         54.4889E-03       348.795E-03       -174.3E-03    
              840.E-03             0.                 0.              -923.94E-03          55.1065E-03       351.886E-03       -176.4E-03    
              850.E-03             0.                 0.              -923.994E-03         55.7225E-03       354.956E-03       -178.5E-03    
              860.E-03             0.                 0.              -923.971E-03         56.3369E-03       358.004E-03       -180.6E-03    
              870.E-03             0.                 0.              -923.875E-03         56.9497E-03       361.032E-03       -182.7E-03    
              880.E-03             0.                 0.              -923.707E-03         57.5608E-03       364.039E-03       -184.8E-03    
              890.E-03             0.                 0.              -923.469E-03         58.1704E-03       367.025E-03       -186.9E-03    
              900.E-03             0.                 0.              -923.164E-03         58.7783E-03       369.991E-03       -189.E-03     
              910.E-03             0.                 0.              -922.794E-03         59.3845E-03       372.936E-03       -191.1E-03    
              920.E-03             0.                 0.              -922.36E-03          59.9891E-03       375.862E-03       -193.2E-03    
              930.E-03             0.                 0.              -921.864E-03         60.592E-03        378.768E-03       -195.3E-03    
              940.E-03             0.                 0.              -921.308E-03         61.1932E-03       381.655E-03       -197.4E-03    
              950.E-03             0.                 0.              -920.694E-03         61.7927E-03       384.522E-03       -199.5E-03    
              960.E-03             0.                 0.              -920.023E-03         62.3906E-03       387.37E-03        -201.6E-03    
              970.E-03             0.                 0.              -919.298E-03         62.9867E-03       390.2E-03         -203.7E-03    
              980.E-03             0.                 0.              -918.518E-03         63.581E-03        393.01E-03        -205.8E-03    
              990.E-03             0.                 0.              -917.687E-03         64.1737E-03       395.802E-03       -207.9E-03    
                1.                 0.                 0.              -916.806E-03         64.7646E-03       398.576E-03       -210.E-03     
