ConFem  ../_DataTrusses/staebe3D3
symmetric system True, used LinAlg2 True, used ConFemMatC True, used CaeFemElemC True
ndofs 15, elems 3, active nodes 7, abs.size 0.07 MItems, rel.size 0.3200 (abs.size/(ndofs**2)
used material MAT1, spec. inertial mass 1.00e-01, type ELASTIC
0 step starts, solution type NR
0   1 1.400 0.00000 iter 0 0.000000e+00 1.000000e+00    0.000000e+00
0   1 1.400 0.02558 iter 1 2.861308e-17 1.000000e+00    1.000000e-02
0   2 1.400 0.02558 iter 0 2.861308e-17 1.000000e+00    0.000000e+00
0   2 1.400 0.05116 iter 1 6.206335e-17 1.000000e+00    1.000000e-02
0   3 1.400 0.05116 iter 0 6.206335e-17 1.000000e+00    0.000000e+00
0   3 1.400 0.07674 iter 1 6.208759e-17 1.000000e+00    1.000000e-02
0   4 1.400 0.07674 iter 0 6.208759e-17 1.000000e+00    0.000000e+00
0   4 1.400 0.10232 iter 1 1.144523e-16 1.000000e+00    1.000000e-02
0   5 1.400 0.10232 iter 0 1.144523e-16 1.000000e+00    0.000000e+00
0   5 1.400 0.12790 iter 1 1.594436e-16 1.000000e+00    1.000000e-02
0   6 1.400 0.12790 iter 0 1.594436e-16 1.000000e+00    0.000000e+00
0   6 1.400 0.15348 iter 1 1.922963e-16 1.000000e+00    1.000000e-02
0   7 1.400 0.15348 iter 0 1.922963e-16 1.000000e+00    0.000000e+00
0   7 1.400 0.17906 iter 1 3.510833e-16 1.000000e+00    1.000000e-02
0   8 1.400 0.17906 iter 0 3.510833e-16 1.000000e+00    0.000000e+00
0   8 1.400 0.20464 iter 1 5.551115e-17 1.000000e+00    1.000000e-02
0   9 1.400 0.20464 iter 0 5.551115e-17 1.000000e+00    0.000000e+00
0   9 1.400 0.23022 iter 1 6.776355e-16 1.000000e+00    1.000000e-02
0  10 1.400 0.23022 iter 0 6.776355e-16 1.000000e+00    0.000000e+00
0  10 1.400 0.25580 iter 1 4.475452e-16 1.000000e+00    1.000000e-02
0  11 1.400 0.25580 iter 0 4.475452e-16 1.000000e+00    0.000000e+00
0  11 1.400 0.28138 iter 1 4.611103e-16 1.000000e+00    1.000000e-02
0  12 1.400 0.28138 iter 0 4.611103e-16 1.000000e+00    0.000000e+00
0  12 1.400 0.30697 iter 1 5.088154e-16 1.000000e+00    1.000000e-02
0  13 1.400 0.30697 iter 0 5.088154e-16 1.000000e+00    0.000000e+00
0  13 1.400 0.33255 iter 1 2.288783e-16 1.000000e+00    1.000000e-02
0  14 1.400 0.33255 iter 0 2.288783e-16 1.000000e+00    0.000000e+00
0  14 1.400 0.35813 iter 1 0.000000e+00 1.000000e+00    1.000000e-02
0  15 1.400 0.35813 iter 0 0.000000e+00 1.000000e+00    0.000000e+00
0  15 1.400 0.38371 iter 1 5.087681e-16 1.000000e+00    1.000000e-02
0  16 1.400 0.38371 iter 0 5.087681e-16 1.000000e+00    0.000000e+00
0  16 1.400 0.40929 iter 1 5.087681e-16 1.000000e+00    1.000000e-02
0  17 1.400 0.40929 iter 0 5.087681e-16 1.000000e+00    0.000000e+00
0  17 1.400 0.43487 iter 1 2.224779e-16 1.000000e+00    1.000000e-02
0  18 1.400 0.43487 iter 0 2.224779e-16 1.000000e+00    0.000000e+00
0  18 1.400 0.46045 iter 1 2.220446e-16 1.000000e+00    1.000000e-02
0  19 1.400 0.46045 iter 0 2.220446e-16 1.000000e+00    0.000000e+00
0  19 1.400 0.48603 iter 1 7.448895e-16 1.000000e+00    1.000000e-02
0  20 1.400 0.48603 iter 0 7.448895e-16 1.000000e+00    0.000000e+00
0  20 1.400 0.51161 iter 1 0.000000e+00 1.000000e+00    1.000000e-02
0  21 1.400 0.51161 iter 0 0.000000e+00 1.000000e+00    0.000000e+00
0  21 1.400 0.53719 iter 1 6.753223e-16 1.000000e+00    1.000000e-02
0  22 1.400 0.53719 iter 0 6.753223e-16 1.000000e+00    0.000000e+00
0  22 1.400 0.56277 iter 1 3.143250e-16 1.000000e+00    1.000000e-02
0  23 1.400 0.56277 iter 0 3.143250e-16 1.000000e+00    0.000000e+00
0  23 1.400 0.58835 iter 1 1.070660e-15 1.000000e+00    1.000000e-02
0  24 1.400 0.58835 iter 0 1.070660e-15 1.000000e+00    0.000000e+00
0  24 1.400 0.61393 iter 1 9.992007e-16 1.000000e+00    1.000000e-02
0  25 1.400 0.61393 iter 0 9.992007e-16 1.000000e+00    0.000000e+00
0  25 1.400 0.63951 iter 1 1.180265e-15 1.000000e+00    1.000000e-02
0  26 1.400 0.63951 iter 0 1.180265e-15 1.000000e+00    0.000000e+00
0  26 1.400 0.66509 iter 1 4.577567e-16 1.000000e+00    1.000000e-02
0  27 1.400 0.66509 iter 0 4.577567e-16 1.000000e+00    0.000000e+00
0  27 1.400 0.69067 iter 1 9.155134e-16 1.000000e+00    1.000000e-02
0  28 1.400 0.69067 iter 0 9.155134e-16 1.000000e+00    0.000000e+00
0  28 1.400 0.71625 iter 1 8.881784e-16 1.000000e+00    1.000000e-02
0  29 1.400 0.71625 iter 0 8.881784e-16 1.000000e+00    0.000000e+00
0  29 1.400 0.74183 iter 1 1.087880e-15 1.000000e+00    1.000000e-02
0  30 1.400 0.74183 iter 0 1.087880e-15 1.000000e+00    0.000000e+00
0  30 1.400 0.76741 iter 1 9.155134e-16 1.000000e+00    1.000000e-02
0  31 1.400 0.76741 iter 0 9.155134e-16 1.000000e+00    0.000000e+00
0  31 1.400 0.79299 iter 1 8.881784e-16 1.000000e+00    1.000000e-02
0  32 1.400 0.79299 iter 0 8.881784e-16 1.000000e+00    0.000000e+00
0  32 1.400 0.81857 iter 1 0.000000e+00 1.000000e+00    1.000000e-02
0  33 1.400 0.81857 iter 0 0.000000e+00 1.000000e+00    0.000000e+00
0  33 1.400 0.84415 iter 1 0.000000e+00 1.000000e+00    1.000000e-02
0  34 1.400 0.84415 iter 0 0.000000e+00 1.000000e+00    0.000000e+00
0  34 1.400 0.86973 iter 1 1.616509e-15 1.000000e+00    1.000000e-02
0  35 1.400 0.86973 iter 0 1.616509e-15 1.000000e+00    0.000000e+00
0  35 1.400 0.89531 iter 1 8.881784e-16 1.000000e+00    1.000000e-02
0  36 1.400 0.89531 iter 0 8.881784e-16 1.000000e+00    0.000000e+00
0  36 1.400 0.92090 iter 1 8.881784e-16 1.000000e+00    1.000000e-02
0  37 1.400 0.92090 iter 0 8.881784e-16 1.000000e+00    0.000000e+00
0  37 1.400 0.94648 iter 1 9.155134e-16 1.000000e+00    1.000000e-02
0  38 1.400 0.94648 iter 0 9.155134e-16 1.000000e+00    0.000000e+00
0  38 1.400 0.97206 iter 1 9.155134e-16 1.000000e+00    1.000000e-02
0  39 1.400 0.97206 iter 0 9.155134e-16 1.000000e+00    0.000000e+00
0  39 1.400 0.99764 iter 1 1.017536e-15 1.000000e+00    1.000000e-02
0  40 1.400 0.99764 iter 0 1.017536e-15 1.000000e+00    0.000000e+00
0  40 1.400 1.02322 iter 1 2.141500e-15 1.000000e+00    1.000000e-02
Element Data written 1.023217 1.000000
Nodal Data written 1.023217 1.000000
0  41 1.400 1.02322 iter 0 2.141500e-15 1.000000e+00    0.000000e+00
0  41 1.400 1.04880 iter 1 1.404608e-15 1.000000e+00    1.000000e-02
0  42 1.400 1.04880 iter 0 1.404608e-15 1.000000e+00    0.000000e+00
0  42 1.400 1.07438 iter 1 4.440892e-16 1.000000e+00    1.000000e-02
0  43 1.400 1.07438 iter 0 4.440892e-16 1.000000e+00    0.000000e+00
0  43 1.400 1.09996 iter 1 1.844441e-15 1.000000e+00    1.000000e-02
0  44 1.400 1.09996 iter 0 1.844441e-15 1.000000e+00    0.000000e+00
0  44 1.400 1.12554 iter 1 2.186886e-15 1.000000e+00    1.000000e-02
0  45 1.400 1.12554 iter 0 2.186886e-15 1.000000e+00    0.000000e+00
0  45 1.400 1.15112 iter 1 2.220446e-15 1.000000e+00    1.000000e-02
0  46 1.400 1.15112 iter 0 2.220446e-15 1.000000e+00    0.000000e+00
0  46 1.400 1.17670 iter 1 1.998401e-15 1.000000e+00    1.000000e-02
0  47 1.400 1.17670 iter 0 1.998401e-15 1.000000e+00    0.000000e+00
0  47 1.400 1.20228 iter 1 2.047150e-15 1.000000e+00    1.000000e-02
0  48 1.400 1.20228 iter 0 2.047150e-15 1.000000e+00    0.000000e+00
0  48 1.400 1.22786 iter 1 4.440892e-16 1.000000e+00    1.000000e-02
0  49 1.400 1.22786 iter 0 4.440892e-16 1.000000e+00    0.000000e+00
0  49 1.400 1.25344 iter 1 2.360530e-15 1.000000e+00    1.000000e-02
0  50 1.400 1.25344 iter 0 2.360530e-15 1.000000e+00    0.000000e+00
0  50 1.400 1.27902 iter 1 2.175761e-15 1.000000e+00    1.000000e-02
0  51 1.400 1.27902 iter 0 2.175761e-15 1.000000e+00    0.000000e+00
0  51 1.400 1.30460 iter 1 2.186886e-15 1.000000e+00    1.000000e-02
0  52 1.400 1.30460 iter 0 2.186886e-15 1.000000e+00    0.000000e+00
0  52 1.400 1.33018 iter 1 1.790181e-15 1.000000e+00    1.000000e-02
0  53 1.400 1.33018 iter 0 1.790181e-15 1.000000e+00    0.000000e+00
0  53 1.400 1.35576 iter 1 0.000000e+00 1.000000e+00    1.000000e-02
0  54 1.400 1.35576 iter 0 0.000000e+00 1.000000e+00    0.000000e+00
0  54 1.400 1.38134 iter 1 1.831237e-15 1.000000e+00    1.000000e-02
0  55 1.400 1.38134 iter 0 1.831237e-15 1.000000e+00    0.000000e+00
0  55 1.400 1.40692 iter 1 1.776357e-15 1.000000e+00    1.000000e-02
Element Data written 1.406924 2.023217
Nodal Data written 1.406924 2.023217
total comp time 0 seconds
