Time,   0.1000
      1,   0.0000,   0.0000,   0.0000,    1,    0.0000e+00,     -2.2133e+02,      0.0000e+00,
      2,   1.0000,   0.0000,   0.0000,    1,    1.1067e-03,      2.2133e+02,      9.3333e-05,
Time,   0.2000
      1,   0.0000,   0.0000,   0.0000,    1,    0.0000e+00,     -4.4998e+02,      0.0000e+00,
      2,   1.0000,   0.0000,   0.0000,    1,    2.3067e-03,      4.4998e+02,      9.3333e-05,
Time,   0.3000
      1,   0.0000,   0.0000,   0.0000,    1,    0.0000e+00,     -5.0575e+02,      0.0000e+00,
      2,   1.0000,   0.0000,   0.0000,    1,    3.5067e-03,      5.0575e+02,      9.3333e-05,
Time,   0.4000
      1,   0.0000,   0.0000,   0.0000,    1,    0.0000e+00,     -5.1261e+02,      0.0000e+00,
      2,   1.0000,   0.0000,   0.0000,    1,    4.7067e-03,      5.1261e+02,      9.3333e-05,
Time,   0.5000
      1,   0.0000,   0.0000,   0.0000,    1,    0.0000e+00,     -5.1947e+02,      0.0000e+00,
      2,   1.0000,   0.0000,   0.0000,    1,    5.9067e-03,      5.1947e+02,      9.3333e-05,
Time,   0.6000
      1,   0.0000,   0.0000,   0.0000,    1,    0.0000e+00,     -4.6605e+02,      0.0000e+00,
      2,   1.0000,   0.0000,   0.0000,    1,    4.9467e-03,      4.6605e+02,     -1.4667e-04,
Time,   0.7000
      1,   0.0000,   0.0000,   0.0000,    1,    0.0000e+00,     -2.4400e+02,      0.0000e+00,
      2,   1.0000,   0.0000,   0.0000,    1,    3.7467e-03,      2.4400e+02,     -1.4667e-04,
Time,   0.8000
      1,   0.0000,   0.0000,   0.0000,    1,    0.0000e+00,     -4.0000e+00,      0.0000e+00,
      2,   1.0000,   0.0000,   0.0000,    1,    2.5467e-03,      4.0000e+00,     -1.4667e-04,
Time,   0.9000
      1,   0.0000,   0.0000,   0.0000,    1,    0.0000e+00,      2.3600e+02,      0.0000e+00,
      2,   1.0000,   0.0000,   0.0000,    1,    1.3467e-03,     -2.3600e+02,     -1.4667e-04,
Time,   1.0000
      1,   0.0000,   0.0000,   0.0000,    1,    0.0000e+00,      4.6119e+02,      0.0000e+00,
      2,   1.0000,   0.0000,   0.0000,    1,    1.4667e-04,     -4.6119e+02,     -1.4667e-04,
Time,   1.1000
      1,   0.0000,   0.0000,   0.0000,    1,    0.0000e+00,      5.2061e+02,      0.0000e+00,
      2,   1.0000,   0.0000,   0.0000,    1,   -1.0533e-03,     -5.2061e+02,     -1.4667e-04,
Time,   1.2000
      1,   0.0000,   0.0000,   0.0000,    1,    0.0000e+00,      5.2747e+02,      0.0000e+00,
      2,   1.0000,   0.0000,   0.0000,    1,   -2.2533e-03,     -5.2747e+02,     -1.4667e-04,
Time,   1.3000
      1,   0.0000,   0.0000,   0.0000,    1,    0.0000e+00,      5.3432e+02,      0.0000e+00,
      2,   1.0000,   0.0000,   0.0000,    1,   -3.4533e-03,     -5.3432e+02,     -1.4667e-04,
Time,   1.4000
      1,   0.0000,   0.0000,   0.0000,    1,    0.0000e+00,      5.4118e+02,      0.0000e+00,
      2,   1.0000,   0.0000,   0.0000,    1,   -4.6533e-03,     -5.4118e+02,     -1.4667e-04,
Time,   1.5000
      1,   0.0000,   0.0000,   0.0000,    1,    0.0000e+00,      5.4804e+02,      0.0000e+00,
      2,   1.0000,   0.0000,   0.0000,    1,   -5.8533e-03,     -5.4804e+02,     -1.4667e-04,
Time,   1.6000
      1,   0.0000,   0.0000,   0.0000,    1,    0.0000e+00,      4.8366e+02,      0.0000e+00,
      2,   1.0000,   0.0000,   0.0000,    1,   -4.9833e-03,     -4.8366e+02,      8.3333e-05,
Time,   1.7000
      1,   0.0000,   0.0000,   0.0000,    1,    0.0000e+00,      2.8200e+02,      0.0000e+00,
      2,   1.0000,   0.0000,   0.0000,    1,   -3.8833e-03,     -2.8200e+02,      8.3333e-05,
Time,   1.8000
      1,   0.0000,   0.0000,   0.0000,    1,    0.0000e+00,      6.2000e+01,      0.0000e+00,
      2,   1.0000,   0.0000,   0.0000,    1,   -2.7833e-03,     -6.2000e+01,      8.3333e-05,
Time,   1.9000
      1,   0.0000,   0.0000,   0.0000,    1,    0.0000e+00,     -1.5800e+02,      0.0000e+00,
      2,   1.0000,   0.0000,   0.0000,    1,   -1.6833e-03,      1.5800e+02,      8.3333e-05,
Time,   2.0000
      1,   0.0000,   0.0000,   0.0000,    1,    0.0000e+00,     -3.7800e+02,      0.0000e+00,
      2,   1.0000,   0.0000,   0.0000,    1,   -5.8333e-04,      3.7800e+02,      8.3333e-05,
Time,   2.1000
      1,   0.0000,   0.0000,   0.0000,    1,    0.0000e+00,     -5.3046e+02,      0.0000e+00,
      2,   1.0000,   0.0000,   0.0000,    1,    5.1667e-04,      5.3046e+02,      8.3333e-05,
Time,   2.2000
      1,   0.0000,   0.0000,   0.0000,    1,    0.0000e+00,     -5.5210e+02,      0.0000e+00,
      2,   1.0000,   0.0000,   0.0000,    1,    1.6167e-03,      5.5210e+02,      8.3333e-05,
Time,   2.3000
      1,   0.0000,   0.0000,   0.0000,    1,    0.0000e+00,     -5.5838e+02,      0.0000e+00,
      2,   1.0000,   0.0000,   0.0000,    1,    2.7167e-03,      5.5838e+02,      8.3333e-05,
Time,   2.4000
      1,   0.0000,   0.0000,   0.0000,    1,    0.0000e+00,     -5.6467e+02,      0.0000e+00,
      2,   1.0000,   0.0000,   0.0000,    1,    3.8167e-03,      5.6467e+02,      8.3333e-05,
Time,   2.5000
      1,   0.0000,   0.0000,   0.0000,    1,    0.0000e+00,     -5.7095e+02,      0.0000e+00,
      2,   1.0000,   0.0000,   0.0000,    1,    4.9167e-03,      5.7095e+02,      8.3333e-05,
Time,   2.6000
      1,   0.0000,   0.0000,   0.0000,    1,    0.0000e+00,     -5.7724e+02,      0.0000e+00,
      2,   1.0000,   0.0000,   0.0000,    1,    6.0167e-03,      5.7724e+02,      8.3333e-05,
Time,   2.7000
      1,   0.0000,   0.0000,   0.0000,    1,    0.0000e+00,     -5.8352e+02,      0.0000e+00,
      2,   1.0000,   0.0000,   0.0000,    1,    7.1167e-03,      5.8352e+02,      8.3333e-05,
