   -0.00746187 -9.188177e-02  0       1
   -0.01491900 -1.815897e-01  0       2
   -0.02237125 -2.691423e-01  0       3
   -0.02981850 -3.545564e-01  0       4
   -0.03726061 -4.378492e-01  0       5
   -0.04469745 -5.190376e-01  0       6
   -0.05212886 -5.981386e-01  0       7
   -0.05955472 -6.751691e-01  0       8
   -0.06697486 -7.501462e-01  0       9
   -0.07438914 -8.230868e-01  0      10
   -0.08179742 -8.940079e-01  0      11
   -0.08919953 -9.629266e-01  0      12
   -0.09659531 -1.029860e+00  0      13
   -0.10398462 -1.094824e+00  0      14
   -0.11136729 -1.157837e+00  0      15
   -0.11874316 -1.218916e+00  0      16
   -0.12611207 -1.278077e+00  0      17
   -0.13347385 -1.335337e+00  0      18
   -0.14082835 -1.390714e+00  0      19
   -0.14817540 -1.444225e+00  0      20
   -0.15551483 -1.495886e+00  0      21
   -0.16284649 -1.545714e+00  0      22
   -0.17017022 -1.593727e+00  0      23
   -0.17748585 -1.639941e+00  0      24
   -0.18479323 -1.684374e+00  0      25
   -0.19209221 -1.727043e+00  0      26
   -0.19938264 -1.767965e+00  0      27
   -0.20666438 -1.807156e+00  0      28
   -0.21393727 -1.844635e+00  0      29
   -0.22120120 -1.880417e+00  0      30
   -0.22845602 -1.914521e+00  0      31
   -0.23570162 -1.946963e+00  0      32
   -0.24293788 -1.977761e+00  0      33
   -0.25016469 -2.006932e+00  0      34
   -0.25738196 -2.034493e+00  0      35
   -0.26458960 -2.060461e+00  0      36
   -0.27178753 -2.084854e+00  0      37
   -0.27897567 -2.107689e+00  0      38
   -0.28615398 -2.128983e+00  0      39
   -0.29332241 -2.148754e+00  0      40
   -0.30048092 -2.167019e+00  0      41
   -0.30762949 -2.183796e+00  0      42
   -0.31476811 -2.199102e+00  0      43
   -0.32189679 -2.212954e+00  0      44
   -0.32901555 -2.225371e+00  0      45
   -0.33612442 -2.236369e+00  0      46
   -0.34322344 -2.245967e+00  0      47
   -0.35031267 -2.254182e+00  0      48
   -0.35739218 -2.261032e+00  0      49
   -0.36446207 -2.266534e+00  0      50
   -0.37152242 -2.270706e+00  0      51
   -0.37857334 -2.273567e+00  0      52
   -0.38561497 -2.275133e+00  0      53
   -0.39264744 -2.275423e+00  0      54
   -0.39967089 -2.274455e+00  0      55
   -0.40668548 -2.272246e+00  0      56
   -0.41369138 -2.268815e+00  0      57
   -0.42068877 -2.264179e+00  0      58
   -0.42767783 -2.258356e+00  0      59
   -0.43465877 -2.251365e+00  0      60
   -0.44163178 -2.243224e+00  0      61
   -0.44859707 -2.233949e+00  0      62
   -0.45555486 -2.223561e+00  0      63
   -0.46250538 -2.212076e+00  0      64
   -0.46944884 -2.199513e+00  0      65
   -0.47638547 -2.185889e+00  0      66
   -0.48331552 -2.171224e+00  0      67
   -0.49023922 -2.155535e+00  0      68
   -0.49715679 -2.138840e+00  0      69
   -0.50406850 -2.121157e+00  0      70
   -0.51097456 -2.102505e+00  0      71
   -0.51787522 -2.082901e+00  0      72
   -0.52477073 -2.062364e+00  0      73
   -0.53166131 -2.040912e+00  0      74
   -0.53854721 -2.018563e+00  0      75
   -0.54542866 -1.995335e+00  0      76
   -0.55230589 -1.971246e+00  0      77
   -0.55917913 -1.946315e+00  0      78
   -0.56604860 -1.920559e+00  0      79
   -0.57291454 -1.893997e+00  0      80
   -0.57977716 -1.866647e+00  0      81
   -0.58663667 -1.838527e+00  0      82
   -0.59349329 -1.809654e+00  0      83
   -0.60034722 -1.780048e+00  0      84
   -0.60719867 -1.749726e+00  0      85
   -0.61404784 -1.718706e+00  0      86
   -0.62089491 -1.687006e+00  0      87
   -0.62774134 -1.654743e+00  0      88
   -0.63458466 -1.621727e+00  0      89
   -0.64142647 -1.588088e+00  0      90
   -0.64826693 -1.553840e+00  0      91
   -0.65510620 -1.519004e+00  0      92
   -0.66194446 -1.483595e+00  0      93
   -0.66878186 -1.447634e+00  0      94
   -0.67561856 -1.411136e+00  0      95
   -0.68245472 -1.374121e+00  0      96
   -0.68929049 -1.336606e+00  0      97
   -0.69612601 -1.298610e+00  0      98
   -0.70296141 -1.260150e+00  0      99
   -0.70979685 -1.221243e+00  0     100
   -0.71663245 -1.181909e+00  0     101
   -0.72346833 -1.142165e+00  0     102
   -0.73030462 -1.102028e+00  0     103
   -0.73714146 -1.061516e+00  0     104
   -0.74397894 -1.020648e+00  0     105
   -0.75081718 -9.794417e-01  0     106
   -0.75765631 -9.379139e-01  0     107
   -0.76449641 -8.960829e-01  0     108
   -0.77133760 -8.539665e-01  0     109
   -0.77817998 -8.115824e-01  0     110
   -0.78502365 -7.689484e-01  0     111
   -0.79186870 -7.260823e-01  0     112
   -0.79871522 -6.830017e-01  0     113
   -0.80556330 -6.397243e-01  0     114
   -0.81241414 -5.963728e-01  0     115
   -0.81926567 -5.527612e-01  0     116
   -0.82611901 -5.090058e-01  0     117
   -0.83297425 -4.651244e-01  0     118
   -0.83983147 -4.211346e-01  0     119
   -0.84669074 -3.770540e-01  0     120
   -0.85355213 -3.329002e-01  0     121
   -0.86041572 -2.886909e-01  0     122
   -0.86728158 -2.444436e-01  0     123
   -0.87414978 -2.001760e-01  0     124
   -0.88102038 -1.559055e-01  0     125
   -0.88789345 -1.116498e-01  0     126
   -0.89476906 -6.742637e-02  0     127
   -0.90164726 -2.325276e-02  0     128
   -0.90852813  2.085352e-02  0     129
   -0.91541171  6.487497e-02  0     130
   -0.92229807  1.087941e-01  0     131
   -0.92918726  1.525935e-01  0     132
   -0.93607935  1.962557e-01  0     133
   -0.94297438  2.397631e-01  0     134
   -0.94987242  2.830985e-01  0     135
   -0.95677352  3.262444e-01  0     136
   -0.96367773  3.691834e-01  0     137
   -0.97058510  4.118982e-01  0     138
   -0.97749569  4.543713e-01  0     139
   -0.98440954  4.965854e-01  0     140
   -0.99132671  5.385232e-01  0     141
   -0.99824725  5.801674e-01  0     142
   -1.00517121  6.215006e-01  0     143
   -1.01209864  6.625056e-01  0     144
   -1.01902958  7.031652e-01  0     145
   -1.02596408  7.434620e-01  0     146
   -1.03290220  7.833789e-01  0     147
   -1.03984399  8.228985e-01  0     148
   -1.04678948  8.620038e-01  0     149
   -1.05373873  9.006775e-01  0     150
   -1.06069178  9.389025e-01  0     151
   -1.06764869  9.766616e-01  0     152
   -1.07460950  1.013938e+00  0     153
   -1.08157426  1.050714e+00  0     154
   -1.08854302  1.086972e+00  0     155
   -1.09551583  1.122697e+00  0     156
   -1.10249273  1.157870e+00  0     157
   -1.10947377  1.192475e+00  0     158
   -1.11645901  1.226494e+00  0     159
   -1.12344849  1.259912e+00  0     160
   -1.13044226  1.292709e+00  0     161
   -1.13744037  1.324871e+00  0     162
   -1.14444288  1.356379e+00  0     163
   -1.15144984  1.387217e+00  0     164
   -1.15846129  1.417368e+00  0     165
   -1.16547729  1.446816e+00  0     166
   -1.17249789  1.475542e+00  0     167
   -1.17952315  1.503531e+00  0     168
   -1.18655313  1.530766e+00  0     169
   -1.19358787  1.557230e+00  0     170
   -1.20062743  1.582906e+00  0     171
   -1.20767188  1.607778e+00  0     172
   -1.21472127  1.631828e+00  0     173
   -1.22177567  1.655040e+00  0     174
   -1.22883512  1.677399e+00  0     175
   -1.23589970  1.698886e+00  0     176
   -1.24296946  1.719485e+00  0     177
   -1.25004448  1.739180e+00  0     178
   -1.25712482  1.757955e+00  0     179
   -1.26421055  1.775793e+00  0     180
   -1.27130173  1.792677e+00  0     181
   -1.27839844  1.808591e+00  0     182
   -1.28550074  1.823518e+00  0     183
   -1.29260873  1.837443e+00  0     184
   -1.29972246  1.850350e+00  0     185
   -1.30684203  1.862221e+00  0     186
   -1.31396750  1.873040e+00  0     187
   -1.32109898  1.882792e+00  0     188
   -1.32823653  1.891461e+00  0     189
   -1.33538024  1.899029e+00  0     190
   -1.34253022  1.905482e+00  0     191
   -1.34968655  1.910804e+00  0     192
   -1.35684932  1.914977e+00  0     193
   -1.36401864  1.917987e+00  0     194
   -1.37119461  1.919817e+00  0     195
   -1.37837734  1.920453e+00  0     196
   -1.38556693  1.919877e+00  0     197
   -1.39276350  1.918075e+00  0     198
   -1.39996716  1.915031e+00  0     199
   -1.40717804  1.910729e+00  0     200
   -1.41439626  1.905155e+00  0     201
   -1.42162195  1.898292e+00  0     202
   -1.42885525  1.890125e+00  0     203
   -1.43609629  1.880639e+00  0     204
   -1.44334523  1.869819e+00  0     205
   -1.45060221  1.857650e+00  0     206
   -1.45786739  1.844117e+00  0     207
   -1.46514094  1.829206e+00  0     208
   -1.47242302  1.812900e+00  0     209
   -1.47971382  1.795187e+00  0     210
   -1.48701353  1.776051e+00  0     211
   -1.49432232  1.755477e+00  0     212
   -1.50164042  1.733452e+00  0     213
   -1.50896803  1.709962e+00  0     214
   -1.51630538  1.684992e+00  0     215
   -1.52365269  1.658529e+00  0     216
   -1.53101022  1.630559e+00  0     217
   -1.53837822  1.601069e+00  0     218
   -1.54575697  1.570045e+00  0     219
   -1.55314674  1.537474e+00  0     220
   -1.56054785  1.503344e+00  0     221
   -1.56796060  1.467641e+00  0     222
   -1.57538534  1.430354e+00  0     223
   -1.58282242  1.391471e+00  0     224
   -1.59027222  1.350978e+00  0     225
   -1.59773513  1.308866e+00  0     226
   -1.60521159  1.265124e+00  0     227
   -1.61270204  1.219739e+00  0     228
   -1.62020697  1.172702e+00  0     229
   -1.62772689  1.124004e+00  0     230
   -1.63526236  1.073635e+00  0     231
   -1.64281396  1.021585e+00  0     232
   -1.65038234  9.678483e-01  0     233
   -1.65796818  9.124158e-01  0     234
   -1.66557223  8.552814e-01  0     235
   -1.67319527  7.964391e-01  0     236
   -1.68083819  7.358843e-01  0     237
   -1.68850192  6.736132e-01  0     238
   -1.69618752  6.096234e-01  0     239
   -1.70389610  5.439141e-01  0     240
   -1.71162892  4.764857e-01  0     241
   -1.71938736  4.073411e-01  0     242
   -1.72717294  3.364849e-01  0     243
   -1.73498736  2.639246e-01  0     244
   -1.74283254  1.896710e-01  0     245
   -1.75071061  1.137381e-01  0     246
   -1.75862400  3.614490e-02  0     247
   -1.76657549 -4.308444e-02  0     248
   -1.77456825 -1.239189e-01  0     249
   -1.78260599 -2.063189e-01  0     250
   -1.79069301 -2.902343e-01  0     251
   -1.79883441 -3.756008e-01  0     252
   -1.80703631 -4.623356e-01  0     253
   -1.81530610 -5.503308e-01  0     254
   -1.82365293 -6.394434e-01  0     255
   -1.83208828 -7.294797e-01  0     256
   -1.84062878 -8.202546e-01  0     257
   -1.84929101 -9.112302e-01  0     258
   -1.85810308 -1.001880e+00  0     259
   -1.86710290 -1.091226e+00  0     260
   -1.87634597 -1.177482e+00  0     261
   -1.88591216 -1.256801e+00  0     262
   -1.89585803 -1.318255e+00  0     263
   -1.90503227 -1.319470e+00  0     264
   -1.90851772 -1.231752e+00  0     265
   -1.90797974 -1.118664e+00  0     266
   -1.90571595 -1.001918e+00  0     267
   -1.90253581 -8.859490e-01  0     268
   -1.89878894 -7.718727e-01  0     269
   -1.89464978 -6.601066e-01  0     270
   -1.89021643 -5.508867e-01  0     271
   -1.88556109 -4.440737e-01  0     272
   -1.88072251 -3.397932e-01  0     273
   -1.87573191 -2.380297e-01  0     274
   -1.87061232 -1.387597e-01  0     275
   -1.86538127 -4.195600e-02  0     276
   -1.86005245  5.241024e-02  0     277
   -1.85463675  1.443683e-01  0     278
   -1.84914301  2.339472e-01  0     279
   -1.84357851  3.211759e-01  0     280
   -1.83794930  4.060826e-01  0     281
   -1.83226050  4.886948e-01  0     282
   -1.82651646  5.690398e-01  0     283
   -1.82072091  6.471439e-01  0     284
   -1.81487707  7.230331e-01  0     285
   -1.80898774  7.967328e-01  0     286
   -1.80305539  8.682680e-01  0     287
   -1.79708216  9.376632e-01  0     288
   -1.79106998  1.004943e+00  0     289
   -1.78502052  1.070130e+00  0     290
   -1.77893531  1.133248e+00  0     291
   -1.77281569  1.194321e+00  0     292
   -1.76666287  1.253371e+00  0     293
   -1.76047794  1.310421e+00  0     294
   -1.75426189  1.365492e+00  0     295
   -1.74801560  1.418608e+00  0     296
   -1.74173990  1.469789e+00  0     297
   -1.73543551  1.519059e+00  0     298
   -1.72910310  1.566437e+00  0     299
   -1.72274331  1.611945e+00  0     300
   -1.71635669  1.655606e+00  0     301
   -1.70994377  1.697438e+00  0     302
   -1.70350504  1.737464e+00  0     303
   -1.69704096  1.775705e+00  0     304
   -1.69055194  1.812180e+00  0     305
   -1.68403839  1.846911e+00  0     306
   -1.67750069  1.879918e+00  0     307
   -1.67093919  1.911220e+00  0     308
   -1.66435425  1.940840e+00  0     309
   -1.65774618  1.968796e+00  0     310
   -1.65111532  1.995108e+00  0     311
   -1.64446198  2.019798e+00  0     312
   -1.63778646  2.042884e+00  0     313
   -1.63108907  2.064386e+00  0     314
   -1.62437010  2.084325e+00  0     315
   -1.61762986  2.102720e+00  0     316
   -1.61086864  2.119591e+00  0     317
   -1.60408675  2.134958e+00  0     318
   -1.59728449  2.148839e+00  0     319
   -1.59046216  2.161255e+00  0     320
   -1.58362007  2.172224e+00  0     321
   -1.57675854  2.181767e+00  0     322
   -1.56987788  2.189903e+00  0     323
   -1.56297841  2.196651e+00  0     324
   -1.55606047  2.202030e+00  0     325
   -1.54912439  2.206059e+00  0     326
   -1.54217050  2.208758e+00  0     327
   -1.53519915  2.210145e+00  0     328
   -1.52821068  2.210241e+00  0     329
   -1.52120544  2.209062e+00  0     330
   -1.51418379  2.206630e+00  0     331
   -1.50714608  2.202962e+00  0     332
   -1.50009268  2.198077e+00  0     333
   -1.49302395  2.191995e+00  0     334
   -1.48594025  2.184733e+00  0     335
   -1.47884195  2.176311e+00  0     336
   -1.47172941  2.166747e+00  0     337
   -1.46460300  2.156059e+00  0     338
   -1.45746309  2.144267e+00  0     339
   -1.45031003  2.131389e+00  0     340
   -1.44314419  2.117443e+00  0     341
   -1.43596592  2.102448e+00  0     342
   -1.42877559  2.086421e+00  0     343
   -1.42157355  2.069382e+00  0     344
   -1.41436014  2.051349e+00  0     345
   -1.40713570  2.032339e+00  0     346
   -1.39990059  2.012371e+00  0     347
   -1.39265513  1.991463e+00  0     348
   -1.38539965  1.969633e+00  0     349
   -1.37813447  1.946899e+00  0     350
   -1.37085992  1.923279e+00  0     351
   -1.36357631  1.898791e+00  0     352
   -1.35628393  1.873453e+00  0     353
   -1.34898309  1.847284e+00  0     354
   -1.34167408  1.820300e+00  0     355
   -1.33435719  1.792519e+00  0     356
   -1.32703270  1.763960e+00  0     357
   -1.31970087  1.734640e+00  0     358
   -1.31236198  1.704577e+00  0     359
   -1.30501629  1.673789e+00  0     360
   -1.29766405  1.642292e+00  0     361
   -1.29030550  1.610106e+00  0     362
   -1.28294088  1.577247e+00  0     363
   -1.27557044  1.543733e+00  0     364
   -1.26819439  1.509582e+00  0     365
   -1.26081297  1.474812e+00  0     366
   -1.25342638  1.439439e+00  0     367
   -1.24603484  1.403481e+00  0     368
   -1.23863855  1.366956e+00  0     369
   -1.23123772  1.329882e+00  0     370
   -1.22383253  1.292275e+00  0     371
   -1.21642318  1.254154e+00  0     372
   -1.20900984  1.215535e+00  0     373
   -1.20159271  1.176436e+00  0     374
   -1.19417196  1.136875e+00  0     375
   -1.18674775  1.096869e+00  0     376
   -1.17932026  1.056435e+00  0     377
   -1.17188964  1.015591e+00  0     378
   -1.16445606  9.743532e-01  0     379
   -1.15702153  9.328395e-01  0     380
   -1.14958238  8.908628e-01  0     381
   -1.14214073  8.485456e-01  0     382
   -1.13469672  8.059049e-01  0     383
   -1.12725049  7.629580e-01  0     384
   -1.11980218  7.197221e-01  0     385
   -1.11235194  6.762147e-01  0     386
   -1.10489988  6.324529e-01  0     387
   -1.09744616  5.884541e-01  0     388
   -1.08999088  5.442355e-01  0     389
   -1.08253420  4.998146e-01  0     390
   -1.07507623  4.552084e-01  0     391
   -1.06761709  4.104343e-01  0     392
   -1.06015691  3.655096e-01  0     393
   -1.05269582  3.204516e-01  0     394
   -1.04523393  2.752774e-01  0     395
   -1.03777136  2.300044e-01  0     396
   -1.03030824  1.846499e-01  0     397
   -1.02284468  1.392310e-01  0     398
   -1.01538079  9.376506e-02  0     399
   -1.00791671  4.826931e-02  0     400
   -1.00045254  2.761019e-03  0     401
   -0.99298840 -4.274257e-02  0     402
   -0.98552441 -8.822419e-02  0     403
   -0.97806069 -1.336666e-01  0     404
   -0.97059735 -1.790525e-01  0     405
   -0.96313452 -2.243647e-01  0     406
   -0.95567231 -2.695859e-01  0     407
   -0.94821084 -3.146988e-01  0     408
   -0.94075023 -3.596863e-01  0     409
   -0.93329061 -4.045309e-01  0     410
   -0.92583210 -4.492155e-01  0     411
   -0.91837482 -4.937227e-01  0     412
   -0.91091889 -5.380354e-01  0     413
   -0.90346445 -5.821361e-01  0     414
   -0.89601163 -6.260077e-01  0     415
   -0.88856056 -6.696328e-01  0     416
   -0.88111137 -7.129942e-01  0     417
   -0.87366419 -7.560745e-01  0     418
   -0.86621918 -7.988565e-01  0     419
   -0.85877646 -8.413227e-01  0     420
   -0.85133618 -8.834560e-01  0     421
   -0.84389850 -9.252390e-01  0     422
   -0.83646355 -9.666542e-01  0     423
   -0.82903346 -1.007581e+00  0     424
   -0.82160457 -1.048203e+00  0     425
   -0.81417890 -1.088406e+00  0     426
   -0.80675661 -1.128172e+00  0     427
   -0.79933787 -1.167483e+00  0     428
   -0.79192285 -1.206322e+00  0     429
   -0.78451175 -1.244671e+00  0     430
   -0.77710472 -1.282514e+00  0     431
   -0.76970198 -1.319832e+00  0     432
   -0.76230370 -1.356609e+00  0     433
   -0.75491008 -1.392826e+00  0     434
   -0.74752134 -1.428466e+00  0     435
   -0.74013767 -1.463513e+00  0     436
   -0.73275929 -1.497947e+00  0     437
   -0.72538643 -1.531752e+00  0     438
   -0.71801930 -1.564911e+00  0     439
   -0.71065814 -1.597404e+00  0     440
   -0.70330319 -1.629216e+00  0     441
   -0.69595469 -1.660328e+00  0     442
   -0.68861289 -1.690722e+00  0     443
   -0.68127805 -1.720381e+00  0     444
   -0.67395043 -1.749287e+00  0     445
   -0.66663031 -1.777423e+00  0     446
   -0.65931796 -1.804770e+00  0     447
   -0.65201365 -1.831311e+00  0     448
   -0.64471769 -1.857028e+00  0     449
   -0.63743037 -1.881903e+00  0     450
   -0.63015199 -1.905918e+00  0     451
   -0.62288286 -1.929056e+00  0     452
   -0.61562329 -1.951297e+00  0     453
   -0.60837360 -1.972625e+00  0     454
   -0.60113412 -1.993020e+00  0     455
   -0.59390519 -2.012466e+00  0     456
   -0.58668712 -2.030943e+00  0     457
   -0.57948028 -2.048434e+00  0     458
   -0.57228500 -2.064921e+00  0     459
   -0.56510164 -2.080384e+00  0     460
   -0.55793053 -2.094806e+00  0     461
   -0.55077206 -2.108169e+00  0     462
   -0.54362656 -2.120454e+00  0     463
   -0.53649440 -2.131642e+00  0     464
   -0.52937594 -2.141715e+00  0     465
   -0.52227156 -2.150654e+00  0     466
   -0.51518160 -2.158441e+00  0     467
   -0.50810643 -2.165057e+00  0     468
   -0.50104642 -2.170484e+00  0     469
   -0.49400193 -2.174702e+00  0     470
   -0.48697331 -2.177693e+00  0     471
   -0.47996093 -2.179438e+00  0     472
   -0.47296513 -2.179917e+00  0     473
   -0.46598627 -2.179113e+00  0     474
   -0.45902469 -2.177006e+00  0     475
   -0.45208074 -2.173576e+00  0     476
   -0.44515476 -2.168805e+00  0     477
   -0.43824707 -2.162674e+00  0     478
   -0.43135802 -2.155163e+00  0     479
   -0.42448792 -2.146252e+00  0     480
   -0.41763709 -2.135924e+00  0     481
   -0.41080585 -2.124158e+00  0     482
   -0.40399452 -2.110934e+00  0     483
   -0.39720341 -2.096234e+00  0     484
   -0.39043281 -2.080038e+00  0     485
   -0.38368304 -2.062325e+00  0     486
   -0.37695440 -2.043077e+00  0     487
   -0.37024720 -2.022274e+00  0     488
   -0.36356174 -1.999895e+00  0     489
   -0.35689834 -1.975922e+00  0     490
   -0.35025730 -1.950333e+00  0     491
   -0.34363895 -1.923109e+00  0     492
   -0.33704362 -1.894231e+00  0     493
   -0.33047165 -1.863676e+00  0     494
   -0.32392339 -1.831427e+00  0     495
   -0.31739921 -1.797461e+00  0     496
   -0.31089950 -1.761759e+00  0     497
   -0.30442468 -1.724300e+00  0     498
   -0.29797517 -1.685063e+00  0     499
   -0.29155144 -1.644028e+00  0     500
   -0.28515400 -1.601173e+00  0     501
   -0.27878339 -1.556478e+00  0     502
   -0.27244018 -1.509921e+00  0     503
   -0.26612502 -1.461481e+00  0     504
   -0.25983859 -1.411136e+00  0     505
   -0.25358166 -1.358865e+00  0     506
   -0.24735505 -1.304646e+00  0     507
   -0.24115968 -1.248456e+00  0     508
   -0.23499657 -1.190274e+00  0     509
   -0.22886683 -1.130076e+00  0     510
   -0.22277172 -1.067840e+00  0     511
   -0.21671263 -1.003542e+00  0     512
   -0.21069112 -9.371591e-01  0     513
   -0.20470895 -8.686673e-01  0     514
   -0.19876809 -7.980421e-01  0     515
   -0.19287079 -7.252590e-01  0     516
   -0.18701961 -6.502926e-01  0     517
   -0.18121750 -5.731173e-01  0     518
   -0.17546784 -4.937068e-01  0     519
   -0.16977457 -4.120343e-01  0     520
   -0.16414230 -3.280723e-01  0     521
   -0.15857649 -2.417928e-01  0     522
   -0.15308365 -1.531671e-01  0     523
   -0.14767166 -6.216580e-02  0     524
   -0.14235020  3.124053e-02  0     525
   -0.13713131  1.270814e-01  0     526
   -0.13203035  2.253853e-01  0     527
   -0.12706729  3.261781e-01  0     528
   -0.12226898  4.294794e-01  0     529
   -0.11767278  5.352952e-01  0     530
   -0.11333325  6.436016e-01  0     531
   -0.10934278  7.544466e-01  0     532
   -0.10583750  8.673594e-01  0     533
   -0.10310866  9.816421e-01  0     534
   -0.10186398  1.094338e+00  0     535
   -0.10445226  1.187282e+00  0     536
   -0.11333394  1.194672e+00  0     537
   -0.12331840  1.140833e+00  0     538
   -0.13296991  1.067238e+00  0     539
   -0.14228585  9.859625e-01  0     540
   -0.15134626  9.011646e-01  0     541
   -0.16020821  8.148149e-01  0     542
   -0.16891181  7.279787e-01  0     543
   -0.17748564  6.412978e-01  0     544
   -0.18594917  5.552674e-01  0     545
   -0.19432170  4.699983e-01  0     546
   -0.20261350  3.857924e-01  0     547
   -0.21083436  3.027980e-01  0     548
   -0.21899221  2.211261e-01  0     549
   -0.22709352  1.408618e-01  0     550
   -0.23514373  6.207109e-02  0     551
   -0.24314739 -1.519465e-02  0     552
   -0.25110840 -9.089510e-02  0     553
   -0.25903011 -1.649986e-01  0     554
   -0.26691542 -2.374806e-01  0     555
   -0.27476689 -3.083219e-01  0     556
   -0.28258676 -3.775082e-01  0     557
   -0.29037702 -4.450285e-01  0     558
   -0.29813945 -5.108756e-01  0     559
   -0.30587563 -5.750443e-01  0     560
   -0.31358700 -6.375323e-01  0     561
   -0.32127485 -6.983388e-01  0     562
   -0.32894036 -7.574648e-01  0     563
   -0.33658461 -8.149129e-01  0     564
   -0.34420857 -8.706867e-01  0     565
   -0.35181314 -9.247912e-01  0     566
   -0.35939915 -9.772322e-01  0     567
   -0.36696738 -1.028016e+00  0     568
   -0.37451851 -1.077151e+00  0     569
   -0.38205322 -1.124645e+00  0     570
   -0.38957210 -1.170507e+00  0     571
   -0.39707573 -1.214746e+00  0     572
   -0.40456464 -1.257372e+00  0     573
   -0.41203932 -1.298395e+00  0     574
   -0.41950024 -1.337827e+00  0     575
   -0.42694784 -1.375678e+00  0     576
   -0.43438252 -1.411960e+00  0     577
   -0.44180466 -1.446685e+00  0     578
   -0.44921465 -1.479865e+00  0     579
   -0.45661281 -1.511513e+00  0     580
   -0.46399947 -1.541640e+00  0     581
   -0.47137495 -1.570261e+00  0     582
   -0.47873953 -1.597388e+00  0     583
   -0.48609349 -1.623034e+00  0     584
   -0.49343709 -1.647214e+00  0     585
   -0.50077059 -1.669940e+00  0     586
   -0.50809421 -1.691227e+00  0     587
   -0.51540820 -1.711089e+00  0     588
   -0.52271277 -1.729539e+00  0     589
   -0.53000812 -1.746593e+00  0     590
   -0.53729445 -1.762265e+00  0     591
   -0.54457196 -1.776569e+00  0     592
   -0.55184082 -1.789520e+00  0     593
   -0.55910121 -1.801133e+00  0     594
   -0.56635329 -1.811422e+00  0     595
   -0.57359722 -1.820403e+00  0     596
   -0.58083317 -1.828091e+00  0     597
   -0.58806127 -1.834501e+00  0     598
   -0.59528167 -1.839648e+00  0     599
   -0.60249451 -1.843547e+00  0     600
   -0.60969991 -1.846215e+00  0     601
   -0.61689801 -1.847666e+00  0     602
   -0.62408894 -1.847916e+00  0     603
   -0.63127279 -1.846981e+00  0     604
   -0.63844970 -1.844876e+00  0     605
   -0.64561978 -1.841617e+00  0     606
   -0.65278312 -1.837220e+00  0     607
   -0.65993984 -1.831701e+00  0     608
   -0.66709004 -1.825076e+00  0     609
   -0.67423380 -1.817361e+00  0     610
   -0.68137124 -1.808571e+00  0     611
   -0.68850243 -1.798723e+00  0     612
   -0.69562747 -1.787833e+00  0     613
   -0.70274645 -1.775917e+00  0     614
   -0.70985944 -1.762992e+00  0     615
   -0.71696653 -1.749073e+00  0     616
   -0.72406781 -1.734177e+00  0     617
   -0.73116334 -1.718320e+00  0     618
   -0.73825321 -1.701518e+00  0     619
   -0.74533748 -1.683789e+00  0     620
   -0.75241623 -1.665148e+00  0     621
   -0.75948953 -1.645612e+00  0     622
   -0.76655745 -1.625197e+00  0     623
   -0.77362006 -1.603920e+00  0     624
   -0.78067742 -1.581798e+00  0     625
   -0.78772959 -1.558847e+00  0     626
   -0.79477665 -1.535083e+00  0     627
   -0.80181864 -1.510524e+00  0     628
   -0.80885564 -1.485186e+00  0     629
   -0.81588770 -1.459086e+00  0     630
   -0.82291488 -1.432241e+00  0     631
   -0.82993724 -1.404666e+00  0     632
   -0.83695483 -1.376380e+00  0     633
   -0.84396771 -1.347399e+00  0     634
   -0.85097594 -1.317740e+00  0     635
   -0.85797957 -1.287419e+00  0     636
   -0.86497866 -1.256454e+00  0     637
   -0.87197325 -1.224861e+00  0     638
   -0.87896340 -1.192658e+00  0     639
   -0.88594917 -1.159861e+00  0     640
   -0.89293060 -1.126487e+00  0     641
   -0.89990775 -1.092554e+00  0     642
   -0.90688066 -1.058078e+00  0     643
   -0.91384939 -1.023077e+00  0     644
   -0.92081399 -9.875667e-01  0     645
   -0.92777450 -9.515654e-01  0     646
   -0.93473099 -9.150898e-01  0     647
   -0.94168349 -8.781570e-01  0     648
   -0.94863206 -8.407841e-01  0     649
   -0.95557674 -8.029884e-01  0     650
   -0.96251760 -7.647869e-01  0     651
   -0.96945467 -7.261970e-01  0     652
   -0.97638801 -6.872357e-01  0     653
   -0.98331767 -6.479204e-01  0     654
   -0.99024370 -6.082683e-01  0     655
   -0.99716615 -5.682966e-01  0     656
   -1.00408508 -5.280227e-01  0     657
   -1.01100052 -4.874638e-01  0     658
   -1.01791254 -4.466373e-01  0     659
   -1.02482120 -4.055605e-01  0     660
   -1.03172653 -3.642507e-01  0     661
   -1.03862861 -3.227253e-01  0     662
   -1.04552747 -2.810017e-01  0     663
   -1.05242319 -2.390973e-01  0     664
   -1.05931580 -1.970294e-01  0     665
   -1.06620539 -1.548156e-01  0     666
   -1.07309199 -1.124732e-01  0     667
   -1.07997567 -7.001977e-02  0     668
   -1.08685650 -2.747270e-02  0     669
   -1.09373453  1.515051e-02  0     670
   -1.10060983  5.783234e-02  0     671
   -1.10748246  1.005553e-01  0     672
   -1.11435249  1.433018e-01  0     673
   -1.12121999  1.860544e-01  0     674
   -1.12808502  2.287955e-01  0     675
   -1.13494767  2.715074e-01  0     676
   -1.14180799  3.141727e-01  0     677
   -1.14866607  3.567738e-01  0     678
   -1.15552198  3.992929e-01  0     679
   -1.16237580  4.417125e-01  0     680
   -1.16922762  4.840150e-01  0     681
   -1.17607751  5.261826e-01  0     682
   -1.18292557  5.681978e-01  0     683
   -1.18977187  6.100428e-01  0     684
   -1.19661762  6.516037e-01  0     685
   -1.20346065  6.930605e-01  0     686
   -1.21030221  7.342951e-01  0     687
   -1.21714240  7.752887e-01  0     688
   -1.22398132  8.160236e-01  0     689
   -1.23081909  8.564821e-01  0     690
   -1.23765580  8.966464e-01  0     691
   -1.24449158  9.364986e-01  0     692
   -1.25132653  9.760211e-01  0     693
   -1.25816079  1.015196e+00  0     694
   -1.26499447  1.054005e+00  0     695
   -1.27182771  1.092431e+00  0     696
   -1.27866063  1.130456e+00  0     697
   -1.28549336  1.168062e+00  0     698
   -1.29232606  1.205231e+00  0     699
   -1.29915887  1.241945e+00  0     700
   -1.30599194  1.278186e+00  0     701
   -1.31282541  1.313937e+00  0     702
   -1.31965946  1.349179e+00  0     703
   -1.32649423  1.383895e+00  0     704
   -1.33332992  1.418066e+00  0     705
   -1.34016667  1.451675e+00  0     706
   -1.34700469  1.484704e+00  0     707
   -1.35384414  1.517134e+00  0     708
   -1.36068522  1.548947e+00  0     709
   -1.36752813  1.580126e+00  0     710
   -1.37437444  1.610552e+00  0     711
   -1.38122173  1.640399e+00  0     712
   -1.38807147  1.669558e+00  0     713
   -1.39492385  1.698009e+00  0     714
   -1.40177911  1.725736e+00  0     715
   -1.40863747  1.752719e+00  0     716
   -1.41549915  1.778942e+00  0     717
   -1.42236440  1.804386e+00  0     718
   -1.42923343  1.829032e+00  0     719
   -1.43610651  1.852864e+00  0     720
   -1.44298386  1.875862e+00  0     721
   -1.44986574  1.898008e+00  0     722
   -1.45675240  1.919285e+00  0     723
   -1.46364409  1.939674e+00  0     724
   -1.47054106  1.959157e+00  0     725
   -1.47744357  1.977716e+00  0     726
   -1.48435188  1.995333e+00  0     727
   -1.49126623  2.011990e+00  0     728
   -1.49818690  2.027669e+00  0     729
   -1.50511412  2.042351e+00  0     730
   -1.51204816  2.056018e+00  0     731
   -1.51898925  2.068653e+00  0     732
   -1.52593766  2.080237e+00  0     733
   -1.53289361  2.090752e+00  0     734
   -1.53985735  2.100181e+00  0     735
   -1.54682910  2.108504e+00  0     736
   -1.55380909  2.115705e+00  0     737
   -1.56079753  2.121764e+00  0     738
   -1.56779462  2.126665e+00  0     739
   -1.57480058  2.130389e+00  0     740
   -1.58181557  2.132917e+00  0     741
   -1.58883978  2.134233e+00  0     742
   -1.59587337  2.134319e+00  0     743
   -1.60291650  2.133156e+00  0     744
   -1.60996930  2.130726e+00  0     745
   -1.61703189  2.127012e+00  0     746
   -1.62410439  2.121997e+00  0     747
   -1.63118690  2.115661e+00  0     748
   -1.63827949  2.107989e+00  0     749
   -1.64538224  2.098961e+00  0     750
   -1.65249519  2.088560e+00  0     751
   -1.65961840  2.076770e+00  0     752
   -1.66675187  2.063571e+00  0     753
   -1.67389562  2.048947e+00  0     754
   -1.68104963  2.032880e+00  0     755
   -1.68821391  2.015353e+00  0     756
   -1.69538839  1.996348e+00  0     757
   -1.70257305  1.975848e+00  0     758
   -1.70976782  1.953836e+00  0     759
   -1.71697262  1.930293e+00  0     760
   -1.72418738  1.905204e+00  0     761
   -1.73141200  1.878550e+00  0     762
   -1.73864637  1.850314e+00  0     763
   -1.74589039  1.820479e+00  0     764
   -1.75314392  1.789029e+00  0     765
   -1.76040683  1.755945e+00  0     766
   -1.76767900  1.721210e+00  0     767
   -1.77496026  1.684808e+00  0     768
   -1.78225048  1.646721e+00  0     769
   -1.78954949  1.606933e+00  0     770
   -1.79685715  1.565425e+00  0     771
   -1.80417327  1.522182e+00  0     772
   -1.81149770  1.477185e+00  0     773
   -1.81883027  1.430419e+00  0     774
   -1.82617080  1.381865e+00  0     775
   -1.83351913  1.331507e+00  0     776
   -1.84087507  1.279328e+00  0     777
   -1.84823847  1.225311e+00  0     778
   -1.85560914  1.169439e+00  0     779
   -1.86298691  1.111694e+00  0     780
   -1.87037161  1.052060e+00  0     781
   -1.87776307  9.905200e-01  0     782
   -1.88516112  9.270566e-01  0     783
   -1.89256560  8.616531e-01  0     784
   -1.89997634  7.942923e-01  0     785
   -1.90739318  7.249573e-01  0     786
   -1.91481596  6.536311e-01  0     787
   -1.92224452  5.802966e-01  0     788
   -1.92967872  5.049370e-01  0     789
   -1.93711839  4.275351e-01  0     790
   -1.94456339  3.480741e-01  0     791
   -1.95201357  2.665368e-01  0     792
   -1.95946880  1.829064e-01  0     793
   -1.96692894  9.716568e-02  0     794
   -1.97439385  9.297775e-03  0     795
   -1.98186340 -8.071437e-02  0     796
   -1.98933746 -1.728878e-01  0     797
   -1.99681591 -2.672394e-01  0     798
   -2.00429863 -3.637863e-01  0     799
