ConFem  ../_DataTrusses/staebe_1_1d
symmetric system True, used LinAlg2 True, used ConFemMatC True, used CaeFemElemC True
ndofs 2, elems 1, active nodes 2, abs.size 0.00 MItems, rel.size 0.7500 (abs.size/(ndofs**2)
used material MAT3, spec. inertial mass 0.00e+00, type MISES
0 step starts, solution type NR
0   1 2.700 0.00000 iter 0 0.000000e+00 1.000000e+00    0.000000e+00
0   1 2.700 0.01000 iter 1 9.333333e-05 1.000000e+00    2.666667e-05
0   2 2.700 0.01000 iter 0 9.333333e-05 1.000000e+00    0.000000e+00
0   2 2.700 0.02000 iter 1 9.333333e-05 1.000000e+00    1.200000e-04
0   3 2.700 0.02000 iter 0 9.333333e-05 1.000000e+00    0.000000e+00
0   3 2.700 0.03000 iter 1 9.333333e-05 1.000000e+00    1.200000e-04
0   4 2.700 0.03000 iter 0 9.333333e-05 1.000000e+00    0.000000e+00
0   4 2.700 0.04000 iter 1 9.333333e-05 1.000000e+00    1.200000e-04
0   5 2.700 0.04000 iter 0 9.333333e-05 1.000000e+00    0.000000e+00
0   5 2.700 0.05000 iter 1 9.333333e-05 1.000000e+00    1.200000e-04
0   6 2.700 0.05000 iter 0 9.333333e-05 1.000000e+00    0.000000e+00
0   6 2.700 0.06000 iter 1 9.333333e-05 1.000000e+00    1.200000e-04
0   7 2.700 0.06000 iter 0 9.333333e-05 1.000000e+00    0.000000e+00
0   7 2.700 0.07000 iter 1 9.333333e-05 1.000000e+00    1.200000e-04
0   8 2.700 0.07000 iter 0 9.333333e-05 1.000000e+00    0.000000e+00
0   8 2.700 0.08000 iter 1 9.333333e-05 1.000000e+00    1.200000e-04
0   9 2.700 0.08000 iter 0 9.333333e-05 1.000000e+00    0.000000e+00
0   9 2.700 0.09000 iter 1 9.333333e-05 1.000000e+00    1.200000e-04
0  10 2.700 0.09000 iter 0 9.333333e-05 1.000000e+00    0.000000e+00
0  10 2.700 0.10000 iter 1 9.333333e-05 1.000000e+00    1.200000e-04
Element data written 0.100000
Nodal data written 0.100000
0  11 2.700 0.10000 iter 0 9.333333e-05 1.000000e+00    0.000000e+00
0  11 2.700 0.11000 iter 1 9.333333e-05 1.000000e+00    1.200000e-04
0  12 2.700 0.11000 iter 0 9.333333e-05 1.000000e+00    0.000000e+00
0  12 2.700 0.12000 iter 1 9.333333e-05 1.000000e+00    1.200000e-04
0  13 2.700 0.12000 iter 0 9.333333e-05 1.000000e+00    0.000000e+00
0  13 2.700 0.13000 iter 1 9.333333e-05 1.000000e+00    1.200000e-04
0  14 2.700 0.13000 iter 0 9.333333e-05 1.000000e+00    0.000000e+00
0  14 2.700 0.14000 iter 1 9.333333e-05 1.000000e+00    1.200000e-04
0  15 2.700 0.14000 iter 0 9.333333e-05 1.000000e+00    0.000000e+00
0  15 2.700 0.15000 iter 1 9.333333e-05 1.000000e+00    1.200000e-04
0  16 2.700 0.15000 iter 0 9.333333e-05 1.000000e+00    0.000000e+00
0  16 2.700 0.16000 iter 1 9.333333e-05 1.000000e+00    1.200000e-04
0  17 2.700 0.16000 iter 0 9.333333e-05 1.000000e+00    0.000000e+00
0  17 2.700 0.17000 iter 1 9.333333e-05 1.000000e+00    1.200000e-04
0  18 2.700 0.17000 iter 0 9.333333e-05 1.000000e+00    0.000000e+00
0  18 2.700 0.18000 iter 1 9.333333e-05 1.000000e+00    1.200000e-04
0  19 2.700 0.18000 iter 0 9.333333e-05 1.000000e+00    0.000000e+00
0  19 2.700 0.19000 iter 1 9.333333e-05 1.000000e+00    1.200000e-04
0  20 2.700 0.19000 iter 0 9.333333e-05 1.000000e+00    0.000000e+00
0  20 2.700 0.20000 iter 1 9.333333e-05 1.000000e+00    1.200000e-04
Element data written 0.200000
Nodal data written 0.200000
0  21 2.700 0.20000 iter 0 9.333333e-05 1.000000e+00    0.000000e+00
0  21 2.700 0.21000 iter 1 9.333333e-05 1.000000e+00    1.200000e-04
0  22 2.700 0.21000 iter 0 9.333333e-05 1.000000e+00    0.000000e+00
0  22 2.700 0.22000 iter 1 9.333333e-05 1.000000e+00    1.200000e-04
0  23 2.700 0.22000 iter 0 9.333333e-05 1.000000e+00    0.000000e+00
0  23 2.700 0.23000 iter 1 9.333333e-05 1.000000e+00    1.200000e-04
0  24 2.700 0.23000 iter 0 9.333333e-05 1.000000e+00    0.000000e+00
0  24 2.700 0.24000 iter 1 9.333333e-05 1.000000e+00    1.200000e-04
0  25 2.700 0.24000 iter 0 9.333333e-05 1.000000e+00    0.000000e+00
0  25 2.700 0.25000 iter 1 9.333333e-05 1.000000e+00    1.200000e-04
0  26 2.700 0.25000 iter 0 9.333333e-05 1.000000e+00    0.000000e+00
0  26 2.700 0.26000 iter 1 9.333333e-05 1.000000e+00    1.200000e-04
0  27 2.700 0.26000 iter 0 9.333333e-05 1.000000e+00    0.000000e+00
0  27 2.700 0.27000 iter 1 9.333333e-05 1.000000e+00    1.200000e-04
0  28 2.700 0.27000 iter 0 9.333333e-05 1.000000e+00    0.000000e+00
0  28 2.700 0.28000 iter 1 9.333333e-05 1.000000e+00    1.200000e-04
0  29 2.700 0.28000 iter 0 9.333333e-05 1.000000e+00    0.000000e+00
0  29 2.700 0.29000 iter 1 9.333333e-05 1.000000e+00    1.200000e-04
0  30 2.700 0.29000 iter 0 9.333333e-05 1.000000e+00    0.000000e+00
0  30 2.700 0.30000 iter 1 9.333333e-05 1.000000e+00    1.200000e-04
Element data written 0.300000
Nodal data written 0.300000
0  31 2.700 0.30000 iter 0 9.333333e-05 1.000000e+00    0.000000e+00
0  31 2.700 0.31000 iter 1 9.333333e-05 1.000000e+00    1.200000e-04
0  32 2.700 0.31000 iter 0 9.333333e-05 1.000000e+00    0.000000e+00
0  32 2.700 0.32000 iter 1 9.333333e-05 1.000000e+00    1.200000e-04
0  33 2.700 0.32000 iter 0 9.333333e-05 1.000000e+00    0.000000e+00
0  33 2.700 0.33000 iter 1 9.333333e-05 1.000000e+00    1.200000e-04
0  34 2.700 0.33000 iter 0 9.333333e-05 1.000000e+00    0.000000e+00
0  34 2.700 0.34000 iter 1 9.333333e-05 1.000000e+00    1.200000e-04
0  35 2.700 0.34000 iter 0 9.333333e-05 1.000000e+00    0.000000e+00
0  35 2.700 0.35000 iter 1 9.333333e-05 1.000000e+00    1.200000e-04
0  36 2.700 0.35000 iter 0 9.333333e-05 1.000000e+00    0.000000e+00
0  36 2.700 0.36000 iter 1 9.333333e-05 1.000000e+00    1.200000e-04
0  37 2.700 0.36000 iter 0 9.333333e-05 1.000000e+00    0.000000e+00
0  37 2.700 0.37000 iter 1 9.333333e-05 1.000000e+00    1.200000e-04
0  38 2.700 0.37000 iter 0 9.333333e-05 1.000000e+00    0.000000e+00
0  38 2.700 0.38000 iter 1 9.333333e-05 1.000000e+00    1.200000e-04
0  39 2.700 0.38000 iter 0 9.333333e-05 1.000000e+00    0.000000e+00
0  39 2.700 0.39000 iter 1 9.333333e-05 1.000000e+00    1.200000e-04
0  40 2.700 0.39000 iter 0 9.333333e-05 1.000000e+00    0.000000e+00
0  40 2.700 0.40000 iter 1 9.333333e-05 1.000000e+00    1.200000e-04
Element data written 0.400000
Nodal data written 0.400000
0  41 2.700 0.40000 iter 0 9.333333e-05 1.000000e+00    0.000000e+00
0  41 2.700 0.41000 iter 1 9.333333e-05 1.000000e+00    1.200000e-04
0  42 2.700 0.41000 iter 0 9.333333e-05 1.000000e+00    0.000000e+00
0  42 2.700 0.42000 iter 1 9.333333e-05 1.000000e+00    1.200000e-04
0  43 2.700 0.42000 iter 0 9.333333e-05 1.000000e+00    0.000000e+00
0  43 2.700 0.43000 iter 1 9.333333e-05 1.000000e+00    1.200000e-04
0  44 2.700 0.43000 iter 0 9.333333e-05 1.000000e+00    0.000000e+00
0  44 2.700 0.44000 iter 1 9.333333e-05 1.000000e+00    1.200000e-04
0  45 2.700 0.44000 iter 0 9.333333e-05 1.000000e+00    0.000000e+00
0  45 2.700 0.45000 iter 1 9.333333e-05 1.000000e+00    1.200000e-04
0  46 2.700 0.45000 iter 0 9.333333e-05 1.000000e+00    0.000000e+00
0  46 2.700 0.46000 iter 1 9.333333e-05 1.000000e+00    1.200000e-04
0  47 2.700 0.46000 iter 0 9.333333e-05 1.000000e+00    0.000000e+00
0  47 2.700 0.47000 iter 1 9.333333e-05 1.000000e+00    1.200000e-04
0  48 2.700 0.47000 iter 0 9.333333e-05 1.000000e+00    0.000000e+00
0  48 2.700 0.48000 iter 1 9.333333e-05 1.000000e+00    1.200000e-04
0  49 2.700 0.48000 iter 0 9.333333e-05 1.000000e+00    0.000000e+00
0  49 2.700 0.49000 iter 1 9.333333e-05 1.000000e+00    1.200000e-04
0  50 2.700 0.49000 iter 0 9.333333e-05 1.000000e+00    0.000000e+00
0  50 2.700 0.50000 iter 1 9.333333e-05 1.000000e+00    1.200000e-04
Element data written 0.500000
Nodal data written 0.500000
0  51 2.700 0.50000 iter 0 9.333333e-05 1.000000e+00    0.000000e+00
0  51 2.700 0.51000 iter 1 1.466667e-04 1.000000e+00    1.200000e-04
0  52 2.700 0.51000 iter 0 1.466667e-04 1.000000e+00    0.000000e+00
0  52 2.700 0.52000 iter 1 1.466667e-04 1.000000e+00    1.200000e-04
0  53 2.700 0.52000 iter 0 1.466667e-04 1.000000e+00    0.000000e+00
0  53 2.700 0.53000 iter 1 1.466667e-04 1.000000e+00    1.200000e-04
0  54 2.700 0.53000 iter 0 1.466667e-04 1.000000e+00    0.000000e+00
0  54 2.700 0.54000 iter 1 1.466667e-04 1.000000e+00    1.200000e-04
0  55 2.700 0.54000 iter 0 1.466667e-04 1.000000e+00    0.000000e+00
0  55 2.700 0.55000 iter 1 1.466667e-04 1.000000e+00    1.200000e-04
0  56 2.700 0.55000 iter 0 1.466667e-04 1.000000e+00    0.000000e+00
0  56 2.700 0.56000 iter 1 1.466667e-04 1.000000e+00    1.200000e-04
0  57 2.700 0.56000 iter 0 1.466667e-04 1.000000e+00    0.000000e+00
0  57 2.700 0.57000 iter 1 1.466667e-04 1.000000e+00    1.200000e-04
0  58 2.700 0.57000 iter 0 1.466667e-04 1.000000e+00    0.000000e+00
0  58 2.700 0.58000 iter 1 1.466667e-04 1.000000e+00    1.200000e-04
0  59 2.700 0.58000 iter 0 1.466667e-04 1.000000e+00    0.000000e+00
0  59 2.700 0.59000 iter 1 1.466667e-04 1.000000e+00    1.200000e-04
0  60 2.700 0.59000 iter 0 1.466667e-04 1.000000e+00    0.000000e+00
0  60 2.700 0.60000 iter 1 1.466667e-04 1.000000e+00    1.200000e-04
Element data written 0.600000
Nodal data written 0.600000
0  61 2.700 0.60000 iter 0 1.466667e-04 1.000000e+00    0.000000e+00
0  61 2.700 0.61000 iter 1 1.466667e-04 1.000000e+00    1.200000e-04
0  62 2.700 0.61000 iter 0 1.466667e-04 1.000000e+00    0.000000e+00
0  62 2.700 0.62000 iter 1 1.466667e-04 1.000000e+00    1.200000e-04
0  63 2.700 0.62000 iter 0 1.466667e-04 1.000000e+00    0.000000e+00
0  63 2.700 0.63000 iter 1 1.466667e-04 1.000000e+00    1.200000e-04
0  64 2.700 0.63000 iter 0 1.466667e-04 1.000000e+00    0.000000e+00
0  64 2.700 0.64000 iter 1 1.466667e-04 1.000000e+00    1.200000e-04
0  65 2.700 0.64000 iter 0 1.466667e-04 1.000000e+00    0.000000e+00
0  65 2.700 0.65000 iter 1 1.466667e-04 1.000000e+00    1.200000e-04
0  66 2.700 0.65000 iter 0 1.466667e-04 1.000000e+00    0.000000e+00
0  66 2.700 0.66000 iter 1 1.466667e-04 1.000000e+00    1.200000e-04
0  67 2.700 0.66000 iter 0 1.466667e-04 1.000000e+00    0.000000e+00
0  67 2.700 0.67000 iter 1 1.466667e-04 1.000000e+00    1.200000e-04
0  68 2.700 0.67000 iter 0 1.466667e-04 1.000000e+00    0.000000e+00
0  68 2.700 0.68000 iter 1 1.466667e-04 1.000000e+00    1.200000e-04
0  69 2.700 0.68000 iter 0 1.466667e-04 1.000000e+00    0.000000e+00
0  69 2.700 0.69000 iter 1 1.466667e-04 1.000000e+00    1.200000e-04
0  70 2.700 0.69000 iter 0 1.466667e-04 1.000000e+00    0.000000e+00
0  70 2.700 0.70000 iter 1 1.466667e-04 1.000000e+00    1.200000e-04
Element data written 0.700000
Nodal data written 0.700000
0  71 2.700 0.70000 iter 0 1.466667e-04 1.000000e+00    0.000000e+00
0  71 2.700 0.71000 iter 1 1.466667e-04 1.000000e+00    1.200000e-04
0  72 2.700 0.71000 iter 0 1.466667e-04 1.000000e+00    0.000000e+00
0  72 2.700 0.72000 iter 1 1.466667e-04 1.000000e+00    1.200000e-04
0  73 2.700 0.72000 iter 0 1.466667e-04 1.000000e+00    0.000000e+00
0  73 2.700 0.73000 iter 1 1.466667e-04 1.000000e+00    1.200000e-04
0  74 2.700 0.73000 iter 0 1.466667e-04 1.000000e+00    0.000000e+00
0  74 2.700 0.74000 iter 1 1.466667e-04 1.000000e+00    1.200000e-04
0  75 2.700 0.74000 iter 0 1.466667e-04 1.000000e+00    0.000000e+00
0  75 2.700 0.75000 iter 1 1.466667e-04 1.000000e+00    1.200000e-04
0  76 2.700 0.75000 iter 0 1.466667e-04 1.000000e+00    0.000000e+00
0  76 2.700 0.76000 iter 1 1.466667e-04 1.000000e+00    1.200000e-04
0  77 2.700 0.76000 iter 0 1.466667e-04 1.000000e+00    0.000000e+00
0  77 2.700 0.77000 iter 1 1.466667e-04 1.000000e+00    1.200000e-04
0  78 2.700 0.77000 iter 0 1.466667e-04 1.000000e+00    0.000000e+00
0  78 2.700 0.78000 iter 1 1.466667e-04 1.000000e+00    1.200000e-04
0  79 2.700 0.78000 iter 0 1.466667e-04 1.000000e+00    0.000000e+00
0  79 2.700 0.79000 iter 1 1.466667e-04 1.000000e+00    1.200000e-04
0  80 2.700 0.79000 iter 0 1.466667e-04 1.000000e+00    0.000000e+00
0  80 2.700 0.80000 iter 1 1.466667e-04 1.000000e+00    1.200000e-04
Element data written 0.800000
Nodal data written 0.800000
0  81 2.700 0.80000 iter 0 1.466667e-04 1.000000e+00    0.000000e+00
0  81 2.700 0.81000 iter 1 1.466667e-04 1.000000e+00    1.200000e-04
0  82 2.700 0.81000 iter 0 1.466667e-04 1.000000e+00    0.000000e+00
0  82 2.700 0.82000 iter 1 1.466667e-04 1.000000e+00    1.200000e-04
0  83 2.700 0.82000 iter 0 1.466667e-04 1.000000e+00    0.000000e+00
0  83 2.700 0.83000 iter 1 1.466667e-04 1.000000e+00    1.200000e-04
0  84 2.700 0.83000 iter 0 1.466667e-04 1.000000e+00    0.000000e+00
0  84 2.700 0.84000 iter 1 1.466667e-04 1.000000e+00    1.200000e-04
0  85 2.700 0.84000 iter 0 1.466667e-04 1.000000e+00    0.000000e+00
0  85 2.700 0.85000 iter 1 1.466667e-04 1.000000e+00    1.200000e-04
0  86 2.700 0.85000 iter 0 1.466667e-04 1.000000e+00    0.000000e+00
0  86 2.700 0.86000 iter 1 1.466667e-04 1.000000e+00    1.200000e-04
0  87 2.700 0.86000 iter 0 1.466667e-04 1.000000e+00    0.000000e+00
0  87 2.700 0.87000 iter 1 1.466667e-04 1.000000e+00    1.200000e-04
0  88 2.700 0.87000 iter 0 1.466667e-04 1.000000e+00    0.000000e+00
0  88 2.700 0.88000 iter 1 1.466667e-04 1.000000e+00    1.200000e-04
0  89 2.700 0.88000 iter 0 1.466667e-04 1.000000e+00    0.000000e+00
0  89 2.700 0.89000 iter 1 1.466667e-04 1.000000e+00    1.200000e-04
0  90 2.700 0.89000 iter 0 1.466667e-04 1.000000e+00    0.000000e+00
0  90 2.700 0.90000 iter 1 1.466667e-04 1.000000e+00    1.200000e-04
Element data written 0.900000
Nodal data written 0.900000
0  91 2.700 0.90000 iter 0 1.466667e-04 1.000000e+00    0.000000e+00
0  91 2.700 0.91000 iter 1 1.466667e-04 1.000000e+00    1.200000e-04
0  92 2.700 0.91000 iter 0 1.466667e-04 1.000000e+00    0.000000e+00
0  92 2.700 0.92000 iter 1 1.466667e-04 1.000000e+00    1.200000e-04
0  93 2.700 0.92000 iter 0 1.466667e-04 1.000000e+00    0.000000e+00
0  93 2.700 0.93000 iter 1 1.466667e-04 1.000000e+00    1.200000e-04
0  94 2.700 0.93000 iter 0 1.466667e-04 1.000000e+00    0.000000e+00
0  94 2.700 0.94000 iter 1 1.466667e-04 1.000000e+00    1.200000e-04
0  95 2.700 0.94000 iter 0 1.466667e-04 1.000000e+00    0.000000e+00
0  95 2.700 0.95000 iter 1 1.466667e-04 1.000000e+00    1.200000e-04
0  96 2.700 0.95000 iter 0 1.466667e-04 1.000000e+00    0.000000e+00
0  96 2.700 0.96000 iter 1 1.466667e-04 1.000000e+00    1.200000e-04
0  97 2.700 0.96000 iter 0 1.466667e-04 1.000000e+00    0.000000e+00
0  97 2.700 0.97000 iter 1 1.466667e-04 1.000000e+00    1.200000e-04
0  98 2.700 0.97000 iter 0 1.466667e-04 1.000000e+00    0.000000e+00
0  98 2.700 0.98000 iter 1 1.466667e-04 1.000000e+00    1.200000e-04
0  99 2.700 0.98000 iter 0 1.466667e-04 1.000000e+00    0.000000e+00
0  99 2.700 0.99000 iter 1 1.466667e-04 1.000000e+00    1.200000e-04
0 100 2.700 0.99000 iter 0 1.466667e-04 1.000000e+00    0.000000e+00
0 100 2.700 1.00000 iter 1 1.466667e-04 1.000000e+00    1.200000e-04
Element data written 1.000000
Nodal data written 1.000000
Restart data written 1.000000
0 101 2.700 1.00000 iter 0 1.466667e-04 1.000000e+00    0.000000e+00
0 101 2.700 1.01000 iter 1 1.466667e-04 1.000000e+00    1.200000e-04
0 102 2.700 1.01000 iter 0 1.466667e-04 1.000000e+00    0.000000e+00
0 102 2.700 1.02000 iter 1 1.466667e-04 1.000000e+00    1.200000e-04
0 103 2.700 1.02000 iter 0 1.466667e-04 1.000000e+00    0.000000e+00
0 103 2.700 1.03000 iter 1 1.466667e-04 1.000000e+00    1.200000e-04
0 104 2.700 1.03000 iter 0 1.466667e-04 1.000000e+00    0.000000e+00
0 104 2.700 1.04000 iter 1 1.466667e-04 1.000000e+00    1.200000e-04
0 105 2.700 1.04000 iter 0 1.466667e-04 1.000000e+00    0.000000e+00
0 105 2.700 1.05000 iter 1 1.466667e-04 1.000000e+00    1.200000e-04
0 106 2.700 1.05000 iter 0 1.466667e-04 1.000000e+00    0.000000e+00
0 106 2.700 1.06000 iter 1 1.466667e-04 1.000000e+00    1.200000e-04
0 107 2.700 1.06000 iter 0 1.466667e-04 1.000000e+00    0.000000e+00
0 107 2.700 1.07000 iter 1 1.466667e-04 1.000000e+00    1.200000e-04
0 108 2.700 1.07000 iter 0 1.466667e-04 1.000000e+00    0.000000e+00
0 108 2.700 1.08000 iter 1 1.466667e-04 1.000000e+00    1.200000e-04
0 109 2.700 1.08000 iter 0 1.466667e-04 1.000000e+00    0.000000e+00
0 109 2.700 1.09000 iter 1 1.466667e-04 1.000000e+00    1.200000e-04
0 110 2.700 1.09000 iter 0 1.466667e-04 1.000000e+00    0.000000e+00
0 110 2.700 1.10000 iter 1 1.466667e-04 1.000000e+00    1.200000e-04
Element data written 1.100000
Nodal data written 1.100000
0 111 2.700 1.10000 iter 0 1.466667e-04 1.000000e+00    0.000000e+00
0 111 2.700 1.11000 iter 1 1.466667e-04 1.000000e+00    1.200000e-04
0 112 2.700 1.11000 iter 0 1.466667e-04 1.000000e+00    0.000000e+00
0 112 2.700 1.12000 iter 1 1.466667e-04 1.000000e+00    1.200000e-04
0 113 2.700 1.12000 iter 0 1.466667e-04 1.000000e+00    0.000000e+00
0 113 2.700 1.13000 iter 1 1.466667e-04 1.000000e+00    1.200000e-04
0 114 2.700 1.13000 iter 0 1.466667e-04 1.000000e+00    0.000000e+00
0 114 2.700 1.14000 iter 1 1.466667e-04 1.000000e+00    1.200000e-04
0 115 2.700 1.14000 iter 0 1.466667e-04 1.000000e+00    0.000000e+00
0 115 2.700 1.15000 iter 1 1.466667e-04 1.000000e+00    1.200000e-04
0 116 2.700 1.15000 iter 0 1.466667e-04 1.000000e+00    0.000000e+00
0 116 2.700 1.16000 iter 1 1.466667e-04 1.000000e+00    1.200000e-04
0 117 2.700 1.16000 iter 0 1.466667e-04 1.000000e+00    0.000000e+00
0 117 2.700 1.17000 iter 1 1.466667e-04 1.000000e+00    1.200000e-04
0 118 2.700 1.17000 iter 0 1.466667e-04 1.000000e+00    0.000000e+00
0 118 2.700 1.18000 iter 1 1.466667e-04 1.000000e+00    1.200000e-04
0 119 2.700 1.18000 iter 0 1.466667e-04 1.000000e+00    0.000000e+00
0 119 2.700 1.19000 iter 1 1.466667e-04 1.000000e+00    1.200000e-04
0 120 2.700 1.19000 iter 0 1.466667e-04 1.000000e+00    0.000000e+00
0 120 2.700 1.20000 iter 1 1.466667e-04 1.000000e+00    1.200000e-04
Element data written 1.200000
Nodal data written 1.200000
0 121 2.700 1.20000 iter 0 1.466667e-04 1.000000e+00    0.000000e+00
0 121 2.700 1.21000 iter 1 1.466667e-04 1.000000e+00    1.200000e-04
0 122 2.700 1.21000 iter 0 1.466667e-04 1.000000e+00    0.000000e+00
0 122 2.700 1.22000 iter 1 1.466667e-04 1.000000e+00    1.200000e-04
0 123 2.700 1.22000 iter 0 1.466667e-04 1.000000e+00    0.000000e+00
0 123 2.700 1.23000 iter 1 1.466667e-04 1.000000e+00    1.200000e-04
0 124 2.700 1.23000 iter 0 1.466667e-04 1.000000e+00    0.000000e+00
0 124 2.700 1.24000 iter 1 1.466667e-04 1.000000e+00    1.200000e-04
0 125 2.700 1.24000 iter 0 1.466667e-04 1.000000e+00    0.000000e+00
0 125 2.700 1.25000 iter 1 1.466667e-04 1.000000e+00    1.200000e-04
0 126 2.700 1.25000 iter 0 1.466667e-04 1.000000e+00    0.000000e+00
0 126 2.700 1.26000 iter 1 1.466667e-04 1.000000e+00    1.200000e-04
0 127 2.700 1.26000 iter 0 1.466667e-04 1.000000e+00    0.000000e+00
0 127 2.700 1.27000 iter 1 1.466667e-04 1.000000e+00    1.200000e-04
0 128 2.700 1.27000 iter 0 1.466667e-04 1.000000e+00    0.000000e+00
0 128 2.700 1.28000 iter 1 1.466667e-04 1.000000e+00    1.200000e-04
0 129 2.700 1.28000 iter 0 1.466667e-04 1.000000e+00    0.000000e+00
0 129 2.700 1.29000 iter 1 1.466667e-04 1.000000e+00    1.200000e-04
0 130 2.700 1.29000 iter 0 1.466667e-04 1.000000e+00    0.000000e+00
0 130 2.700 1.30000 iter 1 1.466667e-04 1.000000e+00    1.200000e-04
Element data written 1.300000
Nodal data written 1.300000
0 131 2.700 1.30000 iter 0 1.466667e-04 1.000000e+00    0.000000e+00
0 131 2.700 1.31000 iter 1 1.466667e-04 1.000000e+00    1.200000e-04
0 132 2.700 1.31000 iter 0 1.466667e-04 1.000000e+00    0.000000e+00
0 132 2.700 1.32000 iter 1 1.466667e-04 1.000000e+00    1.200000e-04
0 133 2.700 1.32000 iter 0 1.466667e-04 1.000000e+00    0.000000e+00
0 133 2.700 1.33000 iter 1 1.466667e-04 1.000000e+00    1.200000e-04
0 134 2.700 1.33000 iter 0 1.466667e-04 1.000000e+00    0.000000e+00
0 134 2.700 1.34000 iter 1 1.466667e-04 1.000000e+00    1.200000e-04
0 135 2.700 1.34000 iter 0 1.466667e-04 1.000000e+00    0.000000e+00
0 135 2.700 1.35000 iter 1 1.466667e-04 1.000000e+00    1.200000e-04
0 136 2.700 1.35000 iter 0 1.466667e-04 1.000000e+00    0.000000e+00
0 136 2.700 1.36000 iter 1 1.466667e-04 1.000000e+00    1.200000e-04
0 137 2.700 1.36000 iter 0 1.466667e-04 1.000000e+00    0.000000e+00
0 137 2.700 1.37000 iter 1 1.466667e-04 1.000000e+00    1.200000e-04
0 138 2.700 1.37000 iter 0 1.466667e-04 1.000000e+00    0.000000e+00
0 138 2.700 1.38000 iter 1 1.466667e-04 1.000000e+00    1.200000e-04
0 139 2.700 1.38000 iter 0 1.466667e-04 1.000000e+00    0.000000e+00
0 139 2.700 1.39000 iter 1 1.466667e-04 1.000000e+00    1.200000e-04
0 140 2.700 1.39000 iter 0 1.466667e-04 1.000000e+00    0.000000e+00
0 140 2.700 1.40000 iter 1 1.466667e-04 1.000000e+00    1.200000e-04
Element data written 1.400000
Nodal data written 1.400000
0 141 2.700 1.40000 iter 0 1.466667e-04 1.000000e+00    0.000000e+00
0 141 2.700 1.41000 iter 1 1.466667e-04 1.000000e+00    1.200000e-04
0 142 2.700 1.41000 iter 0 1.466667e-04 1.000000e+00    0.000000e+00
0 142 2.700 1.42000 iter 1 1.466667e-04 1.000000e+00    1.200000e-04
0 143 2.700 1.42000 iter 0 1.466667e-04 1.000000e+00    0.000000e+00
0 143 2.700 1.43000 iter 1 1.466667e-04 1.000000e+00    1.200000e-04
0 144 2.700 1.43000 iter 0 1.466667e-04 1.000000e+00    0.000000e+00
0 144 2.700 1.44000 iter 1 1.466667e-04 1.000000e+00    1.200000e-04
0 145 2.700 1.44000 iter 0 1.466667e-04 1.000000e+00    0.000000e+00
0 145 2.700 1.45000 iter 1 1.466667e-04 1.000000e+00    1.200000e-04
0 146 2.700 1.45000 iter 0 1.466667e-04 1.000000e+00    0.000000e+00
0 146 2.700 1.46000 iter 1 1.466667e-04 1.000000e+00    1.200000e-04
0 147 2.700 1.46000 iter 0 1.466667e-04 1.000000e+00    0.000000e+00
0 147 2.700 1.47000 iter 1 1.466667e-04 1.000000e+00    1.200000e-04
0 148 2.700 1.47000 iter 0 1.466667e-04 1.000000e+00    0.000000e+00
0 148 2.700 1.48000 iter 1 1.466667e-04 1.000000e+00    1.200000e-04
0 149 2.700 1.48000 iter 0 1.466667e-04 1.000000e+00    0.000000e+00
0 149 2.700 1.49000 iter 1 1.466667e-04 1.000000e+00    1.200000e-04
0 150 2.700 1.49000 iter 0 1.466667e-04 1.000000e+00    0.000000e+00
0 150 2.700 1.50000 iter 1 1.466667e-04 1.000000e+00    1.200000e-04
Element data written 1.500000
Nodal data written 1.500000
0 151 2.700 1.50000 iter 0 1.466667e-04 1.000000e+00    0.000000e+00
0 151 2.700 1.51000 iter 1 8.333333e-05 1.000000e+00    1.200000e-04
0 152 2.700 1.51000 iter 0 8.333333e-05 1.000000e+00    0.000000e+00
0 152 2.700 1.52000 iter 1 8.333333e-05 1.000000e+00    1.100000e-04
0 153 2.700 1.52000 iter 0 8.333333e-05 1.000000e+00    0.000000e+00
0 153 2.700 1.53000 iter 1 8.333333e-05 1.000000e+00    1.100000e-04
0 154 2.700 1.53000 iter 0 8.333333e-05 1.000000e+00    0.000000e+00
0 154 2.700 1.54000 iter 1 8.333333e-05 1.000000e+00    1.100000e-04
0 155 2.700 1.54000 iter 0 8.333333e-05 1.000000e+00    0.000000e+00
0 155 2.700 1.55000 iter 1 8.333333e-05 1.000000e+00    1.100000e-04
0 156 2.700 1.55000 iter 0 8.333333e-05 1.000000e+00    0.000000e+00
0 156 2.700 1.56000 iter 1 8.333333e-05 1.000000e+00    1.100000e-04
0 157 2.700 1.56000 iter 0 8.333333e-05 1.000000e+00    0.000000e+00
0 157 2.700 1.57000 iter 1 8.333333e-05 1.000000e+00    1.100000e-04
0 158 2.700 1.57000 iter 0 8.333333e-05 1.000000e+00    0.000000e+00
0 158 2.700 1.58000 iter 1 8.333333e-05 1.000000e+00    1.100000e-04
0 159 2.700 1.58000 iter 0 8.333333e-05 1.000000e+00    0.000000e+00
0 159 2.700 1.59000 iter 1 8.333333e-05 1.000000e+00    1.100000e-04
0 160 2.700 1.59000 iter 0 8.333333e-05 1.000000e+00    0.000000e+00
0 160 2.700 1.60000 iter 1 8.333333e-05 1.000000e+00    1.100000e-04
Element data written 1.600000
Nodal data written 1.600000
0 161 2.700 1.60000 iter 0 8.333333e-05 1.000000e+00    0.000000e+00
0 161 2.700 1.61000 iter 1 8.333333e-05 1.000000e+00    1.100000e-04
0 162 2.700 1.61000 iter 0 8.333333e-05 1.000000e+00    0.000000e+00
0 162 2.700 1.62000 iter 1 8.333333e-05 1.000000e+00    1.100000e-04
0 163 2.700 1.62000 iter 0 8.333333e-05 1.000000e+00    0.000000e+00
0 163 2.700 1.63000 iter 1 8.333333e-05 1.000000e+00    1.100000e-04
0 164 2.700 1.63000 iter 0 8.333333e-05 1.000000e+00    0.000000e+00
0 164 2.700 1.64000 iter 1 8.333333e-05 1.000000e+00    1.100000e-04
0 165 2.700 1.64000 iter 0 8.333333e-05 1.000000e+00    0.000000e+00
0 165 2.700 1.65000 iter 1 8.333333e-05 1.000000e+00    1.100000e-04
0 166 2.700 1.65000 iter 0 8.333333e-05 1.000000e+00    0.000000e+00
0 166 2.700 1.66000 iter 1 8.333333e-05 1.000000e+00    1.100000e-04
0 167 2.700 1.66000 iter 0 8.333333e-05 1.000000e+00    0.000000e+00
0 167 2.700 1.67000 iter 1 8.333333e-05 1.000000e+00    1.100000e-04
0 168 2.700 1.67000 iter 0 8.333333e-05 1.000000e+00    0.000000e+00
0 168 2.700 1.68000 iter 1 8.333333e-05 1.000000e+00    1.100000e-04
0 169 2.700 1.68000 iter 0 8.333333e-05 1.000000e+00    0.000000e+00
0 169 2.700 1.69000 iter 1 8.333333e-05 1.000000e+00    1.100000e-04
0 170 2.700 1.69000 iter 0 8.333333e-05 1.000000e+00    0.000000e+00
0 170 2.700 1.70000 iter 1 8.333333e-05 1.000000e+00    1.100000e-04
Element data written 1.700000
Nodal data written 1.700000
0 171 2.700 1.70000 iter 0 8.333333e-05 1.000000e+00    0.000000e+00
0 171 2.700 1.71000 iter 1 8.333333e-05 1.000000e+00    1.100000e-04
0 172 2.700 1.71000 iter 0 8.333333e-05 1.000000e+00    0.000000e+00
0 172 2.700 1.72000 iter 1 8.333333e-05 1.000000e+00    1.100000e-04
0 173 2.700 1.72000 iter 0 8.333333e-05 1.000000e+00    0.000000e+00
0 173 2.700 1.73000 iter 1 8.333333e-05 1.000000e+00    1.100000e-04
0 174 2.700 1.73000 iter 0 8.333333e-05 1.000000e+00    0.000000e+00
0 174 2.700 1.74000 iter 1 8.333333e-05 1.000000e+00    1.100000e-04
0 175 2.700 1.74000 iter 0 8.333333e-05 1.000000e+00    0.000000e+00
0 175 2.700 1.75000 iter 1 8.333333e-05 1.000000e+00    1.100000e-04
0 176 2.700 1.75000 iter 0 8.333333e-05 1.000000e+00    0.000000e+00
0 176 2.700 1.76000 iter 1 8.333333e-05 1.000000e+00    1.100000e-04
0 177 2.700 1.76000 iter 0 8.333333e-05 1.000000e+00    0.000000e+00
0 177 2.700 1.77000 iter 1 8.333333e-05 1.000000e+00    1.100000e-04
0 178 2.700 1.77000 iter 0 8.333333e-05 1.000000e+00    0.000000e+00
0 178 2.700 1.78000 iter 1 8.333333e-05 1.000000e+00    1.100000e-04
0 179 2.700 1.78000 iter 0 8.333333e-05 1.000000e+00    0.000000e+00
0 179 2.700 1.79000 iter 1 8.333333e-05 1.000000e+00    1.100000e-04
0 180 2.700 1.79000 iter 0 8.333333e-05 1.000000e+00    0.000000e+00
0 180 2.700 1.80000 iter 1 8.333333e-05 1.000000e+00    1.100000e-04
Element data written 1.800000
Nodal data written 1.800000
0 181 2.700 1.80000 iter 0 8.333333e-05 1.000000e+00    0.000000e+00
0 181 2.700 1.81000 iter 1 8.333333e-05 1.000000e+00    1.100000e-04
0 182 2.700 1.81000 iter 0 8.333333e-05 1.000000e+00    0.000000e+00
0 182 2.700 1.82000 iter 1 8.333333e-05 1.000000e+00    1.100000e-04
0 183 2.700 1.82000 iter 0 8.333333e-05 1.000000e+00    0.000000e+00
0 183 2.700 1.83000 iter 1 8.333333e-05 1.000000e+00    1.100000e-04
0 184 2.700 1.83000 iter 0 8.333333e-05 1.000000e+00    0.000000e+00
0 184 2.700 1.84000 iter 1 8.333333e-05 1.000000e+00    1.100000e-04
0 185 2.700 1.84000 iter 0 8.333333e-05 1.000000e+00    0.000000e+00
0 185 2.700 1.85000 iter 1 8.333333e-05 1.000000e+00    1.100000e-04
0 186 2.700 1.85000 iter 0 8.333333e-05 1.000000e+00    0.000000e+00
0 186 2.700 1.86000 iter 1 8.333333e-05 1.000000e+00    1.100000e-04
0 187 2.700 1.86000 iter 0 8.333333e-05 1.000000e+00    0.000000e+00
0 187 2.700 1.87000 iter 1 8.333333e-05 1.000000e+00    1.100000e-04
0 188 2.700 1.87000 iter 0 8.333333e-05 1.000000e+00    0.000000e+00
0 188 2.700 1.88000 iter 1 8.333333e-05 1.000000e+00    1.100000e-04
0 189 2.700 1.88000 iter 0 8.333333e-05 1.000000e+00    0.000000e+00
0 189 2.700 1.89000 iter 1 8.333333e-05 1.000000e+00    1.100000e-04
0 190 2.700 1.89000 iter 0 8.333333e-05 1.000000e+00    0.000000e+00
0 190 2.700 1.90000 iter 1 8.333333e-05 1.000000e+00    1.100000e-04
Element data written 1.900000
Nodal data written 1.900000
0 191 2.700 1.90000 iter 0 8.333333e-05 1.000000e+00    0.000000e+00
0 191 2.700 1.91000 iter 1 8.333333e-05 1.000000e+00    1.100000e-04
0 192 2.700 1.91000 iter 0 8.333333e-05 1.000000e+00    0.000000e+00
0 192 2.700 1.92000 iter 1 8.333333e-05 1.000000e+00    1.100000e-04
0 193 2.700 1.92000 iter 0 8.333333e-05 1.000000e+00    0.000000e+00
0 193 2.700 1.93000 iter 1 8.333333e-05 1.000000e+00    1.100000e-04
0 194 2.700 1.93000 iter 0 8.333333e-05 1.000000e+00    0.000000e+00
0 194 2.700 1.94000 iter 1 8.333333e-05 1.000000e+00    1.100000e-04
0 195 2.700 1.94000 iter 0 8.333333e-05 1.000000e+00    0.000000e+00
0 195 2.700 1.95000 iter 1 8.333333e-05 1.000000e+00    1.100000e-04
0 196 2.700 1.95000 iter 0 8.333333e-05 1.000000e+00    0.000000e+00
0 196 2.700 1.96000 iter 1 8.333333e-05 1.000000e+00    1.100000e-04
0 197 2.700 1.96000 iter 0 8.333333e-05 1.000000e+00    0.000000e+00
0 197 2.700 1.97000 iter 1 8.333333e-05 1.000000e+00    1.100000e-04
0 198 2.700 1.97000 iter 0 8.333333e-05 1.000000e+00    0.000000e+00
0 198 2.700 1.98000 iter 1 8.333333e-05 1.000000e+00    1.100000e-04
0 199 2.700 1.98000 iter 0 8.333333e-05 1.000000e+00    0.000000e+00
0 199 2.700 1.99000 iter 1 8.333333e-05 1.000000e+00    1.100000e-04
0 200 2.700 1.99000 iter 0 8.333333e-05 1.000000e+00    0.000000e+00
0 200 2.700 2.00000 iter 1 8.333333e-05 1.000000e+00    1.100000e-04
Element data written 2.000000
Nodal data written 2.000000
Restart data written 2.000000
0 201 2.700 2.00000 iter 0 8.333333e-05 1.000000e+00    0.000000e+00
0 201 2.700 2.01000 iter 1 8.333333e-05 1.000000e+00    1.100000e-04
0 202 2.700 2.01000 iter 0 8.333333e-05 1.000000e+00    0.000000e+00
0 202 2.700 2.02000 iter 1 8.333333e-05 1.000000e+00    1.100000e-04
0 203 2.700 2.02000 iter 0 8.333333e-05 1.000000e+00    0.000000e+00
0 203 2.700 2.03000 iter 1 8.333333e-05 1.000000e+00    1.100000e-04
0 204 2.700 2.03000 iter 0 8.333333e-05 1.000000e+00    0.000000e+00
0 204 2.700 2.04000 iter 1 8.333333e-05 1.000000e+00    1.100000e-04
0 205 2.700 2.04000 iter 0 8.333333e-05 1.000000e+00    0.000000e+00
0 205 2.700 2.05000 iter 1 8.333333e-05 1.000000e+00    1.100000e-04
0 206 2.700 2.05000 iter 0 8.333333e-05 1.000000e+00    0.000000e+00
0 206 2.700 2.06000 iter 1 8.333333e-05 1.000000e+00    1.100000e-04
0 207 2.700 2.06000 iter 0 8.333333e-05 1.000000e+00    0.000000e+00
0 207 2.700 2.07000 iter 1 8.333333e-05 1.000000e+00    1.100000e-04
0 208 2.700 2.07000 iter 0 8.333333e-05 1.000000e+00    0.000000e+00
0 208 2.700 2.08000 iter 1 8.333333e-05 1.000000e+00    1.100000e-04
0 209 2.700 2.08000 iter 0 8.333333e-05 1.000000e+00    0.000000e+00
0 209 2.700 2.09000 iter 1 8.333333e-05 1.000000e+00    1.100000e-04
0 210 2.700 2.09000 iter 0 8.333333e-05 1.000000e+00    0.000000e+00
0 210 2.700 2.10000 iter 1 8.333333e-05 1.000000e+00    1.100000e-04
Element data written 2.100000
Nodal data written 2.100000
0 211 2.700 2.10000 iter 0 8.333333e-05 1.000000e+00    0.000000e+00
0 211 2.700 2.11000 iter 1 8.333333e-05 1.000000e+00    1.100000e-04
0 212 2.700 2.11000 iter 0 8.333333e-05 1.000000e+00    0.000000e+00
0 212 2.700 2.12000 iter 1 8.333333e-05 1.000000e+00    1.100000e-04
0 213 2.700 2.12000 iter 0 8.333333e-05 1.000000e+00    0.000000e+00
0 213 2.700 2.13000 iter 1 8.333333e-05 1.000000e+00    1.100000e-04
0 214 2.700 2.13000 iter 0 8.333333e-05 1.000000e+00    0.000000e+00
0 214 2.700 2.14000 iter 1 8.333333e-05 1.000000e+00    1.100000e-04
0 215 2.700 2.14000 iter 0 8.333333e-05 1.000000e+00    0.000000e+00
0 215 2.700 2.15000 iter 1 8.333333e-05 1.000000e+00    1.100000e-04
0 216 2.700 2.15000 iter 0 8.333333e-05 1.000000e+00    0.000000e+00
0 216 2.700 2.16000 iter 1 8.333333e-05 1.000000e+00    1.100000e-04
0 217 2.700 2.16000 iter 0 8.333333e-05 1.000000e+00    0.000000e+00
0 217 2.700 2.17000 iter 1 8.333333e-05 1.000000e+00    1.100000e-04
0 218 2.700 2.17000 iter 0 8.333333e-05 1.000000e+00    0.000000e+00
0 218 2.700 2.18000 iter 1 8.333333e-05 1.000000e+00    1.100000e-04
0 219 2.700 2.18000 iter 0 8.333333e-05 1.000000e+00    0.000000e+00
0 219 2.700 2.19000 iter 1 8.333333e-05 1.000000e+00    1.100000e-04
0 220 2.700 2.19000 iter 0 8.333333e-05 1.000000e+00    0.000000e+00
0 220 2.700 2.20000 iter 1 8.333333e-05 1.000000e+00    1.100000e-04
Element data written 2.200000
Nodal data written 2.200000
0 221 2.700 2.20000 iter 0 8.333333e-05 1.000000e+00    0.000000e+00
0 221 2.700 2.21000 iter 1 8.333333e-05 1.000000e+00    1.100000e-04
0 222 2.700 2.21000 iter 0 8.333333e-05 1.000000e+00    0.000000e+00
0 222 2.700 2.22000 iter 1 8.333333e-05 1.000000e+00    1.100000e-04
0 223 2.700 2.22000 iter 0 8.333333e-05 1.000000e+00    0.000000e+00
0 223 2.700 2.23000 iter 1 8.333333e-05 1.000000e+00    1.100000e-04
0 224 2.700 2.23000 iter 0 8.333333e-05 1.000000e+00    0.000000e+00
0 224 2.700 2.24000 iter 1 8.333333e-05 1.000000e+00    1.100000e-04
0 225 2.700 2.24000 iter 0 8.333333e-05 1.000000e+00    0.000000e+00
0 225 2.700 2.25000 iter 1 8.333333e-05 1.000000e+00    1.100000e-04
0 226 2.700 2.25000 iter 0 8.333333e-05 1.000000e+00    0.000000e+00
0 226 2.700 2.26000 iter 1 8.333333e-05 1.000000e+00    1.100000e-04
0 227 2.700 2.26000 iter 0 8.333333e-05 1.000000e+00    0.000000e+00
0 227 2.700 2.27000 iter 1 8.333333e-05 1.000000e+00    1.100000e-04
0 228 2.700 2.27000 iter 0 8.333333e-05 1.000000e+00    0.000000e+00
0 228 2.700 2.28000 iter 1 8.333333e-05 1.000000e+00    1.100000e-04
0 229 2.700 2.28000 iter 0 8.333333e-05 1.000000e+00    0.000000e+00
0 229 2.700 2.29000 iter 1 8.333333e-05 1.000000e+00    1.100000e-04
0 230 2.700 2.29000 iter 0 8.333333e-05 1.000000e+00    0.000000e+00
0 230 2.700 2.30000 iter 1 8.333333e-05 1.000000e+00    1.100000e-04
Element data written 2.300000
Nodal data written 2.300000
0 231 2.700 2.30000 iter 0 8.333333e-05 1.000000e+00    0.000000e+00
0 231 2.700 2.31000 iter 1 8.333333e-05 1.000000e+00    1.100000e-04
0 232 2.700 2.31000 iter 0 8.333333e-05 1.000000e+00    0.000000e+00
0 232 2.700 2.32000 iter 1 8.333333e-05 1.000000e+00    1.100000e-04
0 233 2.700 2.32000 iter 0 8.333333e-05 1.000000e+00    0.000000e+00
0 233 2.700 2.33000 iter 1 8.333333e-05 1.000000e+00    1.100000e-04
0 234 2.700 2.33000 iter 0 8.333333e-05 1.000000e+00    0.000000e+00
0 234 2.700 2.34000 iter 1 8.333333e-05 1.000000e+00    1.100000e-04
0 235 2.700 2.34000 iter 0 8.333333e-05 1.000000e+00    0.000000e+00
0 235 2.700 2.35000 iter 1 8.333333e-05 1.000000e+00    1.100000e-04
0 236 2.700 2.35000 iter 0 8.333333e-05 1.000000e+00    0.000000e+00
0 236 2.700 2.36000 iter 1 8.333333e-05 1.000000e+00    1.100000e-04
0 237 2.700 2.36000 iter 0 8.333333e-05 1.000000e+00    0.000000e+00
0 237 2.700 2.37000 iter 1 8.333333e-05 1.000000e+00    1.100000e-04
0 238 2.700 2.37000 iter 0 8.333333e-05 1.000000e+00    0.000000e+00
0 238 2.700 2.38000 iter 1 8.333333e-05 1.000000e+00    1.100000e-04
0 239 2.700 2.38000 iter 0 8.333333e-05 1.000000e+00    0.000000e+00
0 239 2.700 2.39000 iter 1 8.333333e-05 1.000000e+00    1.100000e-04
0 240 2.700 2.39000 iter 0 8.333333e-05 1.000000e+00    0.000000e+00
0 240 2.700 2.40000 iter 1 8.333333e-05 1.000000e+00    1.100000e-04
Element data written 2.400000
Nodal data written 2.400000
0 241 2.700 2.40000 iter 0 8.333333e-05 1.000000e+00    0.000000e+00
0 241 2.700 2.41000 iter 1 8.333333e-05 1.000000e+00    1.100000e-04
0 242 2.700 2.41000 iter 0 8.333333e-05 1.000000e+00    0.000000e+00
0 242 2.700 2.42000 iter 1 8.333333e-05 1.000000e+00    1.100000e-04
0 243 2.700 2.42000 iter 0 8.333333e-05 1.000000e+00    0.000000e+00
0 243 2.700 2.43000 iter 1 8.333333e-05 1.000000e+00    1.100000e-04
0 244 2.700 2.43000 iter 0 8.333333e-05 1.000000e+00    0.000000e+00
0 244 2.700 2.44000 iter 1 8.333333e-05 1.000000e+00    1.100000e-04
0 245 2.700 2.44000 iter 0 8.333333e-05 1.000000e+00    0.000000e+00
0 245 2.700 2.45000 iter 1 8.333333e-05 1.000000e+00    1.100000e-04
0 246 2.700 2.45000 iter 0 8.333333e-05 1.000000e+00    0.000000e+00
0 246 2.700 2.46000 iter 1 8.333333e-05 1.000000e+00    1.100000e-04
0 247 2.700 2.46000 iter 0 8.333333e-05 1.000000e+00    0.000000e+00
0 247 2.700 2.47000 iter 1 8.333333e-05 1.000000e+00    1.100000e-04
0 248 2.700 2.47000 iter 0 8.333333e-05 1.000000e+00    0.000000e+00
0 248 2.700 2.48000 iter 1 8.333333e-05 1.000000e+00    1.100000e-04
0 249 2.700 2.48000 iter 0 8.333333e-05 1.000000e+00    0.000000e+00
0 249 2.700 2.49000 iter 1 8.333333e-05 1.000000e+00    1.100000e-04
0 250 2.700 2.49000 iter 0 8.333333e-05 1.000000e+00    0.000000e+00
0 250 2.700 2.50000 iter 1 8.333333e-05 1.000000e+00    1.100000e-04
Element data written 2.500000
Nodal data written 2.500000
0 251 2.700 2.50000 iter 0 8.333333e-05 1.000000e+00    0.000000e+00
0 251 2.700 2.51000 iter 1 8.333333e-05 1.000000e+00    1.100000e-04
0 252 2.700 2.51000 iter 0 8.333333e-05 1.000000e+00    0.000000e+00
0 252 2.700 2.52000 iter 1 8.333333e-05 1.000000e+00    1.100000e-04
0 253 2.700 2.52000 iter 0 8.333333e-05 1.000000e+00    0.000000e+00
0 253 2.700 2.53000 iter 1 8.333333e-05 1.000000e+00    1.100000e-04
0 254 2.700 2.53000 iter 0 8.333333e-05 1.000000e+00    0.000000e+00
0 254 2.700 2.54000 iter 1 8.333333e-05 1.000000e+00    1.100000e-04
0 255 2.700 2.54000 iter 0 8.333333e-05 1.000000e+00    0.000000e+00
0 255 2.700 2.55000 iter 1 8.333333e-05 1.000000e+00    1.100000e-04
0 256 2.700 2.55000 iter 0 8.333333e-05 1.000000e+00    0.000000e+00
0 256 2.700 2.56000 iter 1 8.333333e-05 1.000000e+00    1.100000e-04
0 257 2.700 2.56000 iter 0 8.333333e-05 1.000000e+00    0.000000e+00
0 257 2.700 2.57000 iter 1 8.333333e-05 1.000000e+00    1.100000e-04
0 258 2.700 2.57000 iter 0 8.333333e-05 1.000000e+00    0.000000e+00
0 258 2.700 2.58000 iter 1 8.333333e-05 1.000000e+00    1.100000e-04
0 259 2.700 2.58000 iter 0 8.333333e-05 1.000000e+00    0.000000e+00
0 259 2.700 2.59000 iter 1 8.333333e-05 1.000000e+00    1.100000e-04
0 260 2.700 2.59000 iter 0 8.333333e-05 1.000000e+00    0.000000e+00
0 260 2.700 2.60000 iter 1 8.333333e-05 1.000000e+00    1.100000e-04
Element data written 2.600000
Nodal data written 2.600000
0 261 2.700 2.60000 iter 0 8.333333e-05 1.000000e+00    0.000000e+00
0 261 2.700 2.61000 iter 1 8.333333e-05 1.000000e+00    1.100000e-04
0 262 2.700 2.61000 iter 0 8.333333e-05 1.000000e+00    0.000000e+00
0 262 2.700 2.62000 iter 1 8.333333e-05 1.000000e+00    1.100000e-04
0 263 2.700 2.62000 iter 0 8.333333e-05 1.000000e+00    0.000000e+00
0 263 2.700 2.63000 iter 1 8.333333e-05 1.000000e+00    1.100000e-04
0 264 2.700 2.63000 iter 0 8.333333e-05 1.000000e+00    0.000000e+00
0 264 2.700 2.64000 iter 1 8.333333e-05 1.000000e+00    1.100000e-04
0 265 2.700 2.64000 iter 0 8.333333e-05 1.000000e+00    0.000000e+00
0 265 2.700 2.65000 iter 1 8.333333e-05 1.000000e+00    1.100000e-04
0 266 2.700 2.65000 iter 0 8.333333e-05 1.000000e+00    0.000000e+00
0 266 2.700 2.66000 iter 1 8.333333e-05 1.000000e+00    1.100000e-04
0 267 2.700 2.66000 iter 0 8.333333e-05 1.000000e+00    0.000000e+00
0 267 2.700 2.67000 iter 1 8.333333e-05 1.000000e+00    1.100000e-04
0 268 2.700 2.67000 iter 0 8.333333e-05 1.000000e+00    0.000000e+00
0 268 2.700 2.68000 iter 1 8.333333e-05 1.000000e+00    1.100000e-04
0 269 2.700 2.68000 iter 0 8.333333e-05 1.000000e+00    0.000000e+00
0 269 2.700 2.69000 iter 1 8.333333e-05 1.000000e+00    1.100000e-04
0 270 2.700 2.69000 iter 0 8.333333e-05 1.000000e+00    0.000000e+00
0 270 2.700 2.70000 iter 1 8.333333e-05 1.000000e+00    1.100000e-04
Element data written 2.700000
Nodal data written 2.700000
Restart data written 2.700000
last iteration data
  267, 2.6700,    1
  268, 2.6800,    1
  269, 2.6900,    1
  270, 2.7000,    1
last timeout data
  267, 0.006787, 581.64
  268, 0.006897, 582.27
  269, 0.007007, 582.90
  270, 0.007117, 583.52
total comp time 0 seconds
