  1.0282
    1   0.0000   0.0000   0.0000  0.0000e+00  0.0000e+00  0.0000e+00 -3.9218e-01 -5.9750e-01 -6.3081e-01
    2   0.2000   0.5000   0.0000  0.0000e+00  0.0000e+00  0.0000e+00  4.9942e-01  4.6154e-01  1.2964e+00
    3   1.0000   0.2000   0.0000  0.0000e+00  0.0000e+00  0.0000e+00 -1.0724e-01  1.3595e-01  1.9129e-01
    4   0.5000   0.5000   1.0000  2.5827e-02  3.0112e-01 -1.5422e-01  4.7141e-08  2.9304e-07 -8.5687e-01
  1.4270
    1   0.0000   0.0000   0.0000  0.0000e+00  0.0000e+00  0.0000e+00 -5.1868e-01 -8.6174e-01 -7.6870e-01
    2   0.2000   0.5000   0.0000  0.0000e+00  0.0000e+00  0.0000e+00  6.1982e-01  7.1507e-01  1.4748e+00
    3   1.0000   0.2000   0.0000  0.0000e+00  0.0000e+00  0.0000e+00 -1.0114e-01  1.4667e-01  1.6925e-01
    4   0.5000   0.5000   1.0000  3.0325e-02  3.8108e-01 -2.1404e-01  4.5572e-08  3.5239e-07 -8.7533e-01
