Time   1.0232
El      1    T3D3                                   PROP1                                    MAT1             ELASTIC      1      4    100
   0.1057   0.1057   0.2113   3.3564e-02   3.3564e+01
   0.3943   0.3943   0.7887   3.3564e-02   3.3564e+01
El      2    T3D3                                   PROP1                                    MAT1             ELASTIC      2      4    101
   0.2634   0.5000   0.2113  -1.2716e-01  -1.2716e+02
   0.4366   0.5000   0.7887  -1.2716e-01  -1.2716e+02
El      3    T3D3                                   PROP1                                    MAT1             ELASTIC      3      4    102
   0.8943   0.2634   0.2113  -5.2873e-02  -5.2873e+01
   0.6057   0.4366   0.7887  -5.2873e-02  -5.2873e+01
Time   1.4069
El      1    T3D3                                   PROP1                                    MAT1             ELASTIC      1      4    100
   0.1057   0.1057   0.2113   4.6151e-02   4.6151e+01
   0.3943   0.3943   0.7887   4.6151e-02   4.6151e+01
El      2    T3D3                                   PROP1                                    MAT1             ELASTIC      2      4    101
   0.2634   0.5000   0.2113  -1.7485e-01  -1.7485e+02
   0.4366   0.5000   0.7887  -1.7485e-01  -1.7485e+02
El      3    T3D3                                   PROP1                                    MAT1             ELASTIC      3      4    102
   0.8943   0.2634   0.2113  -7.2700e-02  -7.2700e+01
   0.6057   0.4366   0.7887  -7.2700e-02  -7.2700e+01
