Time,   1.0000
      1,   0.0000,   0.0000,   0.0000,    3,    0.0000e+00,  0.0000e+00,  0.0000e+00,     -2.7405e-01, -2.7405e-01, -5.4810e-01,      0.0000e+00,  0.0000e+00,  0.0000e+00,
      2,   0.2000,   0.5000,   0.0000,    3,    0.0000e+00,  0.0000e+00,  0.0000e+00,      7.3080e-01,  0.0000e+00,  2.4360e+00,      0.0000e+00,  0.0000e+00,  0.0000e+00,
      3,   1.0000,   0.2000,   0.0000,    3,    0.0000e+00,  0.0000e+00,  0.0000e+00,     -4.5675e-01,  2.7405e-01,  9.1350e-01,      0.0000e+00,  0.0000e+00,  0.0000e+00,
      4,   0.5000,   0.5000,   1.0000,    3,    4.9581e-02,  3.5808e-01, -1.5348e-01,      1.1102e-16, -1.1102e-16, -2.8014e+00,     -6.6613e-16, -4.4409e-16,  2.7756e-17,
    100,   0.0000,   0.0000,   0.0000,    1,    2.0554e-02,     -2.2204e-16,      1.7764e-15,
    101,   0.0000,   0.0000,   0.0000,    1,   -6.6381e-02,      4.4409e-16,      0.0000e+00,
    102,   0.0000,   0.0000,   0.0000,    1,   -3.0602e-02,      4.4409e-16,      8.8818e-16,
Time,   2.0232
      1,   0.0000,   0.0000,   0.0000,    3,    0.0000e+00,  0.0000e+00,  0.0000e+00,     -3.7682e-01, -3.7682e-01, -7.5364e-01,      0.0000e+00,  0.0000e+00,  0.0000e+00,
      2,   0.2000,   0.5000,   0.0000,    3,    0.0000e+00,  0.0000e+00,  0.0000e+00,      1.0049e+00,  0.0000e+00,  3.3495e+00,      0.0000e+00,  0.0000e+00,  0.0000e+00,
      3,   1.0000,   0.2000,   0.0000,    3,    0.0000e+00,  0.0000e+00,  0.0000e+00,     -6.2803e-01,  3.7682e-01,  1.2561e+00,      0.0000e+00,  0.0000e+00,  0.0000e+00,
      4,   0.5000,   0.5000,   1.0000,    3,    6.8173e-02,  4.9236e-01, -2.1104e-01,      1.1102e-16, -2.7756e-16, -3.8519e+00,      0.0000e+00,  0.0000e+00,  0.0000e+00,
    100,   0.0000,   0.0000,   0.0000,    1,    2.8262e-02,      4.4409e-16,      0.0000e+00,
    101,   0.0000,   0.0000,   0.0000,    1,   -9.1274e-02,     -8.8818e-16,      1.7764e-15,
    102,   0.0000,   0.0000,   0.0000,    1,   -4.2078e-02,      0.0000e+00,      0.0000e+00,
