   -0.00393539 -6.825143e-02  0       1
   -0.00784868 -1.310229e-01  0       2
   -0.01175087 -1.888602e-01  0       3
   -0.01565168 -2.422415e-01  0       4
   -0.01955969 -2.915868e-01  0       5
   -0.02348253 -3.372659e-01  0       6
   -0.02742693 -3.796048e-01  0       7
   -0.03139890 -4.188925e-01  0       8
   -0.03540376 -4.553847e-01  0       9
   -0.03944624 -4.893094e-01  0      10
   -0.04353056 -5.208696e-01  0      11
   -0.04766049 -5.502469e-01  0      12
   -0.05183940 -5.776040e-01  0      13
   -0.05607027 -6.030873e-01  0      14
   -0.06035578 -6.268284e-01  0      15
   -0.06469834 -6.489463e-01  0      16
   -0.06910009 -6.695487e-01  0      17
   -0.07356292 -6.887333e-01  0      18
   -0.07808856 -7.065889e-01  0      19
   -0.08267851 -7.231962e-01  0      20
   -0.08733414 -7.386292e-01  0      21
   -0.09205664 -7.529554e-01  0      22
   -0.09684708 -7.662366e-01  0      23
   -0.10170640 -7.785298e-01  0      24
   -0.10663542 -7.898872e-01  0      25
   -0.11163487 -8.003569e-01  0      26
   -0.11670537 -8.099835e-01  0      27
   -0.12184746 -8.188081e-01  0      28
   -0.12706160 -8.268688e-01  0      29
   -0.13234817 -8.342008e-01  0      30
   -0.13770749 -8.408372e-01  0      31
   -0.14313981 -8.468084e-01  0      32
   -0.14864532 -8.521429e-01  0      33
   -0.15422416 -8.568673e-01  0      34
   -0.15987642 -8.610064e-01  0      35
   -0.16560213 -8.645836e-01  0      36
   -0.17140129 -8.676206e-01  0      37
   -0.17727386 -8.701379e-01  0      38
   -0.18321973 -8.721547e-01  0      39
   -0.18923880 -8.736893e-01  0      40
   -0.19533090 -8.747585e-01  0      41
   -0.20149583 -8.753785e-01  0      42
   -0.20773339 -8.755646e-01  0      43
   -0.21404331 -8.753311e-01  0      44
