*HEADING
Simple Bridge
*NODE
1,	0.0,	-7.5,	0.0,	0.0,	-0.0,	1.0
2,	1.0,	-7.5,	0.0,	0.0,	-0.0,	1.0
3,	2.0,	-7.5,	0.0,	0.0,	-0.0,	1.0
4,	3.0,	-7.5,	0.0,	0.0,	-0.0,	1.0
5,	4.0,	-7.5,	0.0,	0.0,	-0.0,	1.0
6,	5.0,	-7.5,	0.0,	0.0,	-0.0,	1.0
7,	6.0,	-7.5,	0.0,	0.0,	-0.0,	1.0
8,	7.0,	-7.5,	0.0,	0.0,	-0.0,	1.0
9,	8.0,	-7.5,	0.0,	0.0,	-0.0,	1.0
10,	9.0,	-7.5,	0.0,	0.0,	-0.0,	1.0
11,	10.0,	-7.5,	0.0,	0.0,	-0.0,	1.0
12,	11.0,	-7.5,	0.0,	0.0,	-0.0,	1.0
13,	12.0,	-7.5,	0.0,	0.0,	-0.0,	1.0
14,	13.0,	-7.5,	0.0,	0.0,	-0.0,	1.0
15,	14.0,	-7.5,	0.0,	0.0,	-0.0,	1.0
16,	15.0,	-7.5,	0.0,	0.0,	-0.0,	1.0
17,	16.0,	-7.5,	0.0,	0.0,	-0.0,	1.0
18,	17.0,	-7.5,	0.0,	0.0,	-0.0,	1.0
19,	18.0,	-7.5,	0.0,	0.0,	-0.0,	1.0
20,	19.0,	-7.5,	0.0,	0.0,	-0.0,	1.0
21,	20.0,	-7.5,	0.0,	0.0,	-0.0,	1.0
22,	21.0,	-7.5,	0.0,	0.0,	-0.0,	1.0
23,	22.0,	-7.5,	0.0,	0.0,	-0.0,	1.0
24,	23.0,	-7.5,	0.0,	0.0,	-0.0,	1.0
25,	24.0,	-7.5,	0.0,	0.0,	-0.0,	1.0
26,	25.0,	-7.5,	0.0,	0.0,	-0.0,	1.0
27,	26.0,	-7.5,	0.0,	0.0,	-0.0,	1.0
28,	27.0,	-7.5,	0.0,	0.0,	-0.0,	1.0
29,	28.0,	-7.5,	0.0,	0.0,	-0.0,	1.0
30,	29.0,	-7.5,	0.0,	0.0,	-0.0,	1.0
31,	30.0,	-7.5,	0.0,	0.0,	-0.0,	1.0
32,	0.0,	-6.5,	0.0,	0.0,	-0.0,	1.0
33,	1.0,	-6.5,	0.0,	0.0,	-0.0,	1.0
34,	2.0,	-6.5,	0.0,	0.0,	-0.0,	1.0
35,	3.0,	-6.5,	0.0,	0.0,	-0.0,	1.0
36,	4.0,	-6.5,	0.0,	0.0,	-0.0,	1.0
37,	5.0,	-6.5,	0.0,	0.0,	-0.0,	1.0
38,	6.0,	-6.5,	0.0,	0.0,	-0.0,	1.0
39,	7.0,	-6.5,	0.0,	0.0,	-0.0,	1.0
40,	8.0,	-6.5,	0.0,	0.0,	-0.0,	1.0
41,	9.0,	-6.5,	0.0,	0.0,	-0.0,	1.0
42,	10.0,	-6.5,	0.0,	0.0,	-0.0,	1.0
43,	11.0,	-6.5,	0.0,	0.0,	-0.0,	1.0
44,	12.0,	-6.5,	0.0,	0.0,	-0.0,	1.0
45,	13.0,	-6.5,	0.0,	0.0,	-0.0,	1.0
46,	14.0,	-6.5,	0.0,	0.0,	-0.0,	1.0
47,	15.0,	-6.5,	0.0,	0.0,	-0.0,	1.0
48,	16.0,	-6.5,	0.0,	0.0,	-0.0,	1.0
49,	17.0,	-6.5,	0.0,	0.0,	-0.0,	1.0
50,	18.0,	-6.5,	0.0,	0.0,	-0.0,	1.0
51,	19.0,	-6.5,	0.0,	0.0,	-0.0,	1.0
52,	20.0,	-6.5,	0.0,	0.0,	-0.0,	1.0
53,	21.0,	-6.5,	0.0,	0.0,	-0.0,	1.0
54,	22.0,	-6.5,	0.0,	0.0,	-0.0,	1.0
55,	23.0,	-6.5,	0.0,	0.0,	-0.0,	1.0
56,	24.0,	-6.5,	0.0,	0.0,	-0.0,	1.0
57,	25.0,	-6.5,	0.0,	0.0,	-0.0,	1.0
58,	26.0,	-6.5,	0.0,	0.0,	-0.0,	1.0
59,	27.0,	-6.5,	0.0,	0.0,	-0.0,	1.0
60,	28.0,	-6.5,	0.0,	0.0,	-0.0,	1.0
61,	29.0,	-6.5,	0.0,	0.0,	-0.0,	1.0
62,	30.0,	-6.5,	0.0,	0.0,	-0.0,	1.0
63,	0.0,	-5.5,	0.0,	0.0,	-0.0,	1.0
64,	1.0,	-5.5,	0.0,	0.0,	-0.0,	1.0
65,	2.0,	-5.5,	0.0,	0.0,	-0.0,	1.0
66,	3.0,	-5.5,	0.0,	0.0,	-0.0,	1.0
67,	4.0,	-5.5,	0.0,	0.0,	-0.0,	1.0
68,	5.0,	-5.5,	0.0,	0.0,	-0.0,	1.0
69,	6.0,	-5.5,	0.0,	0.0,	-0.0,	1.0
70,	7.0,	-5.5,	0.0,	0.0,	-0.0,	1.0
71,	8.0,	-5.5,	0.0,	0.0,	-0.0,	1.0
72,	9.0,	-5.5,	0.0,	0.0,	-0.0,	1.0
73,	10.0,	-5.5,	0.0,	0.0,	-0.0,	1.0
74,	11.0,	-5.5,	0.0,	0.0,	-0.0,	1.0
75,	12.0,	-5.5,	0.0,	0.0,	-0.0,	1.0
76,	13.0,	-5.5,	0.0,	0.0,	-0.0,	1.0
77,	14.0,	-5.5,	0.0,	0.0,	-0.0,	1.0
78,	15.0,	-5.5,	0.0,	0.0,	-0.0,	1.0
79,	16.0,	-5.5,	0.0,	0.0,	-0.0,	1.0
80,	17.0,	-5.5,	0.0,	0.0,	-0.0,	1.0
81,	18.0,	-5.5,	0.0,	0.0,	-0.0,	1.0
82,	19.0,	-5.5,	0.0,	0.0,	-0.0,	1.0
83,	20.0,	-5.5,	0.0,	0.0,	-0.0,	1.0
84,	21.0,	-5.5,	0.0,	0.0,	-0.0,	1.0
85,	22.0,	-5.5,	0.0,	0.0,	-0.0,	1.0
86,	23.0,	-5.5,	0.0,	0.0,	-0.0,	1.0
87,	24.0,	-5.5,	0.0,	0.0,	-0.0,	1.0
88,	25.0,	-5.5,	0.0,	0.0,	-0.0,	1.0
89,	26.0,	-5.5,	0.0,	0.0,	-0.0,	1.0
90,	27.0,	-5.5,	0.0,	0.0,	-0.0,	1.0
91,	28.0,	-5.5,	0.0,	0.0,	-0.0,	1.0
92,	29.0,	-5.5,	0.0,	0.0,	-0.0,	1.0
93,	30.0,	-5.5,	0.0,	0.0,	-0.0,	1.0
94,	0.0,	-4.5,	0.0,	0.0,	-0.0,	1.0
95,	1.0,	-4.5,	0.0,	0.0,	-0.0,	1.0
96,	2.0,	-4.5,	0.0,	0.0,	-0.0,	1.0
97,	3.0,	-4.5,	0.0,	0.0,	-0.0,	1.0
98,	4.0,	-4.5,	0.0,	0.0,	-0.0,	1.0
99,	5.0,	-4.5,	0.0,	0.0,	-0.0,	1.0
100,	6.0,	-4.5,	0.0,	0.0,	-0.0,	1.0
101,	7.0,	-4.5,	0.0,	0.0,	-0.0,	1.0
102,	8.0,	-4.5,	0.0,	0.0,	-0.0,	1.0
103,	9.0,	-4.5,	0.0,	0.0,	-0.0,	1.0
104,	10.0,	-4.5,	0.0,	0.0,	-0.0,	1.0
105,	11.0,	-4.5,	0.0,	0.0,	-0.0,	1.0
106,	12.0,	-4.5,	0.0,	0.0,	-0.0,	1.0
107,	13.0,	-4.5,	0.0,	0.0,	-0.0,	1.0
108,	14.0,	-4.5,	0.0,	0.0,	-0.0,	1.0
109,	15.0,	-4.5,	0.0,	0.0,	-0.0,	1.0
110,	16.0,	-4.5,	0.0,	0.0,	-0.0,	1.0
111,	17.0,	-4.5,	0.0,	0.0,	-0.0,	1.0
112,	18.0,	-4.5,	0.0,	0.0,	-0.0,	1.0
113,	19.0,	-4.5,	0.0,	0.0,	-0.0,	1.0
114,	20.0,	-4.5,	0.0,	0.0,	-0.0,	1.0
115,	21.0,	-4.5,	0.0,	0.0,	-0.0,	1.0
116,	22.0,	-4.5,	0.0,	0.0,	-0.0,	1.0
117,	23.0,	-4.5,	0.0,	0.0,	-0.0,	1.0
118,	24.0,	-4.5,	0.0,	0.0,	-0.0,	1.0
119,	25.0,	-4.5,	0.0,	0.0,	-0.0,	1.0
120,	26.0,	-4.5,	0.0,	0.0,	-0.0,	1.0
121,	27.0,	-4.5,	0.0,	0.0,	-0.0,	1.0
122,	28.0,	-4.5,	0.0,	0.0,	-0.0,	1.0
123,	29.0,	-4.5,	0.0,	0.0,	-0.0,	1.0
124,	30.0,	-4.5,	0.0,	0.0,	-0.0,	1.0
125,	0.0,	-3.5,	0.0,	0.0,	-0.0,	1.0
126,	1.0,	-3.5,	0.0,	0.0,	-0.0,	1.0
127,	2.0,	-3.5,	0.0,	0.0,	-0.0,	1.0
128,	3.0,	-3.5,	0.0,	0.0,	-0.0,	1.0
129,	4.0,	-3.5,	0.0,	0.0,	-0.0,	1.0
130,	5.0,	-3.5,	0.0,	0.0,	-0.0,	1.0
131,	6.0,	-3.5,	0.0,	0.0,	-0.0,	1.0
132,	7.0,	-3.5,	0.0,	0.0,	-0.0,	1.0
133,	8.0,	-3.5,	0.0,	0.0,	-0.0,	1.0
134,	9.0,	-3.5,	0.0,	0.0,	-0.0,	1.0
135,	10.0,	-3.5,	0.0,	0.0,	-0.0,	1.0
136,	11.0,	-3.5,	0.0,	0.0,	-0.0,	1.0
137,	12.0,	-3.5,	0.0,	0.0,	-0.0,	1.0
138,	13.0,	-3.5,	0.0,	0.0,	-0.0,	1.0
139,	14.0,	-3.5,	0.0,	0.0,	-0.0,	1.0
140,	15.0,	-3.5,	0.0,	0.0,	-0.0,	1.0
141,	16.0,	-3.5,	0.0,	0.0,	-0.0,	1.0
142,	17.0,	-3.5,	0.0,	0.0,	-0.0,	1.0
143,	18.0,	-3.5,	0.0,	0.0,	-0.0,	1.0
144,	19.0,	-3.5,	0.0,	0.0,	-0.0,	1.0
145,	20.0,	-3.5,	0.0,	0.0,	-0.0,	1.0
146,	21.0,	-3.5,	0.0,	0.0,	-0.0,	1.0
147,	22.0,	-3.5,	0.0,	0.0,	-0.0,	1.0
148,	23.0,	-3.5,	0.0,	0.0,	-0.0,	1.0
149,	24.0,	-3.5,	0.0,	0.0,	-0.0,	1.0
150,	25.0,	-3.5,	0.0,	0.0,	-0.0,	1.0
151,	26.0,	-3.5,	0.0,	0.0,	-0.0,	1.0
152,	27.0,	-3.5,	0.0,	0.0,	-0.0,	1.0
153,	28.0,	-3.5,	0.0,	0.0,	-0.0,	1.0
154,	29.0,	-3.5,	0.0,	0.0,	-0.0,	1.0
155,	30.0,	-3.5,	0.0,	0.0,	-0.0,	1.0
156,	0.0,	-2.5,	0.0,	0.0,	-0.0,	1.0
157,	1.0,	-2.5,	0.0,	0.0,	-0.0,	1.0
158,	2.0,	-2.5,	0.0,	0.0,	-0.0,	1.0
159,	3.0,	-2.5,	0.0,	0.0,	-0.0,	1.0
160,	4.0,	-2.5,	0.0,	0.0,	-0.0,	1.0
161,	5.0,	-2.5,	0.0,	0.0,	-0.0,	1.0
162,	6.0,	-2.5,	0.0,	0.0,	-0.0,	1.0
163,	7.0,	-2.5,	0.0,	0.0,	-0.0,	1.0
164,	8.0,	-2.5,	0.0,	0.0,	-0.0,	1.0
165,	9.0,	-2.5,	0.0,	0.0,	-0.0,	1.0
166,	10.0,	-2.5,	0.0,	0.0,	-0.0,	1.0
167,	11.0,	-2.5,	0.0,	0.0,	-0.0,	1.0
168,	12.0,	-2.5,	0.0,	0.0,	-0.0,	1.0
169,	13.0,	-2.5,	0.0,	0.0,	-0.0,	1.0
170,	14.0,	-2.5,	0.0,	0.0,	-0.0,	1.0
171,	15.0,	-2.5,	0.0,	0.0,	-0.0,	1.0
172,	16.0,	-2.5,	0.0,	0.0,	-0.0,	1.0
173,	17.0,	-2.5,	0.0,	0.0,	-0.0,	1.0
174,	18.0,	-2.5,	0.0,	0.0,	-0.0,	1.0
175,	19.0,	-2.5,	0.0,	0.0,	-0.0,	1.0
176,	20.0,	-2.5,	0.0,	0.0,	-0.0,	1.0
177,	21.0,	-2.5,	0.0,	0.0,	-0.0,	1.0
178,	22.0,	-2.5,	0.0,	0.0,	-0.0,	1.0
179,	23.0,	-2.5,	0.0,	0.0,	-0.0,	1.0
180,	24.0,	-2.5,	0.0,	0.0,	-0.0,	1.0
181,	25.0,	-2.5,	0.0,	0.0,	-0.0,	1.0
182,	26.0,	-2.5,	0.0,	0.0,	-0.0,	1.0
183,	27.0,	-2.5,	0.0,	0.0,	-0.0,	1.0
184,	28.0,	-2.5,	0.0,	0.0,	-0.0,	1.0
185,	29.0,	-2.5,	0.0,	0.0,	-0.0,	1.0
186,	30.0,	-2.5,	0.0,	0.0,	-0.0,	1.0
187,	0.0,	-1.5,	0.0,	0.0,	-0.0,	1.0
188,	1.0,	-1.5,	0.0,	0.0,	-0.0,	1.0
189,	2.0,	-1.5,	0.0,	0.0,	-0.0,	1.0
190,	3.0,	-1.5,	0.0,	0.0,	-0.0,	1.0
191,	4.0,	-1.5,	0.0,	0.0,	-0.0,	1.0
192,	5.0,	-1.5,	0.0,	0.0,	-0.0,	1.0
193,	6.0,	-1.5,	0.0,	0.0,	-0.0,	1.0
194,	7.0,	-1.5,	0.0,	0.0,	-0.0,	1.0
195,	8.0,	-1.5,	0.0,	0.0,	-0.0,	1.0
196,	9.0,	-1.5,	0.0,	0.0,	-0.0,	1.0
197,	10.0,	-1.5,	0.0,	0.0,	-0.0,	1.0
198,	11.0,	-1.5,	0.0,	0.0,	-0.0,	1.0
199,	12.0,	-1.5,	0.0,	0.0,	-0.0,	1.0
200,	13.0,	-1.5,	0.0,	0.0,	-0.0,	1.0
201,	14.0,	-1.5,	0.0,	0.0,	-0.0,	1.0
202,	15.0,	-1.5,	0.0,	0.0,	-0.0,	1.0
203,	16.0,	-1.5,	0.0,	0.0,	-0.0,	1.0
204,	17.0,	-1.5,	0.0,	0.0,	-0.0,	1.0
205,	18.0,	-1.5,	0.0,	0.0,	-0.0,	1.0
206,	19.0,	-1.5,	0.0,	0.0,	-0.0,	1.0
207,	20.0,	-1.5,	0.0,	0.0,	-0.0,	1.0
208,	21.0,	-1.5,	0.0,	0.0,	-0.0,	1.0
209,	22.0,	-1.5,	0.0,	0.0,	-0.0,	1.0
210,	23.0,	-1.5,	0.0,	0.0,	-0.0,	1.0
211,	24.0,	-1.5,	0.0,	0.0,	-0.0,	1.0
212,	25.0,	-1.5,	0.0,	0.0,	-0.0,	1.0
213,	26.0,	-1.5,	0.0,	0.0,	-0.0,	1.0
214,	27.0,	-1.5,	0.0,	0.0,	-0.0,	1.0
215,	28.0,	-1.5,	0.0,	0.0,	-0.0,	1.0
216,	29.0,	-1.5,	0.0,	0.0,	-0.0,	1.0
217,	30.0,	-1.5,	0.0,	0.0,	-0.0,	1.0
218,	0.0,	-0.5,	0.0,	0.0,	-0.0,	1.0
219,	1.0,	-0.5,	0.0,	0.0,	-0.0,	1.0
220,	2.0,	-0.5,	0.0,	0.0,	-0.0,	1.0
221,	3.0,	-0.5,	0.0,	0.0,	-0.0,	1.0
222,	4.0,	-0.5,	0.0,	0.0,	-0.0,	1.0
223,	5.0,	-0.5,	0.0,	0.0,	-0.0,	1.0
224,	6.0,	-0.5,	0.0,	0.0,	-0.0,	1.0
225,	7.0,	-0.5,	0.0,	0.0,	-0.0,	1.0
226,	8.0,	-0.5,	0.0,	0.0,	-0.0,	1.0
227,	9.0,	-0.5,	0.0,	0.0,	-0.0,	1.0
228,	10.0,	-0.5,	0.0,	0.0,	-0.0,	1.0
229,	11.0,	-0.5,	0.0,	0.0,	-0.0,	1.0
230,	12.0,	-0.5,	0.0,	0.0,	-0.0,	1.0
231,	13.0,	-0.5,	0.0,	0.0,	-0.0,	1.0
232,	14.0,	-0.5,	0.0,	0.0,	-0.0,	1.0
233,	15.0,	-0.5,	0.0,	0.0,	-0.0,	1.0
234,	16.0,	-0.5,	0.0,	0.0,	-0.0,	1.0
235,	17.0,	-0.5,	0.0,	0.0,	-0.0,	1.0
236,	18.0,	-0.5,	0.0,	0.0,	-0.0,	1.0
237,	19.0,	-0.5,	0.0,	0.0,	-0.0,	1.0
238,	20.0,	-0.5,	0.0,	0.0,	-0.0,	1.0
239,	21.0,	-0.5,	0.0,	0.0,	-0.0,	1.0
240,	22.0,	-0.5,	0.0,	0.0,	-0.0,	1.0
241,	23.0,	-0.5,	0.0,	0.0,	-0.0,	1.0
242,	24.0,	-0.5,	0.0,	0.0,	-0.0,	1.0
243,	25.0,	-0.5,	0.0,	0.0,	-0.0,	1.0
244,	26.0,	-0.5,	0.0,	0.0,	-0.0,	1.0
245,	27.0,	-0.5,	0.0,	0.0,	-0.0,	1.0
246,	28.0,	-0.5,	0.0,	0.0,	-0.0,	1.0
247,	29.0,	-0.5,	0.0,	0.0,	-0.0,	1.0
248,	30.0,	-0.5,	0.0,	0.0,	-0.0,	1.0
249,	0.0,	0.5,	0.0,	0.0,	-0.0,	1.0
250,	1.0,	0.5,	0.0,	0.0,	-0.0,	1.0
251,	2.0,	0.5,	0.0,	0.0,	-0.0,	1.0
252,	3.0,	0.5,	0.0,	0.0,	-0.0,	1.0
253,	4.0,	0.5,	0.0,	0.0,	-0.0,	1.0
254,	5.0,	0.5,	0.0,	0.0,	-0.0,	1.0
255,	6.0,	0.5,	0.0,	0.0,	-0.0,	1.0
256,	7.0,	0.5,	0.0,	0.0,	-0.0,	1.0
257,	8.0,	0.5,	0.0,	0.0,	-0.0,	1.0
258,	9.0,	0.5,	0.0,	0.0,	-0.0,	1.0
259,	10.0,	0.5,	0.0,	0.0,	-0.0,	1.0
260,	11.0,	0.5,	0.0,	0.0,	-0.0,	1.0
261,	12.0,	0.5,	0.0,	0.0,	-0.0,	1.0
262,	13.0,	0.5,	0.0,	0.0,	-0.0,	1.0
263,	14.0,	0.5,	0.0,	0.0,	-0.0,	1.0
264,	15.0,	0.5,	0.0,	0.0,	-0.0,	1.0
265,	16.0,	0.5,	0.0,	0.0,	-0.0,	1.0
266,	17.0,	0.5,	0.0,	0.0,	-0.0,	1.0
267,	18.0,	0.5,	0.0,	0.0,	-0.0,	1.0
268,	19.0,	0.5,	0.0,	0.0,	-0.0,	1.0
269,	20.0,	0.5,	0.0,	0.0,	-0.0,	1.0
270,	21.0,	0.5,	0.0,	0.0,	-0.0,	1.0
271,	22.0,	0.5,	0.0,	0.0,	-0.0,	1.0
272,	23.0,	0.5,	0.0,	0.0,	-0.0,	1.0
273,	24.0,	0.5,	0.0,	0.0,	-0.0,	1.0
274,	25.0,	0.5,	0.0,	0.0,	-0.0,	1.0
275,	26.0,	0.5,	0.0,	0.0,	-0.0,	1.0
276,	27.0,	0.5,	0.0,	0.0,	-0.0,	1.0
277,	28.0,	0.5,	0.0,	0.0,	-0.0,	1.0
278,	29.0,	0.5,	0.0,	0.0,	-0.0,	1.0
279,	30.0,	0.5,	0.0,	0.0,	-0.0,	1.0
280,	0.0,	1.5,	0.0,	0.0,	-0.0,	1.0
281,	1.0,	1.5,	0.0,	0.0,	-0.0,	1.0
282,	2.0,	1.5,	0.0,	0.0,	-0.0,	1.0
283,	3.0,	1.5,	0.0,	0.0,	-0.0,	1.0
284,	4.0,	1.5,	0.0,	0.0,	-0.0,	1.0
285,	5.0,	1.5,	0.0,	0.0,	-0.0,	1.0
286,	6.0,	1.5,	0.0,	0.0,	-0.0,	1.0
287,	7.0,	1.5,	0.0,	0.0,	-0.0,	1.0
288,	8.0,	1.5,	0.0,	0.0,	-0.0,	1.0
289,	9.0,	1.5,	0.0,	0.0,	-0.0,	1.0
290,	10.0,	1.5,	0.0,	0.0,	-0.0,	1.0
291,	11.0,	1.5,	0.0,	0.0,	-0.0,	1.0
292,	12.0,	1.5,	0.0,	0.0,	-0.0,	1.0
293,	13.0,	1.5,	0.0,	0.0,	-0.0,	1.0
294,	14.0,	1.5,	0.0,	0.0,	-0.0,	1.0
295,	15.0,	1.5,	0.0,	0.0,	-0.0,	1.0
296,	16.0,	1.5,	0.0,	0.0,	-0.0,	1.0
297,	17.0,	1.5,	0.0,	0.0,	-0.0,	1.0
298,	18.0,	1.5,	0.0,	0.0,	-0.0,	1.0
299,	19.0,	1.5,	0.0,	0.0,	-0.0,	1.0
300,	20.0,	1.5,	0.0,	0.0,	-0.0,	1.0
301,	21.0,	1.5,	0.0,	0.0,	-0.0,	1.0
302,	22.0,	1.5,	0.0,	0.0,	-0.0,	1.0
303,	23.0,	1.5,	0.0,	0.0,	-0.0,	1.0
304,	24.0,	1.5,	0.0,	0.0,	-0.0,	1.0
305,	25.0,	1.5,	0.0,	0.0,	-0.0,	1.0
306,	26.0,	1.5,	0.0,	0.0,	-0.0,	1.0
307,	27.0,	1.5,	0.0,	0.0,	-0.0,	1.0
308,	28.0,	1.5,	0.0,	0.0,	-0.0,	1.0
309,	29.0,	1.5,	0.0,	0.0,	-0.0,	1.0
310,	30.0,	1.5,	0.0,	0.0,	-0.0,	1.0
311,	0.0,	2.5,	0.0,	0.0,	-0.0,	1.0
312,	1.0,	2.5,	0.0,	0.0,	-0.0,	1.0
313,	2.0,	2.5,	0.0,	0.0,	-0.0,	1.0
314,	3.0,	2.5,	0.0,	0.0,	-0.0,	1.0
315,	4.0,	2.5,	0.0,	0.0,	-0.0,	1.0
316,	5.0,	2.5,	0.0,	0.0,	-0.0,	1.0
317,	6.0,	2.5,	0.0,	0.0,	-0.0,	1.0
318,	7.0,	2.5,	0.0,	0.0,	-0.0,	1.0
319,	8.0,	2.5,	0.0,	0.0,	-0.0,	1.0
320,	9.0,	2.5,	0.0,	0.0,	-0.0,	1.0
321,	10.0,	2.5,	0.0,	0.0,	-0.0,	1.0
322,	11.0,	2.5,	0.0,	0.0,	-0.0,	1.0
323,	12.0,	2.5,	0.0,	0.0,	-0.0,	1.0
324,	13.0,	2.5,	0.0,	0.0,	-0.0,	1.0
325,	14.0,	2.5,	0.0,	0.0,	-0.0,	1.0
326,	15.0,	2.5,	0.0,	0.0,	-0.0,	1.0
327,	16.0,	2.5,	0.0,	0.0,	-0.0,	1.0
328,	17.0,	2.5,	0.0,	0.0,	-0.0,	1.0
329,	18.0,	2.5,	0.0,	0.0,	-0.0,	1.0
330,	19.0,	2.5,	0.0,	0.0,	-0.0,	1.0
331,	20.0,	2.5,	0.0,	0.0,	-0.0,	1.0
332,	21.0,	2.5,	0.0,	0.0,	-0.0,	1.0
333,	22.0,	2.5,	0.0,	0.0,	-0.0,	1.0
334,	23.0,	2.5,	0.0,	0.0,	-0.0,	1.0
335,	24.0,	2.5,	0.0,	0.0,	-0.0,	1.0
336,	25.0,	2.5,	0.0,	0.0,	-0.0,	1.0
337,	26.0,	2.5,	0.0,	0.0,	-0.0,	1.0
338,	27.0,	2.5,	0.0,	0.0,	-0.0,	1.0
339,	28.0,	2.5,	0.0,	0.0,	-0.0,	1.0
340,	29.0,	2.5,	0.0,	0.0,	-0.0,	1.0
341,	30.0,	2.5,	0.0,	0.0,	-0.0,	1.0
342,	0.0,	3.5,	0.0,	0.0,	-0.0,	1.0
343,	1.0,	3.5,	0.0,	0.0,	-0.0,	1.0
344,	2.0,	3.5,	0.0,	0.0,	-0.0,	1.0
345,	3.0,	3.5,	0.0,	0.0,	-0.0,	1.0
346,	4.0,	3.5,	0.0,	0.0,	-0.0,	1.0
347,	5.0,	3.5,	0.0,	0.0,	-0.0,	1.0
348,	6.0,	3.5,	0.0,	0.0,	-0.0,	1.0
349,	7.0,	3.5,	0.0,	0.0,	-0.0,	1.0
350,	8.0,	3.5,	0.0,	0.0,	-0.0,	1.0
351,	9.0,	3.5,	0.0,	0.0,	-0.0,	1.0
352,	10.0,	3.5,	0.0,	0.0,	-0.0,	1.0
353,	11.0,	3.5,	0.0,	0.0,	-0.0,	1.0
354,	12.0,	3.5,	0.0,	0.0,	-0.0,	1.0
355,	13.0,	3.5,	0.0,	0.0,	-0.0,	1.0
356,	14.0,	3.5,	0.0,	0.0,	-0.0,	1.0
357,	15.0,	3.5,	0.0,	0.0,	-0.0,	1.0
358,	16.0,	3.5,	0.0,	0.0,	-0.0,	1.0
359,	17.0,	3.5,	0.0,	0.0,	-0.0,	1.0
360,	18.0,	3.5,	0.0,	0.0,	-0.0,	1.0
361,	19.0,	3.5,	0.0,	0.0,	-0.0,	1.0
362,	20.0,	3.5,	0.0,	0.0,	-0.0,	1.0
363,	21.0,	3.5,	0.0,	0.0,	-0.0,	1.0
364,	22.0,	3.5,	0.0,	0.0,	-0.0,	1.0
365,	23.0,	3.5,	0.0,	0.0,	-0.0,	1.0
366,	24.0,	3.5,	0.0,	0.0,	-0.0,	1.0
367,	25.0,	3.5,	0.0,	0.0,	-0.0,	1.0
368,	26.0,	3.5,	0.0,	0.0,	-0.0,	1.0
369,	27.0,	3.5,	0.0,	0.0,	-0.0,	1.0
370,	28.0,	3.5,	0.0,	0.0,	-0.0,	1.0
371,	29.0,	3.5,	0.0,	0.0,	-0.0,	1.0
372,	30.0,	3.5,	0.0,	0.0,	-0.0,	1.0
373,	0.0,	4.5,	0.0,	0.0,	-0.0,	1.0
374,	1.0,	4.5,	0.0,	0.0,	-0.0,	1.0
375,	2.0,	4.5,	0.0,	0.0,	-0.0,	1.0
376,	3.0,	4.5,	0.0,	0.0,	-0.0,	1.0
377,	4.0,	4.5,	0.0,	0.0,	-0.0,	1.0
378,	5.0,	4.5,	0.0,	0.0,	-0.0,	1.0
379,	6.0,	4.5,	0.0,	0.0,	-0.0,	1.0
380,	7.0,	4.5,	0.0,	0.0,	-0.0,	1.0
381,	8.0,	4.5,	0.0,	0.0,	-0.0,	1.0
382,	9.0,	4.5,	0.0,	0.0,	-0.0,	1.0
383,	10.0,	4.5,	0.0,	0.0,	-0.0,	1.0
384,	11.0,	4.5,	0.0,	0.0,	-0.0,	1.0
385,	12.0,	4.5,	0.0,	0.0,	-0.0,	1.0
386,	13.0,	4.5,	0.0,	0.0,	-0.0,	1.0
387,	14.0,	4.5,	0.0,	0.0,	-0.0,	1.0
388,	15.0,	4.5,	0.0,	0.0,	-0.0,	1.0
389,	16.0,	4.5,	0.0,	0.0,	-0.0,	1.0
390,	17.0,	4.5,	0.0,	0.0,	-0.0,	1.0
391,	18.0,	4.5,	0.0,	0.0,	-0.0,	1.0
392,	19.0,	4.5,	0.0,	0.0,	-0.0,	1.0
393,	20.0,	4.5,	0.0,	0.0,	-0.0,	1.0
394,	21.0,	4.5,	0.0,	0.0,	-0.0,	1.0
395,	22.0,	4.5,	0.0,	0.0,	-0.0,	1.0
396,	23.0,	4.5,	0.0,	0.0,	-0.0,	1.0
397,	24.0,	4.5,	0.0,	0.0,	-0.0,	1.0
398,	25.0,	4.5,	0.0,	0.0,	-0.0,	1.0
399,	26.0,	4.5,	0.0,	0.0,	-0.0,	1.0
400,	27.0,	4.5,	0.0,	0.0,	-0.0,	1.0
401,	28.0,	4.5,	0.0,	0.0,	-0.0,	1.0
402,	29.0,	4.5,	0.0,	0.0,	-0.0,	1.0
403,	30.0,	4.5,	0.0,	0.0,	-0.0,	1.0
404,	0.0,	5.5,	0.0,	0.0,	-0.0,	1.0
405,	1.0,	5.5,	0.0,	0.0,	-0.0,	1.0
406,	2.0,	5.5,	0.0,	0.0,	-0.0,	1.0
407,	3.0,	5.5,	0.0,	0.0,	-0.0,	1.0
408,	4.0,	5.5,	0.0,	0.0,	-0.0,	1.0
409,	5.0,	5.5,	0.0,	0.0,	-0.0,	1.0
410,	6.0,	5.5,	0.0,	0.0,	-0.0,	1.0
411,	7.0,	5.5,	0.0,	0.0,	-0.0,	1.0
412,	8.0,	5.5,	0.0,	0.0,	-0.0,	1.0
413,	9.0,	5.5,	0.0,	0.0,	-0.0,	1.0
414,	10.0,	5.5,	0.0,	0.0,	-0.0,	1.0
415,	11.0,	5.5,	0.0,	0.0,	-0.0,	1.0
416,	12.0,	5.5,	0.0,	0.0,	-0.0,	1.0
417,	13.0,	5.5,	0.0,	0.0,	-0.0,	1.0
418,	14.0,	5.5,	0.0,	0.0,	-0.0,	1.0
419,	15.0,	5.5,	0.0,	0.0,	-0.0,	1.0
420,	16.0,	5.5,	0.0,	0.0,	-0.0,	1.0
421,	17.0,	5.5,	0.0,	0.0,	-0.0,	1.0
422,	18.0,	5.5,	0.0,	0.0,	-0.0,	1.0
423,	19.0,	5.5,	0.0,	0.0,	-0.0,	1.0
424,	20.0,	5.5,	0.0,	0.0,	-0.0,	1.0
425,	21.0,	5.5,	0.0,	0.0,	-0.0,	1.0
426,	22.0,	5.5,	0.0,	0.0,	-0.0,	1.0
427,	23.0,	5.5,	0.0,	0.0,	-0.0,	1.0
428,	24.0,	5.5,	0.0,	0.0,	-0.0,	1.0
429,	25.0,	5.5,	0.0,	0.0,	-0.0,	1.0
430,	26.0,	5.5,	0.0,	0.0,	-0.0,	1.0
431,	27.0,	5.5,	0.0,	0.0,	-0.0,	1.0
432,	28.0,	5.5,	0.0,	0.0,	-0.0,	1.0
433,	29.0,	5.5,	0.0,	0.0,	-0.0,	1.0
434,	30.0,	5.5,	0.0,	0.0,	-0.0,	1.0
435,	0.0,	6.5,	0.0,	0.0,	-0.0,	1.0
436,	1.0,	6.5,	0.0,	0.0,	-0.0,	1.0
437,	2.0,	6.5,	0.0,	0.0,	-0.0,	1.0
438,	3.0,	6.5,	0.0,	0.0,	-0.0,	1.0
439,	4.0,	6.5,	0.0,	0.0,	-0.0,	1.0
440,	5.0,	6.5,	0.0,	0.0,	-0.0,	1.0
441,	6.0,	6.5,	0.0,	0.0,	-0.0,	1.0
442,	7.0,	6.5,	0.0,	0.0,	-0.0,	1.0
443,	8.0,	6.5,	0.0,	0.0,	-0.0,	1.0
444,	9.0,	6.5,	0.0,	0.0,	-0.0,	1.0
445,	10.0,	6.5,	0.0,	0.0,	-0.0,	1.0
446,	11.0,	6.5,	0.0,	0.0,	-0.0,	1.0
447,	12.0,	6.5,	0.0,	0.0,	-0.0,	1.0
448,	13.0,	6.5,	0.0,	0.0,	-0.0,	1.0
449,	14.0,	6.5,	0.0,	0.0,	-0.0,	1.0
450,	15.0,	6.5,	0.0,	0.0,	-0.0,	1.0
451,	16.0,	6.5,	0.0,	0.0,	-0.0,	1.0
452,	17.0,	6.5,	0.0,	0.0,	-0.0,	1.0
453,	18.0,	6.5,	0.0,	0.0,	-0.0,	1.0
454,	19.0,	6.5,	0.0,	0.0,	-0.0,	1.0
455,	20.0,	6.5,	0.0,	0.0,	-0.0,	1.0
456,	21.0,	6.5,	0.0,	0.0,	-0.0,	1.0
457,	22.0,	6.5,	0.0,	0.0,	-0.0,	1.0
458,	23.0,	6.5,	0.0,	0.0,	-0.0,	1.0
459,	24.0,	6.5,	0.0,	0.0,	-0.0,	1.0
460,	25.0,	6.5,	0.0,	0.0,	-0.0,	1.0
461,	26.0,	6.5,	0.0,	0.0,	-0.0,	1.0
462,	27.0,	6.5,	0.0,	0.0,	-0.0,	1.0
463,	28.0,	6.5,	0.0,	0.0,	-0.0,	1.0
464,	29.0,	6.5,	0.0,	0.0,	-0.0,	1.0
465,	30.0,	6.5,	0.0,	0.0,	-0.0,	1.0
466,	0.0,	7.5,	0.0,	0.0,	-0.0,	1.0
467,	1.0,	7.5,	0.0,	0.0,	-0.0,	1.0
468,	2.0,	7.5,	0.0,	0.0,	-0.0,	1.0
469,	3.0,	7.5,	0.0,	0.0,	-0.0,	1.0
470,	4.0,	7.5,	0.0,	0.0,	-0.0,	1.0
471,	5.0,	7.5,	0.0,	0.0,	-0.0,	1.0
472,	6.0,	7.5,	0.0,	0.0,	-0.0,	1.0
473,	7.0,	7.5,	0.0,	0.0,	-0.0,	1.0
474,	8.0,	7.5,	0.0,	0.0,	-0.0,	1.0
475,	9.0,	7.5,	0.0,	0.0,	-0.0,	1.0
476,	10.0,	7.5,	0.0,	0.0,	-0.0,	1.0
477,	11.0,	7.5,	0.0,	0.0,	-0.0,	1.0
478,	12.0,	7.5,	0.0,	0.0,	-0.0,	1.0
479,	13.0,	7.5,	0.0,	0.0,	-0.0,	1.0
480,	14.0,	7.5,	0.0,	0.0,	-0.0,	1.0
481,	15.0,	7.5,	0.0,	0.0,	-0.0,	1.0
482,	16.0,	7.5,	0.0,	0.0,	-0.0,	1.0
483,	17.0,	7.5,	0.0,	0.0,	-0.0,	1.0
484,	18.0,	7.5,	0.0,	0.0,	-0.0,	1.0
485,	19.0,	7.5,	0.0,	0.0,	-0.0,	1.0
486,	20.0,	7.5,	0.0,	0.0,	-0.0,	1.0
487,	21.0,	7.5,	0.0,	0.0,	-0.0,	1.0
488,	22.0,	7.5,	0.0,	0.0,	-0.0,	1.0
489,	23.0,	7.5,	0.0,	0.0,	-0.0,	1.0
490,	24.0,	7.5,	0.0,	0.0,	-0.0,	1.0
491,	25.0,	7.5,	0.0,	0.0,	-0.0,	1.0
492,	26.0,	7.5,	0.0,	0.0,	-0.0,	1.0
493,	27.0,	7.5,	0.0,	0.0,	-0.0,	1.0
494,	28.0,	7.5,	0.0,	0.0,	-0.0,	1.0
495,	29.0,	7.5,	0.0,	0.0,	-0.0,	1.0
496,	30.0,	7.5,	0.0,	0.0,	-0.0,	1.0
497,	0.0,	-3.0,	3.0,	0.0,	-0.0,	1.0
498,	1.0,	-3.0,	3.0,	0.0,	-0.0,	1.0
499,	2.0,	-3.0,	3.0,	0.0,	-0.0,	1.0
500,	3.0,	-3.0,	3.0,	0.0,	-0.0,	1.0
501,	4.0,	-3.0,	3.0,	0.0,	-0.0,	1.0
502,	5.0,	-3.0,	3.0,	0.0,	-0.0,	1.0
503,	6.0,	-3.0,	3.0,	0.0,	-0.0,	1.0
504,	7.0,	-3.0,	3.0,	0.0,	-0.0,	1.0
505,	8.0,	-3.0,	3.0,	0.0,	-0.0,	1.0
506,	9.0,	-3.0,	3.0,	0.0,	-0.0,	1.0
507,	10.0,	-3.0,	3.0,	0.0,	-0.0,	1.0
508,	11.0,	-3.0,	3.0,	0.0,	-0.0,	1.0
509,	12.0,	-3.0,	3.0,	0.0,	-0.0,	1.0
510,	13.0,	-3.0,	3.0,	0.0,	-0.0,	1.0
511,	14.0,	-3.0,	3.0,	0.0,	-0.0,	1.0
512,	15.0,	-3.0,	3.0,	0.0,	-0.0,	1.0
513,	16.0,	-3.0,	3.0,	0.0,	-0.0,	1.0
514,	17.0,	-3.0,	3.0,	0.0,	-0.0,	1.0
515,	18.0,	-3.0,	3.0,	0.0,	-0.0,	1.0
516,	19.0,	-3.0,	3.0,	0.0,	-0.0,	1.0
517,	20.0,	-3.0,	3.0,	0.0,	-0.0,	1.0
518,	21.0,	-3.0,	3.0,	0.0,	-0.0,	1.0
519,	22.0,	-3.0,	3.0,	0.0,	-0.0,	1.0
520,	23.0,	-3.0,	3.0,	0.0,	-0.0,	1.0
521,	24.0,	-3.0,	3.0,	0.0,	-0.0,	1.0
522,	25.0,	-3.0,	3.0,	0.0,	-0.0,	1.0
523,	26.0,	-3.0,	3.0,	0.0,	-0.0,	1.0
524,	27.0,	-3.0,	3.0,	0.0,	-0.0,	1.0
525,	28.0,	-3.0,	3.0,	0.0,	-0.0,	1.0
526,	29.0,	-3.0,	3.0,	0.0,	-0.0,	1.0
527,	30.0,	-3.0,	3.0,	0.0,	-0.0,	1.0
528,	0.0,	-2.0,	3.0,	0.0,	-0.0,	1.0
529,	1.0,	-2.0,	3.0,	0.0,	-0.0,	1.0
530,	2.0,	-2.0,	3.0,	0.0,	-0.0,	1.0
531,	3.0,	-2.0,	3.0,	0.0,	-0.0,	1.0
532,	4.0,	-2.0,	3.0,	0.0,	-0.0,	1.0
533,	5.0,	-2.0,	3.0,	0.0,	-0.0,	1.0
534,	6.0,	-2.0,	3.0,	0.0,	-0.0,	1.0
535,	7.0,	-2.0,	3.0,	0.0,	-0.0,	1.0
536,	8.0,	-2.0,	3.0,	0.0,	-0.0,	1.0
537,	9.0,	-2.0,	3.0,	0.0,	-0.0,	1.0
538,	10.0,	-2.0,	3.0,	0.0,	-0.0,	1.0
539,	11.0,	-2.0,	3.0,	0.0,	-0.0,	1.0
540,	12.0,	-2.0,	3.0,	0.0,	-0.0,	1.0
541,	13.0,	-2.0,	3.0,	0.0,	-0.0,	1.0
542,	14.0,	-2.0,	3.0,	0.0,	-0.0,	1.0
543,	15.0,	-2.0,	3.0,	0.0,	-0.0,	1.0
544,	16.0,	-2.0,	3.0,	0.0,	-0.0,	1.0
545,	17.0,	-2.0,	3.0,	0.0,	-0.0,	1.0
546,	18.0,	-2.0,	3.0,	0.0,	-0.0,	1.0
547,	19.0,	-2.0,	3.0,	0.0,	-0.0,	1.0
548,	20.0,	-2.0,	3.0,	0.0,	-0.0,	1.0
549,	21.0,	-2.0,	3.0,	0.0,	-0.0,	1.0
550,	22.0,	-2.0,	3.0,	0.0,	-0.0,	1.0
551,	23.0,	-2.0,	3.0,	0.0,	-0.0,	1.0
552,	24.0,	-2.0,	3.0,	0.0,	-0.0,	1.0
553,	25.0,	-2.0,	3.0,	0.0,	-0.0,	1.0
554,	26.0,	-2.0,	3.0,	0.0,	-0.0,	1.0
555,	27.0,	-2.0,	3.0,	0.0,	-0.0,	1.0
556,	28.0,	-2.0,	3.0,	0.0,	-0.0,	1.0
557,	29.0,	-2.0,	3.0,	0.0,	-0.0,	1.0
558,	30.0,	-2.0,	3.0,	0.0,	-0.0,	1.0
559,	0.0,	-1.0,	3.0,	0.0,	-0.0,	1.0
560,	1.0,	-1.0,	3.0,	0.0,	-0.0,	1.0
561,	2.0,	-1.0,	3.0,	0.0,	-0.0,	1.0
562,	3.0,	-1.0,	3.0,	0.0,	-0.0,	1.0
563,	4.0,	-1.0,	3.0,	0.0,	-0.0,	1.0
564,	5.0,	-1.0,	3.0,	0.0,	-0.0,	1.0
565,	6.0,	-1.0,	3.0,	0.0,	-0.0,	1.0
566,	7.0,	-1.0,	3.0,	0.0,	-0.0,	1.0
567,	8.0,	-1.0,	3.0,	0.0,	-0.0,	1.0
568,	9.0,	-1.0,	3.0,	0.0,	-0.0,	1.0
569,	10.0,	-1.0,	3.0,	0.0,	-0.0,	1.0
570,	11.0,	-1.0,	3.0,	0.0,	-0.0,	1.0
571,	12.0,	-1.0,	3.0,	0.0,	-0.0,	1.0
572,	13.0,	-1.0,	3.0,	0.0,	-0.0,	1.0
573,	14.0,	-1.0,	3.0,	0.0,	-0.0,	1.0
574,	15.0,	-1.0,	3.0,	0.0,	-0.0,	1.0
575,	16.0,	-1.0,	3.0,	0.0,	-0.0,	1.0
576,	17.0,	-1.0,	3.0,	0.0,	-0.0,	1.0
577,	18.0,	-1.0,	3.0,	0.0,	-0.0,	1.0
578,	19.0,	-1.0,	3.0,	0.0,	-0.0,	1.0
579,	20.0,	-1.0,	3.0,	0.0,	-0.0,	1.0
580,	21.0,	-1.0,	3.0,	0.0,	-0.0,	1.0
581,	22.0,	-1.0,	3.0,	0.0,	-0.0,	1.0
582,	23.0,	-1.0,	3.0,	0.0,	-0.0,	1.0
583,	24.0,	-1.0,	3.0,	0.0,	-0.0,	1.0
584,	25.0,	-1.0,	3.0,	0.0,	-0.0,	1.0
585,	26.0,	-1.0,	3.0,	0.0,	-0.0,	1.0
586,	27.0,	-1.0,	3.0,	0.0,	-0.0,	1.0
587,	28.0,	-1.0,	3.0,	0.0,	-0.0,	1.0
588,	29.0,	-1.0,	3.0,	0.0,	-0.0,	1.0
589,	30.0,	-1.0,	3.0,	0.0,	-0.0,	1.0
590,	0.0,	0.0,	3.0,	0.0,	-0.0,	1.0
591,	1.0,	0.0,	3.0,	0.0,	-0.0,	1.0
592,	2.0,	0.0,	3.0,	0.0,	-0.0,	1.0
593,	3.0,	0.0,	3.0,	0.0,	-0.0,	1.0
594,	4.0,	0.0,	3.0,	0.0,	-0.0,	1.0
595,	5.0,	0.0,	3.0,	0.0,	-0.0,	1.0
596,	6.0,	0.0,	3.0,	0.0,	-0.0,	1.0
597,	7.0,	0.0,	3.0,	0.0,	-0.0,	1.0
598,	8.0,	0.0,	3.0,	0.0,	-0.0,	1.0
599,	9.0,	0.0,	3.0,	0.0,	-0.0,	1.0
600,	10.0,	0.0,	3.0,	0.0,	-0.0,	1.0
601,	11.0,	0.0,	3.0,	0.0,	-0.0,	1.0
602,	12.0,	0.0,	3.0,	0.0,	-0.0,	1.0
603,	13.0,	0.0,	3.0,	0.0,	-0.0,	1.0
604,	14.0,	0.0,	3.0,	0.0,	-0.0,	1.0
605,	15.0,	0.0,	3.0,	0.0,	-0.0,	1.0
606,	16.0,	0.0,	3.0,	0.0,	-0.0,	1.0
607,	17.0,	0.0,	3.0,	0.0,	-0.0,	1.0
608,	18.0,	0.0,	3.0,	0.0,	-0.0,	1.0
609,	19.0,	0.0,	3.0,	0.0,	-0.0,	1.0
610,	20.0,	0.0,	3.0,	0.0,	-0.0,	1.0
611,	21.0,	0.0,	3.0,	0.0,	-0.0,	1.0
612,	22.0,	0.0,	3.0,	0.0,	-0.0,	1.0
613,	23.0,	0.0,	3.0,	0.0,	-0.0,	1.0
614,	24.0,	0.0,	3.0,	0.0,	-0.0,	1.0
615,	25.0,	0.0,	3.0,	0.0,	-0.0,	1.0
616,	26.0,	0.0,	3.0,	0.0,	-0.0,	1.0
617,	27.0,	0.0,	3.0,	0.0,	-0.0,	1.0
618,	28.0,	0.0,	3.0,	0.0,	-0.0,	1.0
619,	29.0,	0.0,	3.0,	0.0,	-0.0,	1.0
620,	30.0,	0.0,	3.0,	0.0,	-0.0,	1.0
621,	0.0,	1.0,	3.0,	0.0,	-0.0,	1.0
622,	1.0,	1.0,	3.0,	0.0,	-0.0,	1.0
623,	2.0,	1.0,	3.0,	0.0,	-0.0,	1.0
624,	3.0,	1.0,	3.0,	0.0,	-0.0,	1.0
625,	4.0,	1.0,	3.0,	0.0,	-0.0,	1.0
626,	5.0,	1.0,	3.0,	0.0,	-0.0,	1.0
627,	6.0,	1.0,	3.0,	0.0,	-0.0,	1.0
628,	7.0,	1.0,	3.0,	0.0,	-0.0,	1.0
629,	8.0,	1.0,	3.0,	0.0,	-0.0,	1.0
630,	9.0,	1.0,	3.0,	0.0,	-0.0,	1.0
631,	10.0,	1.0,	3.0,	0.0,	-0.0,	1.0
632,	11.0,	1.0,	3.0,	0.0,	-0.0,	1.0
633,	12.0,	1.0,	3.0,	0.0,	-0.0,	1.0
634,	13.0,	1.0,	3.0,	0.0,	-0.0,	1.0
635,	14.0,	1.0,	3.0,	0.0,	-0.0,	1.0
636,	15.0,	1.0,	3.0,	0.0,	-0.0,	1.0
637,	16.0,	1.0,	3.0,	0.0,	-0.0,	1.0
638,	17.0,	1.0,	3.0,	0.0,	-0.0,	1.0
639,	18.0,	1.0,	3.0,	0.0,	-0.0,	1.0
640,	19.0,	1.0,	3.0,	0.0,	-0.0,	1.0
641,	20.0,	1.0,	3.0,	0.0,	-0.0,	1.0
642,	21.0,	1.0,	3.0,	0.0,	-0.0,	1.0
643,	22.0,	1.0,	3.0,	0.0,	-0.0,	1.0
644,	23.0,	1.0,	3.0,	0.0,	-0.0,	1.0
645,	24.0,	1.0,	3.0,	0.0,	-0.0,	1.0
646,	25.0,	1.0,	3.0,	0.0,	-0.0,	1.0
647,	26.0,	1.0,	3.0,	0.0,	-0.0,	1.0
648,	27.0,	1.0,	3.0,	0.0,	-0.0,	1.0
649,	28.0,	1.0,	3.0,	0.0,	-0.0,	1.0
650,	29.0,	1.0,	3.0,	0.0,	-0.0,	1.0
651,	30.0,	1.0,	3.0,	0.0,	-0.0,	1.0
652,	0.0,	2.0,	3.0,	0.0,	-0.0,	1.0
653,	1.0,	2.0,	3.0,	0.0,	-0.0,	1.0
654,	2.0,	2.0,	3.0,	0.0,	-0.0,	1.0
655,	3.0,	2.0,	3.0,	0.0,	-0.0,	1.0
656,	4.0,	2.0,	3.0,	0.0,	-0.0,	1.0
657,	5.0,	2.0,	3.0,	0.0,	-0.0,	1.0
658,	6.0,	2.0,	3.0,	0.0,	-0.0,	1.0
659,	7.0,	2.0,	3.0,	0.0,	-0.0,	1.0
660,	8.0,	2.0,	3.0,	0.0,	-0.0,	1.0
661,	9.0,	2.0,	3.0,	0.0,	-0.0,	1.0
662,	10.0,	2.0,	3.0,	0.0,	-0.0,	1.0
663,	11.0,	2.0,	3.0,	0.0,	-0.0,	1.0
664,	12.0,	2.0,	3.0,	0.0,	-0.0,	1.0
665,	13.0,	2.0,	3.0,	0.0,	-0.0,	1.0
666,	14.0,	2.0,	3.0,	0.0,	-0.0,	1.0
667,	15.0,	2.0,	3.0,	0.0,	-0.0,	1.0
668,	16.0,	2.0,	3.0,	0.0,	-0.0,	1.0
669,	17.0,	2.0,	3.0,	0.0,	-0.0,	1.0
670,	18.0,	2.0,	3.0,	0.0,	-0.0,	1.0
671,	19.0,	2.0,	3.0,	0.0,	-0.0,	1.0
672,	20.0,	2.0,	3.0,	0.0,	-0.0,	1.0
673,	21.0,	2.0,	3.0,	0.0,	-0.0,	1.0
674,	22.0,	2.0,	3.0,	0.0,	-0.0,	1.0
675,	23.0,	2.0,	3.0,	0.0,	-0.0,	1.0
676,	24.0,	2.0,	3.0,	0.0,	-0.0,	1.0
677,	25.0,	2.0,	3.0,	0.0,	-0.0,	1.0
678,	26.0,	2.0,	3.0,	0.0,	-0.0,	1.0
679,	27.0,	2.0,	3.0,	0.0,	-0.0,	1.0
680,	28.0,	2.0,	3.0,	0.0,	-0.0,	1.0
681,	29.0,	2.0,	3.0,	0.0,	-0.0,	1.0
682,	30.0,	2.0,	3.0,	0.0,	-0.0,	1.0
683,	0.0,	3.0,	3.0,	0.0,	-0.0,	1.0
684,	1.0,	3.0,	3.0,	0.0,	-0.0,	1.0
685,	2.0,	3.0,	3.0,	0.0,	-0.0,	1.0
686,	3.0,	3.0,	3.0,	0.0,	-0.0,	1.0
687,	4.0,	3.0,	3.0,	0.0,	-0.0,	1.0
688,	5.0,	3.0,	3.0,	0.0,	-0.0,	1.0
689,	6.0,	3.0,	3.0,	0.0,	-0.0,	1.0
690,	7.0,	3.0,	3.0,	0.0,	-0.0,	1.0
691,	8.0,	3.0,	3.0,	0.0,	-0.0,	1.0
692,	9.0,	3.0,	3.0,	0.0,	-0.0,	1.0
693,	10.0,	3.0,	3.0,	0.0,	-0.0,	1.0
694,	11.0,	3.0,	3.0,	0.0,	-0.0,	1.0
695,	12.0,	3.0,	3.0,	0.0,	-0.0,	1.0
696,	13.0,	3.0,	3.0,	0.0,	-0.0,	1.0
697,	14.0,	3.0,	3.0,	0.0,	-0.0,	1.0
698,	15.0,	3.0,	3.0,	0.0,	-0.0,	1.0
699,	16.0,	3.0,	3.0,	0.0,	-0.0,	1.0
700,	17.0,	3.0,	3.0,	0.0,	-0.0,	1.0
701,	18.0,	3.0,	3.0,	0.0,	-0.0,	1.0
702,	19.0,	3.0,	3.0,	0.0,	-0.0,	1.0
703,	20.0,	3.0,	3.0,	0.0,	-0.0,	1.0
704,	21.0,	3.0,	3.0,	0.0,	-0.0,	1.0
705,	22.0,	3.0,	3.0,	0.0,	-0.0,	1.0
706,	23.0,	3.0,	3.0,	0.0,	-0.0,	1.0
707,	24.0,	3.0,	3.0,	0.0,	-0.0,	1.0
708,	25.0,	3.0,	3.0,	0.0,	-0.0,	1.0
709,	26.0,	3.0,	3.0,	0.0,	-0.0,	1.0
710,	27.0,	3.0,	3.0,	0.0,	-0.0,	1.0
711,	28.0,	3.0,	3.0,	0.0,	-0.0,	1.0
712,	29.0,	3.0,	3.0,	0.0,	-0.0,	1.0
713,	30.0,	3.0,	3.0,	0.0,	-0.0,	1.0
714,	0.0,	-4.875,	0.75,	0.0,	-3.0,	2.5
715,	1.0,	-4.875,	0.75,	0.0,	-3.0,	2.5
716,	2.0,	-4.875,	0.75,	0.0,	-3.0,	2.5
717,	3.0,	-4.875,	0.75,	0.0,	-3.0,	2.5
718,	4.0,	-4.875,	0.75,	0.0,	-3.0,	2.5
719,	5.0,	-4.875,	0.75,	0.0,	-3.0,	2.5
720,	6.0,	-4.875,	0.75,	0.0,	-3.0,	2.5
721,	7.0,	-4.875,	0.75,	0.0,	-3.0,	2.5
722,	8.0,	-4.875,	0.75,	0.0,	-3.0,	2.5
723,	9.0,	-4.875,	0.75,	0.0,	-3.0,	2.5
724,	10.0,	-4.875,	0.75,	0.0,	-3.0,	2.5
725,	11.0,	-4.875,	0.75,	0.0,	-3.0,	2.5
726,	12.0,	-4.875,	0.75,	0.0,	-3.0,	2.5
727,	13.0,	-4.875,	0.75,	0.0,	-3.0,	2.5
728,	14.0,	-4.875,	0.75,	0.0,	-3.0,	2.5
729,	15.0,	-4.875,	0.75,	0.0,	-3.0,	2.5
730,	16.0,	-4.875,	0.75,	0.0,	-3.0,	2.5
731,	17.0,	-4.875,	0.75,	0.0,	-3.0,	2.5
732,	18.0,	-4.875,	0.75,	0.0,	-3.0,	2.5
733,	19.0,	-4.875,	0.75,	0.0,	-3.0,	2.5
734,	20.0,	-4.875,	0.75,	0.0,	-3.0,	2.5
735,	21.0,	-4.875,	0.75,	0.0,	-3.0,	2.5
736,	22.0,	-4.875,	0.75,	0.0,	-3.0,	2.5
737,	23.0,	-4.875,	0.75,	0.0,	-3.0,	2.5
738,	24.0,	-4.875,	0.75,	0.0,	-3.0,	2.5
739,	25.0,	-4.875,	0.75,	0.0,	-3.0,	2.5
740,	26.0,	-4.875,	0.75,	0.0,	-3.0,	2.5
741,	27.0,	-4.875,	0.75,	0.0,	-3.0,	2.5
742,	28.0,	-4.875,	0.75,	0.0,	-3.0,	2.5
743,	29.0,	-4.875,	0.75,	0.0,	-3.0,	2.5
744,	30.0,	-4.875,	0.75,	0.0,	-3.0,	2.5
745,	0.0,	-4.25,	1.5,	0.0,	-3.0,	2.5
746,	1.0,	-4.25,	1.5,	0.0,	-3.0,	2.5
747,	2.0,	-4.25,	1.5,	0.0,	-3.0,	2.5
748,	3.0,	-4.25,	1.5,	0.0,	-3.0,	2.5
749,	4.0,	-4.25,	1.5,	0.0,	-3.0,	2.5
750,	5.0,	-4.25,	1.5,	0.0,	-3.0,	2.5
751,	6.0,	-4.25,	1.5,	0.0,	-3.0,	2.5
752,	7.0,	-4.25,	1.5,	0.0,	-3.0,	2.5
753,	8.0,	-4.25,	1.5,	0.0,	-3.0,	2.5
754,	9.0,	-4.25,	1.5,	0.0,	-3.0,	2.5
755,	10.0,	-4.25,	1.5,	0.0,	-3.0,	2.5
756,	11.0,	-4.25,	1.5,	0.0,	-3.0,	2.5
757,	12.0,	-4.25,	1.5,	0.0,	-3.0,	2.5
758,	13.0,	-4.25,	1.5,	0.0,	-3.0,	2.5
759,	14.0,	-4.25,	1.5,	0.0,	-3.0,	2.5
760,	15.0,	-4.25,	1.5,	0.0,	-3.0,	2.5
761,	16.0,	-4.25,	1.5,	0.0,	-3.0,	2.5
762,	17.0,	-4.25,	1.5,	0.0,	-3.0,	2.5
763,	18.0,	-4.25,	1.5,	0.0,	-3.0,	2.5
764,	19.0,	-4.25,	1.5,	0.0,	-3.0,	2.5
765,	20.0,	-4.25,	1.5,	0.0,	-3.0,	2.5
766,	21.0,	-4.25,	1.5,	0.0,	-3.0,	2.5
767,	22.0,	-4.25,	1.5,	0.0,	-3.0,	2.5
768,	23.0,	-4.25,	1.5,	0.0,	-3.0,	2.5
769,	24.0,	-4.25,	1.5,	0.0,	-3.0,	2.5
770,	25.0,	-4.25,	1.5,	0.0,	-3.0,	2.5
771,	26.0,	-4.25,	1.5,	0.0,	-3.0,	2.5
772,	27.0,	-4.25,	1.5,	0.0,	-3.0,	2.5
773,	28.0,	-4.25,	1.5,	0.0,	-3.0,	2.5
774,	29.0,	-4.25,	1.5,	0.0,	-3.0,	2.5
775,	30.0,	-4.25,	1.5,	0.0,	-3.0,	2.5
776,	0.0,	-3.625,	2.25,	0.0,	-3.0,	2.5
777,	1.0,	-3.625,	2.25,	0.0,	-3.0,	2.5
778,	2.0,	-3.625,	2.25,	0.0,	-3.0,	2.5
779,	3.0,	-3.625,	2.25,	0.0,	-3.0,	2.5
780,	4.0,	-3.625,	2.25,	0.0,	-3.0,	2.5
781,	5.0,	-3.625,	2.25,	0.0,	-3.0,	2.5
782,	6.0,	-3.625,	2.25,	0.0,	-3.0,	2.5
783,	7.0,	-3.625,	2.25,	0.0,	-3.0,	2.5
784,	8.0,	-3.625,	2.25,	0.0,	-3.0,	2.5
785,	9.0,	-3.625,	2.25,	0.0,	-3.0,	2.5
786,	10.0,	-3.625,	2.25,	0.0,	-3.0,	2.5
787,	11.0,	-3.625,	2.25,	0.0,	-3.0,	2.5
788,	12.0,	-3.625,	2.25,	0.0,	-3.0,	2.5
789,	13.0,	-3.625,	2.25,	0.0,	-3.0,	2.5
790,	14.0,	-3.625,	2.25,	0.0,	-3.0,	2.5
791,	15.0,	-3.625,	2.25,	0.0,	-3.0,	2.5
792,	16.0,	-3.625,	2.25,	0.0,	-3.0,	2.5
793,	17.0,	-3.625,	2.25,	0.0,	-3.0,	2.5
794,	18.0,	-3.625,	2.25,	0.0,	-3.0,	2.5
795,	19.0,	-3.625,	2.25,	0.0,	-3.0,	2.5
796,	20.0,	-3.625,	2.25,	0.0,	-3.0,	2.5
797,	21.0,	-3.625,	2.25,	0.0,	-3.0,	2.5
798,	22.0,	-3.625,	2.25,	0.0,	-3.0,	2.5
799,	23.0,	-3.625,	2.25,	0.0,	-3.0,	2.5
800,	24.0,	-3.625,	2.25,	0.0,	-3.0,	2.5
801,	25.0,	-3.625,	2.25,	0.0,	-3.0,	2.5
802,	26.0,	-3.625,	2.25,	0.0,	-3.0,	2.5
803,	27.0,	-3.625,	2.25,	0.0,	-3.0,	2.5
804,	28.0,	-3.625,	2.25,	0.0,	-3.0,	2.5
805,	29.0,	-3.625,	2.25,	0.0,	-3.0,	2.5
806,	30.0,	-3.625,	2.25,	0.0,	-3.0,	2.5
807,	0.0,	3.625,	2.25,	0.0,	3.0,	2.5
808,	1.0,	3.625,	2.25,	0.0,	3.0,	2.5
809,	2.0,	3.625,	2.25,	0.0,	3.0,	2.5
810,	3.0,	3.625,	2.25,	0.0,	3.0,	2.5
811,	4.0,	3.625,	2.25,	0.0,	3.0,	2.5
812,	5.0,	3.625,	2.25,	0.0,	3.0,	2.5
813,	6.0,	3.625,	2.25,	0.0,	3.0,	2.5
814,	7.0,	3.625,	2.25,	0.0,	3.0,	2.5
815,	8.0,	3.625,	2.25,	0.0,	3.0,	2.5
816,	9.0,	3.625,	2.25,	0.0,	3.0,	2.5
817,	10.0,	3.625,	2.25,	0.0,	3.0,	2.5
818,	11.0,	3.625,	2.25,	0.0,	3.0,	2.5
819,	12.0,	3.625,	2.25,	0.0,	3.0,	2.5
820,	13.0,	3.625,	2.25,	0.0,	3.0,	2.5
821,	14.0,	3.625,	2.25,	0.0,	3.0,	2.5
822,	15.0,	3.625,	2.25,	0.0,	3.0,	2.5
823,	16.0,	3.625,	2.25,	0.0,	3.0,	2.5
824,	17.0,	3.625,	2.25,	0.0,	3.0,	2.5
825,	18.0,	3.625,	2.25,	0.0,	3.0,	2.5
826,	19.0,	3.625,	2.25,	0.0,	3.0,	2.5
827,	20.0,	3.625,	2.25,	0.0,	3.0,	2.5
828,	21.0,	3.625,	2.25,	0.0,	3.0,	2.5
829,	22.0,	3.625,	2.25,	0.0,	3.0,	2.5
830,	23.0,	3.625,	2.25,	0.0,	3.0,	2.5
831,	24.0,	3.625,	2.25,	0.0,	3.0,	2.5
832,	25.0,	3.625,	2.25,	0.0,	3.0,	2.5
833,	26.0,	3.625,	2.25,	0.0,	3.0,	2.5
834,	27.0,	3.625,	2.25,	0.0,	3.0,	2.5
835,	28.0,	3.625,	2.25,	0.0,	3.0,	2.5
836,	29.0,	3.625,	2.25,	0.0,	3.0,	2.5
837,	30.0,	3.625,	2.25,	0.0,	3.0,	2.5
838,	0.0,	4.25,	1.5,	0.0,	3.0,	2.5
839,	1.0,	4.25,	1.5,	0.0,	3.0,	2.5
840,	2.0,	4.25,	1.5,	0.0,	3.0,	2.5
841,	3.0,	4.25,	1.5,	0.0,	3.0,	2.5
842,	4.0,	4.25,	1.5,	0.0,	3.0,	2.5
843,	5.0,	4.25,	1.5,	0.0,	3.0,	2.5
844,	6.0,	4.25,	1.5,	0.0,	3.0,	2.5
845,	7.0,	4.25,	1.5,	0.0,	3.0,	2.5
846,	8.0,	4.25,	1.5,	0.0,	3.0,	2.5
847,	9.0,	4.25,	1.5,	0.0,	3.0,	2.5
848,	10.0,	4.25,	1.5,	0.0,	3.0,	2.5
849,	11.0,	4.25,	1.5,	0.0,	3.0,	2.5
850,	12.0,	4.25,	1.5,	0.0,	3.0,	2.5
851,	13.0,	4.25,	1.5,	0.0,	3.0,	2.5
852,	14.0,	4.25,	1.5,	0.0,	3.0,	2.5
853,	15.0,	4.25,	1.5,	0.0,	3.0,	2.5
854,	16.0,	4.25,	1.5,	0.0,	3.0,	2.5
855,	17.0,	4.25,	1.5,	0.0,	3.0,	2.5
856,	18.0,	4.25,	1.5,	0.0,	3.0,	2.5
857,	19.0,	4.25,	1.5,	0.0,	3.0,	2.5
858,	20.0,	4.25,	1.5,	0.0,	3.0,	2.5
859,	21.0,	4.25,	1.5,	0.0,	3.0,	2.5
860,	22.0,	4.25,	1.5,	0.0,	3.0,	2.5
861,	23.0,	4.25,	1.5,	0.0,	3.0,	2.5
862,	24.0,	4.25,	1.5,	0.0,	3.0,	2.5
863,	25.0,	4.25,	1.5,	0.0,	3.0,	2.5
864,	26.0,	4.25,	1.5,	0.0,	3.0,	2.5
865,	27.0,	4.25,	1.5,	0.0,	3.0,	2.5
866,	28.0,	4.25,	1.5,	0.0,	3.0,	2.5
867,	29.0,	4.25,	1.5,	0.0,	3.0,	2.5
868,	30.0,	4.25,	1.5,	0.0,	3.0,	2.5
869,	0.0,	4.875,	0.75,	0.0,	3.0,	2.5
870,	1.0,	4.875,	0.75,	0.0,	3.0,	2.5
871,	2.0,	4.875,	0.75,	0.0,	3.0,	2.5
872,	3.0,	4.875,	0.75,	0.0,	3.0,	2.5
873,	4.0,	4.875,	0.75,	0.0,	3.0,	2.5
874,	5.0,	4.875,	0.75,	0.0,	3.0,	2.5
875,	6.0,	4.875,	0.75,	0.0,	3.0,	2.5
876,	7.0,	4.875,	0.75,	0.0,	3.0,	2.5
877,	8.0,	4.875,	0.75,	0.0,	3.0,	2.5
878,	9.0,	4.875,	0.75,	0.0,	3.0,	2.5
879,	10.0,	4.875,	0.75,	0.0,	3.0,	2.5
880,	11.0,	4.875,	0.75,	0.0,	3.0,	2.5
881,	12.0,	4.875,	0.75,	0.0,	3.0,	2.5
882,	13.0,	4.875,	0.75,	0.0,	3.0,	2.5
883,	14.0,	4.875,	0.75,	0.0,	3.0,	2.5
884,	15.0,	4.875,	0.75,	0.0,	3.0,	2.5
885,	16.0,	4.875,	0.75,	0.0,	3.0,	2.5
886,	17.0,	4.875,	0.75,	0.0,	3.0,	2.5
887,	18.0,	4.875,	0.75,	0.0,	3.0,	2.5
888,	19.0,	4.875,	0.75,	0.0,	3.0,	2.5
889,	20.0,	4.875,	0.75,	0.0,	3.0,	2.5
890,	21.0,	4.875,	0.75,	0.0,	3.0,	2.5
891,	22.0,	4.875,	0.75,	0.0,	3.0,	2.5
892,	23.0,	4.875,	0.75,	0.0,	3.0,	2.5
893,	24.0,	4.875,	0.75,	0.0,	3.0,	2.5
894,	25.0,	4.875,	0.75,	0.0,	3.0,	2.5
895,	26.0,	4.875,	0.75,	0.0,	3.0,	2.5
896,	27.0,	4.875,	0.75,	0.0,	3.0,	2.5
897,	28.0,	4.875,	0.75,	0.0,	3.0,	2.5
898,	29.0,	4.875,	0.75,	0.0,	3.0,	2.5
899,	30.0,	4.875,	0.75,	0.0,	3.0,	2.5
** ELT1 upper web - 4 rows
*SHELL SECTION, ELSET=ELT1, MATERIAL=mat_el
0.5
** ELT0 lower web - 4 rows 
*SHELL SECTION, ELSET=ELT0, MATERIAL=mat_el
0.5
** ELW0 upper deck - 15 rows
*SHELL SECTION, ELSET=ELW0, MATERIAL=mat_el
0.35
** ELW1 lower flange -- 6 rows
*SHELL SECTION, ELSET=ELW1, MATERIAL=mat_el
0.35
*MATERIAL,	 NAME=mat_el
*ELASTIC
31000.0,	0.2,  1.0e-05
*ELEMENT,	 TYPE=SH4,	 ELSET=ELT1
** ELT1 upper web - 4 rows
1,	683,	684,	808,	807
2,	684,	685,	809,	808
3,	685,	686,	810,	809
4,	686,	687,	811,	810
5,	687,	688,	812,	811
6,	688,	689,	813,	812
7,	689,	690,	814,	813
8,	690,	691,	815,	814
9,	691,	692,	816,	815
10,	692,	693,	817,	816
11,	693,	694,	818,	817
12,	694,	695,	819,	818
13,	695,	696,	820,	819
14,	696,	697,	821,	820
15,	697,	698,	822,	821
16,	698,	699,	823,	822
17,	699,	700,	824,	823
18,	700,	701,	825,	824
19,	701,	702,	826,	825
20,	702,	703,	827,	826
21,	703,	704,	828,	827
22,	704,	705,	829,	828
23,	705,	706,	830,	829
24,	706,	707,	831,	830
25,	707,	708,	832,	831
26,	708,	709,	833,	832
27,	709,	710,	834,	833
28,	710,	711,	835,	834
29,	711,	712,	836,	835
30,	712,	713,	837,	836
31,	807,	808,	839,	838
32,	808,	809,	840,	839
33,	809,	810,	841,	840
34,	810,	811,	842,	841
35,	811,	812,	843,	842
36,	812,	813,	844,	843
37,	813,	814,	845,	844
38,	814,	815,	846,	845
39,	815,	816,	847,	846
40,	816,	817,	848,	847
41,	817,	818,	849,	848
42,	818,	819,	850,	849
43,	819,	820,	851,	850
44,	820,	821,	852,	851
45,	821,	822,	853,	852
46,	822,	823,	854,	853
47,	823,	824,	855,	854
48,	824,	825,	856,	855
49,	825,	826,	857,	856
50,	826,	827,	858,	857
51,	827,	828,	859,	858
52,	828,	829,	860,	859
53,	829,	830,	861,	860
54,	830,	831,	862,	861
55,	831,	832,	863,	862
56,	832,	833,	864,	863
57,	833,	834,	865,	864
58,	834,	835,	866,	865
59,	835,	836,	867,	866
60,	836,	837,	868,	867
61,	838,	839,	870,	869
62,	839,	840,	871,	870
63,	840,	841,	872,	871
64,	841,	842,	873,	872
65,	842,	843,	874,	873
66,	843,	844,	875,	874
67,	844,	845,	876,	875
68,	845,	846,	877,	876
69,	846,	847,	878,	877
70,	847,	848,	879,	878
71,	848,	849,	880,	879
72,	849,	850,	881,	880
73,	850,	851,	882,	881
74,	851,	852,	883,	882
75,	852,	853,	884,	883
76,	853,	854,	885,	884
77,	854,	855,	886,	885
78,	855,	856,	887,	886
79,	856,	857,	888,	887
80,	857,	858,	889,	888
81,	858,	859,	890,	889
82,	859,	860,	891,	890
83,	860,	861,	892,	891
84,	861,	862,	893,	892
85,	862,	863,	894,	893
86,	863,	864,	895,	894
87,	864,	865,	896,	895
88,	865,	866,	897,	896
89,	866,	867,	898,	897
90,	867,	868,	899,	898
91,	869,	870,	405,	404
92,	870,	871,	406,	405
93,	871,	872,	407,	406
94,	872,	873,	408,	407
95,	873,	874,	409,	408
96,	874,	875,	410,	409
97,	875,	876,	411,	410
98,	876,	877,	412,	411
99,	877,	878,	413,	412
100,	878,	879,	414,	413
101,	879,	880,	415,	414
102,	880,	881,	416,	415
103,	881,	882,	417,	416
104,	882,	883,	418,	417
105,	883,	884,	419,	418
106,	884,	885,	420,	419
107,	885,	886,	421,	420
108,	886,	887,	422,	421
109,	887,	888,	423,	422
110,	888,	889,	424,	423
111,	889,	890,	425,	424
112,	890,	891,	426,	425
113,	891,	892,	427,	426
114,	892,	893,	428,	427
115,	893,	894,	429,	428
116,	894,	895,	430,	429
117,	895,	896,	431,	430
118,	896,	897,	432,	431
119,	897,	898,	433,	432
120,	898,	899,	434,	433
*ELEMENT,	 TYPE=SH4,	 ELSET=ELT0
121,	63,	64,	715,	714
122,	64,	65,	716,	715
123,	65,	66,	717,	716
124,	66,	67,	718,	717
125,	67,	68,	719,	718
126,	68,	69,	720,	719
127,	69,	70,	721,	720
128,	70,	71,	722,	721
129,	71,	72,	723,	722
130,	72,	73,	724,	723
131,	73,	74,	725,	724
132,	74,	75,	726,	725
133,	75,	76,	727,	726
134,	76,	77,	728,	727
135,	77,	78,	729,	728
136,	78,	79,	730,	729
137,	79,	80,	731,	730
138,	80,	81,	732,	731
139,	81,	82,	733,	732
140,	82,	83,	734,	733
141,	83,	84,	735,	734
142,	84,	85,	736,	735
143,	85,	86,	737,	736
144,	86,	87,	738,	737
145,	87,	88,	739,	738
146,	88,	89,	740,	739
147,	89,	90,	741,	740
148,	90,	91,	742,	741
149,	91,	92,	743,	742
150,	92,	93,	744,	743
151,	714,	715,	746,	745
152,	715,	716,	747,	746
153,	716,	717,	748,	747
154,	717,	718,	749,	748
155,	718,	719,	750,	749
156,	719,	720,	751,	750
157,	720,	721,	752,	751
158,	721,	722,	753,	752
159,	722,	723,	754,	753
160,	723,	724,	755,	754
161,	724,	725,	756,	755
162,	725,	726,	757,	756
163,	726,	727,	758,	757
164,	727,	728,	759,	758
165,	728,	729,	760,	759
166,	729,	730,	761,	760
167,	730,	731,	762,	761
168,	731,	732,	763,	762
169,	732,	733,	764,	763
170,	733,	734,	765,	764
171,	734,	735,	766,	765
172,	735,	736,	767,	766
173,	736,	737,	768,	767
174,	737,	738,	769,	768
175,	738,	739,	770,	769
176,	739,	740,	771,	770
177,	740,	741,	772,	771
178,	741,	742,	773,	772
179,	742,	743,	774,	773
180,	743,	744,	775,	774
181,	745,	746,	777,	776
182,	746,	747,	778,	777
183,	747,	748,	779,	778
184,	748,	749,	780,	779
185,	749,	750,	781,	780
186,	750,	751,	782,	781
187,	751,	752,	783,	782
188,	752,	753,	784,	783
189,	753,	754,	785,	784
190,	754,	755,	786,	785
191,	755,	756,	787,	786
192,	756,	757,	788,	787
193,	757,	758,	789,	788
194,	758,	759,	790,	789
195,	759,	760,	791,	790
196,	760,	761,	792,	791
197,	761,	762,	793,	792
198,	762,	763,	794,	793
199,	763,	764,	795,	794
200,	764,	765,	796,	795
201,	765,	766,	797,	796
202,	766,	767,	798,	797
203,	767,	768,	799,	798
204,	768,	769,	800,	799
205,	769,	770,	801,	800
206,	770,	771,	802,	801
207,	771,	772,	803,	802
208,	772,	773,	804,	803
209,	773,	774,	805,	804
210,	774,	775,	806,	805
211,	776,	777,	498,	497
212,	777,	778,	499,	498
213,	778,	779,	500,	499
214,	779,	780,	501,	500
215,	780,	781,	502,	501
216,	781,	782,	503,	502
217,	782,	783,	504,	503
218,	783,	784,	505,	504
219,	784,	785,	506,	505
220,	785,	786,	507,	506
221,	786,	787,	508,	507
222,	787,	788,	509,	508
223,	788,	789,	510,	509
224,	789,	790,	511,	510
225,	790,	791,	512,	511
226,	791,	792,	513,	512
227,	792,	793,	514,	513
228,	793,	794,	515,	514
229,	794,	795,	516,	515
230,	795,	796,	517,	516
231,	796,	797,	518,	517
232,	797,	798,	519,	518
233,	798,	799,	520,	519
234,	799,	800,	521,	520
235,	800,	801,	522,	521
236,	801,	802,	523,	522
237,	802,	803,	524,	523
238,	803,	804,	525,	524
239,	804,	805,	526,	525
240,	805,	806,	527,	526
*ELEMENT,	 TYPE=SH4,	 ELSET=ELW0
1001,	1,	2,	33,	32
1002,	2,	3,	34,	33
1003,	3,	4,	35,	34
1004,	4,	5,	36,	35
1005,	5,	6,	37,	36
1006,	6,	7,	38,	37
1007,	7,	8,	39,	38
1008,	8,	9,	40,	39
1009,	9,	10,	41,	40
1010,	10,	11,	42,	41
1011,	11,	12,	43,	42
1012,	12,	13,	44,	43
1013,	13,	14,	45,	44
1014,	14,	15,	46,	45
1015,	15,	16,	47,	46
1016,	16,	17,	48,	47
1017,	17,	18,	49,	48
1018,	18,	19,	50,	49
1019,	19,	20,	51,	50
1020,	20,	21,	52,	51
1021,	21,	22,	53,	52
1022,	22,	23,	54,	53
1023,	23,	24,	55,	54
1024,	24,	25,	56,	55
1025,	25,	26,	57,	56
1026,	26,	27,	58,	57
1027,	27,	28,	59,	58
1028,	28,	29,	60,	59
1029,	29,	30,	61,	60
1030,	30,	31,	62,	61
1031,	32,	33,	64,	63
1032,	33,	34,	65,	64
1033,	34,	35,	66,	65
1034,	35,	36,	67,	66
1035,	36,	37,	68,	67
1036,	37,	38,	69,	68
1037,	38,	39,	70,	69
1038,	39,	40,	71,	70
1039,	40,	41,	72,	71
1040,	41,	42,	73,	72
1041,	42,	43,	74,	73
1042,	43,	44,	75,	74
1043,	44,	45,	76,	75
1044,	45,	46,	77,	76
1045,	46,	47,	78,	77
1046,	47,	48,	79,	78
1047,	48,	49,	80,	79
1048,	49,	50,	81,	80
1049,	50,	51,	82,	81
1050,	51,	52,	83,	82
1051,	52,	53,	84,	83
1052,	53,	54,	85,	84
1053,	54,	55,	86,	85
1054,	55,	56,	87,	86
1055,	56,	57,	88,	87
1056,	57,	58,	89,	88
1057,	58,	59,	90,	89
1058,	59,	60,	91,	90
1059,	60,	61,	92,	91
1060,	61,	62,	93,	92
1061,	63,	64,	95,	94
1062,	64,	65,	96,	95
1063,	65,	66,	97,	96
1064,	66,	67,	98,	97
1065,	67,	68,	99,	98
1066,	68,	69,	100,	99
1067,	69,	70,	101,	100
1068,	70,	71,	102,	101
1069,	71,	72,	103,	102
1070,	72,	73,	104,	103
1071,	73,	74,	105,	104
1072,	74,	75,	106,	105
1073,	75,	76,	107,	106
1074,	76,	77,	108,	107
1075,	77,	78,	109,	108
1076,	78,	79,	110,	109
1077,	79,	80,	111,	110
1078,	80,	81,	112,	111
1079,	81,	82,	113,	112
1080,	82,	83,	114,	113
1081,	83,	84,	115,	114
1082,	84,	85,	116,	115
1083,	85,	86,	117,	116
1084,	86,	87,	118,	117
1085,	87,	88,	119,	118
1086,	88,	89,	120,	119
1087,	89,	90,	121,	120
1088,	90,	91,	122,	121
1089,	91,	92,	123,	122
1090,	92,	93,	124,	123
1091,	94,	95,	126,	125
1092,	95,	96,	127,	126
1093,	96,	97,	128,	127
1094,	97,	98,	129,	128
1095,	98,	99,	130,	129
1096,	99,	100,	131,	130
1097,	100,	101,	132,	131
1098,	101,	102,	133,	132
1099,	102,	103,	134,	133
2100,	103,	104,	135,	134
2101,	104,	105,	136,	135
2102,	105,	106,	137,	136
2103,	106,	107,	138,	137
2104,	107,	108,	139,	138
2105,	108,	109,	140,	139
2106,	109,	110,	141,	140
2107,	110,	111,	142,	141
2108,	111,	112,	143,	142
2109,	112,	113,	144,	143
2110,	113,	114,	145,	144
2111,	114,	115,	146,	145
2112,	115,	116,	147,	146
2113,	116,	117,	148,	147
2114,	117,	118,	149,	148
2115,	118,	119,	150,	149
2116,	119,	120,	151,	150
2117,	120,	121,	152,	151
2118,	121,	122,	153,	152
2119,	122,	123,	154,	153
2120,	123,	124,	155,	154
2121,	125,	126,	157,	156
2122,	126,	127,	158,	157
2123,	127,	128,	159,	158
2124,	128,	129,	160,	159
2125,	129,	130,	161,	160
2126,	130,	131,	162,	161
2127,	131,	132,	163,	162
2128,	132,	133,	164,	163
2129,	133,	134,	165,	164
2130,	134,	135,	166,	165
2131,	135,	136,	167,	166
2132,	136,	137,	168,	167
2133,	137,	138,	169,	168
2134,	138,	139,	170,	169
2135,	139,	140,	171,	170
2136,	140,	141,	172,	171
2137,	141,	142,	173,	172
2138,	142,	143,	174,	173
2139,	143,	144,	175,	174
2140,	144,	145,	176,	175
2141,	145,	146,	177,	176
2142,	146,	147,	178,	177
2143,	147,	148,	179,	178
2144,	148,	149,	180,	179
2145,	149,	150,	181,	180
2146,	150,	151,	182,	181
2147,	151,	152,	183,	182
2148,	152,	153,	184,	183
2149,	153,	154,	185,	184
2150,	154,	155,	186,	185
2151,	156,	157,	188,	187
2152,	157,	158,	189,	188
2153,	158,	159,	190,	189
2154,	159,	160,	191,	190
2155,	160,	161,	192,	191
2156,	161,	162,	193,	192
2157,	162,	163,	194,	193
2158,	163,	164,	195,	194
2159,	164,	165,	196,	195
2160,	165,	166,	197,	196
2161,	166,	167,	198,	197
2162,	167,	168,	199,	198
2163,	168,	169,	200,	199
2164,	169,	170,	201,	200
2165,	170,	171,	202,	201
2166,	171,	172,	203,	202
2167,	172,	173,	204,	203
2168,	173,	174,	205,	204
2169,	174,	175,	206,	205
2170,	175,	176,	207,	206
2171,	176,	177,	208,	207
2172,	177,	178,	209,	208
2173,	178,	179,	210,	209
2174,	179,	180,	211,	210
2175,	180,	181,	212,	211
2176,	181,	182,	213,	212
2177,	182,	183,	214,	213
2178,	183,	184,	215,	214
2179,	184,	185,	216,	215
2180,	185,	186,	217,	216
2181,	187,	188,	219,	218
2182,	188,	189,	220,	219
2183,	189,	190,	221,	220
2184,	190,	191,	222,	221
2185,	191,	192,	223,	222
2186,	192,	193,	224,	223
2187,	193,	194,	225,	224
2188,	194,	195,	226,	225
2189,	195,	196,	227,	226
2190,	196,	197,	228,	227
2191,	197,	198,	229,	228
2192,	198,	199,	230,	229
2193,	199,	200,	231,	230
2194,	200,	201,	232,	231
2195,	201,	202,	233,	232
2196,	202,	203,	234,	233
2197,	203,	204,	235,	234
2198,	204,	205,	236,	235
2199,	205,	206,	237,	236
2200,	206,	207,	238,	237
2201,	207,	208,	239,	238
2202,	208,	209,	240,	239
2203,	209,	210,	241,	240
2204,	210,	211,	242,	241
2205,	211,	212,	243,	242
2206,	212,	213,	244,	243
2207,	213,	214,	245,	244
2208,	214,	215,	246,	245
2209,	215,	216,	247,	246
2210,	216,	217,	248,	247
2211,	218,	219,	250,	249
2212,	219,	220,	251,	250
2213,	220,	221,	252,	251
2214,	221,	222,	253,	252
2215,	222,	223,	254,	253
2216,	223,	224,	255,	254
2217,	224,	225,	256,	255
2218,	225,	226,	257,	256
2219,	226,	227,	258,	257
2220,	227,	228,	259,	258
2221,	228,	229,	260,	259
2222,	229,	230,	261,	260
2223,	230,	231,	262,	261
2224,	231,	232,	263,	262
2225,	232,	233,	264,	263
2226,	233,	234,	265,	264
2227,	234,	235,	266,	265
2228,	235,	236,	267,	266
2229,	236,	237,	268,	267
2230,	237,	238,	269,	268
2231,	238,	239,	270,	269
2232,	239,	240,	271,	270
2233,	240,	241,	272,	271
2234,	241,	242,	273,	272
2235,	242,	243,	274,	273
2236,	243,	244,	275,	274
2237,	244,	245,	276,	275
2238,	245,	246,	277,	276
2239,	246,	247,	278,	277
2240,	247,	248,	279,	278
2241,	249,	250,	281,	280
2242,	250,	251,	282,	281
2243,	251,	252,	283,	282
2244,	252,	253,	284,	283
2245,	253,	254,	285,	284
2246,	254,	255,	286,	285
2247,	255,	256,	287,	286
2248,	256,	257,	288,	287
2249,	257,	258,	289,	288
2250,	258,	259,	290,	289
2251,	259,	260,	291,	290
2252,	260,	261,	292,	291
2253,	261,	262,	293,	292
2254,	262,	263,	294,	293
2255,	263,	264,	295,	294
2256,	264,	265,	296,	295
2257,	265,	266,	297,	296
2258,	266,	267,	298,	297
2259,	267,	268,	299,	298
2260,	268,	269,	300,	299
2261,	269,	270,	301,	300
2262,	270,	271,	302,	301
2263,	271,	272,	303,	302
2264,	272,	273,	304,	303
2265,	273,	274,	305,	304
2266,	274,	275,	306,	305
2267,	275,	276,	307,	306
2268,	276,	277,	308,	307
2269,	277,	278,	309,	308
2270,	278,	279,	310,	309
2271,	280,	281,	312,	311
2272,	281,	282,	313,	312
2273,	282,	283,	314,	313
2274,	283,	284,	315,	314
2275,	284,	285,	316,	315
2276,	285,	286,	317,	316
2277,	286,	287,	318,	317
2278,	287,	288,	319,	318
2279,	288,	289,	320,	319
2280,	289,	290,	321,	320
2281,	290,	291,	322,	321
2282,	291,	292,	323,	322
2283,	292,	293,	324,	323
2284,	293,	294,	325,	324
2285,	294,	295,	326,	325
2286,	295,	296,	327,	326
2287,	296,	297,	328,	327
2288,	297,	298,	329,	328
2289,	298,	299,	330,	329
2290,	299,	300,	331,	330
2291,	300,	301,	332,	331
2292,	301,	302,	333,	332
2293,	302,	303,	334,	333
2294,	303,	304,	335,	334
2295,	304,	305,	336,	335
2296,	305,	306,	337,	336
2297,	306,	307,	338,	337
2298,	307,	308,	339,	338
2299,	308,	309,	340,	339
3300,	309,	310,	341,	340
3301,	311,	312,	343,	342
3302,	312,	313,	344,	343
3303,	313,	314,	345,	344
3304,	314,	315,	346,	345
3305,	315,	316,	347,	346
3306,	316,	317,	348,	347
3307,	317,	318,	349,	348
3308,	318,	319,	350,	349
3309,	319,	320,	351,	350
3310,	320,	321,	352,	351
3311,	321,	322,	353,	352
3312,	322,	323,	354,	353
3313,	323,	324,	355,	354
3314,	324,	325,	356,	355
3315,	325,	326,	357,	356
3316,	326,	327,	358,	357
3317,	327,	328,	359,	358
3318,	328,	329,	360,	359
3319,	329,	330,	361,	360
3320,	330,	331,	362,	361
3321,	331,	332,	363,	362
3322,	332,	333,	364,	363
3323,	333,	334,	365,	364
3324,	334,	335,	366,	365
3325,	335,	336,	367,	366
3326,	336,	337,	368,	367
3327,	337,	338,	369,	368
3328,	338,	339,	370,	369
3329,	339,	340,	371,	370
3330,	340,	341,	372,	371
3331,	342,	343,	374,	373
3332,	343,	344,	375,	374
3333,	344,	345,	376,	375
3334,	345,	346,	377,	376
3335,	346,	347,	378,	377
3336,	347,	348,	379,	378
3337,	348,	349,	380,	379
3338,	349,	350,	381,	380
3339,	350,	351,	382,	381
3340,	351,	352,	383,	382
3341,	352,	353,	384,	383
3342,	353,	354,	385,	384
3343,	354,	355,	386,	385
3344,	355,	356,	387,	386
3345,	356,	357,	388,	387
3346,	357,	358,	389,	388
3347,	358,	359,	390,	389
3348,	359,	360,	391,	390
3349,	360,	361,	392,	391
3350,	361,	362,	393,	392
3351,	362,	363,	394,	393
3352,	363,	364,	395,	394
3353,	364,	365,	396,	395
3354,	365,	366,	397,	396
3355,	366,	367,	398,	397
3356,	367,	368,	399,	398
3357,	368,	369,	400,	399
3358,	369,	370,	401,	400
3359,	370,	371,	402,	401
3360,	371,	372,	403,	402
3361,	373,	374,	405,	404
3362,	374,	375,	406,	405
3363,	375,	376,	407,	406
3364,	376,	377,	408,	407
3365,	377,	378,	409,	408
3366,	378,	379,	410,	409
3367,	379,	380,	411,	410
3368,	380,	381,	412,	411
3369,	381,	382,	413,	412
3370,	382,	383,	414,	413
3371,	383,	384,	415,	414
3372,	384,	385,	416,	415
3373,	385,	386,	417,	416
3374,	386,	387,	418,	417
3375,	387,	388,	419,	418
3376,	388,	389,	420,	419
3377,	389,	390,	421,	420
3378,	390,	391,	422,	421
3379,	391,	392,	423,	422
3380,	392,	393,	424,	423
3381,	393,	394,	425,	424
3382,	394,	395,	426,	425
3383,	395,	396,	427,	426
3384,	396,	397,	428,	427
3385,	397,	398,	429,	428
3386,	398,	399,	430,	429
3387,	399,	400,	431,	430
3388,	400,	401,	432,	431
3389,	401,	402,	433,	432
3390,	402,	403,	434,	433
3391,	404,	405,	436,	435
3392,	405,	406,	437,	436
3393,	406,	407,	438,	437
3394,	407,	408,	439,	438
3395,	408,	409,	440,	439
3396,	409,	410,	441,	440
3397,	410,	411,	442,	441
3398,	411,	412,	443,	442
3399,	412,	413,	444,	443
3400,	413,	414,	445,	444
3401,	414,	415,	446,	445
3402,	415,	416,	447,	446
3403,	416,	417,	448,	447
3404,	417,	418,	449,	448
3405,	418,	419,	450,	449
3406,	419,	420,	451,	450
3407,	420,	421,	452,	451
3408,	421,	422,	453,	452
3409,	422,	423,	454,	453
3410,	423,	424,	455,	454
3411,	424,	425,	456,	455
3412,	425,	426,	457,	456
3413,	426,	427,	458,	457
3414,	427,	428,	459,	458
3415,	428,	429,	460,	459
3416,	429,	430,	461,	460
3417,	430,	431,	462,	461
3418,	431,	432,	463,	462
3419,	432,	433,	464,	463
3420,	433,	434,	465,	464
3421,	435,	436,	467,	466
3422,	436,	437,	468,	467
3423,	437,	438,	469,	468
3424,	438,	439,	470,	469
3425,	439,	440,	471,	470
3426,	440,	441,	472,	471
3427,	441,	442,	473,	472
3428,	442,	443,	474,	473
3429,	443,	444,	475,	474
3430,	444,	445,	476,	475
3431,	445,	446,	477,	476
3432,	446,	447,	478,	477
3433,	447,	448,	479,	478
3434,	448,	449,	480,	479
3435,	449,	450,	481,	480
3436,	450,	451,	482,	481
3437,	451,	452,	483,	482
3438,	452,	453,	484,	483
3439,	453,	454,	485,	484
3440,	454,	455,	486,	485
3441,	455,	456,	487,	486
3442,	456,	457,	488,	487
3443,	457,	458,	489,	488
3444,	458,	459,	490,	489
3445,	459,	460,	491,	490
3446,	460,	461,	492,	491
3447,	461,	462,	493,	492
3448,	462,	463,	494,	493
3449,	463,	464,	495,	494
3450,	464,	465,	496,	495
*ELEMENT,	 TYPE=SH4,	 ELSET=ELW1
4001,	497,	498,	529,	528
4002,	498,	499,	530,	529
4003,	499,	500,	531,	530
4004,	500,	501,	532,	531
4005,	501,	502,	533,	532
4006,	502,	503,	534,	533
4007,	503,	504,	535,	534
4008,	504,	505,	536,	535
4009,	505,	506,	537,	536
4010,	506,	507,	538,	537
4011,	507,	508,	539,	538
4012,	508,	509,	540,	539
4013,	509,	510,	541,	540
4014,	510,	511,	542,	541
4015,	511,	512,	543,	542
4016,	512,	513,	544,	543
4017,	513,	514,	545,	544
4018,	514,	515,	546,	545
4019,	515,	516,	547,	546
4020,	516,	517,	548,	547
4021,	517,	518,	549,	548
4022,	518,	519,	550,	549
4023,	519,	520,	551,	550
4024,	520,	521,	552,	551
4025,	521,	522,	553,	552
4026,	522,	523,	554,	553
4027,	523,	524,	555,	554
4028,	524,	525,	556,	555
4029,	525,	526,	557,	556
4030,	526,	527,	558,	557
4031,	528,	529,	560,	559
4032,	529,	530,	561,	560
4033,	530,	531,	562,	561
4034,	531,	532,	563,	562
4035,	532,	533,	564,	563
4036,	533,	534,	565,	564
4037,	534,	535,	566,	565
4038,	535,	536,	567,	566
4039,	536,	537,	568,	567
4040,	537,	538,	569,	568
4041,	538,	539,	570,	569
4042,	539,	540,	571,	570
4043,	540,	541,	572,	571
4044,	541,	542,	573,	572
4045,	542,	543,	574,	573
4046,	543,	544,	575,	574
4047,	544,	545,	576,	575
4048,	545,	546,	577,	576
4049,	546,	547,	578,	577
4050,	547,	548,	579,	578
4051,	548,	549,	580,	579
4052,	549,	550,	581,	580
4053,	550,	551,	582,	581
4054,	551,	552,	583,	582
4055,	552,	553,	584,	583
4056,	553,	554,	585,	584
4057,	554,	555,	586,	585
4058,	555,	556,	587,	586
4059,	556,	557,	588,	587
4060,	557,	558,	589,	588
4061,	559,	560,	591,	590
4062,	560,	561,	592,	591
4063,	561,	562,	593,	592
4064,	562,	563,	594,	593
4065,	563,	564,	595,	594
4066,	564,	565,	596,	595
4067,	565,	566,	597,	596
4068,	566,	567,	598,	597
4069,	567,	568,	599,	598
4070,	568,	569,	600,	599
4071,	569,	570,	601,	600
4072,	570,	571,	602,	601
4073,	571,	572,	603,	602
4074,	572,	573,	604,	603
4075,	573,	574,	605,	604
4076,	574,	575,	606,	605
4077,	575,	576,	607,	606
4078,	576,	577,	608,	607
4079,	577,	578,	609,	608
4080,	578,	579,	610,	609
4081,	579,	580,	611,	610
4082,	580,	581,	612,	611
4083,	581,	582,	613,	612
4084,	582,	583,	614,	613
4085,	583,	584,	615,	614
4086,	584,	585,	616,	615
4087,	585,	586,	617,	616
4088,	586,	587,	618,	617
4089,	587,	588,	619,	618
4090,	588,	589,	620,	619
4091,	590,	591,	622,	621
4092,	591,	592,	623,	622
4093,	592,	593,	624,	623
4094,	593,	594,	625,	624
4095,	594,	595,	626,	625
4096,	595,	596,	627,	626
4097,	596,	597,	628,	627
4098,	597,	598,	629,	628
4099,	598,	599,	630,	629
4100,	599,	600,	631,	630
4101,	600,	601,	632,	631
4102,	601,	602,	633,	632
4103,	602,	603,	634,	633
4104,	603,	604,	635,	634
4105,	604,	605,	636,	635
4106,	605,	606,	637,	636
4107,	606,	607,	638,	637
4108,	607,	608,	639,	638
4109,	608,	609,	640,	639
4110,	609,	610,	641,	640
4111,	610,	611,	642,	641
4112,	611,	612,	643,	642
4113,	612,	613,	644,	643
4114,	613,	614,	645,	644
4115,	614,	615,	646,	645
4116,	615,	616,	647,	646
4117,	616,	617,	648,	647
4118,	617,	618,	649,	648
4119,	618,	619,	650,	649
4120,	619,	620,	651,	650
4121,	621,	622,	653,	652
4122,	622,	623,	654,	653
4123,	623,	624,	655,	654
4124,	624,	625,	656,	655
4125,	625,	626,	657,	656
4126,	626,	627,	658,	657
4127,	627,	628,	659,	658
4128,	628,	629,	660,	659
4129,	629,	630,	661,	660
4130,	630,	631,	662,	661
4131,	631,	632,	663,	662
4132,	632,	633,	664,	663
4133,	633,	634,	665,	664
4134,	634,	635,	666,	665
4135,	635,	636,	667,	666
4136,	636,	637,	668,	667
4137,	637,	638,	669,	668
4138,	638,	639,	670,	669
4139,	639,	640,	671,	670
4140,	640,	641,	672,	671
4141,	641,	642,	673,	672
4142,	642,	643,	674,	673
4143,	643,	644,	675,	674
4144,	644,	645,	676,	675
4145,	645,	646,	677,	676
4146,	646,	647,	678,	677
4147,	647,	648,	679,	678
4148,	648,	649,	680,	679
4149,	649,	650,	681,	680
4150,	650,	651,	682,	681
4151,	652,	653,	684,	683
4152,	653,	654,	685,	684
4153,	654,	655,	686,	685
4154,	655,	656,	687,	686
4155,	656,	657,	688,	687
4156,	657,	658,	689,	688
4157,	658,	659,	690,	689
4158,	659,	660,	691,	690
4159,	660,	661,	692,	691
4160,	661,	662,	693,	692
4161,	662,	663,	694,	693
4162,	663,	664,	695,	694
4163,	664,	665,	696,	695
4164,	665,	666,	697,	696
4165,	666,	667,	698,	697
4166,	667,	668,	699,	698
4167,	668,	669,	700,	699
4168,	669,	670,	701,	700
4169,	670,	671,	702,	701
4170,	671,	672,	703,	702
4171,	672,	673,	704,	703
4172,	673,	674,	705,	704
4173,	674,	675,	706,	705
4174,	675,	676,	707,	706
4175,	676,	677,	708,	707
4176,	677,	678,	709,	708
4177,	678,	679,	710,	709
4178,	679,	680,	711,	710
4179,	680,	681,	712,	711
4180,	681,	682,	713,	712
*STEP
*CONTROLS, PARAMETERS=FIELD 
   1.e-4 
*CONTROLS, PARAMETERS=TIME INCREMENTATION 
   20
*STATIC
1.0,	1.0
*BOUNDARY
1,	1,	3,	0.0
31,	1,	3,	0.0
466,	1,	3,	0.0
496,	1,	3,	0.0
497,	1,	3,	0.0
527,	1,	3,	0.0
683,	1,	3,	0.0
713,	1,	3,	0.0
*DLOAD
ELW1,	3,	0.2
***DLOAD
**ELW1,	3,	0.1
*EL FILE, FREQUENCY=1.0
S
E
*NODE FILE, FREQUENCY=1.0
U
*END STEP
