   -0.00200000 -1.177912e+00    0.00000000 -3.330669e-16  0       1
   -0.00400000 -2.355825e+00    0.00000000  0.000000e+00  0       2
   -0.00600000 -3.533737e+00    0.00000000  6.661338e-16  0       3
   -0.00800000 -4.711650e+00    0.00000000 -1.554312e-15  0       4
   -0.01000000 -5.848415e+00    0.00000000  1.521672e-12  0       5
   -0.01200000 -6.872208e+00    0.00000000  3.041567e-12  0       6
   -0.01400000 -7.749789e+00    0.00000000  7.567280e-12  0       7
   -0.01600000 -8.449273e+00    0.00000000  6.368239e-13  0       8
   -0.01800000 -9.061677e+00    0.00000000 -1.110223e-14  0       9
   -0.02000000 -9.608642e+00    0.00000000  4.440892e-16  0      10
