*HEADING
simple panel
*NODE
    1, -1.0607e+01,  0.0000e+00,  1.0607e+01,    -7.0711e-01, 0.0,  7.0711e-01
    2, -8.8168e+00,  0.0000e+00,  1.2135e+01,    -5.8779e-01, 0.0,  8.0902e-01
    3, -6.8099e+00,  0.0000e+00,  1.3365e+01,    -4.5399e-01, 0.0,  8.9101e-01
    4, -4.6353e+00,  0.0000e+00,  1.4266e+01,    -3.0902e-01, 0.0,  9.5106e-01
    5, -2.3465e+00,  0.0000e+00,  1.4815e+01,    -1.5643e-01, 0.0,  9.8769e-01
    6, -3.0766e-09,  0.0000e+00,  1.5000e+01,    -2.0510e-10, 0.0,  1.0000e+00
    7,  2.3465e+00,  0.0000e+00,  1.4815e+01,     1.5643e-01, 0.0,  9.8769e-01
    8,  4.6353e+00,  0.0000e+00,  1.4266e+01,     3.0902e-01, 0.0,  9.5106e-01
    9,  6.8099e+00,  0.0000e+00,  1.3365e+01,     4.5399e-01, 0.0,  8.9101e-01
   10,  8.8168e+00,  0.0000e+00,  1.2135e+01,     5.8779e-01, 0.0,  8.0902e-01
   11,  1.0607e+01,  0.0000e+00,  1.0607e+01,     7.0711e-01, 0.0,  7.0711e-01
   12, -1.0607e+01,  2.0000e+00,  1.0607e+01,    -7.0711e-01, 0.0,  7.0711e-01
   13, -8.8168e+00,  2.0000e+00,  1.2135e+01,    -5.8779e-01, 0.0,  8.0902e-01
   14, -6.8099e+00,  2.0000e+00,  1.3365e+01,    -4.5399e-01, 0.0,  8.9101e-01
   15, -4.6353e+00,  2.0000e+00,  1.4266e+01,    -3.0902e-01, 0.0,  9.5106e-01
   16, -2.3465e+00,  2.0000e+00,  1.4815e+01,    -1.5643e-01, 0.0,  9.8769e-01
   17, -3.0766e-09,  2.0000e+00,  1.5000e+01,    -2.0510e-10, 0.0,  1.0000e+00
   18,  2.3465e+00,  2.0000e+00,  1.4815e+01,     1.5643e-01, 0.0,  9.8769e-01
   19,  4.6353e+00,  2.0000e+00,  1.4266e+01,     3.0902e-01, 0.0,  9.5106e-01
   20,  6.8099e+00,  2.0000e+00,  1.3365e+01,     4.5399e-01, 0.0,  8.9101e-01
   21,  8.8168e+00,  2.0000e+00,  1.2135e+01,     5.8779e-01, 0.0,  8.0902e-01
   22,  1.0607e+01,  2.0000e+00,  1.0607e+01,     7.0711e-01, 0.0,  7.0711e-01
   23, -1.0607e+01,  4.0000e+00,  1.0607e+01,    -7.0711e-01, 0.0,  7.0711e-01
   24, -8.8168e+00,  4.0000e+00,  1.2135e+01,    -5.8779e-01, 0.0,  8.0902e-01
   25, -6.8099e+00,  4.0000e+00,  1.3365e+01,    -4.5399e-01, 0.0,  8.9101e-01
   26, -4.6353e+00,  4.0000e+00,  1.4266e+01,    -3.0902e-01, 0.0,  9.5106e-01
   27, -2.3465e+00,  4.0000e+00,  1.4815e+01,    -1.5643e-01, 0.0,  9.8769e-01
   28, -3.0766e-09,  4.0000e+00,  1.5000e+01,    -2.0510e-10, 0.0,  1.0000e+00
   29,  2.3465e+00,  4.0000e+00,  1.4815e+01,     1.5643e-01, 0.0,  9.8769e-01
   30,  4.6353e+00,  4.0000e+00,  1.4266e+01,     3.0902e-01, 0.0,  9.5106e-01
   31,  6.8099e+00,  4.0000e+00,  1.3365e+01,     4.5399e-01, 0.0,  8.9101e-01
   32,  8.8168e+00,  4.0000e+00,  1.2135e+01,     5.8779e-01, 0.0,  8.0902e-01
   33,  1.0607e+01,  4.0000e+00,  1.0607e+01,     7.0711e-01, 0.0,  7.0711e-01
   34, -1.0607e+01,  6.0000e+00,  1.0607e+01,    -7.0711e-01, 0.0,  7.0711e-01
   35, -8.8168e+00,  6.0000e+00,  1.2135e+01,    -5.8779e-01, 0.0,  8.0902e-01
   36, -6.8099e+00,  6.0000e+00,  1.3365e+01,    -4.5399e-01, 0.0,  8.9101e-01
   37, -4.6353e+00,  6.0000e+00,  1.4266e+01,    -3.0902e-01, 0.0,  9.5106e-01
   38, -2.3465e+00,  6.0000e+00,  1.4815e+01,    -1.5643e-01, 0.0,  9.8769e-01
   39, -3.0766e-09,  6.0000e+00,  1.5000e+01,    -2.0510e-10, 0.0,  1.0000e+00
   40,  2.3465e+00,  6.0000e+00,  1.4815e+01,     1.5643e-01, 0.0,  9.8769e-01
   41,  4.6353e+00,  6.0000e+00,  1.4266e+01,     3.0902e-01, 0.0,  9.5106e-01
   42,  6.8099e+00,  6.0000e+00,  1.3365e+01,     4.5399e-01, 0.0,  8.9101e-01
   43,  8.8168e+00,  6.0000e+00,  1.2135e+01,     5.8779e-01, 0.0,  8.0902e-01
   44,  1.0607e+01,  6.0000e+00,  1.0607e+01,     7.0711e-01, 0.0,  7.0711e-01
   45, -1.0607e+01,  8.0000e+00,  1.0607e+01,    -7.0711e-01, 0.0,  7.0711e-01
   46, -8.8168e+00,  8.0000e+00,  1.2135e+01,    -5.8779e-01, 0.0,  8.0902e-01
   47, -6.8099e+00,  8.0000e+00,  1.3365e+01,    -4.5399e-01, 0.0,  8.9101e-01
   48, -4.6353e+00,  8.0000e+00,  1.4266e+01,    -3.0902e-01, 0.0,  9.5106e-01
   49, -2.3465e+00,  8.0000e+00,  1.4815e+01,    -1.5643e-01, 0.0,  9.8769e-01
   50, -3.0766e-09,  8.0000e+00,  1.5000e+01,    -2.0510e-10, 0.0,  1.0000e+00
   51,  2.3465e+00,  8.0000e+00,  1.4815e+01,     1.5643e-01, 0.0,  9.8769e-01
   52,  4.6353e+00,  8.0000e+00,  1.4266e+01,     3.0902e-01, 0.0,  9.5106e-01
   53,  6.8099e+00,  8.0000e+00,  1.3365e+01,     4.5399e-01, 0.0,  8.9101e-01
   54,  8.8168e+00,  8.0000e+00,  1.2135e+01,     5.8779e-01, 0.0,  8.0902e-01
   55,  1.0607e+01,  8.0000e+00,  1.0607e+01,     7.0711e-01, 0.0,  7.0711e-01
   56, -1.0607e+01,  1.0000e+01,  1.0607e+01,    -7.0711e-01, 0.0,  7.0711e-01
   57, -8.8168e+00,  1.0000e+01,  1.2135e+01,    -5.8779e-01, 0.0,  8.0902e-01
   58, -6.8099e+00,  1.0000e+01,  1.3365e+01,    -4.5399e-01, 0.0,  8.9101e-01
   59, -4.6353e+00,  1.0000e+01,  1.4266e+01,    -3.0902e-01, 0.0,  9.5106e-01
   60, -2.3465e+00,  1.0000e+01,  1.4815e+01,    -1.5643e-01, 0.0,  9.8769e-01
   61, -3.0766e-09,  1.0000e+01,  1.5000e+01,    -2.0510e-10, 0.0,  1.0000e+00
   62,  2.3465e+00,  1.0000e+01,  1.4815e+01,     1.5643e-01, 0.0,  9.8769e-01
   63,  4.6353e+00,  1.0000e+01,  1.4266e+01,     3.0902e-01, 0.0,  9.5106e-01
   64,  6.8099e+00,  1.0000e+01,  1.3365e+01,     4.5399e-01, 0.0,  8.9101e-01
   65,  8.8168e+00,  1.0000e+01,  1.2135e+01,     5.8779e-01, 0.0,  8.0902e-01
   66,  1.0607e+01,  1.0000e+01,  1.0607e+01,     7.0711e-01, 0.0,  7.0711e-01
   67, -1.0607e+01,  1.2000e+01,  1.0607e+01,    -7.0711e-01, 0.0,  7.0711e-01
   68, -8.8168e+00,  1.2000e+01,  1.2135e+01,    -5.8779e-01, 0.0,  8.0902e-01
   69, -6.8099e+00,  1.2000e+01,  1.3365e+01,    -4.5399e-01, 0.0,  8.9101e-01
   70, -4.6353e+00,  1.2000e+01,  1.4266e+01,    -3.0902e-01, 0.0,  9.5106e-01
   71, -2.3465e+00,  1.2000e+01,  1.4815e+01,    -1.5643e-01, 0.0,  9.8769e-01
   72, -3.0766e-09,  1.2000e+01,  1.5000e+01,    -2.0510e-10, 0.0,  1.0000e+00
   73,  2.3465e+00,  1.2000e+01,  1.4815e+01,     1.5643e-01, 0.0,  9.8769e-01
   74,  4.6353e+00,  1.2000e+01,  1.4266e+01,     3.0902e-01, 0.0,  9.5106e-01
   75,  6.8099e+00,  1.2000e+01,  1.3365e+01,     4.5399e-01, 0.0,  8.9101e-01
   76,  8.8168e+00,  1.2000e+01,  1.2135e+01,     5.8779e-01, 0.0,  8.0902e-01
   77,  1.0607e+01,  1.2000e+01,  1.0607e+01,     7.0711e-01, 0.0,  7.0711e-01
   78, -1.0607e+01,  1.4000e+01,  1.0607e+01,    -7.0711e-01, 0.0,  7.0711e-01
   79, -8.8168e+00,  1.4000e+01,  1.2135e+01,    -5.8779e-01, 0.0,  8.0902e-01
   80, -6.8099e+00,  1.4000e+01,  1.3365e+01,    -4.5399e-01, 0.0,  8.9101e-01
   81, -4.6353e+00,  1.4000e+01,  1.4266e+01,    -3.0902e-01, 0.0,  9.5106e-01
   82, -2.3465e+00,  1.4000e+01,  1.4815e+01,    -1.5643e-01, 0.0,  9.8769e-01
   83, -3.0766e-09,  1.4000e+01,  1.5000e+01,    -2.0510e-10, 0.0,  1.0000e+00
   84,  2.3465e+00,  1.4000e+01,  1.4815e+01,     1.5643e-01, 0.0,  9.8769e-01
   85,  4.6353e+00,  1.4000e+01,  1.4266e+01,     3.0902e-01, 0.0,  9.5106e-01
   86,  6.8099e+00,  1.4000e+01,  1.3365e+01,     4.5399e-01, 0.0,  8.9101e-01
   87,  8.8168e+00,  1.4000e+01,  1.2135e+01,     5.8779e-01, 0.0,  8.0902e-01
   88,  1.0607e+01,  1.4000e+01,  1.0607e+01,     7.0711e-01, 0.0,  7.0711e-01
   89, -1.0607e+01,  1.6000e+01,  1.0607e+01,    -7.0711e-01, 0.0,  7.0711e-01
   90, -8.8168e+00,  1.6000e+01,  1.2135e+01,    -5.8779e-01, 0.0,  8.0902e-01
   91, -6.8099e+00,  1.6000e+01,  1.3365e+01,    -4.5399e-01, 0.0,  8.9101e-01
   92, -4.6353e+00,  1.6000e+01,  1.4266e+01,    -3.0902e-01, 0.0,  9.5106e-01
   93, -2.3465e+00,  1.6000e+01,  1.4815e+01,    -1.5643e-01, 0.0,  9.8769e-01
   94, -3.0766e-09,  1.6000e+01,  1.5000e+01,    -2.0510e-10, 0.0,  1.0000e+00
   95,  2.3465e+00,  1.6000e+01,  1.4815e+01,     1.5643e-01, 0.0,  9.8769e-01
   96,  4.6353e+00,  1.6000e+01,  1.4266e+01,     3.0902e-01, 0.0,  9.5106e-01
   97,  6.8099e+00,  1.6000e+01,  1.3365e+01,     4.5399e-01, 0.0,  8.9101e-01
   98,  8.8168e+00,  1.6000e+01,  1.2135e+01,     5.8779e-01, 0.0,  8.0902e-01
   99,  1.0607e+01,  1.6000e+01,  1.0607e+01,     7.0711e-01, 0.0,  7.0711e-01
  100, -1.0607e+01,  1.8000e+01,  1.0607e+01,    -7.0711e-01, 0.0,  7.0711e-01
  101, -8.8168e+00,  1.8000e+01,  1.2135e+01,    -5.8779e-01, 0.0,  8.0902e-01
  102, -6.8099e+00,  1.8000e+01,  1.3365e+01,    -4.5399e-01, 0.0,  8.9101e-01
  103, -4.6353e+00,  1.8000e+01,  1.4266e+01,    -3.0902e-01, 0.0,  9.5106e-01
  104, -2.3465e+00,  1.8000e+01,  1.4815e+01,    -1.5643e-01, 0.0,  9.8769e-01
  105, -3.0766e-09,  1.8000e+01,  1.5000e+01,    -2.0510e-10, 0.0,  1.0000e+00
  106,  2.3465e+00,  1.8000e+01,  1.4815e+01,     1.5643e-01, 0.0,  9.8769e-01
  107,  4.6353e+00,  1.8000e+01,  1.4266e+01,     3.0902e-01, 0.0,  9.5106e-01
  108,  6.8099e+00,  1.8000e+01,  1.3365e+01,     4.5399e-01, 0.0,  8.9101e-01
  109,  8.8168e+00,  1.8000e+01,  1.2135e+01,     5.8779e-01, 0.0,  8.0902e-01
  110,  1.0607e+01,  1.8000e+01,  1.0607e+01,     7.0711e-01, 0.0,  7.0711e-01
  111, -1.0607e+01,  2.0000e+01,  1.0607e+01,    -7.0711e-01, 0.0,  7.0711e-01
  112, -8.8168e+00,  2.0000e+01,  1.2135e+01,    -5.8779e-01, 0.0,  8.0902e-01
  113, -6.8099e+00,  2.0000e+01,  1.3365e+01,    -4.5399e-01, 0.0,  8.9101e-01
  114, -4.6353e+00,  2.0000e+01,  1.4266e+01,    -3.0902e-01, 0.0,  9.5106e-01
  115, -2.3465e+00,  2.0000e+01,  1.4815e+01,    -1.5643e-01, 0.0,  9.8769e-01
  116, -3.0766e-09,  2.0000e+01,  1.5000e+01,    -2.0510e-10, 0.0,  1.0000e+00
  117,  2.3465e+00,  2.0000e+01,  1.4815e+01,     1.5643e-01, 0.0,  9.8769e-01
  118,  4.6353e+00,  2.0000e+01,  1.4266e+01,     3.0902e-01, 0.0,  9.5106e-01
  119,  6.8099e+00,  2.0000e+01,  1.3365e+01,     4.5399e-01, 0.0,  8.9101e-01
  120,  8.8168e+00,  2.0000e+01,  1.2135e+01,     5.8779e-01, 0.0,  8.0902e-01
  121,  1.0607e+01,  2.0000e+01,  1.0607e+01,     7.0711e-01, 0.0,  7.0711e-01
***************************************************
*MATERIAL, NAME=MAT1
*ELASTIC
 31900., 0.2,  1.0e-05
**-------------------------------------------------
*MATERIAL, NAME=MAT2
*MISES
   31900.,    0.2,    10.,   11.0,  0.02,   1.e-5, 0.0
**-------------------------------------------------
*MATERIAL, NAME=MAT3
*DENSITY
   2.5e-3
*ISODAMAGE, "C40 according to MC2010 - crack energy excessively high in order to reach convergent solution in the end"
     36300.,0.20,  48.,3.5,  1,1.2,0.2,2.0,  2,1200.e-6,  20., 0.
**     36300.,0.20,  48.,3.5,  1,1.2,0.2,2.0,  2,1200.e-6,  20., "C40 according to MC2010 - crack energy excessively high in order to reach convergent solution in the end"
**-------------------------------------------------
*MATERIAL, NAME=MAT4 
*DENSITY
   2.5e-3
*MICRODAMAGE
** "should be C40"
   36300., 0.0, 2, 3.5, 15.0,    0., 0.,   0, 300.e-6, 0.,  0.
***************************************************
*SHELL SECTION, ELSET=EL1, MATERIAL=MAT2, "Mises"
***SHELL SECTION, ELSET=EL1, MATERIAL=MAT3, "Isodamage"
***SHELL SECTION, ELSET=EL1, MATERIAL=MAT3, "Microplane"
 0.600
*ELEMENT, TYPE=SH4, ELSET=EL1
***************************************************
    1,       1,      2,     13,     12
    2,       2,      3,     14,     13
    3,       3,      4,     15,     14
    4,       4,      5,     16,     15
    5,       5,      6,     17,     16
    6,       6,      7,     18,     17
    7,       7,      8,     19,     18
    8,       8,      9,     20,     19
    9,       9,     10,     21,     20
   10,      10,     11,     22,     21
   11,      12,     13,     24,     23
   12,      13,     14,     25,     24
   13,      14,     15,     26,     25
   14,      15,     16,     27,     26
   15,      16,     17,     28,     27
   16,      17,     18,     29,     28
   17,      18,     19,     30,     29
   18,      19,     20,     31,     30
   19,      20,     21,     32,     31
   20,      21,     22,     33,     32
   21,      23,     24,     35,     34
   22,      24,     25,     36,     35
   23,      25,     26,     37,     36
   24,      26,     27,     38,     37
   25,      27,     28,     39,     38
   26,      28,     29,     40,     39
   27,      29,     30,     41,     40
   28,      30,     31,     42,     41
   29,      31,     32,     43,     42
   30,      32,     33,     44,     43
   31,      34,     35,     46,     45
   32,      35,     36,     47,     46
   33,      36,     37,     48,     47
   34,      37,     38,     49,     48
   35,      38,     39,     50,     49
   36,      39,     40,     51,     50
   37,      40,     41,     52,     51
   38,      41,     42,     53,     52
   39,      42,     43,     54,     53
   40,      43,     44,     55,     54
   41,      45,     46,     57,     56
   42,      46,     47,     58,     57
   43,      47,     48,     59,     58
   44,      48,     49,     60,     59
   45,      49,     50,     61,     60
   46,      50,     51,     62,     61
   47,      51,     52,     63,     62
   48,      52,     53,     64,     63
   49,      53,     54,     65,     64
   50,      54,     55,     66,     65
   51,      56,     57,     68,     67
   52,      57,     58,     69,     68
   53,      58,     59,     70,     69
   54,      59,     60,     71,     70
   55,      60,     61,     72,     71
   56,      61,     62,     73,     72
   57,      62,     63,     74,     73
   58,      63,     64,     75,     74
   59,      64,     65,     76,     75
   60,      65,     66,     77,     76
   61,      67,     68,     79,     78
   62,      68,     69,     80,     79
   63,      69,     70,     81,     80
   64,      70,     71,     82,     81
   65,      71,     72,     83,     82
   66,      72,     73,     84,     83
   67,      73,     74,     85,     84
   68,      74,     75,     86,     85
   69,      75,     76,     87,     86
   70,      76,     77,     88,     87
   71,      78,     79,     90,     89
   72,      79,     80,     91,     90
   73,      80,     81,     92,     91
   74,      81,     82,     93,     92
   75,      82,     83,     94,     93
   76,      83,     84,     95,     94
   77,      84,     85,     96,     95
   78,      85,     86,     97,     96
   79,      86,     87,     98,     97
   80,      87,     88,     99,     98
   81,      89,     90,    101,    100
   82,      90,     91,    102,    101
   83,      91,     92,    103,    102
   84,      92,     93,    104,    103
   85,      93,     94,    105,    104
   86,      94,     95,    106,    105
   87,      95,     96,    107,    106
   88,      96,     97,    108,    107
   89,      97,     98,    109,    108
   90,      98,     99,    110,    109
   91,     100,    101,    112,    111
   92,     101,    102,    113,    112
   93,     102,    103,    114,    113
   94,     103,    104,    115,    114
   95,     104,    105,    116,    115
   96,     105,    106,    117,    116
   97,     106,    107,    118,    117
   98,     107,    108,    119,    118
   99,     108,    109,    120,    119
  100,     109,    110,    121,    120
***************************************************
*STEP
***STATIC, RIKS
*STATIC
   0.1,   1.0, 0.001
*CONTROLS, PARAMETERS=FIELD
  1.e-5
*CONTROLS, PARAMETERS=TIME INCREMENTATION
  30
*AMPLITUDE, NAME=AMPL0
 0.0, 0.0,  1.0, 1.0
*BOUNDARY, OP=NEW, AMPLITUDE=AMPL0
    1,    1, 3,  0.
   11,    1, 3,  0.
  111,    1, 3,  0.
  121,    1, 3,  0.
   61, 3,3, -0.02
***CLOAD
**     61, 3,  -10.00
*EL FILE, FREQUENCY=1.0
S
E
*NODE FILE, FREQUENCY=1.0
U
*END STEP