Time,   1.0000
     1,  EL1,       MAT2,    SH4,   0,   -10.2287,    0.4226,   10.9299, -3.454424e+00, -1.573397e+00, -1.514581e+00,  2.136097e-01,  1.704492e-01,  2.265384e-01,  4.606966e-01,  4.699559e-01,  6.000000e-01
     1,  EL1,       MAT2,    SH4,   5,   -10.2287,    1.5774,   10.9299, -1.002592e+00, -1.021999e+00, -1.652410e+00,  1.684998e-01,  1.493653e-01,  2.710028e-01,  1.278951e-01,  5.216934e-01,  6.000000e-01
     1,  EL1,       MAT2,    SH4,  10,    -9.1951,    0.4226,   11.8121, -3.755842e+00, -8.236891e-01, -6.188191e-01,  2.518715e-01,  8.219047e-02,  2.550494e-01,  5.613311e-01,  2.505132e-02,  6.000000e-01
     1,  EL1,       MAT2,    SH4,  15,    -9.1951,    1.5774,   11.8121, -9.948052e-01, -7.959340e-02, -6.643711e-01,  1.757408e-01,  2.653974e-02,  2.932229e-01,  1.706998e-01,  2.850074e-02,  6.000000e-01
     2,  EL1,       MAT2,    SH4,   0,    -8.3927,    0.4226,   12.3949, -1.529460e+00,  1.140052e-01, -5.937568e-01,  3.534295e-01,  1.424220e-02,  1.665103e-01,  1.017305e-01, -1.318377e-01,  6.000000e-01
     2,  EL1,       MAT2,    SH4,   5,    -8.3927,    1.5774,   12.3949, -9.810526e-01,  2.242651e-01, -6.924790e-01,  2.904994e-01,  1.498956e-03,  1.772108e-01, -5.432224e-02, -1.318780e-01,  6.000000e-01
     2,  EL1,       MAT2,    SH4,  10,    -7.2340,    0.4226,   13.1051, -1.617086e+00, -1.777040e-01, -3.232630e-01,  3.598603e-01,  4.451265e-02,  1.374718e-01,  1.559182e-01, -5.903759e-03,  6.000000e-01
     2,  EL1,       MAT2,    SH4,  15,    -7.2340,    1.5774,   13.1051, -1.031062e+00, -6.049920e-02, -4.213400e-01,  2.965595e-01,  3.185248e-02,  1.479968e-01, -9.454375e-03, -5.903759e-03,  6.000000e-01
     3,  EL1,       MAT2,    SH4,   0,    -6.3504,    0.4226,   13.5554, -5.994683e-01, -9.131148e-02, -3.621246e-01,  1.425056e-01,  1.742116e-02,  8.406966e-02, -3.422591e-02,  2.896462e-02,  6.000000e-01
     3,  EL1,       MAT2,    SH4,   5,    -6.3504,    1.5774,   13.5554, -4.060940e-01, -5.263661e-02, -3.785302e-01,  1.182773e-01,  1.257549e-02,  8.963441e-02, -1.062443e-01,  2.896462e-02,  6.000000e-01
     3,  EL1,       MAT2,    SH4,  10,    -5.0948,    0.4226,   14.0756, -6.035679e-01, -1.373768e-01, -2.692924e-01,  1.457492e-01,  3.367789e-02,  7.285898e-02, -1.276165e-02, -1.747453e-03,  6.000000e-01
     3,  EL1,       MAT2,    SH4,  15,    -5.0948,    1.5774,   14.0756, -3.934235e-01, -9.534793e-02, -2.856981e-01,  1.214869e-01,  2.882543e-02,  7.842377e-02, -8.834428e-02, -1.747453e-03,  6.000000e-01
     4,  EL1,       MAT2,    SH4,   0,    -4.1516,    0.4226,   14.3820, -5.262870e-02, -5.623525e-02, -1.797956e-01, -1.345320e-01, -6.527991e-03,  4.675976e-02, -4.538058e-02, -1.095256e-02,  6.000000e-01
     4,  EL1,       MAT2,    SH4,   5,    -4.1516,    1.5774,   14.3820,  1.162898e-01, -2.245155e-02, -1.925411e-01, -1.522433e-01, -1.007027e-02,  5.660225e-02, -9.777631e-02, -1.095256e-02,  6.000000e-01
     4,  EL1,       MAT2,    SH4,  10,    -2.8302,    0.4226,   14.6990, -4.706559e-02, -8.923311e-02, -9.732445e-02, -1.287822e-01,  2.231791e-02,  3.858987e-02, -6.613651e-02, -5.389281e-03,  6.000000e-01
     4,  EL1,       MAT2,    SH4,  15,    -2.8302,    1.5774,   14.6990,  1.340457e-01, -5.301084e-02, -1.100698e-01, -1.465173e-01,  1.877089e-02,  4.843217e-02, -1.211282e-01, -5.389281e-03,  6.000000e-01
     5,  EL1,       MAT2,    SH4,   0,    -1.8506,    0.4226,   14.8541,  1.481199e-01, -5.932693e-02, -9.034119e-02, -3.199556e-01, -3.101709e-03,  1.879968e-02, -6.320533e-03, -5.358918e-03,  6.000000e-01
     5,  EL1,       MAT2,    SH4,   5,    -1.8506,    1.5774,   14.8541,  4.049207e-01, -7.966762e-03, -8.726575e-02, -3.398930e-01, -7.089185e-03,  2.138641e-02,  4.045410e-03, -5.358918e-03,  6.000000e-01
     5,  EL1,       MAT2,    SH4,  10,    -0.4959,    0.4226,   14.9609,  1.571119e-01, -4.836416e-02,  3.002426e-02, -3.184542e-01,  4.513992e-03,  9.666206e-03, -5.598907e-02, -1.083924e-02,  6.000000e-01
     5,  EL1,       MAT2,    SH4,  15,    -0.4959,    1.5774,   14.9609,  4.118941e-01,  2.592280e-03,  3.309974e-02, -3.383880e-01,  5.272212e-04,  1.225297e-02, -4.852617e-02, -1.083924e-02,  6.000000e-01
     6,  EL1,       MAT2,    SH4,   0,     0.4959,    0.4226,   14.9609,  1.571119e-01, -4.836416e-02, -3.002426e-02, -3.184542e-01,  4.513992e-03, -9.666206e-03,  5.598907e-02, -1.083924e-02,  6.000000e-01
     6,  EL1,       MAT2,    SH4,   5,     0.4959,    1.5774,   14.9609,  4.118941e-01,  2.592280e-03, -3.309974e-02, -3.383880e-01,  5.272212e-04, -1.225297e-02,  4.852617e-02, -1.083924e-02,  6.000000e-01
     6,  EL1,       MAT2,    SH4,  10,     1.8506,    0.4226,   14.8541,  1.481199e-01, -5.932693e-02,  9.034119e-02, -3.199556e-01, -3.101709e-03, -1.879968e-02,  6.320533e-03, -5.358918e-03,  6.000000e-01
     6,  EL1,       MAT2,    SH4,  15,     1.8506,    1.5774,   14.8541,  4.049207e-01, -7.966762e-03,  8.726575e-02, -3.398930e-01, -7.089185e-03, -2.138641e-02, -4.045410e-03, -5.358918e-03,  6.000000e-01
     7,  EL1,       MAT2,    SH4,   0,     2.8302,    0.4226,   14.6990, -4.706559e-02, -8.923311e-02,  9.732445e-02, -1.287822e-01,  2.231791e-02, -3.858987e-02,  6.613651e-02, -5.389281e-03,  6.000000e-01
     7,  EL1,       MAT2,    SH4,   5,     2.8302,    1.5774,   14.6990,  1.340457e-01, -5.301084e-02,  1.100698e-01, -1.465173e-01,  1.877089e-02, -4.843217e-02,  1.211282e-01, -5.389281e-03,  6.000000e-01
     7,  EL1,       MAT2,    SH4,  10,     4.1516,    0.4226,   14.3820, -5.262870e-02, -5.623525e-02,  1.797956e-01, -1.345320e-01, -6.527991e-03, -4.675976e-02,  4.538059e-02, -1.095256e-02,  6.000000e-01
     7,  EL1,       MAT2,    SH4,  15,     4.1516,    1.5774,   14.3820,  1.162898e-01, -2.245155e-02,  1.925411e-01, -1.522433e-01, -1.007027e-02, -5.660225e-02,  9.777631e-02, -1.095256e-02,  6.000000e-01
     8,  EL1,       MAT2,    SH4,   0,     5.0948,    0.4226,   14.0756, -6.035679e-01, -1.373768e-01,  2.692924e-01,  1.457492e-01,  3.367789e-02, -7.285898e-02,  1.276165e-02, -1.747453e-03,  6.000000e-01
     8,  EL1,       MAT2,    SH4,   5,     5.0948,    1.5774,   14.0756, -3.934235e-01, -9.534793e-02,  2.856981e-01,  1.214869e-01,  2.882543e-02, -7.842377e-02,  8.834428e-02, -1.747453e-03,  6.000000e-01
     8,  EL1,       MAT2,    SH4,  10,     6.3504,    0.4226,   13.5554, -5.994683e-01, -9.131148e-02,  3.621246e-01,  1.425056e-01,  1.742116e-02, -8.406966e-02,  3.422591e-02,  2.896462e-02,  6.000000e-01
     8,  EL1,       MAT2,    SH4,  15,     6.3504,    1.5774,   13.5554, -4.060940e-01, -5.263661e-02,  3.785302e-01,  1.182773e-01,  1.257549e-02, -8.963441e-02,  1.062443e-01,  2.896462e-02,  6.000000e-01
     9,  EL1,       MAT2,    SH4,   0,     7.2340,    0.4226,   13.1051, -1.617086e+00, -1.777040e-01,  3.232630e-01,  3.598603e-01,  4.451265e-02, -1.374718e-01, -1.559182e-01, -5.903759e-03,  6.000000e-01
     9,  EL1,       MAT2,    SH4,   5,     7.2340,    1.5774,   13.1051, -1.031062e+00, -6.049920e-02,  4.213400e-01,  2.965595e-01,  3.185248e-02, -1.479968e-01,  9.454375e-03, -5.903759e-03,  6.000000e-01
     9,  EL1,       MAT2,    SH4,  10,     8.3927,    0.4226,   12.3949, -1.529460e+00,  1.140052e-01,  5.937568e-01,  3.534295e-01,  1.424220e-02, -1.665103e-01, -1.017305e-01, -1.318377e-01,  6.000000e-01
     9,  EL1,       MAT2,    SH4,  15,     8.3927,    1.5774,   12.3949, -9.810526e-01,  2.242651e-01,  6.924790e-01,  2.904994e-01,  1.498956e-03, -1.772108e-01,  5.432224e-02, -1.318780e-01,  6.000000e-01
    10,  EL1,       MAT2,    SH4,   0,     9.1951,    0.4226,   11.8121, -3.755842e+00, -8.236891e-01,  6.188191e-01,  2.518715e-01,  8.219048e-02, -2.550494e-01, -5.613311e-01,  2.505132e-02,  6.000000e-01
    10,  EL1,       MAT2,    SH4,   5,     9.1951,    1.5774,   11.8121, -9.948052e-01, -7.959340e-02,  6.643711e-01,  1.757408e-01,  2.653974e-02, -2.932229e-01, -1.706998e-01,  2.850074e-02,  6.000000e-01
    10,  EL1,       MAT2,    SH4,  10,    10.2287,    0.4226,   10.9299, -3.454424e+00, -1.573397e+00,  1.514581e+00,  2.136097e-01,  1.704492e-01, -2.265384e-01, -4.606966e-01,  4.699559e-01,  6.000000e-01
    10,  EL1,       MAT2,    SH4,  15,    10.2287,    1.5774,   10.9299, -1.002592e+00, -1.021999e+00,  1.652410e+00,  1.684998e-01,  1.493653e-01, -2.710028e-01, -1.278951e-01,  5.216934e-01,  6.000000e-01
    11,  EL1,       MAT2,    SH4,   0,   -10.2287,    2.4226,   10.9299,  1.635339e-01,  5.866446e-02, -1.129861e-01,  1.318566e-01,  2.258701e-01,  2.515179e-01, -7.420732e-03,  1.938478e-01,  6.000000e-01
    11,  EL1,       MAT2,    SH4,   5,   -10.2287,    3.5774,   10.9299, -1.344891e-02,  2.326790e-02, -1.844752e-01,  1.048954e-01,  2.204778e-01,  2.133602e-01,  1.848052e-02,  1.938478e-01,  6.000000e-01
    11,  EL1,       MAT2,    SH4,  10,    -9.1951,    2.4226,   11.8121,  1.201565e-01, -1.588887e-01, -2.071590e-01,  1.093406e-01,  1.133162e-01,  2.386679e-01,  6.121396e-03, -2.142798e-03,  6.000000e-01
    11,  EL1,       MAT2,    SH4,  15,    -9.1951,    3.5774,   11.8121, -6.223671e-02, -1.953673e-01, -2.786461e-01,  8.239172e-02,  1.079265e-01,  2.005112e-01,  2.793959e-02, -2.142798e-03,  6.000000e-01
    12,  EL1,       MAT2,    SH4,   0,    -8.3927,    2.4226,   12.3949, -7.417668e-01, -3.663499e-01, -1.019953e+00,  2.668475e-01,  9.402266e-02,  1.822940e-01, -8.782481e-02, -6.353485e-02,  6.000000e-01
    12,  EL1,       MAT2,    SH4,   5,    -8.3927,    3.5774,   12.3949, -2.741225e-01, -2.728210e-01, -9.791579e-01,  2.101014e-01,  8.267344e-02,  1.713229e-01, -2.327099e-02, -6.353485e-02,  6.000000e-01
    12,  EL1,       MAT2,    SH4,  10,    -7.2340,    2.4226,   13.1051, -7.026335e-01, -2.454763e-01, -8.006555e-01,  2.604184e-01,  6.201313e-02,  1.560506e-01, -4.941014e-02, -3.527039e-02,  6.000000e-01
    12,  EL1,       MAT2,    SH4,  15,    -7.2340,    3.5774,   13.1051, -2.487028e-01, -1.546902e-01, -7.598605e-01,  2.036991e-01,  5.066927e-02,  1.450794e-01,  6.801240e-03, -3.527039e-02,  6.000000e-01
    13,  EL1,       MAT2,    SH4,   0,    -6.3504,    2.4226,   13.5554, -3.004345e-01, -1.776488e-01, -8.176157e-01,  1.070497e-01,  2.847467e-02,  1.052629e-01, -1.260925e-01, -1.960963e-02,  6.000000e-01
    13,  EL1,       MAT2,    SH4,   5,    -6.3504,    3.5774,   13.5554, -1.219600e-01, -1.419539e-01, -8.704380e-01,  9.027608e-02,  2.511996e-02,  1.134839e-01, -1.083007e-01, -1.960963e-02,  6.000000e-01
    13,  EL1,       MAT2,    SH4,  10,    -5.0948,    2.4226,   14.0756, -3.043060e-01, -3.259274e-01, -7.340083e-01,  1.117681e-01,  5.231555e-02,  9.754393e-02, -1.103953e-01, -5.088098e-03,  6.000000e-01
    13,  EL1,       MAT2,    SH4,  15,    -5.0948,    3.5774,   14.0756, -1.295917e-01, -2.909846e-01, -7.868311e-01,  9.500173e-02,  4.896227e-02,  1.057651e-01, -9.505711e-02, -5.088098e-03,  6.000000e-01
    14,  EL1,       MAT2,    SH4,   0,    -4.1516,    2.4226,   14.3820,  1.688174e-01, -2.881376e-01, -5.294892e-01, -1.595877e-01,  1.277735e-02,  7.805870e-02, -1.032962e-01, -5.527466e-03,  6.000000e-01
    14,  EL1,       MAT2,    SH4,   5,    -4.1516,    3.5774,   14.3820,  3.006091e-01, -2.617793e-01, -5.326540e-01, -1.757819e-01,  9.538502e-03,  8.421626e-02, -6.598094e-02, -5.527466e-03,  6.000000e-01
    14,  EL1,       MAT2,    SH4,  10,    -2.8302,    2.4226,   14.6990,  1.935177e-01, -2.909689e-01, -4.687689e-01, -1.560187e-01,  3.084514e-02,  7.056672e-02, -1.284701e-01, -2.124937e-02,  6.000000e-01
    14,  EL1,       MAT2,    SH4,  15,    -2.8302,    3.5774,   14.6990,  3.170971e-01, -2.662530e-01, -4.719337e-01, -1.721959e-01,  2.760970e-02,  7.672416e-02, -9.353676e-02, -2.124937e-02,  6.000000e-01
    15,  EL1,       MAT2,    SH4,   0,    -1.8506,    2.4226,   14.8541,  4.879653e-01, -2.249278e-01, -1.914311e-01, -3.581458e-01,  6.814722e-03,  3.892144e-02, -1.088262e-02, -2.097276e-02,  6.000000e-01
    15,  EL1,       MAT2,    SH4,   5,    -1.8506,    3.5774,   14.8541,  5.909893e-01, -2.043230e-01, -1.823995e-01, -3.980677e-01, -1.169660e-03,  4.862851e-02, -6.203268e-02, -2.097276e-02,  6.000000e-01
    15,  EL1,       MAT2,    SH4,  10,    -0.4959,    2.4226,   14.9609,  5.024815e-01, -1.947146e-01, -1.402778e-01, -3.524568e-01,  3.539047e-02,  2.024623e-02, -6.668980e-02, -4.495164e-03,  6.000000e-01
    15,  EL1,       MAT2,    SH4,  15,    -0.4959,    3.5774,   14.9609,  6.178032e-01, -1.716502e-01, -1.312461e-01, -3.924043e-01,  2.740097e-02,  2.995342e-02, -1.237767e-01, -4.495164e-03,  6.000000e-01
    16,  EL1,       MAT2,    SH4,   0,     0.4959,    2.4226,   14.9609,  5.024815e-01, -1.947146e-01,  1.402778e-01, -3.524568e-01,  3.539047e-02, -2.024623e-02,  6.668980e-02, -4.495164e-03,  6.000000e-01
    16,  EL1,       MAT2,    SH4,   5,     0.4959,    3.5774,   14.9609,  6.178032e-01, -1.716502e-01,  1.312461e-01, -3.924043e-01,  2.740097e-02, -2.995342e-02,  1.237767e-01, -4.495164e-03,  6.000000e-01
    16,  EL1,       MAT2,    SH4,  10,     1.8506,    2.4226,   14.8541,  4.879653e-01, -2.249278e-01,  1.914311e-01, -3.581458e-01,  6.814722e-03, -3.892144e-02,  1.088262e-02, -2.097276e-02,  6.000000e-01
    16,  EL1,       MAT2,    SH4,  15,     1.8506,    3.5774,   14.8541,  5.909893e-01, -2.043230e-01,  1.823995e-01, -3.980677e-01, -1.169660e-03, -4.862851e-02,  6.203268e-02, -2.097276e-02,  6.000000e-01
    17,  EL1,       MAT2,    SH4,   0,     2.8302,    2.4226,   14.6990,  1.935177e-01, -2.909689e-01,  4.687689e-01, -1.560187e-01,  3.084514e-02, -7.056672e-02,  1.284701e-01, -2.124937e-02,  6.000000e-01
    17,  EL1,       MAT2,    SH4,   5,     2.8302,    3.5774,   14.6990,  3.170971e-01, -2.662530e-01,  4.719337e-01, -1.721959e-01,  2.760970e-02, -7.672416e-02,  9.353676e-02, -2.124937e-02,  6.000000e-01
    17,  EL1,       MAT2,    SH4,  10,     4.1516,    2.4226,   14.3820,  1.688174e-01, -2.881376e-01,  5.294892e-01, -1.595877e-01,  1.277735e-02, -7.805870e-02,  1.032962e-01, -5.527466e-03,  6.000000e-01
    17,  EL1,       MAT2,    SH4,  15,     4.1516,    3.5774,   14.3820,  3.006091e-01, -2.617793e-01,  5.326540e-01, -1.757819e-01,  9.538502e-03, -8.421626e-02,  6.598094e-02, -5.527466e-03,  6.000000e-01
    18,  EL1,       MAT2,    SH4,   0,     5.0948,    2.4226,   14.0756, -3.043060e-01, -3.259274e-01,  7.340083e-01,  1.117681e-01,  5.231555e-02, -9.754393e-02,  1.103953e-01, -5.088098e-03,  6.000000e-01
    18,  EL1,       MAT2,    SH4,   5,     5.0948,    3.5774,   14.0756, -1.295917e-01, -2.909846e-01,  7.868311e-01,  9.500173e-02,  4.896227e-02, -1.057651e-01,  9.505711e-02, -5.088098e-03,  6.000000e-01
    18,  EL1,       MAT2,    SH4,  10,     6.3504,    2.4226,   13.5554, -3.004345e-01, -1.776488e-01,  8.176157e-01,  1.070497e-01,  2.847467e-02, -1.052629e-01,  1.260925e-01, -1.960963e-02,  6.000000e-01
    18,  EL1,       MAT2,    SH4,  15,     6.3504,    3.5774,   13.5554, -1.219600e-01, -1.419539e-01,  8.704380e-01,  9.027608e-02,  2.511996e-02, -1.134839e-01,  1.083007e-01, -1.960963e-02,  6.000000e-01
    19,  EL1,       MAT2,    SH4,   0,     7.2340,    2.4226,   13.1051, -7.026335e-01, -2.454763e-01,  8.006555e-01,  2.604184e-01,  6.201313e-02, -1.560506e-01,  4.941014e-02, -3.527039e-02,  6.000000e-01
    19,  EL1,       MAT2,    SH4,   5,     7.2340,    3.5774,   13.1051, -2.487028e-01, -1.546902e-01,  7.598605e-01,  2.036991e-01,  5.066927e-02, -1.450794e-01, -6.801240e-03, -3.527039e-02,  6.000000e-01
    19,  EL1,       MAT2,    SH4,  10,     8.3927,    2.4226,   12.3949, -7.417668e-01, -3.663499e-01,  1.019953e+00,  2.668475e-01,  9.402266e-02, -1.822940e-01,  8.782481e-02, -6.353485e-02,  6.000000e-01
    19,  EL1,       MAT2,    SH4,  15,     8.3927,    3.5774,   12.3949, -2.741225e-01, -2.728210e-01,  9.791579e-01,  2.101014e-01,  8.267344e-02, -1.713229e-01,  2.327099e-02, -6.353485e-02,  6.000000e-01
    20,  EL1,       MAT2,    SH4,   0,     9.1951,    2.4226,   11.8121,  1.201565e-01, -1.588887e-01,  2.071590e-01,  1.093406e-01,  1.133162e-01, -2.386679e-01, -6.121396e-03, -2.142798e-03,  6.000000e-01
    20,  EL1,       MAT2,    SH4,   5,     9.1951,    3.5774,   11.8121, -6.223671e-02, -1.953673e-01,  2.786461e-01,  8.239172e-02,  1.079265e-01, -2.005112e-01, -2.793959e-02, -2.142798e-03,  6.000000e-01
    20,  EL1,       MAT2,    SH4,  10,    10.2287,    2.4226,   10.9299,  1.635339e-01,  5.866446e-02,  1.129861e-01,  1.318566e-01,  2.258701e-01, -2.515179e-01,  7.420732e-03,  1.938478e-01,  6.000000e-01
    20,  EL1,       MAT2,    SH4,  15,    10.2287,    3.5774,   10.9299, -1.344891e-02,  2.326790e-02,  1.844752e-01,  1.048954e-01,  2.204778e-01, -2.133602e-01, -1.848052e-02,  1.938478e-01,  6.000000e-01
    21,  EL1,       MAT2,    SH4,   0,   -10.2287,    4.4226,   10.9299, -2.445264e-02,  3.020514e-01, -1.509639e-01,  8.181151e-02,  1.736065e-01,  1.398239e-01,  2.630561e-02,  1.430657e-01,  6.000000e-01
    21,  EL1,       MAT2,    SH4,   5,   -10.2287,    5.5774,   10.9299, -3.746242e-02,  2.994494e-01, -1.315646e-01,  6.975680e-02,  1.711956e-01,  1.226488e-01,  2.178289e-02,  1.430657e-01,  6.000000e-01
    21,  EL1,       MAT2,    SH4,  10,    -9.1951,    4.4226,   11.8121, -2.052349e-02,  3.543398e-01, -1.636397e-01,  7.175076e-02,  1.232510e-01,  1.341399e-01,  3.360937e-02, -2.061812e-03,  6.000000e-01
    21,  EL1,       MAT2,    SH4,  15,    -9.1951,    5.5774,   11.8121, -3.230001e-02,  3.519845e-01, -1.442411e-01,  5.969427e-02,  1.208397e-01,  1.169653e-01,  2.728130e-02, -2.061812e-03,  6.000000e-01
    22,  EL1,       MAT2,    SH4,   0,    -8.3927,    4.4226,   12.3949, -3.156155e-02,  2.841439e-01, -6.166326e-01,  1.900682e-01,  1.100548e-01,  1.239256e-01, -1.969436e-04, -3.392791e-02,  6.000000e-01
    22,  EL1,       MAT2,    SH4,   5,    -8.3927,    5.5774,   12.3949, -1.259167e-01,  2.652729e-01, -6.994870e-01,  1.742173e-01,  1.068846e-01,  1.055335e-01, -1.711301e-03, -3.392791e-02,  6.000000e-01
    22,  EL1,       MAT2,    SH4,  10,    -7.2340,    4.4226,   13.1051, -8.391469e-02,  3.642316e-02, -6.609531e-01,  1.791679e-01,  5.551561e-02,  1.163838e-01,  2.594413e-02,  2.413977e-02,  6.000000e-01
    22,  EL1,       MAT2,    SH4,  15,    -7.2340,    5.5774,   13.1051, -1.776544e-01,  1.767521e-02, -7.438079e-01,  1.633156e-01,  5.234516e-02,  9.799161e-02,  2.203210e-02,  2.413977e-02,  6.000000e-01
    23,  EL1,       MAT2,    SH4,   0,    -6.3504,    4.4226,   13.5554, -1.164876e-01, -1.572900e-01, -9.704307e-01,  9.574648e-02,  2.154995e-02,  1.148183e-01, -1.015980e-01,  2.668136e-02,  6.000000e-01
    23,  EL1,       MAT2,    SH4,   5,    -6.3504,    5.5774,   13.5554, -2.706593e-01, -1.881244e-01, -1.067734e+00,  1.301202e-01,  2.842468e-02,  1.168367e-01, -1.010778e-01,  2.668136e-02,  6.000000e-01
    23,  EL1,       MAT2,    SH4,  10,    -5.0948,    4.4226,   14.0756, -1.521436e-01, -4.386072e-01, -1.042060e+00,  9.677723e-02,  2.690156e-02,  1.308385e-01, -8.738880e-02, -2.444256e-02,  6.000000e-01
    23,  EL1,       MAT2,    SH4,  15,    -5.0948,    5.5774,   14.0756, -3.070146e-01, -4.695814e-01, -1.139364e+00,  1.311529e-01,  3.377671e-02,  1.328569e-01, -8.177675e-02, -2.444256e-02,  6.000000e-01
    24,  EL1,       MAT2,    SH4,   0,    -4.1516,    4.4226,   14.3820,  1.884586e-01, -5.172568e-01, -7.716579e-01, -1.894424e-01,  4.303751e-03,  1.273772e-01, -7.288933e-02, -2.407284e-02,  6.000000e-01
    24,  EL1,       MAT2,    SH4,   5,    -4.1516,    5.5774,   14.3820, -1.170885e-01, -5.783662e-01, -8.187186e-01, -2.091449e-01,  3.632562e-04,  1.591985e-01, -1.290786e-01, -2.407284e-02,  6.000000e-01
    24,  EL1,       MAT2,    SH4,  10,    -2.8302,    4.4226,   14.6990,  1.819468e-01, -6.453562e-01, -9.130588e-01, -1.708271e-01,  9.753629e-02,  1.178233e-01, -1.024280e-01,  2.806120e-02,  6.000000e-01
    24,  EL1,       MAT2,    SH4,  15,    -2.8302,    5.5774,   14.6990, -1.104783e-01, -7.038412e-01, -9.601186e-01, -1.905551e-01,  9.359069e-02,  1.496440e-01, -1.616527e-01,  2.806120e-02,  6.000000e-01
    25,  EL1,       MAT2,    SH4,   0,    -1.8506,    4.4226,   14.8541,  4.582133e-01, -6.090768e-01, -2.307971e-01, -4.213581e-01,  7.846120e-02,  7.240575e-02, -3.531548e-02,  1.875601e-02,  6.000000e-01
    25,  EL1,       MAT2,    SH4,   5,    -1.8506,    5.5774,   14.8541,  2.077006e-01, -6.591794e-01, -2.041160e-01, -4.930420e-01,  6.412441e-02,  7.067554e-02,  8.882734e-02,  1.875601e-02,  6.000000e-01
    25,  EL1,       MAT2,    SH4,  10,    -0.4959,    4.4226,   14.9609,  4.895783e-01, -5.278446e-01, -3.554953e-01, -4.223868e-01,  7.352451e-02,  3.846279e-02, -1.031810e-01, -5.880023e-02,  6.000000e-01
    25,  EL1,       MAT2,    SH4,  15,    -0.4959,    5.5774,   14.9609,  2.120810e-01, -5.833441e-01, -3.288139e-01, -4.940186e-01,  5.919816e-02,  3.673257e-02,  1.017425e-02, -5.880023e-02,  6.000000e-01
    26,  EL1,       MAT2,    SH4,   0,     0.4959,    4.4226,   14.9609,  4.895783e-01, -5.278446e-01,  3.554953e-01, -4.223868e-01,  7.352451e-02, -3.846279e-02,  1.031810e-01, -5.880023e-02,  6.000000e-01
    26,  EL1,       MAT2,    SH4,   5,     0.4959,    5.5774,   14.9609,  2.120810e-01, -5.833441e-01,  3.288139e-01, -4.940186e-01,  5.919816e-02, -3.673257e-02, -1.017425e-02, -5.880023e-02,  6.000000e-01
    26,  EL1,       MAT2,    SH4,  10,     1.8506,    4.4226,   14.8541,  4.582133e-01, -6.090768e-01,  2.307971e-01, -4.213581e-01,  7.846120e-02, -7.240575e-02,  3.531548e-02,  1.875601e-02,  6.000000e-01
    26,  EL1,       MAT2,    SH4,  15,     1.8506,    5.5774,   14.8541,  2.077006e-01, -6.591794e-01,  2.041160e-01, -4.930420e-01,  6.412441e-02, -7.067555e-02, -8.882734e-02,  1.875601e-02,  6.000000e-01
    27,  EL1,       MAT2,    SH4,   0,     2.8302,    4.4226,   14.6990,  1.819468e-01, -6.453562e-01,  9.130588e-01, -1.708271e-01,  9.753629e-02, -1.178233e-01,  1.024280e-01,  2.806120e-02,  6.000000e-01
    27,  EL1,       MAT2,    SH4,   5,     2.8302,    5.5774,   14.6990, -1.104783e-01, -7.038412e-01,  9.601186e-01, -1.905551e-01,  9.359069e-02, -1.496440e-01,  1.616527e-01,  2.806120e-02,  6.000000e-01
    27,  EL1,       MAT2,    SH4,  10,     4.1516,    4.4226,   14.3820,  1.884586e-01, -5.172568e-01,  7.716579e-01, -1.894424e-01,  4.303751e-03, -1.273772e-01,  7.288933e-02, -2.407284e-02,  6.000000e-01
    27,  EL1,       MAT2,    SH4,  15,     4.1516,    5.5774,   14.3820, -1.170885e-01, -5.783662e-01,  8.187186e-01, -2.091449e-01,  3.632562e-04, -1.591985e-01,  1.290786e-01, -2.407284e-02,  6.000000e-01
    28,  EL1,       MAT2,    SH4,   0,     5.0948,    4.4226,   14.0756, -1.521436e-01, -4.386072e-01,  1.042060e+00,  9.677723e-02,  2.690156e-02, -1.308385e-01,  8.738880e-02, -2.444256e-02,  6.000000e-01
    28,  EL1,       MAT2,    SH4,   5,     5.0948,    5.5774,   14.0756, -3.070146e-01, -4.695814e-01,  1.139364e+00,  1.311529e-01,  3.377671e-02, -1.328569e-01,  8.177675e-02, -2.444256e-02,  6.000000e-01
    28,  EL1,       MAT2,    SH4,  10,     6.3504,    4.4226,   13.5554, -1.164876e-01, -1.572900e-01,  9.704307e-01,  9.574648e-02,  2.154995e-02, -1.148183e-01,  1.015980e-01,  2.668136e-02,  6.000000e-01
    28,  EL1,       MAT2,    SH4,  15,     6.3504,    5.5774,   13.5554, -2.706593e-01, -1.881244e-01,  1.067734e+00,  1.301202e-01,  2.842468e-02, -1.168367e-01,  1.010778e-01,  2.668136e-02,  6.000000e-01
    29,  EL1,       MAT2,    SH4,   0,     7.2340,    4.4226,   13.1051, -8.391469e-02,  3.642317e-02,  6.609531e-01,  1.791679e-01,  5.551561e-02, -1.163838e-01, -2.594413e-02,  2.413977e-02,  6.000000e-01
    29,  EL1,       MAT2,    SH4,   5,     7.2340,    5.5774,   13.1051, -1.776544e-01,  1.767521e-02,  7.438079e-01,  1.633156e-01,  5.234516e-02, -9.799161e-02, -2.203210e-02,  2.413977e-02,  6.000000e-01
    29,  EL1,       MAT2,    SH4,  10,     8.3927,    4.4226,   12.3949, -3.156155e-02,  2.841439e-01,  6.166326e-01,  1.900682e-01,  1.100548e-01, -1.239256e-01,  1.969435e-04, -3.392791e-02,  6.000000e-01
    29,  EL1,       MAT2,    SH4,  15,     8.3927,    5.5774,   12.3949, -1.259167e-01,  2.652729e-01,  6.994870e-01,  1.742173e-01,  1.068846e-01, -1.055335e-01,  1.711301e-03, -3.392791e-02,  6.000000e-01
    30,  EL1,       MAT2,    SH4,   0,     9.1951,    4.4226,   11.8121, -2.052349e-02,  3.543398e-01,  1.636397e-01,  7.175076e-02,  1.232510e-01, -1.341399e-01, -3.360937e-02, -2.061812e-03,  6.000000e-01
    30,  EL1,       MAT2,    SH4,   5,     9.1951,    5.5774,   11.8121, -3.230001e-02,  3.519845e-01,  1.442410e-01,  5.969428e-02,  1.208397e-01, -1.169653e-01, -2.728130e-02, -2.061812e-03,  6.000000e-01
    30,  EL1,       MAT2,    SH4,  10,    10.2287,    4.4226,   10.9299, -2.445264e-02,  3.020514e-01,  1.509639e-01,  8.181151e-02,  1.736065e-01, -1.398239e-01, -2.630561e-02,  1.430657e-01,  6.000000e-01
    30,  EL1,       MAT2,    SH4,  15,    10.2287,    5.5774,   10.9299, -3.746242e-02,  2.994494e-01,  1.315646e-01,  6.975680e-02,  1.711956e-01, -1.226488e-01, -2.178289e-02,  1.430657e-01,  6.000000e-01
    31,  EL1,       MAT2,    SH4,   0,   -10.2287,    6.4226,   10.9299, -1.869326e-02,  5.069968e-01, -1.422730e-01,  6.692830e-02,  1.781163e-01,  7.801227e-02,  2.210275e-02,  8.543052e-02,  6.000000e-01
    31,  EL1,       MAT2,    SH4,   5,   -10.2287,    7.5774,   10.9299, -7.039980e-02,  4.966555e-01, -6.170675e-02,  6.699430e-02,  1.781295e-01,  6.214344e-02,  2.749935e-02,  8.543052e-02,  6.000000e-01
    31,  EL1,       MAT2,    SH4,  10,    -9.1951,    6.4226,   11.8121,  2.247789e-02,  7.395565e-01, -1.710268e-01,  5.770567e-02,  1.319587e-01,  7.799248e-02,  2.693825e-02,  5.489485e-03,  6.000000e-01
    31,  EL1,       MAT2,    SH4,  15,    -9.1951,    7.5774,   11.8121, -3.045105e-02,  7.289707e-01, -9.046291e-02,  5.777411e-02,  1.319724e-01,  6.212410e-02,  3.232910e-02,  5.489485e-03,  6.000000e-01
    32,  EL1,       MAT2,    SH4,   0,    -8.3927,    6.4226,   12.3949, -1.138258e-01,  6.994584e-01, -4.154578e-01,  1.671682e-01,  1.263804e-01,  7.016251e-02, -5.577005e-03, -9.392300e-03,  6.000000e-01
    32,  EL1,       MAT2,    SH4,   5,    -8.3927,    7.5774,   12.3949, -2.321897e-01,  6.757856e-01, -5.066732e-01,  1.518616e-01,  1.233190e-01,  5.945015e-02, -1.462395e-02, -9.392300e-03,  6.000000e-01
    32,  EL1,       MAT2,    SH4,  10,    -7.2340,    6.4226,   13.1051, -1.691038e-01,  4.290051e-01, -4.720253e-01,  1.607685e-01,  9.436180e-02,  6.285380e-02,  1.643832e-02,  2.989096e-02,  6.000000e-01
    32,  EL1,       MAT2,    SH4,  15,    -7.2340,    7.5774,   13.1051, -2.851497e-01,  4.057959e-01, -5.632412e-01,  1.454571e-01,  9.129951e-02,  5.214138e-02,  5.067842e-03,  2.989096e-02,  6.000000e-01
    33,  EL1,       MAT2,    SH4,   0,    -6.3504,    6.4226,   13.5554, -3.655872e-01,  1.398933e-01, -7.388123e-01,  1.666024e-01,  6.048886e-02,  8.769835e-02, -7.456936e-02,  5.783270e-02,  6.000000e-01
    33,  EL1,       MAT2,    SH4,   5,    -6.3504,    7.5774,   13.5554, -6.682698e-01,  7.935681e-02, -8.872430e-01,  2.178027e-01,  7.072892e-02,  6.496029e-02, -2.667260e-03,  5.783270e-02,  6.000000e-01
    33,  EL1,       MAT2,    SH4,  10,    -5.0948,    6.4226,   14.0756, -4.395200e-01, -2.980031e-01, -8.904395e-01,  1.530369e-01, -7.215890e-03,  1.114913e-01, -5.063631e-02,  9.488775e-02,  6.000000e-01
    33,  EL1,       MAT2,    SH4,  15,    -5.0948,    7.5774,   14.0756, -7.594025e-01, -3.619796e-01, -1.038871e+00,  2.042725e-01,  3.031231e-03,  8.875304e-02,  2.882894e-02,  9.488775e-02,  6.000000e-01
    34,  EL1,       MAT2,    SH4,   0,    -4.1516,    6.4226,   14.3820, -5.033821e-01, -6.211347e-01, -7.868669e-01, -1.842242e-01, -7.610091e-02,  1.942642e-01, -1.954754e-01,  1.780045e-02,  6.000000e-01
    34,  EL1,       MAT2,    SH4,   5,    -4.1516,    7.5774,   14.3820, -1.272840e+00, -7.750263e-01, -9.388898e-01, -5.007879e-02, -4.927182e-02,  2.162174e-01, -3.206855e-01,  1.780045e-02,  6.000000e-01
    34,  EL1,       MAT2,    SH4,  10,    -2.8302,    6.4226,   14.6990, -5.494387e-01, -1.049397e+00, -1.111271e+00, -1.702336e-01, -1.379031e-02,  2.519433e-01, -2.207855e-01, -2.287216e-01,  6.000000e-01
    34,  EL1,       MAT2,    SH4,  15,    -2.8302,    7.5774,   14.6990, -1.282268e+00, -1.192158e+00, -1.229236e+00, -3.897396e-02,  1.142711e-02,  2.646383e-01, -3.228065e-01, -2.267768e-01,  6.000000e-01
    35,  EL1,       MAT2,    SH4,   0,    -1.8506,    6.4226,   14.8541, -5.300246e-01, -1.131274e+00, -6.000332e-02, -5.859291e-01,  4.861247e-03,  1.838725e-01,  5.846905e-02, -2.411955e-01,  6.000000e-01
    35,  EL1,       MAT2,    SH4,   5,    -1.8506,    7.5774,   14.8541, -1.683964e+00, -1.421477e+00, -1.079906e-01, -6.704048e-01, -5.057362e-02,  2.218243e-01, -1.320746e-01, -2.224624e-01,  6.000000e-01
    35,  EL1,       MAT2,    SH4,  10,    -0.4959,    6.4226,   14.9609, -5.577276e-01, -9.339636e-01, -7.217494e-01, -5.195026e-01,  2.360542e-01,  8.119263e-02, -3.386915e-02, -3.649982e-02,  6.000000e-01
    35,  EL1,       MAT2,    SH4,  15,    -0.4959,    7.5774,   14.9609, -1.753902e+00, -1.277570e+00, -6.751976e-01, -6.297036e-01,  1.596275e-01,  1.450589e-01, -2.493814e-01, -3.414248e-02,  6.000000e-01
    36,  EL1,       MAT2,    SH4,   0,     0.4959,    6.4226,   14.9609, -5.577276e-01, -9.339636e-01,  7.217494e-01, -5.195026e-01,  2.360542e-01, -8.119263e-02,  3.386915e-02, -3.649982e-02,  6.000000e-01
    36,  EL1,       MAT2,    SH4,   5,     0.4959,    7.5774,   14.9609, -1.753902e+00, -1.277570e+00,  6.751976e-01, -6.297036e-01,  1.596275e-01, -1.450589e-01,  2.493814e-01, -3.414248e-02,  6.000000e-01
    36,  EL1,       MAT2,    SH4,  10,     1.8506,    6.4226,   14.8541, -5.300246e-01, -1.131274e+00,  6.000333e-02, -5.859291e-01,  4.861247e-03, -1.838725e-01, -5.846905e-02, -2.411955e-01,  6.000000e-01
    36,  EL1,       MAT2,    SH4,  15,     1.8506,    7.5774,   14.8541, -1.683964e+00, -1.421477e+00,  1.079906e-01, -6.704048e-01, -5.057362e-02, -2.218243e-01,  1.320746e-01, -2.224624e-01,  6.000000e-01
    37,  EL1,       MAT2,    SH4,   0,     2.8302,    6.4226,   14.6990, -5.494387e-01, -1.049397e+00,  1.111271e+00, -1.702336e-01, -1.379031e-02, -2.519433e-01,  2.207855e-01, -2.287216e-01,  6.000000e-01
    37,  EL1,       MAT2,    SH4,   5,     2.8302,    7.5774,   14.6990, -1.282268e+00, -1.192158e+00,  1.229236e+00, -3.897396e-02,  1.142711e-02, -2.646383e-01,  3.228065e-01, -2.267768e-01,  6.000000e-01
    37,  EL1,       MAT2,    SH4,  10,     4.1516,    6.4226,   14.3820, -5.033821e-01, -6.211347e-01,  7.868669e-01, -1.842242e-01, -7.610091e-02, -1.942642e-01,  1.954754e-01,  1.780045e-02,  6.000000e-01
    37,  EL1,       MAT2,    SH4,  15,     4.1516,    7.5774,   14.3820, -1.272840e+00, -7.750263e-01,  9.388898e-01, -5.007879e-02, -4.927182e-02, -2.162174e-01,  3.206855e-01,  1.780045e-02,  6.000000e-01
    38,  EL1,       MAT2,    SH4,   0,     5.0948,    6.4226,   14.0756, -4.395200e-01, -2.980031e-01,  8.904395e-01,  1.530369e-01, -7.215890e-03, -1.114913e-01,  5.063631e-02,  9.488775e-02,  6.000000e-01
    38,  EL1,       MAT2,    SH4,   5,     5.0948,    7.5774,   14.0756, -7.594025e-01, -3.619796e-01,  1.038871e+00,  2.042725e-01,  3.031231e-03, -8.875304e-02, -2.882894e-02,  9.488775e-02,  6.000000e-01
    38,  EL1,       MAT2,    SH4,  10,     6.3504,    6.4226,   13.5554, -3.655872e-01,  1.398933e-01,  7.388123e-01,  1.666024e-01,  6.048886e-02, -8.769835e-02,  7.456936e-02,  5.783270e-02,  6.000000e-01
    38,  EL1,       MAT2,    SH4,  15,     6.3504,    7.5774,   13.5554, -6.682698e-01,  7.935681e-02,  8.872430e-01,  2.178027e-01,  7.072892e-02, -6.496029e-02,  2.667260e-03,  5.783270e-02,  6.000000e-01
    39,  EL1,       MAT2,    SH4,   0,     7.2340,    6.4226,   13.1051, -1.691038e-01,  4.290051e-01,  4.720253e-01,  1.607685e-01,  9.436180e-02, -6.285380e-02, -1.643832e-02,  2.989096e-02,  6.000000e-01
    39,  EL1,       MAT2,    SH4,   5,     7.2340,    7.5774,   13.1051, -2.851497e-01,  4.057959e-01,  5.632412e-01,  1.454571e-01,  9.129951e-02, -5.214138e-02, -5.067842e-03,  2.989096e-02,  6.000000e-01
    39,  EL1,       MAT2,    SH4,  10,     8.3927,    6.4226,   12.3949, -1.138258e-01,  6.994584e-01,  4.154578e-01,  1.671682e-01,  1.263804e-01, -7.016251e-02,  5.577005e-03, -9.392300e-03,  6.000000e-01
    39,  EL1,       MAT2,    SH4,  15,     8.3927,    7.5774,   12.3949, -2.321897e-01,  6.757856e-01,  5.066732e-01,  1.518616e-01,  1.233190e-01, -5.945015e-02,  1.462395e-02, -9.392300e-03,  6.000000e-01
    40,  EL1,       MAT2,    SH4,   0,     9.1951,    6.4226,   11.8121,  2.247789e-02,  7.395565e-01,  1.710268e-01,  5.770567e-02,  1.319587e-01, -7.799248e-02, -2.693825e-02,  5.489485e-03,  6.000000e-01
    40,  EL1,       MAT2,    SH4,   5,     9.1951,    7.5774,   11.8121, -3.045105e-02,  7.289707e-01,  9.046290e-02,  5.777411e-02,  1.319724e-01, -6.212410e-02, -3.232910e-02,  5.489485e-03,  6.000000e-01
    40,  EL1,       MAT2,    SH4,  10,    10.2287,    6.4226,   10.9299, -1.869326e-02,  5.069968e-01,  1.422730e-01,  6.692830e-02,  1.781163e-01, -7.801227e-02, -2.210275e-02,  8.543052e-02,  6.000000e-01
    40,  EL1,       MAT2,    SH4,  15,    10.2287,    7.5774,   10.9299, -7.039980e-02,  4.966555e-01,  6.170675e-02,  6.699430e-02,  1.781295e-01, -6.214344e-02, -2.749935e-02,  8.543052e-02,  6.000000e-01
    41,  EL1,       MAT2,    SH4,   0,   -10.2287,    8.4226,   10.9299, -6.712399e-02,  6.262440e-01, -9.405030e-02,  6.478682e-02,  1.869294e-01,  2.853414e-02,  2.744514e-02,  1.816006e-02,  6.000000e-01
    41,  EL1,       MAT2,    SH4,   5,   -10.2287,    9.5774,   10.9299, -7.985369e-02,  6.236981e-01,  1.673590e-02,  5.342987e-02,  1.846580e-01,  1.672372e-02,  2.190043e-02,  1.816006e-02,  6.000000e-01
    41,  EL1,       MAT2,    SH4,  10,    -9.1951,    8.4226,   11.8121, -9.168467e-03,  9.481869e-01, -1.022381e-01,  5.798748e-02,  1.528762e-01,  2.318157e-02,  3.165019e-02,  2.967802e-02,  6.000000e-01
    41,  EL1,       MAT2,    SH4,  15,    -9.1951,    9.5774,   11.8121, -2.044460e-02,  9.459317e-01,  8.544850e-03,  4.662827e-02,  1.506044e-01,  1.137149e-02,  2.440452e-02,  2.967802e-02,  6.000000e-01
    42,  EL1,       MAT2,    SH4,   0,    -8.3927,    8.4226,   12.3949, -2.427871e-01,  9.279978e-01, -1.339744e-01,  1.582109e-01,  1.474534e-01,  2.608033e-02, -4.408788e-03,  1.315417e-02,  6.000000e-01
    42,  EL1,       MAT2,    SH4,   5,    -8.3927,    9.5774,   12.3949, -2.981356e-01,  9.169281e-01, -2.174099e-01,  1.778503e-01,  1.513813e-01,  1.317379e-02,  3.254648e-02,  1.315417e-02,  6.000000e-01
    42,  EL1,       MAT2,    SH4,  10,    -7.2340,    8.4226,   13.1051, -2.936060e-01,  6.799762e-01, -1.600166e-01,  1.505305e-01,  1.090319e-01,  3.526363e-02,  1.550111e-02, -4.350780e-02,  6.000000e-01
    42,  EL1,       MAT2,    SH4,  15,    -7.2340,    9.5774,   13.1051, -3.576830e-01,  6.671608e-01, -2.434525e-01,  1.701876e-01,  1.129633e-01,  2.235701e-02,  5.537581e-02, -4.350780e-02,  6.000000e-01
    43,  EL1,       MAT2,    SH4,   0,    -6.3504,    8.4226,   13.5554, -7.702367e-01,  3.341722e-01, -2.257606e-01,  2.280760e-01,  9.596478e-02,  3.420698e-02, -9.414051e-03, -1.118580e-02,  6.000000e-01
    43,  EL1,       MAT2,    SH4,   5,    -6.3504,    9.5774,   13.5554, -9.027756e-01,  3.076644e-01, -3.830300e-01,  1.917488e-01,  8.869935e-02,  1.992388e-02, -9.974873e-02, -1.118580e-02,  6.000000e-01
    43,  EL1,       MAT2,    SH4,  10,    -5.0948,    8.4226,   14.0756, -8.647912e-01, -1.311989e-01, -2.899311e-01,  2.195025e-01,  5.306368e-02,  1.699990e-02,  2.284817e-02,  1.337814e-01,  6.000000e-01
    43,  EL1,       MAT2,    SH4,  15,    -5.0948,    9.5774,   14.0756, -9.761880e-01, -1.534782e-01, -4.472019e-01,  1.831324e-01,  4.578966e-02,  2.716673e-03, -7.295681e-02,  1.337814e-01,  6.000000e-01
    44,  EL1,       MAT2,    SH4,   0,    -4.1516,    8.4226,   14.3820, -1.574206e+00, -6.827979e-01, -2.393063e-01,  6.755876e-02, -7.457968e-02,  1.362259e-01, -2.726611e-01,  1.226306e-01,  6.000000e-01
    44,  EL1,       MAT2,    SH4,   5,    -4.1516,    9.5774,   14.3820, -1.714895e+00, -7.109358e-01, -4.725211e-01,  2.826010e-01, -3.157122e-02,  5.711066e-02, -1.624559e-02,  1.226306e-01,  6.000000e-01
    44,  EL1,       MAT2,    SH4,  10,    -2.8302,    8.4226,   14.6990, -1.653800e+00, -1.371622e+00, -3.161161e-01,  2.065978e-02, -3.084776e-01,  2.372041e-01, -2.602622e-01, -5.280157e-02,  6.000000e-01
    44,  EL1,       MAT2,    SH4,  15,    -2.8302,    9.5774,   14.6990, -1.856387e+00, -1.412139e+00, -5.493267e-01,  2.358180e-01, -2.654460e-01,  1.580903e-01,  2.825011e-02, -5.280157e-02,  6.000000e-01
    45,  EL1,       MAT2,    SH4,   0,    -1.8506,    8.4226,   14.8541, -1.927438e+00, -1.497397e+00, -6.208986e-02, -7.372104e-01, -5.297327e-01,  1.653238e-01, -4.559268e-01, -4.052496e-01,  6.000000e-01
    45,  EL1,       MAT2,    SH4,   5,    -1.8506,    9.5774,   14.8541, -2.665960e+00, -1.565576e+00, -2.097976e-01, -7.319713e-01, -5.129223e-01,  1.008512e-01, -1.158900e+00, -3.821662e-01,  6.000000e-01
    45,  EL1,       MAT2,    SH4,  10,    -0.4959,    8.4226,   14.9609, -1.777014e+00, -1.713990e+00, -4.731775e-01, -7.201360e-01, -6.532794e-01,  1.108549e-01, -5.369303e-01, -1.175276e+00,  6.000000e-01
    45,  EL1,       MAT2,    SH4,  15,    -0.4959,    9.5774,   14.9609, -2.383388e+00, -1.704230e+00, -5.502542e-01, -7.234354e-01, -6.256103e-01,  6.317336e-02, -1.218865e+00, -1.111570e+00,  6.000000e-01
    46,  EL1,       MAT2,    SH4,   0,     0.4959,    8.4226,   14.9609, -1.777014e+00, -1.713990e+00,  4.731775e-01, -7.201360e-01, -6.532794e-01, -1.108549e-01,  5.369303e-01, -1.175276e+00,  6.000000e-01
    46,  EL1,       MAT2,    SH4,   5,     0.4959,    9.5774,   14.9609, -2.383388e+00, -1.704230e+00,  5.502542e-01, -7.234354e-01, -6.256103e-01, -6.317336e-02,  1.218865e+00, -1.111570e+00,  6.000000e-01
    46,  EL1,       MAT2,    SH4,  10,     1.8506,    8.4226,   14.8541, -1.927438e+00, -1.497397e+00,  6.208986e-02, -7.372104e-01, -5.297327e-01, -1.653238e-01,  4.559268e-01, -4.052496e-01,  6.000000e-01
    46,  EL1,       MAT2,    SH4,  15,     1.8506,    9.5774,   14.8541, -2.665960e+00, -1.565576e+00,  2.097976e-01, -7.319713e-01, -5.129223e-01, -1.008512e-01,  1.158900e+00, -3.821662e-01,  6.000000e-01
    47,  EL1,       MAT2,    SH4,   0,     2.8302,    8.4226,   14.6990, -1.653800e+00, -1.371622e+00,  3.161161e-01,  2.065978e-02, -3.084776e-01, -2.372041e-01,  2.602622e-01, -5.280157e-02,  6.000000e-01
    47,  EL1,       MAT2,    SH4,   5,     2.8302,    9.5774,   14.6990, -1.856387e+00, -1.412139e+00,  5.493267e-01,  2.358180e-01, -2.654460e-01, -1.580903e-01, -2.825011e-02, -5.280157e-02,  6.000000e-01
    47,  EL1,       MAT2,    SH4,  10,     4.1516,    8.4226,   14.3820, -1.574206e+00, -6.827979e-01,  2.393063e-01,  6.755876e-02, -7.457968e-02, -1.362259e-01,  2.726611e-01,  1.226306e-01,  6.000000e-01
    47,  EL1,       MAT2,    SH4,  15,     4.1516,    9.5774,   14.3820, -1.714895e+00, -7.109358e-01,  4.725211e-01,  2.826010e-01, -3.157122e-02, -5.711066e-02,  1.624559e-02,  1.226306e-01,  6.000000e-01
    48,  EL1,       MAT2,    SH4,   0,     5.0948,    8.4226,   14.0756, -8.647912e-01, -1.311989e-01,  2.899311e-01,  2.195025e-01,  5.306369e-02, -1.699990e-02, -2.284817e-02,  1.337814e-01,  6.000000e-01
    48,  EL1,       MAT2,    SH4,   5,     5.0948,    9.5774,   14.0756, -9.761880e-01, -1.534782e-01,  4.472019e-01,  1.831324e-01,  4.578966e-02, -2.716672e-03,  7.295681e-02,  1.337814e-01,  6.000000e-01
    48,  EL1,       MAT2,    SH4,  10,     6.3504,    8.4226,   13.5554, -7.702367e-01,  3.341722e-01,  2.257606e-01,  2.280760e-01,  9.596478e-02, -3.420698e-02,  9.414051e-03, -1.118580e-02,  6.000000e-01
    48,  EL1,       MAT2,    SH4,  15,     6.3504,    9.5774,   13.5554, -9.027756e-01,  3.076644e-01,  3.830300e-01,  1.917488e-01,  8.869935e-02, -1.992388e-02,  9.974873e-02, -1.118580e-02,  6.000000e-01
    49,  EL1,       MAT2,    SH4,   0,     7.2340,    8.4226,   13.1051, -2.936060e-01,  6.799762e-01,  1.600166e-01,  1.505305e-01,  1.090319e-01, -3.526363e-02, -1.550111e-02, -4.350780e-02,  6.000000e-01
    49,  EL1,       MAT2,    SH4,   5,     7.2340,    9.5774,   13.1051, -3.576830e-01,  6.671608e-01,  2.434525e-01,  1.701876e-01,  1.129633e-01, -2.235701e-02, -5.537581e-02, -4.350780e-02,  6.000000e-01
    49,  EL1,       MAT2,    SH4,  10,     8.3927,    8.4226,   12.3949, -2.427871e-01,  9.279978e-01,  1.339744e-01,  1.582109e-01,  1.474534e-01, -2.608033e-02,  4.408788e-03,  1.315417e-02,  6.000000e-01
    49,  EL1,       MAT2,    SH4,  15,     8.3927,    9.5774,   12.3949, -2.981356e-01,  9.169281e-01,  2.174099e-01,  1.778503e-01,  1.513813e-01, -1.317379e-02, -3.254648e-02,  1.315417e-02,  6.000000e-01
    50,  EL1,       MAT2,    SH4,   0,     9.1951,    8.4226,   11.8121, -9.168466e-03,  9.481869e-01,  1.022381e-01,  5.798748e-02,  1.528762e-01, -2.318157e-02, -3.165019e-02,  2.967802e-02,  6.000000e-01
    50,  EL1,       MAT2,    SH4,   5,     9.1951,    9.5774,   11.8121, -2.044460e-02,  9.459317e-01, -8.544850e-03,  4.662827e-02,  1.506044e-01, -1.137149e-02, -2.440452e-02,  2.967802e-02,  6.000000e-01
    50,  EL1,       MAT2,    SH4,  10,    10.2287,    8.4226,   10.9299, -6.712399e-02,  6.262440e-01,  9.405030e-02,  6.478682e-02,  1.869294e-01, -2.853414e-02, -2.744514e-02,  1.816006e-02,  6.000000e-01
    50,  EL1,       MAT2,    SH4,  15,    10.2287,    9.5774,   10.9299, -7.985369e-02,  6.236981e-01, -1.673590e-02,  5.342987e-02,  1.846580e-01, -1.672372e-02, -2.190043e-02,  1.816006e-02,  6.000000e-01
    51,  EL1,       MAT2,    SH4,   0,   -10.2287,   10.4226,   10.9299, -7.985369e-02,  6.236981e-01, -1.673590e-02,  5.342987e-02,  1.846580e-01, -1.672372e-02,  2.190043e-02, -1.816006e-02,  6.000000e-01
    51,  EL1,       MAT2,    SH4,   5,   -10.2287,   11.5774,   10.9299, -6.712399e-02,  6.262440e-01,  9.405030e-02,  6.478682e-02,  1.869294e-01, -2.853414e-02,  2.744514e-02, -1.816006e-02,  6.000000e-01
    51,  EL1,       MAT2,    SH4,  10,    -9.1951,   10.4226,   11.8121, -2.044460e-02,  9.459317e-01, -8.544850e-03,  4.662827e-02,  1.506044e-01, -1.137149e-02,  2.440452e-02, -2.967802e-02,  6.000000e-01
    51,  EL1,       MAT2,    SH4,  15,    -9.1951,   11.5774,   11.8121, -9.168467e-03,  9.481869e-01,  1.022381e-01,  5.798748e-02,  1.528762e-01, -2.318157e-02,  3.165019e-02, -2.967802e-02,  6.000000e-01
    52,  EL1,       MAT2,    SH4,   0,    -8.3927,   10.4226,   12.3949, -2.981356e-01,  9.169281e-01,  2.174099e-01,  1.778503e-01,  1.513813e-01, -1.317379e-02,  3.254648e-02, -1.315417e-02,  6.000000e-01
    52,  EL1,       MAT2,    SH4,   5,    -8.3927,   11.5774,   12.3949, -2.427871e-01,  9.279978e-01,  1.339744e-01,  1.582109e-01,  1.474534e-01, -2.608033e-02, -4.408788e-03, -1.315417e-02,  6.000000e-01
    52,  EL1,       MAT2,    SH4,  10,    -7.2340,   10.4226,   13.1051, -3.576830e-01,  6.671608e-01,  2.434525e-01,  1.701876e-01,  1.129633e-01, -2.235701e-02,  5.537581e-02,  4.350780e-02,  6.000000e-01
    52,  EL1,       MAT2,    SH4,  15,    -7.2340,   11.5774,   13.1051, -2.936060e-01,  6.799762e-01,  1.600166e-01,  1.505305e-01,  1.090319e-01, -3.526363e-02,  1.550111e-02,  4.350780e-02,  6.000000e-01
    53,  EL1,       MAT2,    SH4,   0,    -6.3504,   10.4226,   13.5554, -9.027756e-01,  3.076644e-01,  3.830300e-01,  1.917488e-01,  8.869935e-02, -1.992388e-02, -9.974873e-02,  1.118580e-02,  6.000000e-01
    53,  EL1,       MAT2,    SH4,   5,    -6.3504,   11.5774,   13.5554, -7.702367e-01,  3.341722e-01,  2.257606e-01,  2.280760e-01,  9.596478e-02, -3.420698e-02, -9.414051e-03,  1.118580e-02,  6.000000e-01
    53,  EL1,       MAT2,    SH4,  10,    -5.0948,   10.4226,   14.0756, -9.761880e-01, -1.534782e-01,  4.472019e-01,  1.831324e-01,  4.578966e-02, -2.716673e-03, -7.295681e-02, -1.337814e-01,  6.000000e-01
    53,  EL1,       MAT2,    SH4,  15,    -5.0948,   11.5774,   14.0756, -8.647912e-01, -1.311989e-01,  2.899311e-01,  2.195025e-01,  5.306368e-02, -1.699990e-02,  2.284817e-02, -1.337814e-01,  6.000000e-01
    54,  EL1,       MAT2,    SH4,   0,    -4.1516,   10.4226,   14.3820, -1.714895e+00, -7.109358e-01,  4.725211e-01,  2.826010e-01, -3.157122e-02, -5.711066e-02, -1.624559e-02, -1.226306e-01,  6.000000e-01
    54,  EL1,       MAT2,    SH4,   5,    -4.1516,   11.5774,   14.3820, -1.574206e+00, -6.827979e-01,  2.393063e-01,  6.755876e-02, -7.457968e-02, -1.362259e-01, -2.726611e-01, -1.226306e-01,  6.000000e-01
    54,  EL1,       MAT2,    SH4,  10,    -2.8302,   10.4226,   14.6990, -1.856387e+00, -1.412139e+00,  5.493267e-01,  2.358180e-01, -2.654460e-01, -1.580903e-01,  2.825011e-02,  5.280157e-02,  6.000000e-01
    54,  EL1,       MAT2,    SH4,  15,    -2.8302,   11.5774,   14.6990, -1.653800e+00, -1.371622e+00,  3.161161e-01,  2.065978e-02, -3.084776e-01, -2.372041e-01, -2.602622e-01,  5.280157e-02,  6.000000e-01
    55,  EL1,       MAT2,    SH4,   0,    -1.8506,   10.4226,   14.8541, -2.665960e+00, -1.565576e+00,  2.097976e-01, -7.319713e-01, -5.129223e-01, -1.008512e-01, -1.158900e+00,  3.821662e-01,  6.000000e-01
    55,  EL1,       MAT2,    SH4,   5,    -1.8506,   11.5774,   14.8541, -1.927438e+00, -1.497397e+00,  6.208986e-02, -7.372104e-01, -5.297327e-01, -1.653238e-01, -4.559268e-01,  4.052496e-01,  6.000000e-01
    55,  EL1,       MAT2,    SH4,  10,    -0.4959,   10.4226,   14.9609, -2.383388e+00, -1.704230e+00,  5.502542e-01, -7.234354e-01, -6.256103e-01, -6.317336e-02, -1.218865e+00,  1.111570e+00,  6.000000e-01
    55,  EL1,       MAT2,    SH4,  15,    -0.4959,   11.5774,   14.9609, -1.777014e+00, -1.713990e+00,  4.731775e-01, -7.201360e-01, -6.532794e-01, -1.108549e-01, -5.369303e-01,  1.175276e+00,  6.000000e-01
    56,  EL1,       MAT2,    SH4,   0,     0.4959,   10.4226,   14.9609, -2.383388e+00, -1.704230e+00, -5.502542e-01, -7.234354e-01, -6.256103e-01,  6.317336e-02,  1.218865e+00,  1.111570e+00,  6.000000e-01
    56,  EL1,       MAT2,    SH4,   5,     0.4959,   11.5774,   14.9609, -1.777014e+00, -1.713990e+00, -4.731775e-01, -7.201360e-01, -6.532794e-01,  1.108549e-01,  5.369303e-01,  1.175276e+00,  6.000000e-01
    56,  EL1,       MAT2,    SH4,  10,     1.8506,   10.4226,   14.8541, -2.665960e+00, -1.565576e+00, -2.097976e-01, -7.319713e-01, -5.129223e-01,  1.008512e-01,  1.158900e+00,  3.821662e-01,  6.000000e-01
    56,  EL1,       MAT2,    SH4,  15,     1.8506,   11.5774,   14.8541, -1.927438e+00, -1.497397e+00, -6.208986e-02, -7.372104e-01, -5.297327e-01,  1.653238e-01,  4.559268e-01,  4.052496e-01,  6.000000e-01
    57,  EL1,       MAT2,    SH4,   0,     2.8302,   10.4226,   14.6990, -1.856387e+00, -1.412139e+00, -5.493267e-01,  2.358180e-01, -2.654460e-01,  1.580903e-01, -2.825011e-02,  5.280157e-02,  6.000000e-01
    57,  EL1,       MAT2,    SH4,   5,     2.8302,   11.5774,   14.6990, -1.653800e+00, -1.371622e+00, -3.161161e-01,  2.065978e-02, -3.084776e-01,  2.372041e-01,  2.602622e-01,  5.280157e-02,  6.000000e-01
    57,  EL1,       MAT2,    SH4,  10,     4.1516,   10.4226,   14.3820, -1.714895e+00, -7.109358e-01, -4.725211e-01,  2.826010e-01, -3.157122e-02,  5.711066e-02,  1.624559e-02, -1.226306e-01,  6.000000e-01
    57,  EL1,       MAT2,    SH4,  15,     4.1516,   11.5774,   14.3820, -1.574206e+00, -6.827979e-01, -2.393063e-01,  6.755876e-02, -7.457968e-02,  1.362259e-01,  2.726611e-01, -1.226306e-01,  6.000000e-01
    58,  EL1,       MAT2,    SH4,   0,     5.0948,   10.4226,   14.0756, -9.761880e-01, -1.534782e-01, -4.472019e-01,  1.831324e-01,  4.578966e-02,  2.716672e-03,  7.295681e-02, -1.337814e-01,  6.000000e-01
    58,  EL1,       MAT2,    SH4,   5,     5.0948,   11.5774,   14.0756, -8.647912e-01, -1.311989e-01, -2.899311e-01,  2.195025e-01,  5.306369e-02,  1.699990e-02, -2.284817e-02, -1.337814e-01,  6.000000e-01
    58,  EL1,       MAT2,    SH4,  10,     6.3504,   10.4226,   13.5554, -9.027756e-01,  3.076644e-01, -3.830300e-01,  1.917488e-01,  8.869935e-02,  1.992388e-02,  9.974873e-02,  1.118580e-02,  6.000000e-01
    58,  EL1,       MAT2,    SH4,  15,     6.3504,   11.5774,   13.5554, -7.702367e-01,  3.341722e-01, -2.257606e-01,  2.280760e-01,  9.596478e-02,  3.420698e-02,  9.414051e-03,  1.118580e-02,  6.000000e-01
    59,  EL1,       MAT2,    SH4,   0,     7.2340,   10.4226,   13.1051, -3.576830e-01,  6.671608e-01, -2.434525e-01,  1.701876e-01,  1.129633e-01,  2.235701e-02, -5.537581e-02,  4.350780e-02,  6.000000e-01
    59,  EL1,       MAT2,    SH4,   5,     7.2340,   11.5774,   13.1051, -2.936060e-01,  6.799762e-01, -1.600166e-01,  1.505305e-01,  1.090319e-01,  3.526363e-02, -1.550111e-02,  4.350780e-02,  6.000000e-01
    59,  EL1,       MAT2,    SH4,  10,     8.3927,   10.4226,   12.3949, -2.981356e-01,  9.169281e-01, -2.174099e-01,  1.778503e-01,  1.513813e-01,  1.317379e-02, -3.254648e-02, -1.315417e-02,  6.000000e-01
    59,  EL1,       MAT2,    SH4,  15,     8.3927,   11.5774,   12.3949, -2.427871e-01,  9.279978e-01, -1.339744e-01,  1.582109e-01,  1.474534e-01,  2.608033e-02,  4.408788e-03, -1.315417e-02,  6.000000e-01
    60,  EL1,       MAT2,    SH4,   0,     9.1951,   10.4226,   11.8121, -2.044460e-02,  9.459317e-01,  8.544850e-03,  4.662827e-02,  1.506044e-01,  1.137149e-02, -2.440452e-02, -2.967802e-02,  6.000000e-01
    60,  EL1,       MAT2,    SH4,   5,     9.1951,   11.5774,   11.8121, -9.168466e-03,  9.481869e-01, -1.022381e-01,  5.798748e-02,  1.528762e-01,  2.318157e-02, -3.165019e-02, -2.967802e-02,  6.000000e-01
    60,  EL1,       MAT2,    SH4,  10,    10.2287,   10.4226,   10.9299, -7.985369e-02,  6.236981e-01,  1.673590e-02,  5.342987e-02,  1.846580e-01,  1.672372e-02, -2.190043e-02, -1.816006e-02,  6.000000e-01
    60,  EL1,       MAT2,    SH4,  15,    10.2287,   11.5774,   10.9299, -6.712399e-02,  6.262440e-01, -9.405030e-02,  6.478682e-02,  1.869294e-01,  2.853414e-02, -2.744514e-02, -1.816006e-02,  6.000000e-01
    61,  EL1,       MAT2,    SH4,   0,   -10.2287,   12.4226,   10.9299, -7.039980e-02,  4.966555e-01,  6.170675e-02,  6.699430e-02,  1.781295e-01, -6.214344e-02,  2.749935e-02, -8.543052e-02,  6.000000e-01
    61,  EL1,       MAT2,    SH4,   5,   -10.2287,   13.5774,   10.9299, -1.869326e-02,  5.069968e-01,  1.422730e-01,  6.692830e-02,  1.781163e-01, -7.801227e-02,  2.210275e-02, -8.543052e-02,  6.000000e-01
    61,  EL1,       MAT2,    SH4,  10,    -9.1951,   12.4226,   11.8121, -3.045105e-02,  7.289707e-01,  9.046291e-02,  5.777411e-02,  1.319724e-01, -6.212410e-02,  3.232910e-02, -5.489485e-03,  6.000000e-01
    61,  EL1,       MAT2,    SH4,  15,    -9.1951,   13.5774,   11.8121,  2.247789e-02,  7.395565e-01,  1.710268e-01,  5.770567e-02,  1.319587e-01, -7.799248e-02,  2.693825e-02, -5.489485e-03,  6.000000e-01
    62,  EL1,       MAT2,    SH4,   0,    -8.3927,   12.4226,   12.3949, -2.321897e-01,  6.757856e-01,  5.066732e-01,  1.518616e-01,  1.233190e-01, -5.945015e-02, -1.462395e-02,  9.392300e-03,  6.000000e-01
    62,  EL1,       MAT2,    SH4,   5,    -8.3927,   13.5774,   12.3949, -1.138258e-01,  6.994584e-01,  4.154578e-01,  1.671682e-01,  1.263804e-01, -7.016251e-02, -5.577005e-03,  9.392300e-03,  6.000000e-01
    62,  EL1,       MAT2,    SH4,  10,    -7.2340,   12.4226,   13.1051, -2.851497e-01,  4.057959e-01,  5.632412e-01,  1.454571e-01,  9.129951e-02, -5.214138e-02,  5.067842e-03, -2.989096e-02,  6.000000e-01
    62,  EL1,       MAT2,    SH4,  15,    -7.2340,   13.5774,   13.1051, -1.691038e-01,  4.290051e-01,  4.720253e-01,  1.607685e-01,  9.436180e-02, -6.285380e-02,  1.643832e-02, -2.989096e-02,  6.000000e-01
    63,  EL1,       MAT2,    SH4,   0,    -6.3504,   12.4226,   13.5554, -6.682698e-01,  7.935681e-02,  8.872430e-01,  2.178027e-01,  7.072892e-02, -6.496029e-02, -2.667260e-03, -5.783270e-02,  6.000000e-01
    63,  EL1,       MAT2,    SH4,   5,    -6.3504,   13.5774,   13.5554, -3.655872e-01,  1.398933e-01,  7.388123e-01,  1.666024e-01,  6.048886e-02, -8.769835e-02, -7.456936e-02, -5.783270e-02,  6.000000e-01
    63,  EL1,       MAT2,    SH4,  10,    -5.0948,   12.4226,   14.0756, -7.594025e-01, -3.619796e-01,  1.038871e+00,  2.042725e-01,  3.031231e-03, -8.875304e-02,  2.882894e-02, -9.488775e-02,  6.000000e-01
    63,  EL1,       MAT2,    SH4,  15,    -5.0948,   13.5774,   14.0756, -4.395200e-01, -2.980031e-01,  8.904395e-01,  1.530369e-01, -7.215890e-03, -1.114913e-01, -5.063631e-02, -9.488775e-02,  6.000000e-01
    64,  EL1,       MAT2,    SH4,   0,    -4.1516,   12.4226,   14.3820, -1.272840e+00, -7.750263e-01,  9.388898e-01, -5.007879e-02, -4.927182e-02, -2.162174e-01, -3.206855e-01, -1.780045e-02,  6.000000e-01
    64,  EL1,       MAT2,    SH4,   5,    -4.1516,   13.5774,   14.3820, -5.033821e-01, -6.211347e-01,  7.868669e-01, -1.842242e-01, -7.610091e-02, -1.942642e-01, -1.954754e-01, -1.780045e-02,  6.000000e-01
    64,  EL1,       MAT2,    SH4,  10,    -2.8302,   12.4226,   14.6990, -1.282268e+00, -1.192158e+00,  1.229236e+00, -3.897396e-02,  1.142711e-02, -2.646383e-01, -3.228065e-01,  2.267768e-01,  6.000000e-01
    64,  EL1,       MAT2,    SH4,  15,    -2.8302,   13.5774,   14.6990, -5.494387e-01, -1.049397e+00,  1.111271e+00, -1.702336e-01, -1.379031e-02, -2.519433e-01, -2.207855e-01,  2.287216e-01,  6.000000e-01
    65,  EL1,       MAT2,    SH4,   0,    -1.8506,   12.4226,   14.8541, -1.683964e+00, -1.421477e+00,  1.079906e-01, -6.704048e-01, -5.057362e-02, -2.218243e-01, -1.320746e-01,  2.224624e-01,  6.000000e-01
    65,  EL1,       MAT2,    SH4,   5,    -1.8506,   13.5774,   14.8541, -5.300246e-01, -1.131274e+00,  6.000332e-02, -5.859291e-01,  4.861247e-03, -1.838725e-01,  5.846905e-02,  2.411955e-01,  6.000000e-01
    65,  EL1,       MAT2,    SH4,  10,    -0.4959,   12.4226,   14.9609, -1.753902e+00, -1.277570e+00,  6.751976e-01, -6.297036e-01,  1.596275e-01, -1.450589e-01, -2.493814e-01,  3.414248e-02,  6.000000e-01
    65,  EL1,       MAT2,    SH4,  15,    -0.4959,   13.5774,   14.9609, -5.577276e-01, -9.339636e-01,  7.217494e-01, -5.195026e-01,  2.360542e-01, -8.119263e-02, -3.386915e-02,  3.649982e-02,  6.000000e-01
    66,  EL1,       MAT2,    SH4,   0,     0.4959,   12.4226,   14.9609, -1.753902e+00, -1.277570e+00, -6.751976e-01, -6.297036e-01,  1.596275e-01,  1.450589e-01,  2.493814e-01,  3.414248e-02,  6.000000e-01
    66,  EL1,       MAT2,    SH4,   5,     0.4959,   13.5774,   14.9609, -5.577276e-01, -9.339636e-01, -7.217494e-01, -5.195026e-01,  2.360542e-01,  8.119263e-02,  3.386915e-02,  3.649982e-02,  6.000000e-01
    66,  EL1,       MAT2,    SH4,  10,     1.8506,   12.4226,   14.8541, -1.683964e+00, -1.421477e+00, -1.079906e-01, -6.704048e-01, -5.057362e-02,  2.218243e-01,  1.320746e-01,  2.224624e-01,  6.000000e-01
    66,  EL1,       MAT2,    SH4,  15,     1.8506,   13.5774,   14.8541, -5.300246e-01, -1.131274e+00, -6.000333e-02, -5.859291e-01,  4.861247e-03,  1.838725e-01, -5.846905e-02,  2.411955e-01,  6.000000e-01
    67,  EL1,       MAT2,    SH4,   0,     2.8302,   12.4226,   14.6990, -1.282268e+00, -1.192158e+00, -1.229236e+00, -3.897396e-02,  1.142711e-02,  2.646383e-01,  3.228065e-01,  2.267768e-01,  6.000000e-01
    67,  EL1,       MAT2,    SH4,   5,     2.8302,   13.5774,   14.6990, -5.494387e-01, -1.049397e+00, -1.111271e+00, -1.702336e-01, -1.379031e-02,  2.519433e-01,  2.207855e-01,  2.287216e-01,  6.000000e-01
    67,  EL1,       MAT2,    SH4,  10,     4.1516,   12.4226,   14.3820, -1.272840e+00, -7.750263e-01, -9.388898e-01, -5.007879e-02, -4.927182e-02,  2.162174e-01,  3.206855e-01, -1.780045e-02,  6.000000e-01
    67,  EL1,       MAT2,    SH4,  15,     4.1516,   13.5774,   14.3820, -5.033821e-01, -6.211347e-01, -7.868669e-01, -1.842242e-01, -7.610091e-02,  1.942642e-01,  1.954754e-01, -1.780045e-02,  6.000000e-01
    68,  EL1,       MAT2,    SH4,   0,     5.0948,   12.4226,   14.0756, -7.594025e-01, -3.619796e-01, -1.038871e+00,  2.042725e-01,  3.031231e-03,  8.875304e-02, -2.882894e-02, -9.488775e-02,  6.000000e-01
    68,  EL1,       MAT2,    SH4,   5,     5.0948,   13.5774,   14.0756, -4.395200e-01, -2.980031e-01, -8.904395e-01,  1.530369e-01, -7.215890e-03,  1.114913e-01,  5.063631e-02, -9.488775e-02,  6.000000e-01
    68,  EL1,       MAT2,    SH4,  10,     6.3504,   12.4226,   13.5554, -6.682698e-01,  7.935681e-02, -8.872430e-01,  2.178027e-01,  7.072892e-02,  6.496029e-02,  2.667260e-03, -5.783270e-02,  6.000000e-01
    68,  EL1,       MAT2,    SH4,  15,     6.3504,   13.5774,   13.5554, -3.655872e-01,  1.398933e-01, -7.388123e-01,  1.666024e-01,  6.048886e-02,  8.769835e-02,  7.456936e-02, -5.783270e-02,  6.000000e-01
    69,  EL1,       MAT2,    SH4,   0,     7.2340,   12.4226,   13.1051, -2.851497e-01,  4.057959e-01, -5.632412e-01,  1.454571e-01,  9.129951e-02,  5.214138e-02, -5.067842e-03, -2.989096e-02,  6.000000e-01
    69,  EL1,       MAT2,    SH4,   5,     7.2340,   13.5774,   13.1051, -1.691038e-01,  4.290051e-01, -4.720253e-01,  1.607685e-01,  9.436180e-02,  6.285380e-02, -1.643832e-02, -2.989096e-02,  6.000000e-01
    69,  EL1,       MAT2,    SH4,  10,     8.3927,   12.4226,   12.3949, -2.321897e-01,  6.757856e-01, -5.066732e-01,  1.518616e-01,  1.233190e-01,  5.945015e-02,  1.462395e-02,  9.392300e-03,  6.000000e-01
    69,  EL1,       MAT2,    SH4,  15,     8.3927,   13.5774,   12.3949, -1.138258e-01,  6.994584e-01, -4.154578e-01,  1.671682e-01,  1.263804e-01,  7.016251e-02,  5.577005e-03,  9.392300e-03,  6.000000e-01
    70,  EL1,       MAT2,    SH4,   0,     9.1951,   12.4226,   11.8121, -3.045105e-02,  7.289707e-01, -9.046290e-02,  5.777411e-02,  1.319724e-01,  6.212410e-02, -3.232910e-02, -5.489485e-03,  6.000000e-01
    70,  EL1,       MAT2,    SH4,   5,     9.1951,   13.5774,   11.8121,  2.247789e-02,  7.395565e-01, -1.710268e-01,  5.770567e-02,  1.319587e-01,  7.799248e-02, -2.693825e-02, -5.489485e-03,  6.000000e-01
    70,  EL1,       MAT2,    SH4,  10,    10.2287,   12.4226,   10.9299, -7.039980e-02,  4.966555e-01, -6.170675e-02,  6.699430e-02,  1.781295e-01,  6.214344e-02, -2.749935e-02, -8.543052e-02,  6.000000e-01
    70,  EL1,       MAT2,    SH4,  15,    10.2287,   13.5774,   10.9299, -1.869326e-02,  5.069968e-01, -1.422730e-01,  6.692830e-02,  1.781163e-01,  7.801227e-02, -2.210275e-02, -8.543052e-02,  6.000000e-01
    71,  EL1,       MAT2,    SH4,   0,   -10.2287,   14.4226,   10.9299, -3.746242e-02,  2.994494e-01,  1.315646e-01,  6.975680e-02,  1.711956e-01, -1.226488e-01,  2.178289e-02, -1.430657e-01,  6.000000e-01
    71,  EL1,       MAT2,    SH4,   5,   -10.2287,   15.5774,   10.9299, -2.445264e-02,  3.020514e-01,  1.509639e-01,  8.181151e-02,  1.736065e-01, -1.398239e-01,  2.630561e-02, -1.430657e-01,  6.000000e-01
    71,  EL1,       MAT2,    SH4,  10,    -9.1951,   14.4226,   11.8121, -3.230001e-02,  3.519845e-01,  1.442411e-01,  5.969427e-02,  1.208397e-01, -1.169653e-01,  2.728130e-02,  2.061812e-03,  6.000000e-01
    71,  EL1,       MAT2,    SH4,  15,    -9.1951,   15.5774,   11.8121, -2.052349e-02,  3.543398e-01,  1.636397e-01,  7.175076e-02,  1.232510e-01, -1.341399e-01,  3.360937e-02,  2.061812e-03,  6.000000e-01
    72,  EL1,       MAT2,    SH4,   0,    -8.3927,   14.4226,   12.3949, -1.259167e-01,  2.652729e-01,  6.994870e-01,  1.742173e-01,  1.068846e-01, -1.055335e-01, -1.711301e-03,  3.392791e-02,  6.000000e-01
    72,  EL1,       MAT2,    SH4,   5,    -8.3927,   15.5774,   12.3949, -3.156155e-02,  2.841439e-01,  6.166326e-01,  1.900682e-01,  1.100548e-01, -1.239256e-01, -1.969436e-04,  3.392791e-02,  6.000000e-01
    72,  EL1,       MAT2,    SH4,  10,    -7.2340,   14.4226,   13.1051, -1.776544e-01,  1.767521e-02,  7.438079e-01,  1.633156e-01,  5.234516e-02, -9.799161e-02,  2.203210e-02, -2.413977e-02,  6.000000e-01
    72,  EL1,       MAT2,    SH4,  15,    -7.2340,   15.5774,   13.1051, -8.391469e-02,  3.642316e-02,  6.609531e-01,  1.791679e-01,  5.551561e-02, -1.163838e-01,  2.594413e-02, -2.413977e-02,  6.000000e-01
    73,  EL1,       MAT2,    SH4,   0,    -6.3504,   14.4226,   13.5554, -2.706593e-01, -1.881244e-01,  1.067734e+00,  1.301202e-01,  2.842468e-02, -1.168367e-01, -1.010778e-01, -2.668136e-02,  6.000000e-01
    73,  EL1,       MAT2,    SH4,   5,    -6.3504,   15.5774,   13.5554, -1.164876e-01, -1.572900e-01,  9.704307e-01,  9.574648e-02,  2.154995e-02, -1.148183e-01, -1.015980e-01, -2.668136e-02,  6.000000e-01
    73,  EL1,       MAT2,    SH4,  10,    -5.0948,   14.4226,   14.0756, -3.070146e-01, -4.695814e-01,  1.139364e+00,  1.311529e-01,  3.377671e-02, -1.328569e-01, -8.177675e-02,  2.444256e-02,  6.000000e-01
    73,  EL1,       MAT2,    SH4,  15,    -5.0948,   15.5774,   14.0756, -1.521436e-01, -4.386072e-01,  1.042060e+00,  9.677723e-02,  2.690156e-02, -1.308385e-01, -8.738880e-02,  2.444256e-02,  6.000000e-01
    74,  EL1,       MAT2,    SH4,   0,    -4.1516,   14.4226,   14.3820, -1.170885e-01, -5.783662e-01,  8.187186e-01, -2.091449e-01,  3.632562e-04, -1.591985e-01, -1.290786e-01,  2.407284e-02,  6.000000e-01
    74,  EL1,       MAT2,    SH4,   5,    -4.1516,   15.5774,   14.3820,  1.884586e-01, -5.172568e-01,  7.716579e-01, -1.894424e-01,  4.303751e-03, -1.273772e-01, -7.288933e-02,  2.407284e-02,  6.000000e-01
    74,  EL1,       MAT2,    SH4,  10,    -2.8302,   14.4226,   14.6990, -1.104783e-01, -7.038412e-01,  9.601186e-01, -1.905551e-01,  9.359069e-02, -1.496440e-01, -1.616527e-01, -2.806120e-02,  6.000000e-01
    74,  EL1,       MAT2,    SH4,  15,    -2.8302,   15.5774,   14.6990,  1.819468e-01, -6.453562e-01,  9.130588e-01, -1.708271e-01,  9.753629e-02, -1.178233e-01, -1.024280e-01, -2.806120e-02,  6.000000e-01
    75,  EL1,       MAT2,    SH4,   0,    -1.8506,   14.4226,   14.8541,  2.077006e-01, -6.591794e-01,  2.041160e-01, -4.930420e-01,  6.412441e-02, -7.067554e-02,  8.882734e-02, -1.875601e-02,  6.000000e-01
    75,  EL1,       MAT2,    SH4,   5,    -1.8506,   15.5774,   14.8541,  4.582133e-01, -6.090768e-01,  2.307971e-01, -4.213581e-01,  7.846120e-02, -7.240575e-02, -3.531548e-02, -1.875601e-02,  6.000000e-01
    75,  EL1,       MAT2,    SH4,  10,    -0.4959,   14.4226,   14.9609,  2.120810e-01, -5.833441e-01,  3.288139e-01, -4.940186e-01,  5.919816e-02, -3.673257e-02,  1.017425e-02,  5.880023e-02,  6.000000e-01
    75,  EL1,       MAT2,    SH4,  15,    -0.4959,   15.5774,   14.9609,  4.895783e-01, -5.278446e-01,  3.554953e-01, -4.223868e-01,  7.352451e-02, -3.846279e-02, -1.031810e-01,  5.880023e-02,  6.000000e-01
    76,  EL1,       MAT2,    SH4,   0,     0.4959,   14.4226,   14.9609,  2.120810e-01, -5.833441e-01, -3.288139e-01, -4.940186e-01,  5.919816e-02,  3.673257e-02, -1.017425e-02,  5.880023e-02,  6.000000e-01
    76,  EL1,       MAT2,    SH4,   5,     0.4959,   15.5774,   14.9609,  4.895783e-01, -5.278446e-01, -3.554953e-01, -4.223868e-01,  7.352451e-02,  3.846279e-02,  1.031810e-01,  5.880023e-02,  6.000000e-01
    76,  EL1,       MAT2,    SH4,  10,     1.8506,   14.4226,   14.8541,  2.077006e-01, -6.591794e-01, -2.041160e-01, -4.930420e-01,  6.412441e-02,  7.067555e-02, -8.882734e-02, -1.875601e-02,  6.000000e-01
    76,  EL1,       MAT2,    SH4,  15,     1.8506,   15.5774,   14.8541,  4.582133e-01, -6.090768e-01, -2.307971e-01, -4.213581e-01,  7.846120e-02,  7.240575e-02,  3.531548e-02, -1.875601e-02,  6.000000e-01
    77,  EL1,       MAT2,    SH4,   0,     2.8302,   14.4226,   14.6990, -1.104783e-01, -7.038412e-01, -9.601186e-01, -1.905551e-01,  9.359069e-02,  1.496440e-01,  1.616527e-01, -2.806120e-02,  6.000000e-01
    77,  EL1,       MAT2,    SH4,   5,     2.8302,   15.5774,   14.6990,  1.819468e-01, -6.453562e-01, -9.130588e-01, -1.708271e-01,  9.753629e-02,  1.178233e-01,  1.024280e-01, -2.806120e-02,  6.000000e-01
    77,  EL1,       MAT2,    SH4,  10,     4.1516,   14.4226,   14.3820, -1.170885e-01, -5.783662e-01, -8.187186e-01, -2.091449e-01,  3.632562e-04,  1.591985e-01,  1.290786e-01,  2.407284e-02,  6.000000e-01
    77,  EL1,       MAT2,    SH4,  15,     4.1516,   15.5774,   14.3820,  1.884586e-01, -5.172568e-01, -7.716579e-01, -1.894424e-01,  4.303751e-03,  1.273772e-01,  7.288933e-02,  2.407284e-02,  6.000000e-01
    78,  EL1,       MAT2,    SH4,   0,     5.0948,   14.4226,   14.0756, -3.070146e-01, -4.695814e-01, -1.139364e+00,  1.311529e-01,  3.377671e-02,  1.328569e-01,  8.177675e-02,  2.444256e-02,  6.000000e-01
    78,  EL1,       MAT2,    SH4,   5,     5.0948,   15.5774,   14.0756, -1.521436e-01, -4.386072e-01, -1.042060e+00,  9.677723e-02,  2.690156e-02,  1.308385e-01,  8.738880e-02,  2.444256e-02,  6.000000e-01
    78,  EL1,       MAT2,    SH4,  10,     6.3504,   14.4226,   13.5554, -2.706593e-01, -1.881244e-01, -1.067734e+00,  1.301202e-01,  2.842468e-02,  1.168367e-01,  1.010778e-01, -2.668136e-02,  6.000000e-01
    78,  EL1,       MAT2,    SH4,  15,     6.3504,   15.5774,   13.5554, -1.164876e-01, -1.572900e-01, -9.704307e-01,  9.574648e-02,  2.154995e-02,  1.148183e-01,  1.015980e-01, -2.668136e-02,  6.000000e-01
    79,  EL1,       MAT2,    SH4,   0,     7.2340,   14.4226,   13.1051, -1.776544e-01,  1.767521e-02, -7.438079e-01,  1.633156e-01,  5.234516e-02,  9.799161e-02, -2.203210e-02, -2.413977e-02,  6.000000e-01
    79,  EL1,       MAT2,    SH4,   5,     7.2340,   15.5774,   13.1051, -8.391469e-02,  3.642317e-02, -6.609531e-01,  1.791679e-01,  5.551561e-02,  1.163838e-01, -2.594413e-02, -2.413977e-02,  6.000000e-01
    79,  EL1,       MAT2,    SH4,  10,     8.3927,   14.4226,   12.3949, -1.259167e-01,  2.652729e-01, -6.994870e-01,  1.742173e-01,  1.068846e-01,  1.055335e-01,  1.711301e-03,  3.392791e-02,  6.000000e-01
    79,  EL1,       MAT2,    SH4,  15,     8.3927,   15.5774,   12.3949, -3.156155e-02,  2.841439e-01, -6.166326e-01,  1.900682e-01,  1.100548e-01,  1.239256e-01,  1.969435e-04,  3.392791e-02,  6.000000e-01
    80,  EL1,       MAT2,    SH4,   0,     9.1951,   14.4226,   11.8121, -3.230001e-02,  3.519845e-01, -1.442410e-01,  5.969428e-02,  1.208397e-01,  1.169653e-01, -2.728130e-02,  2.061812e-03,  6.000000e-01
    80,  EL1,       MAT2,    SH4,   5,     9.1951,   15.5774,   11.8121, -2.052349e-02,  3.543398e-01, -1.636397e-01,  7.175076e-02,  1.232510e-01,  1.341399e-01, -3.360937e-02,  2.061812e-03,  6.000000e-01
    80,  EL1,       MAT2,    SH4,  10,    10.2287,   14.4226,   10.9299, -3.746242e-02,  2.994494e-01, -1.315646e-01,  6.975680e-02,  1.711956e-01,  1.226488e-01, -2.178289e-02, -1.430657e-01,  6.000000e-01
    80,  EL1,       MAT2,    SH4,  15,    10.2287,   15.5774,   10.9299, -2.445264e-02,  3.020514e-01, -1.509639e-01,  8.181151e-02,  1.736065e-01,  1.398239e-01, -2.630561e-02, -1.430657e-01,  6.000000e-01
    81,  EL1,       MAT2,    SH4,   0,   -10.2287,   16.4226,   10.9299, -1.344891e-02,  2.326790e-02,  1.844752e-01,  1.048954e-01,  2.204778e-01, -2.133602e-01,  1.848052e-02, -1.938478e-01,  6.000000e-01
    81,  EL1,       MAT2,    SH4,   5,   -10.2287,   17.5774,   10.9299,  1.635339e-01,  5.866446e-02,  1.129861e-01,  1.318566e-01,  2.258701e-01, -2.515179e-01, -7.420732e-03, -1.938478e-01,  6.000000e-01
    81,  EL1,       MAT2,    SH4,  10,    -9.1951,   16.4226,   11.8121, -6.223671e-02, -1.953673e-01,  2.786461e-01,  8.239172e-02,  1.079265e-01, -2.005112e-01,  2.793959e-02,  2.142798e-03,  6.000000e-01
    81,  EL1,       MAT2,    SH4,  15,    -9.1951,   17.5774,   11.8121,  1.201565e-01, -1.588887e-01,  2.071590e-01,  1.093406e-01,  1.133162e-01, -2.386679e-01,  6.121396e-03,  2.142798e-03,  6.000000e-01
    82,  EL1,       MAT2,    SH4,   0,    -8.3927,   16.4226,   12.3949, -2.741225e-01, -2.728210e-01,  9.791579e-01,  2.101014e-01,  8.267344e-02, -1.713229e-01, -2.327099e-02,  6.353485e-02,  6.000000e-01
    82,  EL1,       MAT2,    SH4,   5,    -8.3927,   17.5774,   12.3949, -7.417668e-01, -3.663499e-01,  1.019953e+00,  2.668475e-01,  9.402266e-02, -1.822940e-01, -8.782481e-02,  6.353485e-02,  6.000000e-01
    82,  EL1,       MAT2,    SH4,  10,    -7.2340,   16.4226,   13.1051, -2.487028e-01, -1.546902e-01,  7.598605e-01,  2.036991e-01,  5.066927e-02, -1.450794e-01,  6.801240e-03,  3.527039e-02,  6.000000e-01
    82,  EL1,       MAT2,    SH4,  15,    -7.2340,   17.5774,   13.1051, -7.026335e-01, -2.454763e-01,  8.006555e-01,  2.604184e-01,  6.201313e-02, -1.560506e-01, -4.941014e-02,  3.527039e-02,  6.000000e-01
    83,  EL1,       MAT2,    SH4,   0,    -6.3504,   16.4226,   13.5554, -1.219600e-01, -1.419539e-01,  8.704380e-01,  9.027608e-02,  2.511996e-02, -1.134839e-01, -1.083007e-01,  1.960963e-02,  6.000000e-01
    83,  EL1,       MAT2,    SH4,   5,    -6.3504,   17.5774,   13.5554, -3.004345e-01, -1.776488e-01,  8.176157e-01,  1.070497e-01,  2.847467e-02, -1.052629e-01, -1.260925e-01,  1.960963e-02,  6.000000e-01
    83,  EL1,       MAT2,    SH4,  10,    -5.0948,   16.4226,   14.0756, -1.295917e-01, -2.909846e-01,  7.868311e-01,  9.500173e-02,  4.896227e-02, -1.057651e-01, -9.505711e-02,  5.088098e-03,  6.000000e-01
    83,  EL1,       MAT2,    SH4,  15,    -5.0948,   17.5774,   14.0756, -3.043060e-01, -3.259274e-01,  7.340083e-01,  1.117681e-01,  5.231555e-02, -9.754393e-02, -1.103953e-01,  5.088098e-03,  6.000000e-01
    84,  EL1,       MAT2,    SH4,   0,    -4.1516,   16.4226,   14.3820,  3.006091e-01, -2.617793e-01,  5.326540e-01, -1.757819e-01,  9.538502e-03, -8.421626e-02, -6.598094e-02,  5.527466e-03,  6.000000e-01
    84,  EL1,       MAT2,    SH4,   5,    -4.1516,   17.5774,   14.3820,  1.688174e-01, -2.881376e-01,  5.294892e-01, -1.595877e-01,  1.277735e-02, -7.805870e-02, -1.032962e-01,  5.527466e-03,  6.000000e-01
    84,  EL1,       MAT2,    SH4,  10,    -2.8302,   16.4226,   14.6990,  3.170971e-01, -2.662530e-01,  4.719337e-01, -1.721959e-01,  2.760970e-02, -7.672416e-02, -9.353676e-02,  2.124937e-02,  6.000000e-01
    84,  EL1,       MAT2,    SH4,  15,    -2.8302,   17.5774,   14.6990,  1.935177e-01, -2.909689e-01,  4.687689e-01, -1.560187e-01,  3.084514e-02, -7.056672e-02, -1.284701e-01,  2.124937e-02,  6.000000e-01
    85,  EL1,       MAT2,    SH4,   0,    -1.8506,   16.4226,   14.8541,  5.909893e-01, -2.043230e-01,  1.823995e-01, -3.980677e-01, -1.169660e-03, -4.862851e-02, -6.203268e-02,  2.097276e-02,  6.000000e-01
    85,  EL1,       MAT2,    SH4,   5,    -1.8506,   17.5774,   14.8541,  4.879653e-01, -2.249278e-01,  1.914311e-01, -3.581458e-01,  6.814722e-03, -3.892144e-02, -1.088262e-02,  2.097276e-02,  6.000000e-01
    85,  EL1,       MAT2,    SH4,  10,    -0.4959,   16.4226,   14.9609,  6.178032e-01, -1.716502e-01,  1.312461e-01, -3.924043e-01,  2.740097e-02, -2.995342e-02, -1.237767e-01,  4.495164e-03,  6.000000e-01
    85,  EL1,       MAT2,    SH4,  15,    -0.4959,   17.5774,   14.9609,  5.024815e-01, -1.947146e-01,  1.402778e-01, -3.524568e-01,  3.539047e-02, -2.024623e-02, -6.668980e-02,  4.495164e-03,  6.000000e-01
    86,  EL1,       MAT2,    SH4,   0,     0.4959,   16.4226,   14.9609,  6.178032e-01, -1.716502e-01, -1.312461e-01, -3.924043e-01,  2.740097e-02,  2.995342e-02,  1.237767e-01,  4.495164e-03,  6.000000e-01
    86,  EL1,       MAT2,    SH4,   5,     0.4959,   17.5774,   14.9609,  5.024815e-01, -1.947146e-01, -1.402778e-01, -3.524568e-01,  3.539047e-02,  2.024623e-02,  6.668980e-02,  4.495164e-03,  6.000000e-01
    86,  EL1,       MAT2,    SH4,  10,     1.8506,   16.4226,   14.8541,  5.909893e-01, -2.043230e-01, -1.823995e-01, -3.980677e-01, -1.169660e-03,  4.862851e-02,  6.203268e-02,  2.097276e-02,  6.000000e-01
    86,  EL1,       MAT2,    SH4,  15,     1.8506,   17.5774,   14.8541,  4.879653e-01, -2.249278e-01, -1.914311e-01, -3.581458e-01,  6.814722e-03,  3.892144e-02,  1.088262e-02,  2.097276e-02,  6.000000e-01
    87,  EL1,       MAT2,    SH4,   0,     2.8302,   16.4226,   14.6990,  3.170971e-01, -2.662530e-01, -4.719337e-01, -1.721959e-01,  2.760970e-02,  7.672416e-02,  9.353676e-02,  2.124937e-02,  6.000000e-01
    87,  EL1,       MAT2,    SH4,   5,     2.8302,   17.5774,   14.6990,  1.935177e-01, -2.909689e-01, -4.687689e-01, -1.560187e-01,  3.084514e-02,  7.056672e-02,  1.284701e-01,  2.124937e-02,  6.000000e-01
    87,  EL1,       MAT2,    SH4,  10,     4.1516,   16.4226,   14.3820,  3.006091e-01, -2.617793e-01, -5.326540e-01, -1.757819e-01,  9.538502e-03,  8.421626e-02,  6.598094e-02,  5.527466e-03,  6.000000e-01
    87,  EL1,       MAT2,    SH4,  15,     4.1516,   17.5774,   14.3820,  1.688174e-01, -2.881376e-01, -5.294892e-01, -1.595877e-01,  1.277735e-02,  7.805870e-02,  1.032962e-01,  5.527466e-03,  6.000000e-01
    88,  EL1,       MAT2,    SH4,   0,     5.0948,   16.4226,   14.0756, -1.295917e-01, -2.909846e-01, -7.868311e-01,  9.500173e-02,  4.896227e-02,  1.057651e-01,  9.505711e-02,  5.088098e-03,  6.000000e-01
    88,  EL1,       MAT2,    SH4,   5,     5.0948,   17.5774,   14.0756, -3.043060e-01, -3.259274e-01, -7.340083e-01,  1.117681e-01,  5.231555e-02,  9.754393e-02,  1.103953e-01,  5.088098e-03,  6.000000e-01
    88,  EL1,       MAT2,    SH4,  10,     6.3504,   16.4226,   13.5554, -1.219600e-01, -1.419539e-01, -8.704380e-01,  9.027608e-02,  2.511996e-02,  1.134839e-01,  1.083007e-01,  1.960963e-02,  6.000000e-01
    88,  EL1,       MAT2,    SH4,  15,     6.3504,   17.5774,   13.5554, -3.004345e-01, -1.776488e-01, -8.176157e-01,  1.070497e-01,  2.847467e-02,  1.052629e-01,  1.260925e-01,  1.960963e-02,  6.000000e-01
    89,  EL1,       MAT2,    SH4,   0,     7.2340,   16.4226,   13.1051, -2.487028e-01, -1.546902e-01, -7.598605e-01,  2.036991e-01,  5.066927e-02,  1.450794e-01, -6.801240e-03,  3.527039e-02,  6.000000e-01
    89,  EL1,       MAT2,    SH4,   5,     7.2340,   17.5774,   13.1051, -7.026335e-01, -2.454763e-01, -8.006555e-01,  2.604184e-01,  6.201313e-02,  1.560506e-01,  4.941014e-02,  3.527039e-02,  6.000000e-01
    89,  EL1,       MAT2,    SH4,  10,     8.3927,   16.4226,   12.3949, -2.741225e-01, -2.728210e-01, -9.791579e-01,  2.101014e-01,  8.267344e-02,  1.713229e-01,  2.327099e-02,  6.353485e-02,  6.000000e-01
    89,  EL1,       MAT2,    SH4,  15,     8.3927,   17.5774,   12.3949, -7.417668e-01, -3.663499e-01, -1.019953e+00,  2.668475e-01,  9.402266e-02,  1.822940e-01,  8.782481e-02,  6.353485e-02,  6.000000e-01
    90,  EL1,       MAT2,    SH4,   0,     9.1951,   16.4226,   11.8121, -6.223671e-02, -1.953673e-01, -2.786461e-01,  8.239172e-02,  1.079265e-01,  2.005112e-01, -2.793959e-02,  2.142798e-03,  6.000000e-01
    90,  EL1,       MAT2,    SH4,   5,     9.1951,   17.5774,   11.8121,  1.201565e-01, -1.588887e-01, -2.071590e-01,  1.093406e-01,  1.133162e-01,  2.386679e-01, -6.121396e-03,  2.142798e-03,  6.000000e-01
    90,  EL1,       MAT2,    SH4,  10,    10.2287,   16.4226,   10.9299, -1.344891e-02,  2.326790e-02, -1.844752e-01,  1.048954e-01,  2.204778e-01,  2.133602e-01, -1.848052e-02, -1.938478e-01,  6.000000e-01
    90,  EL1,       MAT2,    SH4,  15,    10.2287,   17.5774,   10.9299,  1.635339e-01,  5.866446e-02, -1.129861e-01,  1.318566e-01,  2.258701e-01,  2.515179e-01,  7.420732e-03, -1.938478e-01,  6.000000e-01
    91,  EL1,       MAT2,    SH4,   0,   -10.2287,   18.4226,   10.9299, -1.002592e+00, -1.021999e+00,  1.652410e+00,  1.684998e-01,  1.493653e-01, -2.710028e-01,  1.278951e-01, -5.216934e-01,  6.000000e-01
    91,  EL1,       MAT2,    SH4,   5,   -10.2287,   19.5774,   10.9299, -3.454424e+00, -1.573397e+00,  1.514581e+00,  2.136097e-01,  1.704492e-01, -2.265384e-01,  4.606966e-01, -4.699559e-01,  6.000000e-01
    91,  EL1,       MAT2,    SH4,  10,    -9.1951,   18.4226,   11.8121, -9.948052e-01, -7.959340e-02,  6.643711e-01,  1.757408e-01,  2.653974e-02, -2.932229e-01,  1.706998e-01, -2.850074e-02,  6.000000e-01
    91,  EL1,       MAT2,    SH4,  15,    -9.1951,   19.5774,   11.8121, -3.755842e+00, -8.236891e-01,  6.188191e-01,  2.518715e-01,  8.219047e-02, -2.550494e-01,  5.613311e-01, -2.505132e-02,  6.000000e-01
    92,  EL1,       MAT2,    SH4,   0,    -8.3927,   18.4226,   12.3949, -9.810526e-01,  2.242651e-01,  6.924790e-01,  2.904994e-01,  1.498956e-03, -1.772108e-01, -5.432224e-02,  1.318780e-01,  6.000000e-01
    92,  EL1,       MAT2,    SH4,   5,    -8.3927,   19.5774,   12.3949, -1.529460e+00,  1.140052e-01,  5.937568e-01,  3.534295e-01,  1.424220e-02, -1.665103e-01,  1.017305e-01,  1.318377e-01,  6.000000e-01
    92,  EL1,       MAT2,    SH4,  10,    -7.2340,   18.4226,   13.1051, -1.031062e+00, -6.049920e-02,  4.213400e-01,  2.965595e-01,  3.185248e-02, -1.479968e-01, -9.454375e-03,  5.903759e-03,  6.000000e-01
    92,  EL1,       MAT2,    SH4,  15,    -7.2340,   19.5774,   13.1051, -1.617086e+00, -1.777040e-01,  3.232630e-01,  3.598603e-01,  4.451265e-02, -1.374718e-01,  1.559182e-01,  5.903759e-03,  6.000000e-01
    93,  EL1,       MAT2,    SH4,   0,    -6.3504,   18.4226,   13.5554, -4.060940e-01, -5.263661e-02,  3.785302e-01,  1.182773e-01,  1.257549e-02, -8.963441e-02, -1.062443e-01, -2.896462e-02,  6.000000e-01
    93,  EL1,       MAT2,    SH4,   5,    -6.3504,   19.5774,   13.5554, -5.994683e-01, -9.131148e-02,  3.621246e-01,  1.425056e-01,  1.742116e-02, -8.406966e-02, -3.422591e-02, -2.896462e-02,  6.000000e-01
    93,  EL1,       MAT2,    SH4,  10,    -5.0948,   18.4226,   14.0756, -3.934235e-01, -9.534793e-02,  2.856981e-01,  1.214869e-01,  2.882543e-02, -7.842377e-02, -8.834428e-02,  1.747453e-03,  6.000000e-01
    93,  EL1,       MAT2,    SH4,  15,    -5.0948,   19.5774,   14.0756, -6.035679e-01, -1.373768e-01,  2.692924e-01,  1.457492e-01,  3.367789e-02, -7.285898e-02, -1.276165e-02,  1.747453e-03,  6.000000e-01
    94,  EL1,       MAT2,    SH4,   0,    -4.1516,   18.4226,   14.3820,  1.162898e-01, -2.245155e-02,  1.925411e-01, -1.522433e-01, -1.007027e-02, -5.660225e-02, -9.777631e-02,  1.095256e-02,  6.000000e-01
    94,  EL1,       MAT2,    SH4,   5,    -4.1516,   19.5774,   14.3820, -5.262870e-02, -5.623525e-02,  1.797956e-01, -1.345320e-01, -6.527991e-03, -4.675976e-02, -4.538058e-02,  1.095256e-02,  6.000000e-01
    94,  EL1,       MAT2,    SH4,  10,    -2.8302,   18.4226,   14.6990,  1.340457e-01, -5.301084e-02,  1.100698e-01, -1.465173e-01,  1.877089e-02, -4.843217e-02, -1.211282e-01,  5.389281e-03,  6.000000e-01
    94,  EL1,       MAT2,    SH4,  15,    -2.8302,   19.5774,   14.6990, -4.706559e-02, -8.923311e-02,  9.732445e-02, -1.287822e-01,  2.231791e-02, -3.858987e-02, -6.613651e-02,  5.389281e-03,  6.000000e-01
    95,  EL1,       MAT2,    SH4,   0,    -1.8506,   18.4226,   14.8541,  4.049207e-01, -7.966762e-03,  8.726575e-02, -3.398930e-01, -7.089185e-03, -2.138641e-02,  4.045410e-03,  5.358918e-03,  6.000000e-01
    95,  EL1,       MAT2,    SH4,   5,    -1.8506,   19.5774,   14.8541,  1.481199e-01, -5.932693e-02,  9.034119e-02, -3.199556e-01, -3.101709e-03, -1.879968e-02, -6.320533e-03,  5.358918e-03,  6.000000e-01
    95,  EL1,       MAT2,    SH4,  10,    -0.4959,   18.4226,   14.9609,  4.118941e-01,  2.592280e-03, -3.309974e-02, -3.383880e-01,  5.272212e-04, -1.225297e-02, -4.852617e-02,  1.083924e-02,  6.000000e-01
    95,  EL1,       MAT2,    SH4,  15,    -0.4959,   19.5774,   14.9609,  1.571119e-01, -4.836416e-02, -3.002426e-02, -3.184542e-01,  4.513992e-03, -9.666206e-03, -5.598907e-02,  1.083924e-02,  6.000000e-01
    96,  EL1,       MAT2,    SH4,   0,     0.4959,   18.4226,   14.9609,  4.118941e-01,  2.592280e-03,  3.309974e-02, -3.383880e-01,  5.272212e-04,  1.225297e-02,  4.852617e-02,  1.083924e-02,  6.000000e-01
    96,  EL1,       MAT2,    SH4,   5,     0.4959,   19.5774,   14.9609,  1.571119e-01, -4.836416e-02,  3.002426e-02, -3.184542e-01,  4.513992e-03,  9.666206e-03,  5.598907e-02,  1.083924e-02,  6.000000e-01
    96,  EL1,       MAT2,    SH4,  10,     1.8506,   18.4226,   14.8541,  4.049207e-01, -7.966762e-03, -8.726575e-02, -3.398930e-01, -7.089185e-03,  2.138641e-02, -4.045410e-03,  5.358918e-03,  6.000000e-01
    96,  EL1,       MAT2,    SH4,  15,     1.8506,   19.5774,   14.8541,  1.481199e-01, -5.932693e-02, -9.034119e-02, -3.199556e-01, -3.101709e-03,  1.879968e-02,  6.320533e-03,  5.358918e-03,  6.000000e-01
    97,  EL1,       MAT2,    SH4,   0,     2.8302,   18.4226,   14.6990,  1.340457e-01, -5.301084e-02, -1.100698e-01, -1.465173e-01,  1.877089e-02,  4.843217e-02,  1.211282e-01,  5.389281e-03,  6.000000e-01
    97,  EL1,       MAT2,    SH4,   5,     2.8302,   19.5774,   14.6990, -4.706559e-02, -8.923311e-02, -9.732445e-02, -1.287822e-01,  2.231791e-02,  3.858987e-02,  6.613651e-02,  5.389281e-03,  6.000000e-01
    97,  EL1,       MAT2,    SH4,  10,     4.1516,   18.4226,   14.3820,  1.162898e-01, -2.245155e-02, -1.925411e-01, -1.522433e-01, -1.007027e-02,  5.660225e-02,  9.777631e-02,  1.095256e-02,  6.000000e-01
    97,  EL1,       MAT2,    SH4,  15,     4.1516,   19.5774,   14.3820, -5.262870e-02, -5.623525e-02, -1.797956e-01, -1.345320e-01, -6.527991e-03,  4.675976e-02,  4.538059e-02,  1.095256e-02,  6.000000e-01
    98,  EL1,       MAT2,    SH4,   0,     5.0948,   18.4226,   14.0756, -3.934235e-01, -9.534793e-02, -2.856981e-01,  1.214869e-01,  2.882543e-02,  7.842377e-02,  8.834428e-02,  1.747453e-03,  6.000000e-01
    98,  EL1,       MAT2,    SH4,   5,     5.0948,   19.5774,   14.0756, -6.035679e-01, -1.373768e-01, -2.692924e-01,  1.457492e-01,  3.367789e-02,  7.285898e-02,  1.276165e-02,  1.747453e-03,  6.000000e-01
    98,  EL1,       MAT2,    SH4,  10,     6.3504,   18.4226,   13.5554, -4.060940e-01, -5.263661e-02, -3.785302e-01,  1.182773e-01,  1.257549e-02,  8.963441e-02,  1.062443e-01, -2.896462e-02,  6.000000e-01
    98,  EL1,       MAT2,    SH4,  15,     6.3504,   19.5774,   13.5554, -5.994683e-01, -9.131148e-02, -3.621246e-01,  1.425056e-01,  1.742116e-02,  8.406966e-02,  3.422591e-02, -2.896462e-02,  6.000000e-01
    99,  EL1,       MAT2,    SH4,   0,     7.2340,   18.4226,   13.1051, -1.031062e+00, -6.049920e-02, -4.213400e-01,  2.965595e-01,  3.185248e-02,  1.479968e-01,  9.454375e-03,  5.903759e-03,  6.000000e-01
    99,  EL1,       MAT2,    SH4,   5,     7.2340,   19.5774,   13.1051, -1.617086e+00, -1.777040e-01, -3.232630e-01,  3.598603e-01,  4.451265e-02,  1.374718e-01, -1.559182e-01,  5.903759e-03,  6.000000e-01
    99,  EL1,       MAT2,    SH4,  10,     8.3927,   18.4226,   12.3949, -9.810526e-01,  2.242651e-01, -6.924790e-01,  2.904994e-01,  1.498956e-03,  1.772108e-01,  5.432224e-02,  1.318780e-01,  6.000000e-01
    99,  EL1,       MAT2,    SH4,  15,     8.3927,   19.5774,   12.3949, -1.529460e+00,  1.140052e-01, -5.937568e-01,  3.534295e-01,  1.424220e-02,  1.665103e-01, -1.017305e-01,  1.318377e-01,  6.000000e-01
   100,  EL1,       MAT2,    SH4,   0,     9.1951,   18.4226,   11.8121, -9.948052e-01, -7.959340e-02, -6.643711e-01,  1.757408e-01,  2.653974e-02,  2.932229e-01, -1.706998e-01, -2.850074e-02,  6.000000e-01
   100,  EL1,       MAT2,    SH4,   5,     9.1951,   19.5774,   11.8121, -3.755842e+00, -8.236891e-01, -6.188191e-01,  2.518715e-01,  8.219048e-02,  2.550494e-01, -5.613311e-01, -2.505132e-02,  6.000000e-01
   100,  EL1,       MAT2,    SH4,  10,    10.2287,   18.4226,   10.9299, -1.002592e+00, -1.021999e+00, -1.652410e+00,  1.684998e-01,  1.493653e-01,  2.710028e-01, -1.278951e-01, -5.216934e-01,  6.000000e-01
   100,  EL1,       MAT2,    SH4,  15,    10.2287,   19.5774,   10.9299, -3.454424e+00, -1.573397e+00, -1.514581e+00,  2.136097e-01,  1.704492e-01,  2.265384e-01, -4.606966e-01, -4.699559e-01,  6.000000e-01
