Time   1.0000
El      1     SH4                                     EL1                                    MAT2               MISES      1      2     13     12           5      0
  -10.2287    0.4226   10.9299        Z  -3.4544e+00  -1.5734e+00  -1.5146e+00  -2.1361e-01  -1.7045e-01  -2.2654e-01   4.6070e-01   4.6996e-01     0.7301  0.0000  0.6833   0.0000  1.0000 -0.0000
  -10.2287    1.5774   10.9299        Z  -1.0026e+00  -1.0220e+00  -1.6524e+00  -1.6850e-01  -1.4937e-01  -2.7100e-01   1.2790e-01   5.2169e-01     0.7301  0.0000  0.6833   0.0000  1.0000 -0.0000
   -9.1951    0.4226   11.8121        Z  -3.7558e+00  -8.2369e-01  -6.1882e-01  -2.5187e-01  -8.2190e-02  -2.5505e-01   5.6133e-01   2.5051e-02     0.7891  0.0000  0.6143   0.0000  1.0000 -0.0000
   -9.1951    1.5774   11.8121        Z  -9.9481e-01  -7.9593e-02  -6.6437e-01  -1.7574e-01  -2.6540e-02  -2.9322e-01   1.7070e-01   2.8501e-02     0.7891  0.0000  0.6143   0.0000  1.0000 -0.0000
El      2     SH4                                     EL1                                    MAT2               MISES      2      3     14     13           5      0
   -8.3927    0.4226   12.3949        Z  -1.5295e+00   1.1401e-01  -5.9376e-01  -3.5343e-01  -1.4242e-02  -1.6651e-01   1.0173e-01  -1.3184e-01     0.8280  0.0000  0.5607   0.0000  1.0000 -0.0000
   -8.3927    1.5774   12.3949        Z  -9.8105e-01   2.2427e-01  -6.9248e-01  -2.9050e-01  -1.4990e-03  -1.7721e-01  -5.4322e-02  -1.3188e-01     0.8280  0.0000  0.5607   0.0000  1.0000 -0.0000
   -7.2340    0.4226   13.1051        Z  -1.6171e+00  -1.7770e-01  -3.2326e-01  -3.5986e-01  -4.4513e-02  -1.3747e-01   1.5592e-01  -5.9038e-03     0.8755  0.0000  0.4833   0.0000  1.0000 -0.0000
   -7.2340    1.5774   13.1051        Z  -1.0311e+00  -6.0499e-02  -4.2134e-01  -2.9656e-01  -3.1852e-02  -1.4800e-01  -9.4544e-03  -5.9038e-03     0.8755  0.0000  0.4833   0.0000  1.0000 -0.0000
El      3     SH4                                     EL1                                    MAT2               MISES      3      4     15     14           5      0
   -6.3504    0.4226   13.5554        Z  -5.9947e-01  -9.1311e-02  -3.6212e-01  -1.4251e-01  -1.7421e-02  -8.4070e-02  -3.4226e-02   2.8965e-02     0.9056  0.0000  0.4242   0.0000  1.0000 -0.0000
   -6.3504    1.5774   13.5554        Z  -4.0609e-01  -5.2637e-02  -3.7853e-01  -1.1828e-01  -1.2575e-02  -8.9634e-02  -1.0624e-01   2.8965e-02     0.9056  0.0000  0.4242   0.0000  1.0000 -0.0000
   -5.0948    0.4226   14.0756        Z  -6.0357e-01  -1.3738e-01  -2.6929e-01  -1.4575e-01  -3.3678e-02  -7.2859e-02  -1.2762e-02  -1.7475e-03     0.9403  0.0000  0.3404   0.0000  1.0000 -0.0000
   -5.0948    1.5774   14.0756        Z  -3.9342e-01  -9.5348e-02  -2.8570e-01  -1.2149e-01  -2.8825e-02  -7.8424e-02  -8.8344e-02  -1.7475e-03     0.9403  0.0000  0.3404   0.0000  1.0000 -0.0000
El      4     SH4                                     EL1                                    MAT2               MISES      4      5     16     15           5      0
   -4.1516    0.4226   14.3820        Z  -5.2629e-02  -5.6235e-02  -1.7980e-01   1.3453e-01   6.5280e-03  -4.6760e-02  -4.5381e-02  -1.0953e-02     0.9608  0.0000  0.2773   0.0000  1.0000 -0.0000
   -4.1516    1.5774   14.3820        Z   1.1629e-01  -2.2452e-02  -1.9254e-01   1.5224e-01   1.0070e-02  -5.6602e-02  -9.7776e-02  -1.0953e-02     0.9608  0.0000  0.2773   0.0000  1.0000 -0.0000
   -2.8302    0.4226   14.6990        Z  -4.7066e-02  -8.9233e-02  -9.7324e-02   1.2878e-01  -2.2318e-02  -3.8590e-02  -6.6137e-02  -5.3893e-03     0.9820  0.0000  0.1891   0.0000  1.0000 -0.0000
   -2.8302    1.5774   14.6990        Z   1.3405e-01  -5.3011e-02  -1.1007e-01   1.4652e-01  -1.8771e-02  -4.8432e-02  -1.2113e-01  -5.3893e-03     0.9820  0.0000  0.1891   0.0000  1.0000 -0.0000
El      5     SH4                                     EL1                                    MAT2               MISES      5      6     17     16           5      0
   -1.8506    0.4226   14.8541        Z   1.4812e-01  -5.9327e-02  -9.0341e-02   3.1996e-01   3.1017e-03  -1.8800e-02  -6.3205e-03  -5.3589e-03     0.9923  0.0000  0.1236   0.0000  1.0000 -0.0000
   -1.8506    1.5774   14.8541        Z   4.0492e-01  -7.9668e-03  -8.7266e-02   3.3989e-01   7.0892e-03  -2.1386e-02   4.0454e-03  -5.3589e-03     0.9923  0.0000  0.1236   0.0000  1.0000 -0.0000
   -0.4959    0.4226   14.9609        Z   1.5711e-01  -4.8364e-02   3.0024e-02   3.1845e-01  -4.5140e-03  -9.6662e-03  -5.5989e-02  -1.0839e-02     0.9995  0.0000  0.0331   0.0000  1.0000 -0.0000
   -0.4959    1.5774   14.9609        Z   4.1189e-01   2.5923e-03   3.3100e-02   3.3839e-01  -5.2722e-04  -1.2253e-02  -4.8526e-02  -1.0839e-02     0.9995  0.0000  0.0331   0.0000  1.0000 -0.0000
El      6     SH4                                     EL1                                    MAT2               MISES      6      7     18     17           5      0
    0.4959    0.4226   14.9609        Z   1.5711e-01  -4.8364e-02  -3.0024e-02   3.1845e-01  -4.5140e-03   9.6662e-03   5.5989e-02  -1.0839e-02     0.9995  0.0000 -0.0331  -0.0000  1.0000 -0.0000
    0.4959    1.5774   14.9609        Z   4.1189e-01   2.5923e-03  -3.3100e-02   3.3839e-01  -5.2722e-04   1.2253e-02   4.8526e-02  -1.0839e-02     0.9995  0.0000 -0.0331  -0.0000  1.0000 -0.0000
    1.8506    0.4226   14.8541        Z   1.4812e-01  -5.9327e-02   9.0341e-02   3.1996e-01   3.1017e-03   1.8800e-02   6.3205e-03  -5.3589e-03     0.9923  0.0000 -0.1236  -0.0000  1.0000 -0.0000
    1.8506    1.5774   14.8541        Z   4.0492e-01  -7.9668e-03   8.7266e-02   3.3989e-01   7.0892e-03   2.1386e-02  -4.0454e-03  -5.3589e-03     0.9923  0.0000 -0.1236  -0.0000  1.0000 -0.0000
El      7     SH4                                     EL1                                    MAT2               MISES      7      8     19     18           5      0
    2.8302    0.4226   14.6990        Z  -4.7066e-02  -8.9233e-02   9.7324e-02   1.2878e-01  -2.2318e-02   3.8590e-02   6.6137e-02  -5.3893e-03     0.9820  0.0000 -0.1891  -0.0000  1.0000 -0.0000
    2.8302    1.5774   14.6990        Z   1.3405e-01  -5.3011e-02   1.1007e-01   1.4652e-01  -1.8771e-02   4.8432e-02   1.2113e-01  -5.3893e-03     0.9820  0.0000 -0.1891  -0.0000  1.0000 -0.0000
    4.1516    0.4226   14.3820        Z  -5.2629e-02  -5.6235e-02   1.7980e-01   1.3453e-01   6.5280e-03   4.6760e-02   4.5381e-02  -1.0953e-02     0.9608  0.0000 -0.2773  -0.0000  1.0000 -0.0000
    4.1516    1.5774   14.3820        Z   1.1629e-01  -2.2452e-02   1.9254e-01   1.5224e-01   1.0070e-02   5.6602e-02   9.7776e-02  -1.0953e-02     0.9608  0.0000 -0.2773  -0.0000  1.0000 -0.0000
El      8     SH4                                     EL1                                    MAT2               MISES      8      9     20     19           5      0
    5.0948    0.4226   14.0756        Z  -6.0357e-01  -1.3738e-01   2.6929e-01  -1.4575e-01  -3.3678e-02   7.2859e-02   1.2762e-02  -1.7475e-03     0.9403  0.0000 -0.3404  -0.0000  1.0000 -0.0000
    5.0948    1.5774   14.0756        Z  -3.9342e-01  -9.5348e-02   2.8570e-01  -1.2149e-01  -2.8825e-02   7.8424e-02   8.8344e-02  -1.7475e-03     0.9403  0.0000 -0.3404  -0.0000  1.0000 -0.0000
    6.3504    0.4226   13.5554        Z  -5.9947e-01  -9.1311e-02   3.6212e-01  -1.4251e-01  -1.7421e-02   8.4070e-02   3.4226e-02   2.8965e-02     0.9056  0.0000 -0.4242  -0.0000  1.0000 -0.0000
    6.3504    1.5774   13.5554        Z  -4.0609e-01  -5.2637e-02   3.7853e-01  -1.1828e-01  -1.2575e-02   8.9634e-02   1.0624e-01   2.8965e-02     0.9056  0.0000 -0.4242  -0.0000  1.0000 -0.0000
El      9     SH4                                     EL1                                    MAT2               MISES      9     10     21     20           5      0
    7.2340    0.4226   13.1051        Z  -1.6171e+00  -1.7770e-01   3.2326e-01  -3.5986e-01  -4.4513e-02   1.3747e-01  -1.5592e-01  -5.9038e-03     0.8755  0.0000 -0.4833  -0.0000  1.0000 -0.0000
    7.2340    1.5774   13.1051        Z  -1.0311e+00  -6.0499e-02   4.2134e-01  -2.9656e-01  -3.1852e-02   1.4800e-01   9.4544e-03  -5.9038e-03     0.8755  0.0000 -0.4833  -0.0000  1.0000 -0.0000
    8.3927    0.4226   12.3949        Z  -1.5295e+00   1.1401e-01   5.9376e-01  -3.5343e-01  -1.4242e-02   1.6651e-01  -1.0173e-01  -1.3184e-01     0.8280  0.0000 -0.5607  -0.0000  1.0000 -0.0000
    8.3927    1.5774   12.3949        Z  -9.8105e-01   2.2427e-01   6.9248e-01  -2.9050e-01  -1.4990e-03   1.7721e-01   5.4322e-02  -1.3188e-01     0.8280  0.0000 -0.5607  -0.0000  1.0000 -0.0000
El     10     SH4                                     EL1                                    MAT2               MISES     10     11     22     21           5      0
    9.1951    0.4226   11.8121        Z  -3.7558e+00  -8.2369e-01   6.1882e-01  -2.5187e-01  -8.2190e-02   2.5505e-01  -5.6133e-01   2.5051e-02     0.7891  0.0000 -0.6143  -0.0000  1.0000 -0.0000
    9.1951    1.5774   11.8121        Z  -9.9481e-01  -7.9593e-02   6.6437e-01  -1.7574e-01  -2.6540e-02   2.9322e-01  -1.7070e-01   2.8501e-02     0.7891  0.0000 -0.6143  -0.0000  1.0000 -0.0000
   10.2287    0.4226   10.9299        Z  -3.4544e+00  -1.5734e+00   1.5146e+00  -2.1361e-01  -1.7045e-01   2.2654e-01  -4.6070e-01   4.6996e-01     0.7301  0.0000 -0.6833  -0.0000  1.0000 -0.0000
   10.2287    1.5774   10.9299        Z  -1.0026e+00  -1.0220e+00   1.6524e+00  -1.6850e-01  -1.4937e-01   2.7100e-01  -1.2790e-01   5.2169e-01     0.7301  0.0000 -0.6833  -0.0000  1.0000 -0.0000
El     11     SH4                                     EL1                                    MAT2               MISES     12     13     24     23           5      0
  -10.2287    2.4226   10.9299        Z   1.6353e-01   5.8664e-02  -1.1299e-01  -1.3186e-01  -2.2587e-01  -2.5152e-01  -7.4207e-03   1.9385e-01     0.7301  0.0000  0.6833   0.0000  1.0000 -0.0000
  -10.2287    3.5774   10.9299        Z  -1.3449e-02   2.3268e-02  -1.8448e-01  -1.0490e-01  -2.2048e-01  -2.1336e-01   1.8481e-02   1.9385e-01     0.7301  0.0000  0.6833   0.0000  1.0000 -0.0000
   -9.1951    2.4226   11.8121        Z   1.2016e-01  -1.5889e-01  -2.0716e-01  -1.0934e-01  -1.1332e-01  -2.3867e-01   6.1214e-03  -2.1428e-03     0.7891  0.0000  0.6143   0.0000  1.0000 -0.0000
   -9.1951    3.5774   11.8121        Z  -6.2237e-02  -1.9537e-01  -2.7865e-01  -8.2392e-02  -1.0793e-01  -2.0051e-01   2.7940e-02  -2.1428e-03     0.7891  0.0000  0.6143   0.0000  1.0000 -0.0000
El     12     SH4                                     EL1                                    MAT2               MISES     13     14     25     24           5      0
   -8.3927    2.4226   12.3949        Z  -7.4177e-01  -3.6635e-01  -1.0200e+00  -2.6685e-01  -9.4023e-02  -1.8229e-01  -8.7825e-02  -6.3535e-02     0.8280  0.0000  0.5607   0.0000  1.0000 -0.0000
   -8.3927    3.5774   12.3949        Z  -2.7412e-01  -2.7282e-01  -9.7916e-01  -2.1010e-01  -8.2673e-02  -1.7132e-01  -2.3271e-02  -6.3535e-02     0.8280  0.0000  0.5607   0.0000  1.0000 -0.0000
   -7.2340    2.4226   13.1051        Z  -7.0263e-01  -2.4548e-01  -8.0066e-01  -2.6042e-01  -6.2013e-02  -1.5605e-01  -4.9410e-02  -3.5270e-02     0.8755  0.0000  0.4833   0.0000  1.0000 -0.0000
   -7.2340    3.5774   13.1051        Z  -2.4870e-01  -1.5469e-01  -7.5986e-01  -2.0370e-01  -5.0669e-02  -1.4508e-01   6.8012e-03  -3.5270e-02     0.8755  0.0000  0.4833   0.0000  1.0000 -0.0000
El     13     SH4                                     EL1                                    MAT2               MISES     14     15     26     25           5      0
   -6.3504    2.4226   13.5554        Z  -3.0043e-01  -1.7765e-01  -8.1762e-01  -1.0705e-01  -2.8475e-02  -1.0526e-01  -1.2609e-01  -1.9610e-02     0.9056  0.0000  0.4242   0.0000  1.0000 -0.0000
   -6.3504    3.5774   13.5554        Z  -1.2196e-01  -1.4195e-01  -8.7044e-01  -9.0276e-02  -2.5120e-02  -1.1348e-01  -1.0830e-01  -1.9610e-02     0.9056  0.0000  0.4242   0.0000  1.0000 -0.0000
   -5.0948    2.4226   14.0756        Z  -3.0431e-01  -3.2593e-01  -7.3401e-01  -1.1177e-01  -5.2316e-02  -9.7544e-02  -1.1040e-01  -5.0881e-03     0.9403  0.0000  0.3404   0.0000  1.0000 -0.0000
   -5.0948    3.5774   14.0756        Z  -1.2959e-01  -2.9098e-01  -7.8683e-01  -9.5002e-02  -4.8962e-02  -1.0577e-01  -9.5057e-02  -5.0881e-03     0.9403  0.0000  0.3404   0.0000  1.0000 -0.0000
El     14     SH4                                     EL1                                    MAT2               MISES     15     16     27     26           5      0
   -4.1516    2.4226   14.3820        Z   1.6882e-01  -2.8814e-01  -5.2949e-01   1.5959e-01  -1.2777e-02  -7.8059e-02  -1.0330e-01  -5.5275e-03     0.9608  0.0000  0.2773   0.0000  1.0000 -0.0000
   -4.1516    3.5774   14.3820        Z   3.0061e-01  -2.6178e-01  -5.3265e-01   1.7578e-01  -9.5385e-03  -8.4216e-02  -6.5981e-02  -5.5275e-03     0.9608  0.0000  0.2773   0.0000  1.0000 -0.0000
   -2.8302    2.4226   14.6990        Z   1.9352e-01  -2.9097e-01  -4.6877e-01   1.5602e-01  -3.0845e-02  -7.0567e-02  -1.2847e-01  -2.1249e-02     0.9820  0.0000  0.1891   0.0000  1.0000 -0.0000
   -2.8302    3.5774   14.6990        Z   3.1710e-01  -2.6625e-01  -4.7193e-01   1.7220e-01  -2.7610e-02  -7.6724e-02  -9.3537e-02  -2.1249e-02     0.9820  0.0000  0.1891   0.0000  1.0000 -0.0000
El     15     SH4                                     EL1                                    MAT2               MISES     16     17     28     27           5      0
   -1.8506    2.4226   14.8541        Z   4.8797e-01  -2.2493e-01  -1.9143e-01   3.5815e-01  -6.8147e-03  -3.8921e-02  -1.0883e-02  -2.0973e-02     0.9923  0.0000  0.1236   0.0000  1.0000 -0.0000
   -1.8506    3.5774   14.8541        Z   5.9099e-01  -2.0432e-01  -1.8240e-01   3.9807e-01   1.1697e-03  -4.8629e-02  -6.2033e-02  -2.0973e-02     0.9923  0.0000  0.1236   0.0000  1.0000 -0.0000
   -0.4959    2.4226   14.9609        Z   5.0248e-01  -1.9471e-01  -1.4028e-01   3.5246e-01  -3.5390e-02  -2.0246e-02  -6.6690e-02  -4.4952e-03     0.9995  0.0000  0.0331   0.0000  1.0000 -0.0000
   -0.4959    3.5774   14.9609        Z   6.1780e-01  -1.7165e-01  -1.3125e-01   3.9240e-01  -2.7401e-02  -2.9953e-02  -1.2378e-01  -4.4952e-03     0.9995  0.0000  0.0331   0.0000  1.0000 -0.0000
El     16     SH4                                     EL1                                    MAT2               MISES     17     18     29     28           5      0
    0.4959    2.4226   14.9609        Z   5.0248e-01  -1.9471e-01   1.4028e-01   3.5246e-01  -3.5390e-02   2.0246e-02   6.6690e-02  -4.4952e-03     0.9995  0.0000 -0.0331  -0.0000  1.0000 -0.0000
    0.4959    3.5774   14.9609        Z   6.1780e-01  -1.7165e-01   1.3125e-01   3.9240e-01  -2.7401e-02   2.9953e-02   1.2378e-01  -4.4952e-03     0.9995  0.0000 -0.0331  -0.0000  1.0000 -0.0000
    1.8506    2.4226   14.8541        Z   4.8797e-01  -2.2493e-01   1.9143e-01   3.5815e-01  -6.8147e-03   3.8921e-02   1.0883e-02  -2.0973e-02     0.9923  0.0000 -0.1236  -0.0000  1.0000 -0.0000
    1.8506    3.5774   14.8541        Z   5.9099e-01  -2.0432e-01   1.8240e-01   3.9807e-01   1.1697e-03   4.8629e-02   6.2033e-02  -2.0973e-02     0.9923  0.0000 -0.1236  -0.0000  1.0000 -0.0000
El     17     SH4                                     EL1                                    MAT2               MISES     18     19     30     29           5      0
    2.8302    2.4226   14.6990        Z   1.9352e-01  -2.9097e-01   4.6877e-01   1.5602e-01  -3.0845e-02   7.0567e-02   1.2847e-01  -2.1249e-02     0.9820  0.0000 -0.1891  -0.0000  1.0000 -0.0000
    2.8302    3.5774   14.6990        Z   3.1710e-01  -2.6625e-01   4.7193e-01   1.7220e-01  -2.7610e-02   7.6724e-02   9.3537e-02  -2.1249e-02     0.9820  0.0000 -0.1891  -0.0000  1.0000 -0.0000
    4.1516    2.4226   14.3820        Z   1.6882e-01  -2.8814e-01   5.2949e-01   1.5959e-01  -1.2777e-02   7.8059e-02   1.0330e-01  -5.5275e-03     0.9608  0.0000 -0.2773  -0.0000  1.0000 -0.0000
    4.1516    3.5774   14.3820        Z   3.0061e-01  -2.6178e-01   5.3265e-01   1.7578e-01  -9.5385e-03   8.4216e-02   6.5981e-02  -5.5275e-03     0.9608  0.0000 -0.2773  -0.0000  1.0000 -0.0000
El     18     SH4                                     EL1                                    MAT2               MISES     19     20     31     30           5      0
    5.0948    2.4226   14.0756        Z  -3.0431e-01  -3.2593e-01   7.3401e-01  -1.1177e-01  -5.2316e-02   9.7544e-02   1.1040e-01  -5.0881e-03     0.9403  0.0000 -0.3404  -0.0000  1.0000 -0.0000
    5.0948    3.5774   14.0756        Z  -1.2959e-01  -2.9098e-01   7.8683e-01  -9.5002e-02  -4.8962e-02   1.0577e-01   9.5057e-02  -5.0881e-03     0.9403  0.0000 -0.3404  -0.0000  1.0000 -0.0000
    6.3504    2.4226   13.5554        Z  -3.0043e-01  -1.7765e-01   8.1762e-01  -1.0705e-01  -2.8475e-02   1.0526e-01   1.2609e-01  -1.9610e-02     0.9056  0.0000 -0.4242  -0.0000  1.0000 -0.0000
    6.3504    3.5774   13.5554        Z  -1.2196e-01  -1.4195e-01   8.7044e-01  -9.0276e-02  -2.5120e-02   1.1348e-01   1.0830e-01  -1.9610e-02     0.9056  0.0000 -0.4242  -0.0000  1.0000 -0.0000
El     19     SH4                                     EL1                                    MAT2               MISES     20     21     32     31           5      0
    7.2340    2.4226   13.1051        Z  -7.0263e-01  -2.4548e-01   8.0066e-01  -2.6042e-01  -6.2013e-02   1.5605e-01   4.9410e-02  -3.5270e-02     0.8755  0.0000 -0.4833  -0.0000  1.0000 -0.0000
    7.2340    3.5774   13.1051        Z  -2.4870e-01  -1.5469e-01   7.5986e-01  -2.0370e-01  -5.0669e-02   1.4508e-01  -6.8012e-03  -3.5270e-02     0.8755  0.0000 -0.4833  -0.0000  1.0000 -0.0000
    8.3927    2.4226   12.3949        Z  -7.4177e-01  -3.6635e-01   1.0200e+00  -2.6685e-01  -9.4023e-02   1.8229e-01   8.7825e-02  -6.3535e-02     0.8280  0.0000 -0.5607  -0.0000  1.0000 -0.0000
    8.3927    3.5774   12.3949        Z  -2.7412e-01  -2.7282e-01   9.7916e-01  -2.1010e-01  -8.2673e-02   1.7132e-01   2.3271e-02  -6.3535e-02     0.8280  0.0000 -0.5607  -0.0000  1.0000 -0.0000
El     20     SH4                                     EL1                                    MAT2               MISES     21     22     33     32           5      0
    9.1951    2.4226   11.8121        Z   1.2016e-01  -1.5889e-01   2.0716e-01  -1.0934e-01  -1.1332e-01   2.3867e-01  -6.1214e-03  -2.1428e-03     0.7891  0.0000 -0.6143  -0.0000  1.0000 -0.0000
    9.1951    3.5774   11.8121        Z  -6.2237e-02  -1.9537e-01   2.7865e-01  -8.2392e-02  -1.0793e-01   2.0051e-01  -2.7940e-02  -2.1428e-03     0.7891  0.0000 -0.6143  -0.0000  1.0000 -0.0000
   10.2287    2.4226   10.9299        Z   1.6353e-01   5.8664e-02   1.1299e-01  -1.3186e-01  -2.2587e-01   2.5152e-01   7.4207e-03   1.9385e-01     0.7301  0.0000 -0.6833  -0.0000  1.0000 -0.0000
   10.2287    3.5774   10.9299        Z  -1.3449e-02   2.3268e-02   1.8448e-01  -1.0490e-01  -2.2048e-01   2.1336e-01  -1.8481e-02   1.9385e-01     0.7301  0.0000 -0.6833  -0.0000  1.0000 -0.0000
El     21     SH4                                     EL1                                    MAT2               MISES     23     24     35     34           5      0
  -10.2287    4.4226   10.9299        Z  -2.4453e-02   3.0205e-01  -1.5096e-01  -8.1812e-02  -1.7361e-01  -1.3982e-01   2.6306e-02   1.4307e-01     0.7301  0.0000  0.6833   0.0000  1.0000 -0.0000
  -10.2287    5.5774   10.9299        Z  -3.7462e-02   2.9945e-01  -1.3156e-01  -6.9757e-02  -1.7120e-01  -1.2265e-01   2.1783e-02   1.4307e-01     0.7301  0.0000  0.6833   0.0000  1.0000 -0.0000
   -9.1951    4.4226   11.8121        Z  -2.0523e-02   3.5434e-01  -1.6364e-01  -7.1751e-02  -1.2325e-01  -1.3414e-01   3.3609e-02  -2.0618e-03     0.7891  0.0000  0.6143   0.0000  1.0000 -0.0000
   -9.1951    5.5774   11.8121        Z  -3.2300e-02   3.5198e-01  -1.4424e-01  -5.9694e-02  -1.2084e-01  -1.1697e-01   2.7281e-02  -2.0618e-03     0.7891  0.0000  0.6143   0.0000  1.0000 -0.0000
El     22     SH4                                     EL1                                    MAT2               MISES     24     25     36     35           5      0
   -8.3927    4.4226   12.3949        Z  -3.1562e-02   2.8414e-01  -6.1663e-01  -1.9007e-01  -1.1005e-01  -1.2393e-01  -1.9694e-04  -3.3928e-02     0.8280  0.0000  0.5607   0.0000  1.0000 -0.0000
   -8.3927    5.5774   12.3949        Z  -1.2592e-01   2.6527e-01  -6.9949e-01  -1.7422e-01  -1.0688e-01  -1.0553e-01  -1.7113e-03  -3.3928e-02     0.8280  0.0000  0.5607   0.0000  1.0000 -0.0000
   -7.2340    4.4226   13.1051        Z  -8.3915e-02   3.6423e-02  -6.6095e-01  -1.7917e-01  -5.5516e-02  -1.1638e-01   2.5944e-02   2.4140e-02     0.8755  0.0000  0.4833   0.0000  1.0000 -0.0000
   -7.2340    5.5774   13.1051        Z  -1.7765e-01   1.7675e-02  -7.4381e-01  -1.6332e-01  -5.2345e-02  -9.7992e-02   2.2032e-02   2.4140e-02     0.8755  0.0000  0.4833   0.0000  1.0000 -0.0000
El     23     SH4                                     EL1                                    MAT2               MISES     25     26     37     36           5      0
   -6.3504    4.4226   13.5554        Z  -1.1649e-01  -1.5729e-01  -9.7043e-01  -9.5746e-02  -2.1550e-02  -1.1482e-01  -1.0160e-01   2.6681e-02     0.9056  0.0000  0.4242   0.0000  1.0000 -0.0000
   -6.3504    5.5774   13.5554        Z  -2.7066e-01  -1.8812e-01  -1.0677e+00  -1.3012e-01  -2.8425e-02  -1.1684e-01  -1.0108e-01   2.6681e-02     0.9056  0.0000  0.4242   0.0000  1.0000 -0.0000
   -5.0948    4.4226   14.0756        Z  -1.5214e-01  -4.3861e-01  -1.0421e+00  -9.6777e-02  -2.6902e-02  -1.3084e-01  -8.7389e-02  -2.4443e-02     0.9403  0.0000  0.3404   0.0000  1.0000 -0.0000
   -5.0948    5.5774   14.0756        Z  -3.0701e-01  -4.6958e-01  -1.1394e+00  -1.3115e-01  -3.3777e-02  -1.3286e-01  -8.1777e-02  -2.4443e-02     0.9403  0.0000  0.3404   0.0000  1.0000 -0.0000
El     24     SH4                                     EL1                                    MAT2               MISES     26     27     38     37           5      0
   -4.1516    4.4226   14.3820        Z   1.8846e-01  -5.1726e-01  -7.7166e-01   1.8944e-01  -4.3038e-03  -1.2738e-01  -7.2889e-02  -2.4073e-02     0.9608  0.0000  0.2773   0.0000  1.0000 -0.0000
   -4.1516    5.5774   14.3820        Z  -1.1709e-01  -5.7837e-01  -8.1872e-01   2.0914e-01  -3.6326e-04  -1.5920e-01  -1.2908e-01  -2.4073e-02     0.9608  0.0000  0.2773   0.0000  1.0000 -0.0000
   -2.8302    4.4226   14.6990        Z   1.8195e-01  -6.4536e-01  -9.1306e-01   1.7083e-01  -9.7536e-02  -1.1782e-01  -1.0243e-01   2.8061e-02     0.9820  0.0000  0.1891   0.0000  1.0000 -0.0000
   -2.8302    5.5774   14.6990        Z  -1.1048e-01  -7.0384e-01  -9.6012e-01   1.9056e-01  -9.3591e-02  -1.4964e-01  -1.6165e-01   2.8061e-02     0.9820  0.0000  0.1891   0.0000  1.0000 -0.0000
El     25     SH4                                     EL1                                    MAT2               MISES     27     28     39     38           5      0
   -1.8506    4.4226   14.8541        Z   4.5821e-01  -6.0908e-01  -2.3080e-01   4.2136e-01  -7.8461e-02  -7.2406e-02  -3.5315e-02   1.8756e-02     0.9923  0.0000  0.1236   0.0000  1.0000 -0.0000
   -1.8506    5.5774   14.8541        Z   2.0770e-01  -6.5918e-01  -2.0412e-01   4.9304e-01  -6.4124e-02  -7.0676e-02   8.8827e-02   1.8756e-02     0.9923  0.0000  0.1236   0.0000  1.0000 -0.0000
   -0.4959    4.4226   14.9609        Z   4.8958e-01  -5.2784e-01  -3.5550e-01   4.2239e-01  -7.3525e-02  -3.8463e-02  -1.0318e-01  -5.8800e-02     0.9995  0.0000  0.0331   0.0000  1.0000 -0.0000
   -0.4959    5.5774   14.9609        Z   2.1208e-01  -5.8334e-01  -3.2881e-01   4.9402e-01  -5.9198e-02  -3.6733e-02   1.0174e-02  -5.8800e-02     0.9995  0.0000  0.0331   0.0000  1.0000 -0.0000
El     26     SH4                                     EL1                                    MAT2               MISES     28     29     40     39           5      0
    0.4959    4.4226   14.9609        Z   4.8958e-01  -5.2784e-01   3.5550e-01   4.2239e-01  -7.3525e-02   3.8463e-02   1.0318e-01  -5.8800e-02     0.9995  0.0000 -0.0331  -0.0000  1.0000 -0.0000
    0.4959    5.5774   14.9609        Z   2.1208e-01  -5.8334e-01   3.2881e-01   4.9402e-01  -5.9198e-02   3.6733e-02  -1.0174e-02  -5.8800e-02     0.9995  0.0000 -0.0331  -0.0000  1.0000 -0.0000
    1.8506    4.4226   14.8541        Z   4.5821e-01  -6.0908e-01   2.3080e-01   4.2136e-01  -7.8461e-02   7.2406e-02   3.5315e-02   1.8756e-02     0.9923  0.0000 -0.1236  -0.0000  1.0000 -0.0000
    1.8506    5.5774   14.8541        Z   2.0770e-01  -6.5918e-01   2.0412e-01   4.9304e-01  -6.4124e-02   7.0676e-02  -8.8827e-02   1.8756e-02     0.9923  0.0000 -0.1236  -0.0000  1.0000 -0.0000
El     27     SH4                                     EL1                                    MAT2               MISES     29     30     41     40           5      0
    2.8302    4.4226   14.6990        Z   1.8195e-01  -6.4536e-01   9.1306e-01   1.7083e-01  -9.7536e-02   1.1782e-01   1.0243e-01   2.8061e-02     0.9820  0.0000 -0.1891  -0.0000  1.0000 -0.0000
    2.8302    5.5774   14.6990        Z  -1.1048e-01  -7.0384e-01   9.6012e-01   1.9056e-01  -9.3591e-02   1.4964e-01   1.6165e-01   2.8061e-02     0.9820  0.0000 -0.1891  -0.0000  1.0000 -0.0000
    4.1516    4.4226   14.3820        Z   1.8846e-01  -5.1726e-01   7.7166e-01   1.8944e-01  -4.3038e-03   1.2738e-01   7.2889e-02  -2.4073e-02     0.9608  0.0000 -0.2773  -0.0000  1.0000 -0.0000
    4.1516    5.5774   14.3820        Z  -1.1709e-01  -5.7837e-01   8.1872e-01   2.0914e-01  -3.6326e-04   1.5920e-01   1.2908e-01  -2.4073e-02     0.9608  0.0000 -0.2773  -0.0000  1.0000 -0.0000
El     28     SH4                                     EL1                                    MAT2               MISES     30     31     42     41           5      0
    5.0948    4.4226   14.0756        Z  -1.5214e-01  -4.3861e-01   1.0421e+00  -9.6777e-02  -2.6902e-02   1.3084e-01   8.7389e-02  -2.4443e-02     0.9403  0.0000 -0.3404  -0.0000  1.0000 -0.0000
    5.0948    5.5774   14.0756        Z  -3.0701e-01  -4.6958e-01   1.1394e+00  -1.3115e-01  -3.3777e-02   1.3286e-01   8.1777e-02  -2.4443e-02     0.9403  0.0000 -0.3404  -0.0000  1.0000 -0.0000
    6.3504    4.4226   13.5554        Z  -1.1649e-01  -1.5729e-01   9.7043e-01  -9.5746e-02  -2.1550e-02   1.1482e-01   1.0160e-01   2.6681e-02     0.9056  0.0000 -0.4242  -0.0000  1.0000 -0.0000
    6.3504    5.5774   13.5554        Z  -2.7066e-01  -1.8812e-01   1.0677e+00  -1.3012e-01  -2.8425e-02   1.1684e-01   1.0108e-01   2.6681e-02     0.9056  0.0000 -0.4242  -0.0000  1.0000 -0.0000
El     29     SH4                                     EL1                                    MAT2               MISES     31     32     43     42           5      0
    7.2340    4.4226   13.1051        Z  -8.3915e-02   3.6423e-02   6.6095e-01  -1.7917e-01  -5.5516e-02   1.1638e-01  -2.5944e-02   2.4140e-02     0.8755  0.0000 -0.4833  -0.0000  1.0000 -0.0000
    7.2340    5.5774   13.1051        Z  -1.7765e-01   1.7675e-02   7.4381e-01  -1.6332e-01  -5.2345e-02   9.7992e-02  -2.2032e-02   2.4140e-02     0.8755  0.0000 -0.4833  -0.0000  1.0000 -0.0000
    8.3927    4.4226   12.3949        Z  -3.1562e-02   2.8414e-01   6.1663e-01  -1.9007e-01  -1.1005e-01   1.2393e-01   1.9694e-04  -3.3928e-02     0.8280  0.0000 -0.5607  -0.0000  1.0000 -0.0000
    8.3927    5.5774   12.3949        Z  -1.2592e-01   2.6527e-01   6.9949e-01  -1.7422e-01  -1.0688e-01   1.0553e-01   1.7113e-03  -3.3928e-02     0.8280  0.0000 -0.5607  -0.0000  1.0000 -0.0000
El     30     SH4                                     EL1                                    MAT2               MISES     32     33     44     43           5      0
    9.1951    4.4226   11.8121        Z  -2.0523e-02   3.5434e-01   1.6364e-01  -7.1751e-02  -1.2325e-01   1.3414e-01  -3.3609e-02  -2.0618e-03     0.7891  0.0000 -0.6143  -0.0000  1.0000 -0.0000
    9.1951    5.5774   11.8121        Z  -3.2300e-02   3.5198e-01   1.4424e-01  -5.9694e-02  -1.2084e-01   1.1697e-01  -2.7281e-02  -2.0618e-03     0.7891  0.0000 -0.6143  -0.0000  1.0000 -0.0000
   10.2287    4.4226   10.9299        Z  -2.4453e-02   3.0205e-01   1.5096e-01  -8.1812e-02  -1.7361e-01   1.3982e-01  -2.6306e-02   1.4307e-01     0.7301  0.0000 -0.6833  -0.0000  1.0000 -0.0000
   10.2287    5.5774   10.9299        Z  -3.7462e-02   2.9945e-01   1.3156e-01  -6.9757e-02  -1.7120e-01   1.2265e-01  -2.1783e-02   1.4307e-01     0.7301  0.0000 -0.6833  -0.0000  1.0000 -0.0000
El     31     SH4                                     EL1                                    MAT2               MISES     34     35     46     45           5      0
  -10.2287    6.4226   10.9299        Z  -1.8693e-02   5.0700e-01  -1.4227e-01  -6.6928e-02  -1.7812e-01  -7.8012e-02   2.2103e-02   8.5431e-02     0.7301  0.0000  0.6833   0.0000  1.0000 -0.0000
  -10.2287    7.5774   10.9299        Z  -7.0400e-02   4.9666e-01  -6.1707e-02  -6.6994e-02  -1.7813e-01  -6.2143e-02   2.7499e-02   8.5431e-02     0.7301  0.0000  0.6833   0.0000  1.0000 -0.0000
   -9.1951    6.4226   11.8121        Z   2.2478e-02   7.3956e-01  -1.7103e-01  -5.7706e-02  -1.3196e-01  -7.7992e-02   2.6938e-02   5.4895e-03     0.7891  0.0000  0.6143   0.0000  1.0000 -0.0000
   -9.1951    7.5774   11.8121        Z  -3.0451e-02   7.2897e-01  -9.0463e-02  -5.7774e-02  -1.3197e-01  -6.2124e-02   3.2329e-02   5.4895e-03     0.7891  0.0000  0.6143   0.0000  1.0000 -0.0000
El     32     SH4                                     EL1                                    MAT2               MISES     35     36     47     46           5      0
   -8.3927    6.4226   12.3949        Z  -1.1383e-01   6.9946e-01  -4.1546e-01  -1.6717e-01  -1.2638e-01  -7.0163e-02  -5.5770e-03  -9.3923e-03     0.8280  0.0000  0.5607   0.0000  1.0000 -0.0000
   -8.3927    7.5774   12.3949        Z  -2.3219e-01   6.7579e-01  -5.0667e-01  -1.5186e-01  -1.2332e-01  -5.9450e-02  -1.4624e-02  -9.3923e-03     0.8280  0.0000  0.5607   0.0000  1.0000 -0.0000
   -7.2340    6.4226   13.1051        Z  -1.6910e-01   4.2901e-01  -4.7203e-01  -1.6077e-01  -9.4362e-02  -6.2854e-02   1.6438e-02   2.9891e-02     0.8755  0.0000  0.4833   0.0000  1.0000 -0.0000
   -7.2340    7.5774   13.1051        Z  -2.8515e-01   4.0580e-01  -5.6324e-01  -1.4546e-01  -9.1300e-02  -5.2141e-02   5.0678e-03   2.9891e-02     0.8755  0.0000  0.4833   0.0000  1.0000 -0.0000
El     33     SH4                                     EL1                                    MAT2               MISES     36     37     48     47           5      0
   -6.3504    6.4226   13.5554        Z  -3.6559e-01   1.3989e-01  -7.3881e-01  -1.6660e-01  -6.0489e-02  -8.7698e-02  -7.4569e-02   5.7833e-02     0.9056  0.0000  0.4242   0.0000  1.0000 -0.0000
   -6.3504    7.5774   13.5554        Z  -6.6827e-01   7.9357e-02  -8.8724e-01  -2.1780e-01  -7.0729e-02  -6.4960e-02  -2.6673e-03   5.7833e-02     0.9056  0.0000  0.4242   0.0000  1.0000 -0.0000
   -5.0948    6.4226   14.0756        Z  -4.3952e-01  -2.9800e-01  -8.9044e-01  -1.5304e-01   7.2159e-03  -1.1149e-01  -5.0636e-02   9.4888e-02     0.9403  0.0000  0.3404   0.0000  1.0000 -0.0000
   -5.0948    7.5774   14.0756        Z  -7.5940e-01  -3.6198e-01  -1.0389e+00  -2.0427e-01  -3.0312e-03  -8.8753e-02   2.8829e-02   9.4888e-02     0.9403  0.0000  0.3404   0.0000  1.0000 -0.0000
El     34     SH4                                     EL1                                    MAT2               MISES     37     38     49     48           5      0
   -4.1516    6.4226   14.3820        Z  -5.0338e-01  -6.2113e-01  -7.8687e-01   1.8422e-01   7.6101e-02  -1.9426e-01  -1.9548e-01   1.7800e-02     0.9608  0.0000  0.2773   0.0000  1.0000 -0.0000
   -4.1516    7.5774   14.3820        Z  -1.2728e+00  -7.7503e-01  -9.3889e-01   5.0079e-02   4.9272e-02  -2.1622e-01  -3.2069e-01   1.7800e-02     0.9608  0.0000  0.2773   0.0000  1.0000 -0.0000
   -2.8302    6.4226   14.6990        Z  -5.4944e-01  -1.0494e+00  -1.1113e+00   1.7023e-01   1.3790e-02  -2.5194e-01  -2.2079e-01  -2.2872e-01     0.9820  0.0000  0.1891   0.0000  1.0000 -0.0000
   -2.8302    7.5774   14.6990        Z  -1.2823e+00  -1.1922e+00  -1.2292e+00   3.8974e-02  -1.1427e-02  -2.6464e-01  -3.2281e-01  -2.2678e-01     0.9820  0.0000  0.1891   0.0000  1.0000 -0.0000
El     35     SH4                                     EL1                                    MAT2               MISES     38     39     50     49           5      0
   -1.8506    6.4226   14.8541        Z  -5.3002e-01  -1.1313e+00  -6.0003e-02   5.8593e-01  -4.8612e-03  -1.8387e-01   5.8469e-02  -2.4120e-01     0.9923  0.0000  0.1236   0.0000  1.0000 -0.0000
   -1.8506    7.5774   14.8541        Z  -1.6840e+00  -1.4215e+00  -1.0799e-01   6.7040e-01   5.0574e-02  -2.2182e-01  -1.3207e-01  -2.2246e-01     0.9923  0.0000  0.1236   0.0000  1.0000 -0.0000
   -0.4959    6.4226   14.9609        Z  -5.5773e-01  -9.3396e-01  -7.2175e-01   5.1950e-01  -2.3605e-01  -8.1193e-02  -3.3869e-02  -3.6500e-02     0.9995  0.0000  0.0331   0.0000  1.0000 -0.0000
   -0.4959    7.5774   14.9609        Z  -1.7539e+00  -1.2776e+00  -6.7520e-01   6.2970e-01  -1.5963e-01  -1.4506e-01  -2.4938e-01  -3.4142e-02     0.9995  0.0000  0.0331   0.0000  1.0000 -0.0000
El     36     SH4                                     EL1                                    MAT2               MISES     39     40     51     50           5      0
    0.4959    6.4226   14.9609        Z  -5.5773e-01  -9.3396e-01   7.2175e-01   5.1950e-01  -2.3605e-01   8.1193e-02   3.3869e-02  -3.6500e-02     0.9995  0.0000 -0.0331  -0.0000  1.0000 -0.0000
    0.4959    7.5774   14.9609        Z  -1.7539e+00  -1.2776e+00   6.7520e-01   6.2970e-01  -1.5963e-01   1.4506e-01   2.4938e-01  -3.4142e-02     0.9995  0.0000 -0.0331  -0.0000  1.0000 -0.0000
    1.8506    6.4226   14.8541        Z  -5.3002e-01  -1.1313e+00   6.0003e-02   5.8593e-01  -4.8612e-03   1.8387e-01  -5.8469e-02  -2.4120e-01     0.9923  0.0000 -0.1236  -0.0000  1.0000 -0.0000
    1.8506    7.5774   14.8541        Z  -1.6840e+00  -1.4215e+00   1.0799e-01   6.7040e-01   5.0574e-02   2.2182e-01   1.3207e-01  -2.2246e-01     0.9923  0.0000 -0.1236  -0.0000  1.0000 -0.0000
El     37     SH4                                     EL1                                    MAT2               MISES     40     41     52     51           5      0
    2.8302    6.4226   14.6990        Z  -5.4944e-01  -1.0494e+00   1.1113e+00   1.7023e-01   1.3790e-02   2.5194e-01   2.2079e-01  -2.2872e-01     0.9820  0.0000 -0.1891  -0.0000  1.0000 -0.0000
    2.8302    7.5774   14.6990        Z  -1.2823e+00  -1.1922e+00   1.2292e+00   3.8974e-02  -1.1427e-02   2.6464e-01   3.2281e-01  -2.2678e-01     0.9820  0.0000 -0.1891  -0.0000  1.0000 -0.0000
    4.1516    6.4226   14.3820        Z  -5.0338e-01  -6.2113e-01   7.8687e-01   1.8422e-01   7.6101e-02   1.9426e-01   1.9548e-01   1.7800e-02     0.9608  0.0000 -0.2773  -0.0000  1.0000 -0.0000
    4.1516    7.5774   14.3820        Z  -1.2728e+00  -7.7503e-01   9.3889e-01   5.0079e-02   4.9272e-02   2.1622e-01   3.2069e-01   1.7800e-02     0.9608  0.0000 -0.2773  -0.0000  1.0000 -0.0000
El     38     SH4                                     EL1                                    MAT2               MISES     41     42     53     52           5      0
    5.0948    6.4226   14.0756        Z  -4.3952e-01  -2.9800e-01   8.9044e-01  -1.5304e-01   7.2159e-03   1.1149e-01   5.0636e-02   9.4888e-02     0.9403  0.0000 -0.3404  -0.0000  1.0000 -0.0000
    5.0948    7.5774   14.0756        Z  -7.5940e-01  -3.6198e-01   1.0389e+00  -2.0427e-01  -3.0312e-03   8.8753e-02  -2.8829e-02   9.4888e-02     0.9403  0.0000 -0.3404  -0.0000  1.0000 -0.0000
    6.3504    6.4226   13.5554        Z  -3.6559e-01   1.3989e-01   7.3881e-01  -1.6660e-01  -6.0489e-02   8.7698e-02   7.4569e-02   5.7833e-02     0.9056  0.0000 -0.4242  -0.0000  1.0000 -0.0000
    6.3504    7.5774   13.5554        Z  -6.6827e-01   7.9357e-02   8.8724e-01  -2.1780e-01  -7.0729e-02   6.4960e-02   2.6673e-03   5.7833e-02     0.9056  0.0000 -0.4242  -0.0000  1.0000 -0.0000
El     39     SH4                                     EL1                                    MAT2               MISES     42     43     54     53           5      0
    7.2340    6.4226   13.1051        Z  -1.6910e-01   4.2901e-01   4.7203e-01  -1.6077e-01  -9.4362e-02   6.2854e-02  -1.6438e-02   2.9891e-02     0.8755  0.0000 -0.4833  -0.0000  1.0000 -0.0000
    7.2340    7.5774   13.1051        Z  -2.8515e-01   4.0580e-01   5.6324e-01  -1.4546e-01  -9.1300e-02   5.2141e-02  -5.0678e-03   2.9891e-02     0.8755  0.0000 -0.4833  -0.0000  1.0000 -0.0000
    8.3927    6.4226   12.3949        Z  -1.1383e-01   6.9946e-01   4.1546e-01  -1.6717e-01  -1.2638e-01   7.0163e-02   5.5770e-03  -9.3923e-03     0.8280  0.0000 -0.5607  -0.0000  1.0000 -0.0000
    8.3927    7.5774   12.3949        Z  -2.3219e-01   6.7579e-01   5.0667e-01  -1.5186e-01  -1.2332e-01   5.9450e-02   1.4624e-02  -9.3923e-03     0.8280  0.0000 -0.5607  -0.0000  1.0000 -0.0000
El     40     SH4                                     EL1                                    MAT2               MISES     43     44     55     54           5      0
    9.1951    6.4226   11.8121        Z   2.2478e-02   7.3956e-01   1.7103e-01  -5.7706e-02  -1.3196e-01   7.7992e-02  -2.6938e-02   5.4895e-03     0.7891  0.0000 -0.6143  -0.0000  1.0000 -0.0000
    9.1951    7.5774   11.8121        Z  -3.0451e-02   7.2897e-01   9.0463e-02  -5.7774e-02  -1.3197e-01   6.2124e-02  -3.2329e-02   5.4895e-03     0.7891  0.0000 -0.6143  -0.0000  1.0000 -0.0000
   10.2287    6.4226   10.9299        Z  -1.8693e-02   5.0700e-01   1.4227e-01  -6.6928e-02  -1.7812e-01   7.8012e-02  -2.2103e-02   8.5431e-02     0.7301  0.0000 -0.6833  -0.0000  1.0000 -0.0000
   10.2287    7.5774   10.9299        Z  -7.0400e-02   4.9666e-01   6.1707e-02  -6.6994e-02  -1.7813e-01   6.2143e-02  -2.7499e-02   8.5431e-02     0.7301  0.0000 -0.6833  -0.0000  1.0000 -0.0000
El     41     SH4                                     EL1                                    MAT2               MISES     45     46     57     56           5      0
  -10.2287    8.4226   10.9299        Z  -6.7124e-02   6.2624e-01  -9.4050e-02  -6.4787e-02  -1.8693e-01  -2.8534e-02   2.7445e-02   1.8160e-02     0.7301  0.0000  0.6833   0.0000  1.0000 -0.0000
  -10.2287    9.5774   10.9299        Z  -7.9854e-02   6.2370e-01   1.6736e-02  -5.3430e-02  -1.8466e-01  -1.6724e-02   2.1900e-02   1.8160e-02     0.7301  0.0000  0.6833   0.0000  1.0000 -0.0000
   -9.1951    8.4226   11.8121        Z  -9.1685e-03   9.4819e-01  -1.0224e-01  -5.7987e-02  -1.5288e-01  -2.3182e-02   3.1650e-02   2.9678e-02     0.7891  0.0000  0.6143   0.0000  1.0000 -0.0000
   -9.1951    9.5774   11.8121        Z  -2.0445e-02   9.4593e-01   8.5448e-03  -4.6628e-02  -1.5060e-01  -1.1371e-02   2.4405e-02   2.9678e-02     0.7891  0.0000  0.6143   0.0000  1.0000 -0.0000
El     42     SH4                                     EL1                                    MAT2               MISES     46     47     58     57           5      0
   -8.3927    8.4226   12.3949        Z  -2.4279e-01   9.2800e-01  -1.3397e-01  -1.5821e-01  -1.4745e-01  -2.6080e-02  -4.4088e-03   1.3154e-02     0.8280  0.0000  0.5607   0.0000  1.0000 -0.0000
   -8.3927    9.5774   12.3949        Z  -2.9814e-01   9.1693e-01  -2.1741e-01  -1.7785e-01  -1.5138e-01  -1.3174e-02   3.2546e-02   1.3154e-02     0.8280  0.0000  0.5607   0.0000  1.0000 -0.0000
   -7.2340    8.4226   13.1051        Z  -2.9361e-01   6.7998e-01  -1.6002e-01  -1.5053e-01  -1.0903e-01  -3.5264e-02   1.5501e-02  -4.3508e-02     0.8755  0.0000  0.4833   0.0000  1.0000 -0.0000
   -7.2340    9.5774   13.1051        Z  -3.5768e-01   6.6716e-01  -2.4345e-01  -1.7019e-01  -1.1296e-01  -2.2357e-02   5.5376e-02  -4.3508e-02     0.8755  0.0000  0.4833   0.0000  1.0000 -0.0000
El     43     SH4                                     EL1                                    MAT2               MISES     47     48     59     58           5      0
   -6.3504    8.4226   13.5554        Z  -7.7024e-01   3.3417e-01  -2.2576e-01  -2.2808e-01  -9.5965e-02  -3.4207e-02  -9.4141e-03  -1.1186e-02     0.9056  0.0000  0.4242   0.0000  1.0000 -0.0000
   -6.3504    9.5774   13.5554        Z  -9.0278e-01   3.0766e-01  -3.8303e-01  -1.9175e-01  -8.8699e-02  -1.9924e-02  -9.9749e-02  -1.1186e-02     0.9056  0.0000  0.4242   0.0000  1.0000 -0.0000
   -5.0948    8.4226   14.0756        Z  -8.6479e-01  -1.3120e-01  -2.8993e-01  -2.1950e-01  -5.3064e-02  -1.7000e-02   2.2848e-02   1.3378e-01     0.9403  0.0000  0.3404   0.0000  1.0000 -0.0000
   -5.0948    9.5774   14.0756        Z  -9.7619e-01  -1.5348e-01  -4.4720e-01  -1.8313e-01  -4.5790e-02  -2.7167e-03  -7.2957e-02   1.3378e-01     0.9403  0.0000  0.3404   0.0000  1.0000 -0.0000
El     44     SH4                                     EL1                                    MAT2               MISES     48     49     60     59           5      0
   -4.1516    8.4226   14.3820        Z  -1.5742e+00  -6.8280e-01  -2.3931e-01  -6.7559e-02   7.4580e-02  -1.3623e-01  -2.7266e-01   1.2263e-01     0.9608  0.0000  0.2773   0.0000  1.0000 -0.0000
   -4.1516    9.5774   14.3820        Z  -1.7149e+00  -7.1094e-01  -4.7252e-01  -2.8260e-01   3.1571e-02  -5.7111e-02  -1.6246e-02   1.2263e-01     0.9608  0.0000  0.2773   0.0000  1.0000 -0.0000
   -2.8302    8.4226   14.6990        Z  -1.6538e+00  -1.3716e+00  -3.1612e-01  -2.0660e-02   3.0848e-01  -2.3720e-01  -2.6026e-01  -5.2802e-02     0.9820  0.0000  0.1891   0.0000  1.0000 -0.0000
   -2.8302    9.5774   14.6990        Z  -1.8564e+00  -1.4121e+00  -5.4933e-01  -2.3582e-01   2.6545e-01  -1.5809e-01   2.8250e-02  -5.2802e-02     0.9820  0.0000  0.1891   0.0000  1.0000 -0.0000
El     45     SH4                                     EL1                                    MAT2               MISES     49     50     61     60           5      0
   -1.8506    8.4226   14.8541        Z  -1.9274e+00  -1.4974e+00  -6.2090e-02   7.3721e-01   5.2973e-01  -1.6532e-01  -4.5593e-01  -4.0525e-01     0.9923  0.0000  0.1236   0.0000  1.0000 -0.0000
   -1.8506    9.5774   14.8541        Z  -2.6660e+00  -1.5656e+00  -2.0980e-01   7.3197e-01   5.1292e-01  -1.0085e-01  -1.1589e+00  -3.8217e-01     0.9923  0.0000  0.1236   0.0000  1.0000 -0.0000
   -0.4959    8.4226   14.9609        Z  -1.7770e+00  -1.7140e+00  -4.7318e-01   7.2014e-01   6.5328e-01  -1.1085e-01  -5.3693e-01  -1.1753e+00     0.9995  0.0000  0.0331   0.0000  1.0000 -0.0000
   -0.4959    9.5774   14.9609        Z  -2.3834e+00  -1.7042e+00  -5.5025e-01   7.2344e-01   6.2561e-01  -6.3173e-02  -1.2189e+00  -1.1116e+00     0.9995  0.0000  0.0331   0.0000  1.0000 -0.0000
El     46     SH4                                     EL1                                    MAT2               MISES     50     51     62     61           5      0
    0.4959    8.4226   14.9609        Z  -1.7770e+00  -1.7140e+00   4.7318e-01   7.2014e-01   6.5328e-01   1.1085e-01   5.3693e-01  -1.1753e+00     0.9995  0.0000 -0.0331  -0.0000  1.0000 -0.0000
    0.4959    9.5774   14.9609        Z  -2.3834e+00  -1.7042e+00   5.5025e-01   7.2344e-01   6.2561e-01   6.3173e-02   1.2189e+00  -1.1116e+00     0.9995  0.0000 -0.0331  -0.0000  1.0000 -0.0000
    1.8506    8.4226   14.8541        Z  -1.9274e+00  -1.4974e+00   6.2090e-02   7.3721e-01   5.2973e-01   1.6532e-01   4.5593e-01  -4.0525e-01     0.9923  0.0000 -0.1236  -0.0000  1.0000 -0.0000
    1.8506    9.5774   14.8541        Z  -2.6660e+00  -1.5656e+00   2.0980e-01   7.3197e-01   5.1292e-01   1.0085e-01   1.1589e+00  -3.8217e-01     0.9923  0.0000 -0.1236  -0.0000  1.0000 -0.0000
El     47     SH4                                     EL1                                    MAT2               MISES     51     52     63     62           5      0
    2.8302    8.4226   14.6990        Z  -1.6538e+00  -1.3716e+00   3.1612e-01  -2.0660e-02   3.0848e-01   2.3720e-01   2.6026e-01  -5.2802e-02     0.9820  0.0000 -0.1891  -0.0000  1.0000 -0.0000
    2.8302    9.5774   14.6990        Z  -1.8564e+00  -1.4121e+00   5.4933e-01  -2.3582e-01   2.6545e-01   1.5809e-01  -2.8250e-02  -5.2802e-02     0.9820  0.0000 -0.1891  -0.0000  1.0000 -0.0000
    4.1516    8.4226   14.3820        Z  -1.5742e+00  -6.8280e-01   2.3931e-01  -6.7559e-02   7.4580e-02   1.3623e-01   2.7266e-01   1.2263e-01     0.9608  0.0000 -0.2773  -0.0000  1.0000 -0.0000
    4.1516    9.5774   14.3820        Z  -1.7149e+00  -7.1094e-01   4.7252e-01  -2.8260e-01   3.1571e-02   5.7111e-02   1.6246e-02   1.2263e-01     0.9608  0.0000 -0.2773  -0.0000  1.0000 -0.0000
El     48     SH4                                     EL1                                    MAT2               MISES     52     53     64     63           5      0
    5.0948    8.4226   14.0756        Z  -8.6479e-01  -1.3120e-01   2.8993e-01  -2.1950e-01  -5.3064e-02   1.7000e-02  -2.2848e-02   1.3378e-01     0.9403  0.0000 -0.3404  -0.0000  1.0000 -0.0000
    5.0948    9.5774   14.0756        Z  -9.7619e-01  -1.5348e-01   4.4720e-01  -1.8313e-01  -4.5790e-02   2.7167e-03   7.2957e-02   1.3378e-01     0.9403  0.0000 -0.3404  -0.0000  1.0000 -0.0000
    6.3504    8.4226   13.5554        Z  -7.7024e-01   3.3417e-01   2.2576e-01  -2.2808e-01  -9.5965e-02   3.4207e-02   9.4141e-03  -1.1186e-02     0.9056  0.0000 -0.4242  -0.0000  1.0000 -0.0000
    6.3504    9.5774   13.5554        Z  -9.0278e-01   3.0766e-01   3.8303e-01  -1.9175e-01  -8.8699e-02   1.9924e-02   9.9749e-02  -1.1186e-02     0.9056  0.0000 -0.4242  -0.0000  1.0000 -0.0000
El     49     SH4                                     EL1                                    MAT2               MISES     53     54     65     64           5      0
    7.2340    8.4226   13.1051        Z  -2.9361e-01   6.7998e-01   1.6002e-01  -1.5053e-01  -1.0903e-01   3.5264e-02  -1.5501e-02  -4.3508e-02     0.8755  0.0000 -0.4833  -0.0000  1.0000 -0.0000
    7.2340    9.5774   13.1051        Z  -3.5768e-01   6.6716e-01   2.4345e-01  -1.7019e-01  -1.1296e-01   2.2357e-02  -5.5376e-02  -4.3508e-02     0.8755  0.0000 -0.4833  -0.0000  1.0000 -0.0000
    8.3927    8.4226   12.3949        Z  -2.4279e-01   9.2800e-01   1.3397e-01  -1.5821e-01  -1.4745e-01   2.6080e-02   4.4088e-03   1.3154e-02     0.8280  0.0000 -0.5607  -0.0000  1.0000 -0.0000
    8.3927    9.5774   12.3949        Z  -2.9814e-01   9.1693e-01   2.1741e-01  -1.7785e-01  -1.5138e-01   1.3174e-02  -3.2546e-02   1.3154e-02     0.8280  0.0000 -0.5607  -0.0000  1.0000 -0.0000
El     50     SH4                                     EL1                                    MAT2               MISES     54     55     66     65           5      0
    9.1951    8.4226   11.8121        Z  -9.1685e-03   9.4819e-01   1.0224e-01  -5.7987e-02  -1.5288e-01   2.3182e-02  -3.1650e-02   2.9678e-02     0.7891  0.0000 -0.6143  -0.0000  1.0000 -0.0000
    9.1951    9.5774   11.8121        Z  -2.0445e-02   9.4593e-01  -8.5449e-03  -4.6628e-02  -1.5060e-01   1.1371e-02  -2.4405e-02   2.9678e-02     0.7891  0.0000 -0.6143  -0.0000  1.0000 -0.0000
   10.2287    8.4226   10.9299        Z  -6.7124e-02   6.2624e-01   9.4050e-02  -6.4787e-02  -1.8693e-01   2.8534e-02  -2.7445e-02   1.8160e-02     0.7301  0.0000 -0.6833  -0.0000  1.0000 -0.0000
   10.2287    9.5774   10.9299        Z  -7.9854e-02   6.2370e-01  -1.6736e-02  -5.3430e-02  -1.8466e-01   1.6724e-02  -2.1900e-02   1.8160e-02     0.7301  0.0000 -0.6833  -0.0000  1.0000 -0.0000
El     51     SH4                                     EL1                                    MAT2               MISES     56     57     68     67           5      0
  -10.2287   10.4226   10.9299        Z  -7.9854e-02   6.2370e-01  -1.6736e-02  -5.3430e-02  -1.8466e-01   1.6724e-02   2.1900e-02  -1.8160e-02     0.7301  0.0000  0.6833   0.0000  1.0000 -0.0000
  -10.2287   11.5774   10.9299        Z  -6.7124e-02   6.2624e-01   9.4050e-02  -6.4787e-02  -1.8693e-01   2.8534e-02   2.7445e-02  -1.8160e-02     0.7301  0.0000  0.6833   0.0000  1.0000 -0.0000
   -9.1951   10.4226   11.8121        Z  -2.0445e-02   9.4593e-01  -8.5448e-03  -4.6628e-02  -1.5060e-01   1.1371e-02   2.4405e-02  -2.9678e-02     0.7891  0.0000  0.6143   0.0000  1.0000 -0.0000
   -9.1951   11.5774   11.8121        Z  -9.1685e-03   9.4819e-01   1.0224e-01  -5.7987e-02  -1.5288e-01   2.3182e-02   3.1650e-02  -2.9678e-02     0.7891  0.0000  0.6143   0.0000  1.0000 -0.0000
El     52     SH4                                     EL1                                    MAT2               MISES     57     58     69     68           5      0
   -8.3927   10.4226   12.3949        Z  -2.9814e-01   9.1693e-01   2.1741e-01  -1.7785e-01  -1.5138e-01   1.3174e-02   3.2546e-02  -1.3154e-02     0.8280  0.0000  0.5607   0.0000  1.0000 -0.0000
   -8.3927   11.5774   12.3949        Z  -2.4279e-01   9.2800e-01   1.3397e-01  -1.5821e-01  -1.4745e-01   2.6080e-02  -4.4088e-03  -1.3154e-02     0.8280  0.0000  0.5607   0.0000  1.0000 -0.0000
   -7.2340   10.4226   13.1051        Z  -3.5768e-01   6.6716e-01   2.4345e-01  -1.7019e-01  -1.1296e-01   2.2357e-02   5.5376e-02   4.3508e-02     0.8755  0.0000  0.4833   0.0000  1.0000 -0.0000
   -7.2340   11.5774   13.1051        Z  -2.9361e-01   6.7998e-01   1.6002e-01  -1.5053e-01  -1.0903e-01   3.5264e-02   1.5501e-02   4.3508e-02     0.8755  0.0000  0.4833   0.0000  1.0000 -0.0000
El     53     SH4                                     EL1                                    MAT2               MISES     58     59     70     69           5      0
   -6.3504   10.4226   13.5554        Z  -9.0278e-01   3.0766e-01   3.8303e-01  -1.9175e-01  -8.8699e-02   1.9924e-02  -9.9749e-02   1.1186e-02     0.9056  0.0000  0.4242   0.0000  1.0000 -0.0000
   -6.3504   11.5774   13.5554        Z  -7.7024e-01   3.3417e-01   2.2576e-01  -2.2808e-01  -9.5965e-02   3.4207e-02  -9.4141e-03   1.1186e-02     0.9056  0.0000  0.4242   0.0000  1.0000 -0.0000
   -5.0948   10.4226   14.0756        Z  -9.7619e-01  -1.5348e-01   4.4720e-01  -1.8313e-01  -4.5790e-02   2.7167e-03  -7.2957e-02  -1.3378e-01     0.9403  0.0000  0.3404   0.0000  1.0000 -0.0000
   -5.0948   11.5774   14.0756        Z  -8.6479e-01  -1.3120e-01   2.8993e-01  -2.1950e-01  -5.3064e-02   1.7000e-02   2.2848e-02  -1.3378e-01     0.9403  0.0000  0.3404   0.0000  1.0000 -0.0000
El     54     SH4                                     EL1                                    MAT2               MISES     59     60     71     70           5      0
   -4.1516   10.4226   14.3820        Z  -1.7149e+00  -7.1094e-01   4.7252e-01  -2.8260e-01   3.1571e-02   5.7111e-02  -1.6246e-02  -1.2263e-01     0.9608  0.0000  0.2773   0.0000  1.0000 -0.0000
   -4.1516   11.5774   14.3820        Z  -1.5742e+00  -6.8280e-01   2.3931e-01  -6.7559e-02   7.4580e-02   1.3623e-01  -2.7266e-01  -1.2263e-01     0.9608  0.0000  0.2773   0.0000  1.0000 -0.0000
   -2.8302   10.4226   14.6990        Z  -1.8564e+00  -1.4121e+00   5.4933e-01  -2.3582e-01   2.6545e-01   1.5809e-01   2.8250e-02   5.2802e-02     0.9820  0.0000  0.1891   0.0000  1.0000 -0.0000
   -2.8302   11.5774   14.6990        Z  -1.6538e+00  -1.3716e+00   3.1612e-01  -2.0660e-02   3.0848e-01   2.3720e-01  -2.6026e-01   5.2802e-02     0.9820  0.0000  0.1891   0.0000  1.0000 -0.0000
El     55     SH4                                     EL1                                    MAT2               MISES     60     61     72     71           5      0
   -1.8506   10.4226   14.8541        Z  -2.6660e+00  -1.5656e+00   2.0980e-01   7.3197e-01   5.1292e-01   1.0085e-01  -1.1589e+00   3.8217e-01     0.9923  0.0000  0.1236   0.0000  1.0000 -0.0000
   -1.8506   11.5774   14.8541        Z  -1.9274e+00  -1.4974e+00   6.2090e-02   7.3721e-01   5.2973e-01   1.6532e-01  -4.5593e-01   4.0525e-01     0.9923  0.0000  0.1236   0.0000  1.0000 -0.0000
   -0.4959   10.4226   14.9609        Z  -2.3834e+00  -1.7042e+00   5.5025e-01   7.2344e-01   6.2561e-01   6.3173e-02  -1.2189e+00   1.1116e+00     0.9995  0.0000  0.0331   0.0000  1.0000 -0.0000
   -0.4959   11.5774   14.9609        Z  -1.7770e+00  -1.7140e+00   4.7318e-01   7.2014e-01   6.5328e-01   1.1085e-01  -5.3693e-01   1.1753e+00     0.9995  0.0000  0.0331   0.0000  1.0000 -0.0000
El     56     SH4                                     EL1                                    MAT2               MISES     61     62     73     72           5      0
    0.4959   10.4226   14.9609        Z  -2.3834e+00  -1.7042e+00  -5.5025e-01   7.2344e-01   6.2561e-01  -6.3173e-02   1.2189e+00   1.1116e+00     0.9995  0.0000 -0.0331  -0.0000  1.0000 -0.0000
    0.4959   11.5774   14.9609        Z  -1.7770e+00  -1.7140e+00  -4.7318e-01   7.2014e-01   6.5328e-01  -1.1085e-01   5.3693e-01   1.1753e+00     0.9995  0.0000 -0.0331  -0.0000  1.0000 -0.0000
    1.8506   10.4226   14.8541        Z  -2.6660e+00  -1.5656e+00  -2.0980e-01   7.3197e-01   5.1292e-01  -1.0085e-01   1.1589e+00   3.8217e-01     0.9923  0.0000 -0.1236  -0.0000  1.0000 -0.0000
    1.8506   11.5774   14.8541        Z  -1.9274e+00  -1.4974e+00  -6.2090e-02   7.3721e-01   5.2973e-01  -1.6532e-01   4.5593e-01   4.0525e-01     0.9923  0.0000 -0.1236  -0.0000  1.0000 -0.0000
El     57     SH4                                     EL1                                    MAT2               MISES     62     63     74     73           5      0
    2.8302   10.4226   14.6990        Z  -1.8564e+00  -1.4121e+00  -5.4933e-01  -2.3582e-01   2.6545e-01  -1.5809e-01  -2.8250e-02   5.2802e-02     0.9820  0.0000 -0.1891  -0.0000  1.0000 -0.0000
    2.8302   11.5774   14.6990        Z  -1.6538e+00  -1.3716e+00  -3.1612e-01  -2.0660e-02   3.0848e-01  -2.3720e-01   2.6026e-01   5.2802e-02     0.9820  0.0000 -0.1891  -0.0000  1.0000 -0.0000
    4.1516   10.4226   14.3820        Z  -1.7149e+00  -7.1094e-01  -4.7252e-01  -2.8260e-01   3.1571e-02  -5.7111e-02   1.6246e-02  -1.2263e-01     0.9608  0.0000 -0.2773  -0.0000  1.0000 -0.0000
    4.1516   11.5774   14.3820        Z  -1.5742e+00  -6.8280e-01  -2.3931e-01  -6.7559e-02   7.4580e-02  -1.3623e-01   2.7266e-01  -1.2263e-01     0.9608  0.0000 -0.2773  -0.0000  1.0000 -0.0000
El     58     SH4                                     EL1                                    MAT2               MISES     63     64     75     74           5      0
    5.0948   10.4226   14.0756        Z  -9.7619e-01  -1.5348e-01  -4.4720e-01  -1.8313e-01  -4.5790e-02  -2.7167e-03   7.2957e-02  -1.3378e-01     0.9403  0.0000 -0.3404  -0.0000  1.0000 -0.0000
    5.0948   11.5774   14.0756        Z  -8.6479e-01  -1.3120e-01  -2.8993e-01  -2.1950e-01  -5.3064e-02  -1.7000e-02  -2.2848e-02  -1.3378e-01     0.9403  0.0000 -0.3404  -0.0000  1.0000 -0.0000
    6.3504   10.4226   13.5554        Z  -9.0278e-01   3.0766e-01  -3.8303e-01  -1.9175e-01  -8.8699e-02  -1.9924e-02   9.9749e-02   1.1186e-02     0.9056  0.0000 -0.4242  -0.0000  1.0000 -0.0000
    6.3504   11.5774   13.5554        Z  -7.7024e-01   3.3417e-01  -2.2576e-01  -2.2808e-01  -9.5965e-02  -3.4207e-02   9.4141e-03   1.1186e-02     0.9056  0.0000 -0.4242  -0.0000  1.0000 -0.0000
El     59     SH4                                     EL1                                    MAT2               MISES     64     65     76     75           5      0
    7.2340   10.4226   13.1051        Z  -3.5768e-01   6.6716e-01  -2.4345e-01  -1.7019e-01  -1.1296e-01  -2.2357e-02  -5.5376e-02   4.3508e-02     0.8755  0.0000 -0.4833  -0.0000  1.0000 -0.0000
    7.2340   11.5774   13.1051        Z  -2.9361e-01   6.7998e-01  -1.6002e-01  -1.5053e-01  -1.0903e-01  -3.5264e-02  -1.5501e-02   4.3508e-02     0.8755  0.0000 -0.4833  -0.0000  1.0000 -0.0000
    8.3927   10.4226   12.3949        Z  -2.9814e-01   9.1693e-01  -2.1741e-01  -1.7785e-01  -1.5138e-01  -1.3174e-02  -3.2546e-02  -1.3154e-02     0.8280  0.0000 -0.5607  -0.0000  1.0000 -0.0000
    8.3927   11.5774   12.3949        Z  -2.4279e-01   9.2800e-01  -1.3397e-01  -1.5821e-01  -1.4745e-01  -2.6080e-02   4.4088e-03  -1.3154e-02     0.8280  0.0000 -0.5607  -0.0000  1.0000 -0.0000
El     60     SH4                                     EL1                                    MAT2               MISES     65     66     77     76           5      0
    9.1951   10.4226   11.8121        Z  -2.0445e-02   9.4593e-01   8.5449e-03  -4.6628e-02  -1.5060e-01  -1.1371e-02  -2.4405e-02  -2.9678e-02     0.7891  0.0000 -0.6143  -0.0000  1.0000 -0.0000
    9.1951   11.5774   11.8121        Z  -9.1685e-03   9.4819e-01  -1.0224e-01  -5.7987e-02  -1.5288e-01  -2.3182e-02  -3.1650e-02  -2.9678e-02     0.7891  0.0000 -0.6143  -0.0000  1.0000 -0.0000
   10.2287   10.4226   10.9299        Z  -7.9854e-02   6.2370e-01   1.6736e-02  -5.3430e-02  -1.8466e-01  -1.6724e-02  -2.1900e-02  -1.8160e-02     0.7301  0.0000 -0.6833  -0.0000  1.0000 -0.0000
   10.2287   11.5774   10.9299        Z  -6.7124e-02   6.2624e-01  -9.4050e-02  -6.4787e-02  -1.8693e-01  -2.8534e-02  -2.7445e-02  -1.8160e-02     0.7301  0.0000 -0.6833  -0.0000  1.0000 -0.0000
El     61     SH4                                     EL1                                    MAT2               MISES     67     68     79     78           5      0
  -10.2287   12.4226   10.9299        Z  -7.0400e-02   4.9666e-01   6.1707e-02  -6.6994e-02  -1.7813e-01   6.2143e-02   2.7499e-02  -8.5431e-02     0.7301  0.0000  0.6833   0.0000  1.0000 -0.0000
  -10.2287   13.5774   10.9299        Z  -1.8693e-02   5.0700e-01   1.4227e-01  -6.6928e-02  -1.7812e-01   7.8012e-02   2.2103e-02  -8.5431e-02     0.7301  0.0000  0.6833   0.0000  1.0000 -0.0000
   -9.1951   12.4226   11.8121        Z  -3.0451e-02   7.2897e-01   9.0463e-02  -5.7774e-02  -1.3197e-01   6.2124e-02   3.2329e-02  -5.4895e-03     0.7891  0.0000  0.6143   0.0000  1.0000 -0.0000
   -9.1951   13.5774   11.8121        Z   2.2478e-02   7.3956e-01   1.7103e-01  -5.7706e-02  -1.3196e-01   7.7992e-02   2.6938e-02  -5.4895e-03     0.7891  0.0000  0.6143   0.0000  1.0000 -0.0000
El     62     SH4                                     EL1                                    MAT2               MISES     68     69     80     79           5      0
   -8.3927   12.4226   12.3949        Z  -2.3219e-01   6.7579e-01   5.0667e-01  -1.5186e-01  -1.2332e-01   5.9450e-02  -1.4624e-02   9.3923e-03     0.8280  0.0000  0.5607   0.0000  1.0000 -0.0000
   -8.3927   13.5774   12.3949        Z  -1.1383e-01   6.9946e-01   4.1546e-01  -1.6717e-01  -1.2638e-01   7.0163e-02  -5.5770e-03   9.3923e-03     0.8280  0.0000  0.5607   0.0000  1.0000 -0.0000
   -7.2340   12.4226   13.1051        Z  -2.8515e-01   4.0580e-01   5.6324e-01  -1.4546e-01  -9.1300e-02   5.2141e-02   5.0678e-03  -2.9891e-02     0.8755  0.0000  0.4833   0.0000  1.0000 -0.0000
   -7.2340   13.5774   13.1051        Z  -1.6910e-01   4.2901e-01   4.7203e-01  -1.6077e-01  -9.4362e-02   6.2854e-02   1.6438e-02  -2.9891e-02     0.8755  0.0000  0.4833   0.0000  1.0000 -0.0000
El     63     SH4                                     EL1                                    MAT2               MISES     69     70     81     80           5      0
   -6.3504   12.4226   13.5554        Z  -6.6827e-01   7.9357e-02   8.8724e-01  -2.1780e-01  -7.0729e-02   6.4960e-02  -2.6673e-03  -5.7833e-02     0.9056  0.0000  0.4242   0.0000  1.0000 -0.0000
   -6.3504   13.5774   13.5554        Z  -3.6559e-01   1.3989e-01   7.3881e-01  -1.6660e-01  -6.0489e-02   8.7698e-02  -7.4569e-02  -5.7833e-02     0.9056  0.0000  0.4242   0.0000  1.0000 -0.0000
   -5.0948   12.4226   14.0756        Z  -7.5940e-01  -3.6198e-01   1.0389e+00  -2.0427e-01  -3.0312e-03   8.8753e-02   2.8829e-02  -9.4888e-02     0.9403  0.0000  0.3404   0.0000  1.0000 -0.0000
   -5.0948   13.5774   14.0756        Z  -4.3952e-01  -2.9800e-01   8.9044e-01  -1.5304e-01   7.2159e-03   1.1149e-01  -5.0636e-02  -9.4888e-02     0.9403  0.0000  0.3404   0.0000  1.0000 -0.0000
El     64     SH4                                     EL1                                    MAT2               MISES     70     71     82     81           5      0
   -4.1516   12.4226   14.3820        Z  -1.2728e+00  -7.7503e-01   9.3889e-01   5.0079e-02   4.9272e-02   2.1622e-01  -3.2069e-01  -1.7800e-02     0.9608  0.0000  0.2773   0.0000  1.0000 -0.0000
   -4.1516   13.5774   14.3820        Z  -5.0338e-01  -6.2113e-01   7.8687e-01   1.8422e-01   7.6101e-02   1.9426e-01  -1.9548e-01  -1.7800e-02     0.9608  0.0000  0.2773   0.0000  1.0000 -0.0000
   -2.8302   12.4226   14.6990        Z  -1.2823e+00  -1.1922e+00   1.2292e+00   3.8974e-02  -1.1427e-02   2.6464e-01  -3.2281e-01   2.2678e-01     0.9820  0.0000  0.1891   0.0000  1.0000 -0.0000
   -2.8302   13.5774   14.6990        Z  -5.4944e-01  -1.0494e+00   1.1113e+00   1.7023e-01   1.3790e-02   2.5194e-01  -2.2079e-01   2.2872e-01     0.9820  0.0000  0.1891   0.0000  1.0000 -0.0000
El     65     SH4                                     EL1                                    MAT2               MISES     71     72     83     82           5      0
   -1.8506   12.4226   14.8541        Z  -1.6840e+00  -1.4215e+00   1.0799e-01   6.7040e-01   5.0574e-02   2.2182e-01  -1.3207e-01   2.2246e-01     0.9923  0.0000  0.1236   0.0000  1.0000 -0.0000
   -1.8506   13.5774   14.8541        Z  -5.3002e-01  -1.1313e+00   6.0003e-02   5.8593e-01  -4.8612e-03   1.8387e-01   5.8469e-02   2.4120e-01     0.9923  0.0000  0.1236   0.0000  1.0000 -0.0000
   -0.4959   12.4226   14.9609        Z  -1.7539e+00  -1.2776e+00   6.7520e-01   6.2970e-01  -1.5963e-01   1.4506e-01  -2.4938e-01   3.4142e-02     0.9995  0.0000  0.0331   0.0000  1.0000 -0.0000
   -0.4959   13.5774   14.9609        Z  -5.5773e-01  -9.3396e-01   7.2175e-01   5.1950e-01  -2.3605e-01   8.1193e-02  -3.3869e-02   3.6500e-02     0.9995  0.0000  0.0331   0.0000  1.0000 -0.0000
El     66     SH4                                     EL1                                    MAT2               MISES     72     73     84     83           5      0
    0.4959   12.4226   14.9609        Z  -1.7539e+00  -1.2776e+00  -6.7520e-01   6.2970e-01  -1.5963e-01  -1.4506e-01   2.4938e-01   3.4142e-02     0.9995  0.0000 -0.0331  -0.0000  1.0000 -0.0000
    0.4959   13.5774   14.9609        Z  -5.5773e-01  -9.3396e-01  -7.2175e-01   5.1950e-01  -2.3605e-01  -8.1193e-02   3.3869e-02   3.6500e-02     0.9995  0.0000 -0.0331  -0.0000  1.0000 -0.0000
    1.8506   12.4226   14.8541        Z  -1.6840e+00  -1.4215e+00  -1.0799e-01   6.7040e-01   5.0574e-02  -2.2182e-01   1.3207e-01   2.2246e-01     0.9923  0.0000 -0.1236  -0.0000  1.0000 -0.0000
    1.8506   13.5774   14.8541        Z  -5.3002e-01  -1.1313e+00  -6.0003e-02   5.8593e-01  -4.8612e-03  -1.8387e-01  -5.8469e-02   2.4120e-01     0.9923  0.0000 -0.1236  -0.0000  1.0000 -0.0000
El     67     SH4                                     EL1                                    MAT2               MISES     73     74     85     84           5      0
    2.8302   12.4226   14.6990        Z  -1.2823e+00  -1.1922e+00  -1.2292e+00   3.8974e-02  -1.1427e-02  -2.6464e-01   3.2281e-01   2.2678e-01     0.9820  0.0000 -0.1891  -0.0000  1.0000 -0.0000
    2.8302   13.5774   14.6990        Z  -5.4944e-01  -1.0494e+00  -1.1113e+00   1.7023e-01   1.3790e-02  -2.5194e-01   2.2079e-01   2.2872e-01     0.9820  0.0000 -0.1891  -0.0000  1.0000 -0.0000
    4.1516   12.4226   14.3820        Z  -1.2728e+00  -7.7503e-01  -9.3889e-01   5.0079e-02   4.9272e-02  -2.1622e-01   3.2069e-01  -1.7800e-02     0.9608  0.0000 -0.2773  -0.0000  1.0000 -0.0000
    4.1516   13.5774   14.3820        Z  -5.0338e-01  -6.2113e-01  -7.8687e-01   1.8422e-01   7.6101e-02  -1.9426e-01   1.9548e-01  -1.7800e-02     0.9608  0.0000 -0.2773  -0.0000  1.0000 -0.0000
El     68     SH4                                     EL1                                    MAT2               MISES     74     75     86     85           5      0
    5.0948   12.4226   14.0756        Z  -7.5940e-01  -3.6198e-01  -1.0389e+00  -2.0427e-01  -3.0312e-03  -8.8753e-02  -2.8829e-02  -9.4888e-02     0.9403  0.0000 -0.3404  -0.0000  1.0000 -0.0000
    5.0948   13.5774   14.0756        Z  -4.3952e-01  -2.9800e-01  -8.9044e-01  -1.5304e-01   7.2159e-03  -1.1149e-01   5.0636e-02  -9.4888e-02     0.9403  0.0000 -0.3404  -0.0000  1.0000 -0.0000
    6.3504   12.4226   13.5554        Z  -6.6827e-01   7.9357e-02  -8.8724e-01  -2.1780e-01  -7.0729e-02  -6.4960e-02   2.6673e-03  -5.7833e-02     0.9056  0.0000 -0.4242  -0.0000  1.0000 -0.0000
    6.3504   13.5774   13.5554        Z  -3.6559e-01   1.3989e-01  -7.3881e-01  -1.6660e-01  -6.0489e-02  -8.7698e-02   7.4569e-02  -5.7833e-02     0.9056  0.0000 -0.4242  -0.0000  1.0000 -0.0000
El     69     SH4                                     EL1                                    MAT2               MISES     75     76     87     86           5      0
    7.2340   12.4226   13.1051        Z  -2.8515e-01   4.0580e-01  -5.6324e-01  -1.4546e-01  -9.1300e-02  -5.2141e-02  -5.0678e-03  -2.9891e-02     0.8755  0.0000 -0.4833  -0.0000  1.0000 -0.0000
    7.2340   13.5774   13.1051        Z  -1.6910e-01   4.2901e-01  -4.7203e-01  -1.6077e-01  -9.4362e-02  -6.2854e-02  -1.6438e-02  -2.9891e-02     0.8755  0.0000 -0.4833  -0.0000  1.0000 -0.0000
    8.3927   12.4226   12.3949        Z  -2.3219e-01   6.7579e-01  -5.0667e-01  -1.5186e-01  -1.2332e-01  -5.9450e-02   1.4624e-02   9.3923e-03     0.8280  0.0000 -0.5607  -0.0000  1.0000 -0.0000
    8.3927   13.5774   12.3949        Z  -1.1383e-01   6.9946e-01  -4.1546e-01  -1.6717e-01  -1.2638e-01  -7.0163e-02   5.5770e-03   9.3923e-03     0.8280  0.0000 -0.5607  -0.0000  1.0000 -0.0000
El     70     SH4                                     EL1                                    MAT2               MISES     76     77     88     87           5      0
    9.1951   12.4226   11.8121        Z  -3.0451e-02   7.2897e-01  -9.0463e-02  -5.7774e-02  -1.3197e-01  -6.2124e-02  -3.2329e-02  -5.4895e-03     0.7891  0.0000 -0.6143  -0.0000  1.0000 -0.0000
    9.1951   13.5774   11.8121        Z   2.2478e-02   7.3956e-01  -1.7103e-01  -5.7706e-02  -1.3196e-01  -7.7992e-02  -2.6938e-02  -5.4895e-03     0.7891  0.0000 -0.6143  -0.0000  1.0000 -0.0000
   10.2287   12.4226   10.9299        Z  -7.0400e-02   4.9666e-01  -6.1707e-02  -6.6994e-02  -1.7813e-01  -6.2143e-02  -2.7499e-02  -8.5431e-02     0.7301  0.0000 -0.6833  -0.0000  1.0000 -0.0000
   10.2287   13.5774   10.9299        Z  -1.8693e-02   5.0700e-01  -1.4227e-01  -6.6928e-02  -1.7812e-01  -7.8012e-02  -2.2103e-02  -8.5431e-02     0.7301  0.0000 -0.6833  -0.0000  1.0000 -0.0000
El     71     SH4                                     EL1                                    MAT2               MISES     78     79     90     89           5      0
  -10.2287   14.4226   10.9299        Z  -3.7462e-02   2.9945e-01   1.3156e-01  -6.9757e-02  -1.7120e-01   1.2265e-01   2.1783e-02  -1.4307e-01     0.7301  0.0000  0.6833   0.0000  1.0000 -0.0000
  -10.2287   15.5774   10.9299        Z  -2.4453e-02   3.0205e-01   1.5096e-01  -8.1812e-02  -1.7361e-01   1.3982e-01   2.6306e-02  -1.4307e-01     0.7301  0.0000  0.6833   0.0000  1.0000 -0.0000
   -9.1951   14.4226   11.8121        Z  -3.2300e-02   3.5198e-01   1.4424e-01  -5.9694e-02  -1.2084e-01   1.1697e-01   2.7281e-02   2.0618e-03     0.7891  0.0000  0.6143   0.0000  1.0000 -0.0000
   -9.1951   15.5774   11.8121        Z  -2.0523e-02   3.5434e-01   1.6364e-01  -7.1751e-02  -1.2325e-01   1.3414e-01   3.3609e-02   2.0618e-03     0.7891  0.0000  0.6143   0.0000  1.0000 -0.0000
El     72     SH4                                     EL1                                    MAT2               MISES     79     80     91     90           5      0
   -8.3927   14.4226   12.3949        Z  -1.2592e-01   2.6527e-01   6.9949e-01  -1.7422e-01  -1.0688e-01   1.0553e-01  -1.7113e-03   3.3928e-02     0.8280  0.0000  0.5607   0.0000  1.0000 -0.0000
   -8.3927   15.5774   12.3949        Z  -3.1562e-02   2.8414e-01   6.1663e-01  -1.9007e-01  -1.1005e-01   1.2393e-01  -1.9694e-04   3.3928e-02     0.8280  0.0000  0.5607   0.0000  1.0000 -0.0000
   -7.2340   14.4226   13.1051        Z  -1.7765e-01   1.7675e-02   7.4381e-01  -1.6332e-01  -5.2345e-02   9.7992e-02   2.2032e-02  -2.4140e-02     0.8755  0.0000  0.4833   0.0000  1.0000 -0.0000
   -7.2340   15.5774   13.1051        Z  -8.3915e-02   3.6423e-02   6.6095e-01  -1.7917e-01  -5.5516e-02   1.1638e-01   2.5944e-02  -2.4140e-02     0.8755  0.0000  0.4833   0.0000  1.0000 -0.0000
El     73     SH4                                     EL1                                    MAT2               MISES     80     81     92     91           5      0
   -6.3504   14.4226   13.5554        Z  -2.7066e-01  -1.8812e-01   1.0677e+00  -1.3012e-01  -2.8425e-02   1.1684e-01  -1.0108e-01  -2.6681e-02     0.9056  0.0000  0.4242   0.0000  1.0000 -0.0000
   -6.3504   15.5774   13.5554        Z  -1.1649e-01  -1.5729e-01   9.7043e-01  -9.5746e-02  -2.1550e-02   1.1482e-01  -1.0160e-01  -2.6681e-02     0.9056  0.0000  0.4242   0.0000  1.0000 -0.0000
   -5.0948   14.4226   14.0756        Z  -3.0701e-01  -4.6958e-01   1.1394e+00  -1.3115e-01  -3.3777e-02   1.3286e-01  -8.1777e-02   2.4443e-02     0.9403  0.0000  0.3404   0.0000  1.0000 -0.0000
   -5.0948   15.5774   14.0756        Z  -1.5214e-01  -4.3861e-01   1.0421e+00  -9.6777e-02  -2.6902e-02   1.3084e-01  -8.7389e-02   2.4443e-02     0.9403  0.0000  0.3404   0.0000  1.0000 -0.0000
El     74     SH4                                     EL1                                    MAT2               MISES     81     82     93     92           5      0
   -4.1516   14.4226   14.3820        Z  -1.1709e-01  -5.7837e-01   8.1872e-01   2.0914e-01  -3.6326e-04   1.5920e-01  -1.2908e-01   2.4073e-02     0.9608  0.0000  0.2773   0.0000  1.0000 -0.0000
   -4.1516   15.5774   14.3820        Z   1.8846e-01  -5.1726e-01   7.7166e-01   1.8944e-01  -4.3038e-03   1.2738e-01  -7.2889e-02   2.4073e-02     0.9608  0.0000  0.2773   0.0000  1.0000 -0.0000
   -2.8302   14.4226   14.6990        Z  -1.1048e-01  -7.0384e-01   9.6012e-01   1.9056e-01  -9.3591e-02   1.4964e-01  -1.6165e-01  -2.8061e-02     0.9820  0.0000  0.1891   0.0000  1.0000 -0.0000
   -2.8302   15.5774   14.6990        Z   1.8195e-01  -6.4536e-01   9.1306e-01   1.7083e-01  -9.7536e-02   1.1782e-01  -1.0243e-01  -2.8061e-02     0.9820  0.0000  0.1891   0.0000  1.0000 -0.0000
El     75     SH4                                     EL1                                    MAT2               MISES     82     83     94     93           5      0
   -1.8506   14.4226   14.8541        Z   2.0770e-01  -6.5918e-01   2.0412e-01   4.9304e-01  -6.4124e-02   7.0676e-02   8.8827e-02  -1.8756e-02     0.9923  0.0000  0.1236   0.0000  1.0000 -0.0000
   -1.8506   15.5774   14.8541        Z   4.5821e-01  -6.0908e-01   2.3080e-01   4.2136e-01  -7.8461e-02   7.2406e-02  -3.5315e-02  -1.8756e-02     0.9923  0.0000  0.1236   0.0000  1.0000 -0.0000
   -0.4959   14.4226   14.9609        Z   2.1208e-01  -5.8334e-01   3.2881e-01   4.9402e-01  -5.9198e-02   3.6733e-02   1.0174e-02   5.8800e-02     0.9995  0.0000  0.0331   0.0000  1.0000 -0.0000
   -0.4959   15.5774   14.9609        Z   4.8958e-01  -5.2784e-01   3.5550e-01   4.2239e-01  -7.3525e-02   3.8463e-02  -1.0318e-01   5.8800e-02     0.9995  0.0000  0.0331   0.0000  1.0000 -0.0000
El     76     SH4                                     EL1                                    MAT2               MISES     83     84     95     94           5      0
    0.4959   14.4226   14.9609        Z   2.1208e-01  -5.8334e-01  -3.2881e-01   4.9402e-01  -5.9198e-02  -3.6733e-02  -1.0174e-02   5.8800e-02     0.9995  0.0000 -0.0331  -0.0000  1.0000 -0.0000
    0.4959   15.5774   14.9609        Z   4.8958e-01  -5.2784e-01  -3.5550e-01   4.2239e-01  -7.3525e-02  -3.8463e-02   1.0318e-01   5.8800e-02     0.9995  0.0000 -0.0331  -0.0000  1.0000 -0.0000
    1.8506   14.4226   14.8541        Z   2.0770e-01  -6.5918e-01  -2.0412e-01   4.9304e-01  -6.4124e-02  -7.0676e-02  -8.8827e-02  -1.8756e-02     0.9923  0.0000 -0.1236  -0.0000  1.0000 -0.0000
    1.8506   15.5774   14.8541        Z   4.5821e-01  -6.0908e-01  -2.3080e-01   4.2136e-01  -7.8461e-02  -7.2406e-02   3.5315e-02  -1.8756e-02     0.9923  0.0000 -0.1236  -0.0000  1.0000 -0.0000
El     77     SH4                                     EL1                                    MAT2               MISES     84     85     96     95           5      0
    2.8302   14.4226   14.6990        Z  -1.1048e-01  -7.0384e-01  -9.6012e-01   1.9056e-01  -9.3591e-02  -1.4964e-01   1.6165e-01  -2.8061e-02     0.9820  0.0000 -0.1891  -0.0000  1.0000 -0.0000
    2.8302   15.5774   14.6990        Z   1.8195e-01  -6.4536e-01  -9.1306e-01   1.7083e-01  -9.7536e-02  -1.1782e-01   1.0243e-01  -2.8061e-02     0.9820  0.0000 -0.1891  -0.0000  1.0000 -0.0000
    4.1516   14.4226   14.3820        Z  -1.1709e-01  -5.7837e-01  -8.1872e-01   2.0914e-01  -3.6326e-04  -1.5920e-01   1.2908e-01   2.4073e-02     0.9608  0.0000 -0.2773  -0.0000  1.0000 -0.0000
    4.1516   15.5774   14.3820        Z   1.8846e-01  -5.1726e-01  -7.7166e-01   1.8944e-01  -4.3038e-03  -1.2738e-01   7.2889e-02   2.4073e-02     0.9608  0.0000 -0.2773  -0.0000  1.0000 -0.0000
El     78     SH4                                     EL1                                    MAT2               MISES     85     86     97     96           5      0
    5.0948   14.4226   14.0756        Z  -3.0701e-01  -4.6958e-01  -1.1394e+00  -1.3115e-01  -3.3777e-02  -1.3286e-01   8.1777e-02   2.4443e-02     0.9403  0.0000 -0.3404  -0.0000  1.0000 -0.0000
    5.0948   15.5774   14.0756        Z  -1.5214e-01  -4.3861e-01  -1.0421e+00  -9.6777e-02  -2.6902e-02  -1.3084e-01   8.7389e-02   2.4443e-02     0.9403  0.0000 -0.3404  -0.0000  1.0000 -0.0000
    6.3504   14.4226   13.5554        Z  -2.7066e-01  -1.8812e-01  -1.0677e+00  -1.3012e-01  -2.8425e-02  -1.1684e-01   1.0108e-01  -2.6681e-02     0.9056  0.0000 -0.4242  -0.0000  1.0000 -0.0000
    6.3504   15.5774   13.5554        Z  -1.1649e-01  -1.5729e-01  -9.7043e-01  -9.5746e-02  -2.1550e-02  -1.1482e-01   1.0160e-01  -2.6681e-02     0.9056  0.0000 -0.4242  -0.0000  1.0000 -0.0000
El     79     SH4                                     EL1                                    MAT2               MISES     86     87     98     97           5      0
    7.2340   14.4226   13.1051        Z  -1.7765e-01   1.7675e-02  -7.4381e-01  -1.6332e-01  -5.2345e-02  -9.7992e-02  -2.2032e-02  -2.4140e-02     0.8755  0.0000 -0.4833  -0.0000  1.0000 -0.0000
    7.2340   15.5774   13.1051        Z  -8.3915e-02   3.6423e-02  -6.6095e-01  -1.7917e-01  -5.5516e-02  -1.1638e-01  -2.5944e-02  -2.4140e-02     0.8755  0.0000 -0.4833  -0.0000  1.0000 -0.0000
    8.3927   14.4226   12.3949        Z  -1.2592e-01   2.6527e-01  -6.9949e-01  -1.7422e-01  -1.0688e-01  -1.0553e-01   1.7113e-03   3.3928e-02     0.8280  0.0000 -0.5607  -0.0000  1.0000 -0.0000
    8.3927   15.5774   12.3949        Z  -3.1562e-02   2.8414e-01  -6.1663e-01  -1.9007e-01  -1.1005e-01  -1.2393e-01   1.9694e-04   3.3928e-02     0.8280  0.0000 -0.5607  -0.0000  1.0000 -0.0000
El     80     SH4                                     EL1                                    MAT2               MISES     87     88     99     98           5      0
    9.1951   14.4226   11.8121        Z  -3.2300e-02   3.5198e-01  -1.4424e-01  -5.9694e-02  -1.2084e-01  -1.1697e-01  -2.7281e-02   2.0618e-03     0.7891  0.0000 -0.6143  -0.0000  1.0000 -0.0000
    9.1951   15.5774   11.8121        Z  -2.0523e-02   3.5434e-01  -1.6364e-01  -7.1751e-02  -1.2325e-01  -1.3414e-01  -3.3609e-02   2.0618e-03     0.7891  0.0000 -0.6143  -0.0000  1.0000 -0.0000
   10.2287   14.4226   10.9299        Z  -3.7462e-02   2.9945e-01  -1.3156e-01  -6.9757e-02  -1.7120e-01  -1.2265e-01  -2.1783e-02  -1.4307e-01     0.7301  0.0000 -0.6833  -0.0000  1.0000 -0.0000
   10.2287   15.5774   10.9299        Z  -2.4453e-02   3.0205e-01  -1.5096e-01  -8.1812e-02  -1.7361e-01  -1.3982e-01  -2.6306e-02  -1.4307e-01     0.7301  0.0000 -0.6833  -0.0000  1.0000 -0.0000
El     81     SH4                                     EL1                                    MAT2               MISES     89     90    101    100           5      0
  -10.2287   16.4226   10.9299        Z  -1.3449e-02   2.3268e-02   1.8448e-01  -1.0490e-01  -2.2048e-01   2.1336e-01   1.8481e-02  -1.9385e-01     0.7301  0.0000  0.6833   0.0000  1.0000 -0.0000
  -10.2287   17.5774   10.9299        Z   1.6353e-01   5.8664e-02   1.1299e-01  -1.3186e-01  -2.2587e-01   2.5152e-01  -7.4207e-03  -1.9385e-01     0.7301  0.0000  0.6833   0.0000  1.0000 -0.0000
   -9.1951   16.4226   11.8121        Z  -6.2237e-02  -1.9537e-01   2.7865e-01  -8.2392e-02  -1.0793e-01   2.0051e-01   2.7940e-02   2.1428e-03     0.7891  0.0000  0.6143   0.0000  1.0000 -0.0000
   -9.1951   17.5774   11.8121        Z   1.2016e-01  -1.5889e-01   2.0716e-01  -1.0934e-01  -1.1332e-01   2.3867e-01   6.1214e-03   2.1428e-03     0.7891  0.0000  0.6143   0.0000  1.0000 -0.0000
El     82     SH4                                     EL1                                    MAT2               MISES     90     91    102    101           5      0
   -8.3927   16.4226   12.3949        Z  -2.7412e-01  -2.7282e-01   9.7916e-01  -2.1010e-01  -8.2673e-02   1.7132e-01  -2.3271e-02   6.3535e-02     0.8280  0.0000  0.5607   0.0000  1.0000 -0.0000
   -8.3927   17.5774   12.3949        Z  -7.4177e-01  -3.6635e-01   1.0200e+00  -2.6685e-01  -9.4023e-02   1.8229e-01  -8.7825e-02   6.3535e-02     0.8280  0.0000  0.5607   0.0000  1.0000 -0.0000
   -7.2340   16.4226   13.1051        Z  -2.4870e-01  -1.5469e-01   7.5986e-01  -2.0370e-01  -5.0669e-02   1.4508e-01   6.8012e-03   3.5270e-02     0.8755  0.0000  0.4833   0.0000  1.0000 -0.0000
   -7.2340   17.5774   13.1051        Z  -7.0263e-01  -2.4548e-01   8.0066e-01  -2.6042e-01  -6.2013e-02   1.5605e-01  -4.9410e-02   3.5270e-02     0.8755  0.0000  0.4833   0.0000  1.0000 -0.0000
El     83     SH4                                     EL1                                    MAT2               MISES     91     92    103    102           5      0
   -6.3504   16.4226   13.5554        Z  -1.2196e-01  -1.4195e-01   8.7044e-01  -9.0276e-02  -2.5120e-02   1.1348e-01  -1.0830e-01   1.9610e-02     0.9056  0.0000  0.4242   0.0000  1.0000 -0.0000
   -6.3504   17.5774   13.5554        Z  -3.0043e-01  -1.7765e-01   8.1762e-01  -1.0705e-01  -2.8475e-02   1.0526e-01  -1.2609e-01   1.9610e-02     0.9056  0.0000  0.4242   0.0000  1.0000 -0.0000
   -5.0948   16.4226   14.0756        Z  -1.2959e-01  -2.9098e-01   7.8683e-01  -9.5002e-02  -4.8962e-02   1.0577e-01  -9.5057e-02   5.0881e-03     0.9403  0.0000  0.3404   0.0000  1.0000 -0.0000
   -5.0948   17.5774   14.0756        Z  -3.0431e-01  -3.2593e-01   7.3401e-01  -1.1177e-01  -5.2316e-02   9.7544e-02  -1.1040e-01   5.0881e-03     0.9403  0.0000  0.3404   0.0000  1.0000 -0.0000
El     84     SH4                                     EL1                                    MAT2               MISES     92     93    104    103           5      0
   -4.1516   16.4226   14.3820        Z   3.0061e-01  -2.6178e-01   5.3265e-01   1.7578e-01  -9.5385e-03   8.4216e-02  -6.5981e-02   5.5275e-03     0.9608  0.0000  0.2773   0.0000  1.0000 -0.0000
   -4.1516   17.5774   14.3820        Z   1.6882e-01  -2.8814e-01   5.2949e-01   1.5959e-01  -1.2777e-02   7.8059e-02  -1.0330e-01   5.5275e-03     0.9608  0.0000  0.2773   0.0000  1.0000 -0.0000
   -2.8302   16.4226   14.6990        Z   3.1710e-01  -2.6625e-01   4.7193e-01   1.7220e-01  -2.7610e-02   7.6724e-02  -9.3537e-02   2.1249e-02     0.9820  0.0000  0.1891   0.0000  1.0000 -0.0000
   -2.8302   17.5774   14.6990        Z   1.9352e-01  -2.9097e-01   4.6877e-01   1.5602e-01  -3.0845e-02   7.0567e-02  -1.2847e-01   2.1249e-02     0.9820  0.0000  0.1891   0.0000  1.0000 -0.0000
El     85     SH4                                     EL1                                    MAT2               MISES     93     94    105    104           5      0
   -1.8506   16.4226   14.8541        Z   5.9099e-01  -2.0432e-01   1.8240e-01   3.9807e-01   1.1697e-03   4.8629e-02  -6.2033e-02   2.0973e-02     0.9923  0.0000  0.1236   0.0000  1.0000 -0.0000
   -1.8506   17.5774   14.8541        Z   4.8797e-01  -2.2493e-01   1.9143e-01   3.5815e-01  -6.8147e-03   3.8921e-02  -1.0883e-02   2.0973e-02     0.9923  0.0000  0.1236   0.0000  1.0000 -0.0000
   -0.4959   16.4226   14.9609        Z   6.1780e-01  -1.7165e-01   1.3125e-01   3.9240e-01  -2.7401e-02   2.9953e-02  -1.2378e-01   4.4952e-03     0.9995  0.0000  0.0331   0.0000  1.0000 -0.0000
   -0.4959   17.5774   14.9609        Z   5.0248e-01  -1.9471e-01   1.4028e-01   3.5246e-01  -3.5390e-02   2.0246e-02  -6.6690e-02   4.4952e-03     0.9995  0.0000  0.0331   0.0000  1.0000 -0.0000
El     86     SH4                                     EL1                                    MAT2               MISES     94     95    106    105           5      0
    0.4959   16.4226   14.9609        Z   6.1780e-01  -1.7165e-01  -1.3125e-01   3.9240e-01  -2.7401e-02  -2.9953e-02   1.2378e-01   4.4952e-03     0.9995  0.0000 -0.0331  -0.0000  1.0000 -0.0000
    0.4959   17.5774   14.9609        Z   5.0248e-01  -1.9471e-01  -1.4028e-01   3.5246e-01  -3.5390e-02  -2.0246e-02   6.6690e-02   4.4952e-03     0.9995  0.0000 -0.0331  -0.0000  1.0000 -0.0000
    1.8506   16.4226   14.8541        Z   5.9099e-01  -2.0432e-01  -1.8240e-01   3.9807e-01   1.1697e-03  -4.8629e-02   6.2033e-02   2.0973e-02     0.9923  0.0000 -0.1236  -0.0000  1.0000 -0.0000
    1.8506   17.5774   14.8541        Z   4.8797e-01  -2.2493e-01  -1.9143e-01   3.5815e-01  -6.8147e-03  -3.8921e-02   1.0883e-02   2.0973e-02     0.9923  0.0000 -0.1236  -0.0000  1.0000 -0.0000
El     87     SH4                                     EL1                                    MAT2               MISES     95     96    107    106           5      0
    2.8302   16.4226   14.6990        Z   3.1710e-01  -2.6625e-01  -4.7193e-01   1.7220e-01  -2.7610e-02  -7.6724e-02   9.3537e-02   2.1249e-02     0.9820  0.0000 -0.1891  -0.0000  1.0000 -0.0000
    2.8302   17.5774   14.6990        Z   1.9352e-01  -2.9097e-01  -4.6877e-01   1.5602e-01  -3.0845e-02  -7.0567e-02   1.2847e-01   2.1249e-02     0.9820  0.0000 -0.1891  -0.0000  1.0000 -0.0000
    4.1516   16.4226   14.3820        Z   3.0061e-01  -2.6178e-01  -5.3265e-01   1.7578e-01  -9.5385e-03  -8.4216e-02   6.5981e-02   5.5275e-03     0.9608  0.0000 -0.2773  -0.0000  1.0000 -0.0000
    4.1516   17.5774   14.3820        Z   1.6882e-01  -2.8814e-01  -5.2949e-01   1.5959e-01  -1.2777e-02  -7.8059e-02   1.0330e-01   5.5275e-03     0.9608  0.0000 -0.2773  -0.0000  1.0000 -0.0000
El     88     SH4                                     EL1                                    MAT2               MISES     96     97    108    107           5      0
    5.0948   16.4226   14.0756        Z  -1.2959e-01  -2.9098e-01  -7.8683e-01  -9.5002e-02  -4.8962e-02  -1.0577e-01   9.5057e-02   5.0881e-03     0.9403  0.0000 -0.3404  -0.0000  1.0000 -0.0000
    5.0948   17.5774   14.0756        Z  -3.0431e-01  -3.2593e-01  -7.3401e-01  -1.1177e-01  -5.2316e-02  -9.7544e-02   1.1040e-01   5.0881e-03     0.9403  0.0000 -0.3404  -0.0000  1.0000 -0.0000
    6.3504   16.4226   13.5554        Z  -1.2196e-01  -1.4195e-01  -8.7044e-01  -9.0276e-02  -2.5120e-02  -1.1348e-01   1.0830e-01   1.9610e-02     0.9056  0.0000 -0.4242  -0.0000  1.0000 -0.0000
    6.3504   17.5774   13.5554        Z  -3.0043e-01  -1.7765e-01  -8.1762e-01  -1.0705e-01  -2.8475e-02  -1.0526e-01   1.2609e-01   1.9610e-02     0.9056  0.0000 -0.4242  -0.0000  1.0000 -0.0000
El     89     SH4                                     EL1                                    MAT2               MISES     97     98    109    108           5      0
    7.2340   16.4226   13.1051        Z  -2.4870e-01  -1.5469e-01  -7.5986e-01  -2.0370e-01  -5.0669e-02  -1.4508e-01  -6.8012e-03   3.5270e-02     0.8755  0.0000 -0.4833  -0.0000  1.0000 -0.0000
    7.2340   17.5774   13.1051        Z  -7.0263e-01  -2.4548e-01  -8.0066e-01  -2.6042e-01  -6.2013e-02  -1.5605e-01   4.9410e-02   3.5270e-02     0.8755  0.0000 -0.4833  -0.0000  1.0000 -0.0000
    8.3927   16.4226   12.3949        Z  -2.7412e-01  -2.7282e-01  -9.7916e-01  -2.1010e-01  -8.2673e-02  -1.7132e-01   2.3271e-02   6.3535e-02     0.8280  0.0000 -0.5607  -0.0000  1.0000 -0.0000
    8.3927   17.5774   12.3949        Z  -7.4177e-01  -3.6635e-01  -1.0200e+00  -2.6685e-01  -9.4023e-02  -1.8229e-01   8.7825e-02   6.3535e-02     0.8280  0.0000 -0.5607  -0.0000  1.0000 -0.0000
El     90     SH4                                     EL1                                    MAT2               MISES     98     99    110    109           5      0
    9.1951   16.4226   11.8121        Z  -6.2237e-02  -1.9537e-01  -2.7865e-01  -8.2392e-02  -1.0793e-01  -2.0051e-01  -2.7940e-02   2.1428e-03     0.7891  0.0000 -0.6143  -0.0000  1.0000 -0.0000
    9.1951   17.5774   11.8121        Z   1.2016e-01  -1.5889e-01  -2.0716e-01  -1.0934e-01  -1.1332e-01  -2.3867e-01  -6.1214e-03   2.1428e-03     0.7891  0.0000 -0.6143  -0.0000  1.0000 -0.0000
   10.2287   16.4226   10.9299        Z  -1.3449e-02   2.3268e-02  -1.8448e-01  -1.0490e-01  -2.2048e-01  -2.1336e-01  -1.8481e-02  -1.9385e-01     0.7301  0.0000 -0.6833  -0.0000  1.0000 -0.0000
   10.2287   17.5774   10.9299        Z   1.6353e-01   5.8664e-02  -1.1299e-01  -1.3186e-01  -2.2587e-01  -2.5152e-01   7.4207e-03  -1.9385e-01     0.7301  0.0000 -0.6833  -0.0000  1.0000 -0.0000
El     91     SH4                                     EL1                                    MAT2               MISES    100    101    112    111           5      0
  -10.2287   18.4226   10.9299        Z  -1.0026e+00  -1.0220e+00   1.6524e+00  -1.6850e-01  -1.4937e-01   2.7100e-01   1.2790e-01  -5.2169e-01     0.7301  0.0000  0.6833   0.0000  1.0000 -0.0000
  -10.2287   19.5774   10.9299        Z  -3.4544e+00  -1.5734e+00   1.5146e+00  -2.1361e-01  -1.7045e-01   2.2654e-01   4.6070e-01  -4.6996e-01     0.7301  0.0000  0.6833   0.0000  1.0000 -0.0000
   -9.1951   18.4226   11.8121        Z  -9.9481e-01  -7.9593e-02   6.6437e-01  -1.7574e-01  -2.6540e-02   2.9322e-01   1.7070e-01  -2.8501e-02     0.7891  0.0000  0.6143   0.0000  1.0000 -0.0000
   -9.1951   19.5774   11.8121        Z  -3.7558e+00  -8.2369e-01   6.1882e-01  -2.5187e-01  -8.2190e-02   2.5505e-01   5.6133e-01  -2.5051e-02     0.7891  0.0000  0.6143   0.0000  1.0000 -0.0000
El     92     SH4                                     EL1                                    MAT2               MISES    101    102    113    112           5      0
   -8.3927   18.4226   12.3949        Z  -9.8105e-01   2.2427e-01   6.9248e-01  -2.9050e-01  -1.4990e-03   1.7721e-01  -5.4322e-02   1.3188e-01     0.8280  0.0000  0.5607   0.0000  1.0000 -0.0000
   -8.3927   19.5774   12.3949        Z  -1.5295e+00   1.1401e-01   5.9376e-01  -3.5343e-01  -1.4242e-02   1.6651e-01   1.0173e-01   1.3184e-01     0.8280  0.0000  0.5607   0.0000  1.0000 -0.0000
   -7.2340   18.4226   13.1051        Z  -1.0311e+00  -6.0499e-02   4.2134e-01  -2.9656e-01  -3.1852e-02   1.4800e-01  -9.4544e-03   5.9038e-03     0.8755  0.0000  0.4833   0.0000  1.0000 -0.0000
   -7.2340   19.5774   13.1051        Z  -1.6171e+00  -1.7770e-01   3.2326e-01  -3.5986e-01  -4.4513e-02   1.3747e-01   1.5592e-01   5.9038e-03     0.8755  0.0000  0.4833   0.0000  1.0000 -0.0000
El     93     SH4                                     EL1                                    MAT2               MISES    102    103    114    113           5      0
   -6.3504   18.4226   13.5554        Z  -4.0609e-01  -5.2637e-02   3.7853e-01  -1.1828e-01  -1.2575e-02   8.9634e-02  -1.0624e-01  -2.8965e-02     0.9056  0.0000  0.4242   0.0000  1.0000 -0.0000
   -6.3504   19.5774   13.5554        Z  -5.9947e-01  -9.1311e-02   3.6212e-01  -1.4251e-01  -1.7421e-02   8.4070e-02  -3.4226e-02  -2.8965e-02     0.9056  0.0000  0.4242   0.0000  1.0000 -0.0000
   -5.0948   18.4226   14.0756        Z  -3.9342e-01  -9.5348e-02   2.8570e-01  -1.2149e-01  -2.8825e-02   7.8424e-02  -8.8344e-02   1.7475e-03     0.9403  0.0000  0.3404   0.0000  1.0000 -0.0000
   -5.0948   19.5774   14.0756        Z  -6.0357e-01  -1.3738e-01   2.6929e-01  -1.4575e-01  -3.3678e-02   7.2859e-02  -1.2762e-02   1.7475e-03     0.9403  0.0000  0.3404   0.0000  1.0000 -0.0000
El     94     SH4                                     EL1                                    MAT2               MISES    103    104    115    114           5      0
   -4.1516   18.4226   14.3820        Z   1.1629e-01  -2.2452e-02   1.9254e-01   1.5224e-01   1.0070e-02   5.6602e-02  -9.7776e-02   1.0953e-02     0.9608  0.0000  0.2773   0.0000  1.0000 -0.0000
   -4.1516   19.5774   14.3820        Z  -5.2629e-02  -5.6235e-02   1.7980e-01   1.3453e-01   6.5280e-03   4.6760e-02  -4.5381e-02   1.0953e-02     0.9608  0.0000  0.2773   0.0000  1.0000 -0.0000
   -2.8302   18.4226   14.6990        Z   1.3405e-01  -5.3011e-02   1.1007e-01   1.4652e-01  -1.8771e-02   4.8432e-02  -1.2113e-01   5.3893e-03     0.9820  0.0000  0.1891   0.0000  1.0000 -0.0000
   -2.8302   19.5774   14.6990        Z  -4.7066e-02  -8.9233e-02   9.7324e-02   1.2878e-01  -2.2318e-02   3.8590e-02  -6.6137e-02   5.3893e-03     0.9820  0.0000  0.1891   0.0000  1.0000 -0.0000
El     95     SH4                                     EL1                                    MAT2               MISES    104    105    116    115           5      0
   -1.8506   18.4226   14.8541        Z   4.0492e-01  -7.9668e-03   8.7266e-02   3.3989e-01   7.0892e-03   2.1386e-02   4.0454e-03   5.3589e-03     0.9923  0.0000  0.1236   0.0000  1.0000 -0.0000
   -1.8506   19.5774   14.8541        Z   1.4812e-01  -5.9327e-02   9.0341e-02   3.1996e-01   3.1017e-03   1.8800e-02  -6.3205e-03   5.3589e-03     0.9923  0.0000  0.1236   0.0000  1.0000 -0.0000
   -0.4959   18.4226   14.9609        Z   4.1189e-01   2.5923e-03  -3.3100e-02   3.3839e-01  -5.2722e-04   1.2253e-02  -4.8526e-02   1.0839e-02     0.9995  0.0000  0.0331   0.0000  1.0000 -0.0000
   -0.4959   19.5774   14.9609        Z   1.5711e-01  -4.8364e-02  -3.0024e-02   3.1845e-01  -4.5140e-03   9.6662e-03  -5.5989e-02   1.0839e-02     0.9995  0.0000  0.0331   0.0000  1.0000 -0.0000
El     96     SH4                                     EL1                                    MAT2               MISES    105    106    117    116           5      0
    0.4959   18.4226   14.9609        Z   4.1189e-01   2.5923e-03   3.3100e-02   3.3839e-01  -5.2722e-04  -1.2253e-02   4.8526e-02   1.0839e-02     0.9995  0.0000 -0.0331  -0.0000  1.0000 -0.0000
    0.4959   19.5774   14.9609        Z   1.5711e-01  -4.8364e-02   3.0024e-02   3.1845e-01  -4.5140e-03  -9.6662e-03   5.5989e-02   1.0839e-02     0.9995  0.0000 -0.0331  -0.0000  1.0000 -0.0000
    1.8506   18.4226   14.8541        Z   4.0492e-01  -7.9668e-03  -8.7266e-02   3.3989e-01   7.0892e-03  -2.1386e-02  -4.0454e-03   5.3589e-03     0.9923  0.0000 -0.1236  -0.0000  1.0000 -0.0000
    1.8506   19.5774   14.8541        Z   1.4812e-01  -5.9327e-02  -9.0341e-02   3.1996e-01   3.1017e-03  -1.8800e-02   6.3205e-03   5.3589e-03     0.9923  0.0000 -0.1236  -0.0000  1.0000 -0.0000
El     97     SH4                                     EL1                                    MAT2               MISES    106    107    118    117           5      0
    2.8302   18.4226   14.6990        Z   1.3405e-01  -5.3011e-02  -1.1007e-01   1.4652e-01  -1.8771e-02  -4.8432e-02   1.2113e-01   5.3893e-03     0.9820  0.0000 -0.1891  -0.0000  1.0000 -0.0000
    2.8302   19.5774   14.6990        Z  -4.7066e-02  -8.9233e-02  -9.7324e-02   1.2878e-01  -2.2318e-02  -3.8590e-02   6.6137e-02   5.3893e-03     0.9820  0.0000 -0.1891  -0.0000  1.0000 -0.0000
    4.1516   18.4226   14.3820        Z   1.1629e-01  -2.2452e-02  -1.9254e-01   1.5224e-01   1.0070e-02  -5.6602e-02   9.7776e-02   1.0953e-02     0.9608  0.0000 -0.2773  -0.0000  1.0000 -0.0000
    4.1516   19.5774   14.3820        Z  -5.2629e-02  -5.6235e-02  -1.7980e-01   1.3453e-01   6.5280e-03  -4.6760e-02   4.5381e-02   1.0953e-02     0.9608  0.0000 -0.2773  -0.0000  1.0000 -0.0000
El     98     SH4                                     EL1                                    MAT2               MISES    107    108    119    118           5      0
    5.0948   18.4226   14.0756        Z  -3.9342e-01  -9.5348e-02  -2.8570e-01  -1.2149e-01  -2.8825e-02  -7.8424e-02   8.8344e-02   1.7475e-03     0.9403  0.0000 -0.3404  -0.0000  1.0000 -0.0000
    5.0948   19.5774   14.0756        Z  -6.0357e-01  -1.3738e-01  -2.6929e-01  -1.4575e-01  -3.3678e-02  -7.2859e-02   1.2762e-02   1.7475e-03     0.9403  0.0000 -0.3404  -0.0000  1.0000 -0.0000
    6.3504   18.4226   13.5554        Z  -4.0609e-01  -5.2637e-02  -3.7853e-01  -1.1828e-01  -1.2575e-02  -8.9634e-02   1.0624e-01  -2.8965e-02     0.9056  0.0000 -0.4242  -0.0000  1.0000 -0.0000
    6.3504   19.5774   13.5554        Z  -5.9947e-01  -9.1311e-02  -3.6212e-01  -1.4251e-01  -1.7421e-02  -8.4070e-02   3.4226e-02  -2.8965e-02     0.9056  0.0000 -0.4242  -0.0000  1.0000 -0.0000
El     99     SH4                                     EL1                                    MAT2               MISES    108    109    120    119           5      0
    7.2340   18.4226   13.1051        Z  -1.0311e+00  -6.0499e-02  -4.2134e-01  -2.9656e-01  -3.1852e-02  -1.4800e-01   9.4544e-03   5.9038e-03     0.8755  0.0000 -0.4833  -0.0000  1.0000 -0.0000
    7.2340   19.5774   13.1051        Z  -1.6171e+00  -1.7770e-01  -3.2326e-01  -3.5986e-01  -4.4513e-02  -1.3747e-01  -1.5592e-01   5.9038e-03     0.8755  0.0000 -0.4833  -0.0000  1.0000 -0.0000
    8.3927   18.4226   12.3949        Z  -9.8105e-01   2.2427e-01  -6.9248e-01  -2.9050e-01  -1.4990e-03  -1.7721e-01   5.4322e-02   1.3188e-01     0.8280  0.0000 -0.5607  -0.0000  1.0000 -0.0000
    8.3927   19.5774   12.3949        Z  -1.5295e+00   1.1401e-01  -5.9376e-01  -3.5343e-01  -1.4242e-02  -1.6651e-01  -1.0173e-01   1.3184e-01     0.8280  0.0000 -0.5607  -0.0000  1.0000 -0.0000
El    100     SH4                                     EL1                                    MAT2               MISES    109    110    121    120           5      0
    9.1951   18.4226   11.8121        Z  -9.9481e-01  -7.9593e-02  -6.6437e-01  -1.7574e-01  -2.6540e-02  -2.9322e-01  -1.7070e-01  -2.8501e-02     0.7891  0.0000 -0.6143  -0.0000  1.0000 -0.0000
    9.1951   19.5774   11.8121        Z  -3.7558e+00  -8.2369e-01  -6.1882e-01  -2.5187e-01  -8.2190e-02  -2.5505e-01  -5.6133e-01  -2.5051e-02     0.7891  0.0000 -0.6143  -0.0000  1.0000 -0.0000
   10.2287   18.4226   10.9299        Z  -1.0026e+00  -1.0220e+00  -1.6524e+00  -1.6850e-01  -1.4937e-01  -2.7100e-01  -1.2790e-01  -5.2169e-01     0.7301  0.0000 -0.6833  -0.0000  1.0000 -0.0000
   10.2287   19.5774   10.9299        Z  -3.4544e+00  -1.5734e+00  -1.5146e+00  -2.1361e-01  -1.7045e-01  -2.2654e-01  -4.6070e-01  -4.6996e-01     0.7301  0.0000 -0.6833  -0.0000  1.0000 -0.0000
