Time,   0.4000
      1,   0.0000,   0.0000,   0.0000,    2,    0.0000e+00,  9.0177e-03,     -4.5437e+02,  1.5916e-12,      0.0000e+00, -1.5916e-12,
      2,  20.0000,   0.0000,   0.0000,    2,   -1.5726e-02,  3.4188e-03,      0.0000e+00,  3.6380e-12,      0.0000e+00, -3.6380e-12,
      3,  40.0000,   0.0000,   0.0000,    2,   -2.9801e-02, -1.3476e-02,     -2.6603e-11,  1.0232e-12,      2.6603e-11, -1.0232e-12,
      4,  60.0000,   0.0000,   0.0000,    2,   -5.0458e-02, -5.5277e-02,     -5.8208e-11, -1.1642e-10,      5.8208e-11,  1.1642e-10,
      5,  80.0000,   0.0000,   0.0000,    2,   -9.1971e-02, -1.7340e-01,      8.7311e-11,  2.1828e-11,     -8.7311e-11, -2.1828e-11,
      6, 100.0000,   0.0000,   0.0000,    2,   -9.9103e-02, -2.5099e-01,     -5.8208e-11,  6.8394e-10,      5.8208e-11, -6.8394e-10,
      7, 120.0000,   0.0000,   0.0000,    2,   -9.9779e-02, -3.1582e-01,     -1.8190e-10,  5.8208e-11,      1.8190e-10, -5.8208e-11,
      8, 140.0000,   0.0000,   0.0000,    2,   -9.8937e-02, -3.7115e-01,     -1.8190e-10,  8.9130e-11,      1.8190e-10, -8.9130e-11,
      9, 160.0000,   0.0000,   0.0000,    2,   -9.7729e-02, -4.2030e-01,      7.2760e-12,  8.8221e-10,     -7.2760e-12, -8.8221e-10,
     10, 180.0000,   0.0000,   0.0000,    2,   -9.6470e-02, -4.6498e-01,      4.0382e-10, -3.9108e-10,     -4.0382e-10,  3.9108e-10,
     11, 200.0000,   0.0000,   0.0000,    2,   -9.5253e-02, -5.0627e-01,     -4.1109e-10, -2.6939e-09,      4.1109e-10,  2.6939e-09,
     12, 220.0000,   0.0000,   0.0000,    2,   -9.4108e-02, -5.4488e-01,     -6.0390e-10, -2.4738e-10,      6.0390e-10,  2.4738e-10,
     13, 240.0000,   0.0000,   0.0000,    2,   -9.3045e-02, -5.8132e-01,      1.0186e-10, -1.1705e-09,     -1.0186e-10,  1.1705e-09,
     14, 260.0000,   0.0000,   0.0000,    2,   -9.2073e-02, -6.1599e-01,      6.5847e-10,  1.2642e-10,     -6.5847e-10, -1.2642e-10,
     15, 280.0000,   0.0000,   0.0000,    2,   -9.1195e-02, -6.4919e-01,     -4.2928e-10, -2.4484e-09,      4.2928e-10,  2.4484e-09,
     16, 300.0000,   0.0000,   0.0000,    2,   -9.0400e-02, -6.8118e-01,     -3.6744e-10, -3.5134e-09,      3.6744e-10,  3.5134e-09,
     17, 320.0000,   0.0000,   0.0000,    2,   -8.9667e-02, -7.1217e-01,      1.0823e-09, -5.7717e-09,     -1.0823e-09,  5.7717e-09,
     18, 340.0000,   0.0000,   0.0000,    2,   -8.8964e-02, -7.4232e-01,      1.6735e-09, -9.7316e-10,     -1.6735e-09,  9.7316e-10,
     19, 360.0000,   0.0000,   0.0000,    2,   -8.8249e-02, -7.7174e-01,     -2.0991e-09,  1.0668e-09,      2.0991e-09, -1.0668e-09,
     20, 380.0000,   0.0000,   0.0000,    2,   -8.7482e-02, -8.0050e-01,      1.0496e-09, -7.9581e-10,     -1.0496e-09,  7.9581e-10,
     21, 400.0000,   0.0000,   0.0000,    2,   -8.6631e-02, -8.2865e-01,      1.5659e-09,  3.3497e-09,     -1.5659e-09, -3.3497e-09,
     22, 420.0000,   0.0000,   0.0000,    2,   -8.5683e-02, -8.5617e-01,     -1.8235e-10, -3.0950e-09,      1.8235e-10,  3.0950e-09,
     23, 440.0000,   0.0000,   0.0000,    2,   -8.4657e-02, -8.8304e-01,     -4.5111e-10, -1.9500e-09,      4.5111e-10,  1.9500e-09,
     24, 460.0000,   0.0000,   0.0000,    2,   -8.3619e-02, -9.0927e-01,     -1.8354e-09, -1.1442e-08,      1.8354e-09,  1.1442e-08,
     25, 480.0000,   0.0000,   0.0000,    2,   -8.2674e-02, -9.3489e-01,      2.3319e-09,  2.2306e-09,     -2.3319e-09, -2.2306e-09,
     26, 500.0000,   0.0000,   0.0000,    2,   -8.1917e-02, -9.6010e-01,     -6.1158e-10, -8.3116e-10,      6.1158e-10,  8.3116e-10,
     27,   0.0000,  20.0000,   0.0000,    2,    0.0000e+00,  8.7801e-03,     -2.4396e+03, -1.0175e-11,      0.0000e+00,  1.0175e-11,
     28,  20.0000,  20.0000,   0.0000,    2,   -2.7847e-03,  5.1908e-03,     -2.0975e-11, -2.0464e-12,      2.0975e-11,  2.0464e-12,
     29,  40.0000,  20.0000,   0.0000,    2,   -1.0853e-02, -1.8639e-02,      9.3223e-11,  7.7080e-11,     -9.3223e-11, -7.7080e-11,
     30,  60.0000,  20.0000,   0.0000,    2,   -1.6063e-02, -7.7573e-02,     -1.3949e-10, -1.5170e-09,      1.3949e-10,  1.5170e-09,
     31,  80.0000,  20.0000,   0.0000,    2,   -2.3584e-02, -1.6607e-01,      1.0488e-10, -1.9036e-09,     -1.0488e-10,  1.9036e-09,
     32, 100.0000,  20.0000,   0.0000,    2,   -3.6966e-02, -2.4719e-01,     -2.4782e-10,  2.3094e-09,      2.4782e-10, -2.3094e-09,
     33, 120.0000,  20.0000,   0.0000,    2,   -4.4866e-02, -3.1237e-01,     -2.0722e-10,  6.9268e-09,      2.0722e-10, -6.9268e-09,
     34, 140.0000,  20.0000,   0.0000,    2,   -4.9741e-02, -3.6828e-01,      4.3372e-10,  2.0322e-08,     -4.3372e-10, -2.0322e-08,
     35, 160.0000,  20.0000,   0.0000,    2,   -5.2888e-02, -4.1784e-01,      1.7161e-10, -8.7324e-09,     -1.7161e-10,  8.7324e-09,
     36, 180.0000,  20.0000,   0.0000,    2,   -5.5011e-02, -4.6285e-01,     -9.7810e-10,  9.0256e-10,      9.7810e-10, -9.0256e-10,
     37, 200.0000,  20.0000,   0.0000,    2,   -5.6480e-02, -5.0439e-01,      7.5460e-10, -1.6973e-09,     -7.5460e-10,  1.6973e-09,
     38, 220.0000,  20.0000,   0.0000,    2,   -5.7510e-02, -5.4320e-01,     -2.2504e-10,  6.4541e-08,      2.2504e-10, -6.4541e-08,
     39, 240.0000,  20.0000,   0.0000,    2,   -5.8238e-02, -5.7981e-01,      9.5952e-11,  7.0976e-08,     -9.5952e-11, -7.0976e-08,
     40, 260.0000,  20.0000,   0.0000,    2,   -5.8752e-02, -6.1461e-01,     -1.6491e-09,  1.4952e-08,      1.6491e-09, -1.4952e-08,
     41, 280.0000,  20.0000,   0.0000,    2,   -5.9115e-02, -6.4792e-01,     -8.9688e-10,  3.5220e-08,      8.9688e-10, -3.5220e-08,
     42, 300.0000,  20.0000,   0.0000,    2,   -5.9363e-02, -6.8001e-01,     -5.5064e-10,  3.6523e-08,      5.5064e-10, -3.6523e-08,
     43, 320.0000,  20.0000,   0.0000,    2,   -5.9517e-02, -7.1108e-01,     -1.5433e-10,  1.9830e-08,      1.5433e-10, -1.9830e-08,
     44, 340.0000,  20.0000,   0.0000,    2,   -5.9581e-02, -7.4130e-01,      1.4296e-09,  2.3664e-08,     -1.4296e-09, -2.3664e-08,
     45, 360.0000,  20.0000,   0.0000,    2,   -5.9550e-02, -7.7081e-01,     -2.9749e-10, -5.2334e-08,      2.9749e-10,  5.2334e-08,
     46, 380.0000,  20.0000,   0.0000,    2,   -5.9416e-02, -7.9966e-01,     -1.8560e-09, -3.6811e-08,      1.8560e-09,  3.6811e-08,
     47, 400.0000,  20.0000,   0.0000,    2,   -5.9171e-02, -8.2789e-01,     -3.4697e-10, -7.2584e-08,      3.4697e-10,  7.2584e-08,
     48, 420.0000,  20.0000,   0.0000,    2,   -5.8816e-02, -8.5549e-01,     -2.9048e-09, -3.2098e-08,      2.9048e-09,  3.2098e-08,
     49, 440.0000,  20.0000,   0.0000,    2,   -5.8365e-02, -8.8244e-01,     -1.1205e-09, -4.3028e-09,      1.1205e-09,  4.3028e-09,
     50, 460.0000,  20.0000,   0.0000,    2,   -5.7849e-02, -9.0872e-01,      2.6190e-09, -9.1493e-08,     -2.6190e-09,  9.1493e-08,
     51, 480.0000,  20.0000,   0.0000,    2,   -5.7316e-02, -9.3436e-01,     -2.7654e-10,  2.2011e-08,      2.7654e-10, -2.2011e-08,
     52, 500.0000,  20.0000,   0.0000,    2,   -5.6830e-02, -9.5953e-01,     -2.6039e-09,  5.7440e-08,      2.6039e-09, -5.7440e-08,
     53,   0.0000,  40.0000,   0.0000,    2,    0.0000e+00, -6.5115e-04,      1.2388e+03,  1.8190e-12,      0.0000e+00, -1.8190e-12,
     54,  20.0000,  40.0000,   0.0000,    2,    2.3017e-03, -1.6153e-03,     -9.3678e-11,  4.5111e-10,      9.3678e-11, -4.5111e-10,
     55,  40.0000,  40.0000,   0.0000,    2,    2.9883e-02, -1.9909e-02,      6.9701e-10,  7.4283e-10,     -6.9701e-10, -7.4283e-10,
     56,  60.0000,  40.0000,   0.0000,    2,    2.7059e-02, -9.3105e-02,      2.9104e-11,  1.7462e-10,     -2.9104e-11, -1.7462e-10,
     57,  80.0000,  40.0000,   0.0000,    2,    1.9748e-02, -1.7317e-01,      5.8208e-11,  3.6380e-10,     -5.8208e-11, -3.6380e-10,
     58, 100.0000,  40.0000,   0.0000,    2,    1.0417e-02, -2.4688e-01,      1.1642e-10,  5.5297e-10,     -1.1642e-10, -5.5297e-10,
     59, 120.0000,  40.0000,   0.0000,    2,    8.1626e-04, -3.1091e-01,      2.0373e-10,  1.8481e-09,     -2.0373e-10, -1.8481e-09,
     60, 140.0000,  40.0000,   0.0000,    2,   -6.8131e-03, -3.6656e-01,      3.2014e-10,  1.6007e-09,     -3.2014e-10, -1.6007e-09,
     61, 160.0000,  40.0000,   0.0000,    2,   -1.2651e-02, -4.1619e-01,      2.6193e-10, -2.6921e-10,     -2.6193e-10,  2.6921e-10,
     62, 180.0000,  40.0000,   0.0000,    2,   -1.7113e-02, -4.6134e-01,     -4.3656e-11, -1.4479e-09,      4.3656e-11,  1.4479e-09,
     63, 200.0000,  40.0000,   0.0000,    2,   -2.0558e-02, -5.0304e-01,      3.0559e-10,  3.1869e-09,     -3.0559e-10, -3.1869e-09,
     64, 220.0000,  40.0000,   0.0000,    2,   -2.3244e-02, -5.4199e-01,      3.0559e-10, -4.3801e-09,     -3.0559e-10,  4.3801e-09,
     65, 240.0000,  40.0000,   0.0000,    2,   -2.5363e-02, -5.7872e-01,      2.0373e-10, -1.3606e-09,     -2.0373e-10,  1.3606e-09,
     66, 260.0000,  40.0000,   0.0000,    2,   -2.7056e-02, -6.1361e-01,      1.1350e-09, -3.8272e-09,     -1.1350e-09,  3.8272e-09,
     67, 280.0000,  40.0000,   0.0000,    2,   -2.8428e-02, -6.4699e-01,     -3.3469e-10, -2.7758e-09,      3.3469e-10,  2.7758e-09,
     68, 300.0000,  40.0000,   0.0000,    2,   -2.9551e-02, -6.7913e-01,     -3.2014e-10, -3.3688e-09,      3.2014e-10,  3.3688e-09,
     69, 320.0000,  40.0000,   0.0000,    2,   -3.0475e-02, -7.1025e-01,     -1.3461e-09,  8.2582e-10,      1.3461e-09, -8.2582e-10,
     70, 340.0000,  40.0000,   0.0000,    2,   -3.1227e-02, -7.4054e-01,     -1.3461e-09, -1.0914e-11,      1.3461e-09,  1.0914e-11,
     71, 360.0000,  40.0000,   0.0000,    2,   -3.1822e-02, -7.7010e-01,      2.2555e-10,  1.4043e-09,     -2.2555e-10, -1.4043e-09,
     72, 380.0000,  40.0000,   0.0000,    2,   -3.2265e-02, -7.9902e-01,      3.1068e-09, -3.0050e-09,     -3.1068e-09,  3.0050e-09,
     73, 400.0000,  40.0000,   0.0000,    2,   -3.2556e-02, -8.2733e-01,      1.5934e-09,  2.2046e-09,     -1.5934e-09, -2.2046e-09,
     74, 420.0000,  40.0000,   0.0000,    2,   -3.2693e-02, -8.5503e-01,     -6.1118e-10, -1.0052e-08,      6.1118e-10,  1.0052e-08,
     75, 440.0000,  40.0000,   0.0000,    2,   -3.2674e-02, -8.8208e-01,      2.0700e-09,  5.9517e-09,     -2.0700e-09, -5.9517e-09,
     76, 460.0000,  40.0000,   0.0000,    2,   -3.2511e-02, -9.0844e-01,      2.3174e-09, -9.6261e-09,     -2.3174e-09,  9.6261e-09,
     77, 480.0000,  40.0000,   0.0000,    2,   -3.2241e-02, -9.3411e-01,      3.8417e-09, -1.2573e-08,     -3.8417e-09,  1.2573e-08,
     78, 500.0000,  40.0000,   0.0000,    2,   -3.1956e-02, -9.5914e-01,      2.9395e-09,  1.7872e-10,     -2.9395e-09, -1.7872e-10,
     79,   0.0000,  60.0000,   0.0000,    2,    0.0000e+00, -7.7005e-03,     -3.7699e+02, -1.3642e-12,      0.0000e+00,  1.3642e-12,
     80,  20.0000,  60.0000,   0.0000,    2,    1.5473e-03, -1.5115e-02,      5.8208e-11,  1.6371e-11,     -5.8208e-11, -1.6371e-11,
     81,  40.0000,  60.0000,   0.0000,    2,    1.9012e-03, -2.1555e-02,     -1.2506e-11, -6.6365e-10,      1.2506e-11,  6.6365e-10,
     82,  60.0000,  60.0000,   0.0000,    2,    7.7556e-02, -1.0567e-01,      2.7131e-10, -5.1955e-11,     -2.7131e-10,  5.1955e-11,
     83,  80.0000,  60.0000,   0.0000,    2,    6.3631e-02, -1.8261e-01,      0.0000e+00, -1.4552e-11,      0.0000e+00,  1.4552e-11,
     84, 100.0000,  60.0000,   0.0000,    2,    5.2110e-02, -2.5081e-01,      1.4552e-11, -6.6939e-10,     -1.4552e-11,  6.6939e-10,
     85, 120.0000,  60.0000,   0.0000,    2,    4.1727e-02, -3.1192e-01,      6.4028e-10,  4.5111e-10,     -6.4028e-10, -4.5111e-10,
     86, 140.0000,  60.0000,   0.0000,    2,    3.2577e-02, -3.6644e-01,     -6.4028e-10, -4.3656e-11,      6.4028e-10,  4.3656e-11,
     87, 160.0000,  60.0000,   0.0000,    2,    2.4969e-02, -4.1564e-01,     -1.1642e-09,  3.2014e-10,      1.1642e-09, -3.2014e-10,
     88, 180.0000,  60.0000,   0.0000,    2,    1.8782e-02, -4.6067e-01,     -2.0373e-10,  4.6566e-10,      2.0373e-10, -4.6566e-10,
     89, 200.0000,  60.0000,   0.0000,    2,    1.3787e-02, -5.0237e-01,     -1.0186e-09, -7.9090e-09,      1.0186e-09,  7.9090e-09,
     90, 220.0000,  60.0000,   0.0000,    2,    9.7477e-03, -5.4137e-01,     -1.3097e-10,  5.9299e-09,      1.3097e-10, -5.9299e-09,
     91, 240.0000,  60.0000,   0.0000,    2,    6.4637e-03, -5.7814e-01,     -1.6007e-10,  7.7271e-09,      1.6007e-10, -7.7271e-09,
     92, 260.0000,  60.0000,   0.0000,    2,    3.7671e-03, -6.1306e-01,      3.2014e-10,  4.3074e-09,     -3.2014e-10, -4.3074e-09,
     93, 280.0000,  60.0000,   0.0000,    2,    1.5202e-03, -6.4645e-01,      9.0222e-10,  2.7358e-09,     -9.0222e-10, -2.7358e-09,
     94, 300.0000,  60.0000,   0.0000,    2,   -3.8085e-04, -6.7859e-01,      1.3970e-09,  1.7462e-09,     -1.3970e-09, -1.7462e-09,
     95, 320.0000,  60.0000,   0.0000,    2,   -2.0064e-03, -7.0971e-01,      1.2660e-09, -5.4388e-09,     -1.2660e-09,  5.4388e-09,
     96, 340.0000,  60.0000,   0.0000,    2,   -3.3997e-03, -7.4001e-01,      1.7171e-09,  3.8563e-10,     -1.7171e-09, -3.8563e-10,
     97, 360.0000,  60.0000,   0.0000,    2,   -4.5861e-03, -7.6961e-01,      1.4843e-09,  6.5484e-11,     -1.4843e-09, -6.5484e-11,
     98, 380.0000,  60.0000,   0.0000,    2,   -5.5790e-03, -7.9858e-01,     -1.3388e-09,  6.9631e-09,      1.3388e-09, -6.9631e-09,
     99, 400.0000,  60.0000,   0.0000,    2,   -6.3805e-03, -8.2699e-01,     -3.9290e-09, -6.3519e-09,      3.9290e-09,  6.3519e-09,
    100, 420.0000,  60.0000,   0.0000,    2,   -6.9804e-03, -8.5481e-01,      2.2337e-09,  5.1004e-09,     -2.2337e-09, -5.1004e-09,
    101, 440.0000,  60.0000,   0.0000,    2,   -7.3616e-03, -8.8201e-01,     -1.0477e-09,  5.6316e-09,      1.0477e-09, -5.6316e-09,
    102, 460.0000,  60.0000,   0.0000,    2,   -7.5173e-03, -9.0852e-01,     -6.4138e-09,  3.5579e-09,      6.4138e-09, -3.5579e-09,
    103, 480.0000,  60.0000,   0.0000,    2,   -7.4832e-03, -9.3424e-01,     -7.2214e-10,  5.8426e-09,      7.2214e-10, -5.8426e-09,
    104, 500.0000,  60.0000,   0.0000,    2,   -7.3663e-03, -9.5911e-01,     -7.4306e-10, -6.0427e-09,      7.4306e-10,  6.0427e-09,
    105,   0.0000,  80.0000,   0.0000,    2,    0.0000e+00, -1.7187e-02,     -1.1373e+03,  2.7285e-12,      0.0000e+00, -2.7285e-12,
    106,  20.0000,  80.0000,   0.0000,    2,    9.9661e-04, -1.6483e-02,      1.1369e-12,  5.0022e-12,     -1.1369e-12, -5.0022e-12,
    107,  40.0000,  80.0000,   0.0000,    2,   -7.0739e-03, -3.9327e-02,     -8.1673e-10,  2.0555e-10,      8.1673e-10, -2.0555e-10,
    108,  60.0000,  80.0000,   0.0000,    2,   -8.5767e-03, -5.3926e-02,      6.1711e-11, -6.4307e-10,     -6.1711e-11,  6.4307e-10,
    109,  80.0000,  80.0000,   0.0000,    2,    1.0252e-01, -1.9516e-01,     -8.0547e-11,  1.2164e-11,      8.0547e-11, -1.2164e-11,
    110, 100.0000,  80.0000,   0.0000,    2,    9.0357e-02, -2.5795e-01,      1.6007e-10,  1.6735e-10,     -1.6007e-10, -1.6735e-10,
    111, 120.0000,  80.0000,   0.0000,    2,    7.9187e-02, -3.1531e-01,      2.0373e-10, -2.3283e-10,     -2.0373e-10,  2.3283e-10,
    112, 140.0000,  80.0000,   0.0000,    2,    6.9250e-02, -3.6796e-01,     -3.7835e-10, -1.0914e-09,      3.7835e-10,  1.0914e-09,
    113, 160.0000,  80.0000,   0.0000,    2,    6.0536e-02, -4.1628e-01,      1.2806e-09,  1.6007e-09,     -1.2806e-09, -1.6007e-09,
    114, 180.0000,  80.0000,   0.0000,    2,    5.3116e-02, -4.6090e-01,     -6.9849e-10,  3.9290e-10,      6.9849e-10, -3.9290e-10,
    115, 200.0000,  80.0000,   0.0000,    2,    4.6887e-02, -5.0245e-01,      1.8772e-09,  5.4133e-09,     -1.8772e-09, -5.4133e-09,
    116, 220.0000,  80.0000,   0.0000,    2,    4.1717e-02, -5.4140e-01,      1.0186e-09, -2.7721e-09,     -1.0186e-09,  2.7721e-09,
    117, 240.0000,  80.0000,   0.0000,    2,    3.7442e-02, -5.7814e-01,     -4.8021e-10, -4.0091e-09,      4.8021e-10,  4.0091e-09,
    118, 260.0000,  80.0000,   0.0000,    2,    3.3887e-02, -6.1302e-01,     -6.9849e-10, -9.1677e-10,      6.9849e-10,  9.1677e-10,
    119, 280.0000,  80.0000,   0.0000,    2,    3.0883e-02, -6.4634e-01,     -2.4738e-10,  5.1950e-09,      2.4738e-10, -5.1950e-09,
    120, 300.0000,  80.0000,   0.0000,    2,    2.8294e-02, -6.7840e-01,     -1.0186e-09,  3.9872e-09,      1.0186e-09, -3.9872e-09,
    121, 320.0000,  80.0000,   0.0000,    2,    2.6030e-02, -7.0946e-01,     -1.7899e-09,  4.5402e-09,      1.7899e-09, -4.5402e-09,
    122, 340.0000,  80.0000,   0.0000,    2,    2.4044e-02, -7.3972e-01,      2.1828e-10, -2.1100e-09,     -2.1828e-10,  2.1100e-09,
    123, 360.0000,  80.0000,   0.0000,    2,    2.2305e-02, -7.6932e-01,      9.6043e-10,  5.2896e-09,     -9.6043e-10, -5.2896e-09,
    124, 380.0000,  80.0000,   0.0000,    2,    2.0793e-02, -7.9835e-01,      4.0745e-10, -8.5274e-09,     -4.0745e-10,  8.5274e-09,
    125, 400.0000,  80.0000,   0.0000,    2,    1.9500e-02, -8.2684e-01,     -7.2760e-11,  8.1345e-09,      7.2760e-11, -8.1345e-09,
    126, 420.0000,  80.0000,   0.0000,    2,    1.8438e-02, -8.5482e-01,      4.1036e-09,  1.3461e-09,     -4.1036e-09, -1.3461e-09,
    127, 440.0000,  80.0000,   0.0000,    2,    1.7643e-02, -8.8223e-01,     -3.7689e-09, -4.5111e-09,      3.7689e-09,  4.5111e-09,
    128, 460.0000,  80.0000,   0.0000,    2,    1.7152e-02, -9.0896e-01,     -2.1173e-09, -2.6484e-09,      2.1173e-09,  2.6484e-09,
    129, 480.0000,  80.0000,   0.0000,    2,    1.6954e-02, -9.3481e-01,      1.3642e-09,  1.0841e-08,     -1.3642e-09, -1.0841e-08,
    130, 500.0000,  80.0000,   0.0000,    2,    1.6932e-02, -9.5957e-01,      1.4643e-09,  1.4370e-09,     -1.4643e-09, -1.4370e-09,
    131,   0.0000, 100.0000,   0.0000,    2,    0.0000e+00, -2.0216e-02,      4.1636e+02, -1.3642e-12,      0.0000e+00,  1.3642e-12,
    132,  20.0000, 100.0000,   0.0000,    2,    2.3757e-04, -2.0226e-02,      1.3642e-12, -5.7412e-12,     -1.3642e-12,  5.7412e-12,
    133,  40.0000, 100.0000,   0.0000,    2,   -9.5953e-04, -3.9232e-02,      2.9559e-12, -2.4102e-11,     -2.9559e-12,  2.4102e-11,
    134,  60.0000, 100.0000,   0.0000,    2,   -4.7581e-03, -5.9166e-02,     -2.5466e-11, -3.6380e-12,      2.5466e-11,  3.6380e-12,
    135,  80.0000, 100.0000,   0.0000,    2,   -6.1794e-03, -6.4798e-02,     -1.3493e-11,  1.8815e-11,      1.3493e-11, -1.8815e-11,
    136, 100.0000, 100.0000,   0.0000,    2,    1.2354e-01, -2.6873e-01,      5.9345e-11, -6.9132e-11,     -5.9345e-11,  6.9132e-11,
    137, 120.0000, 100.0000,   0.0000,    2,    1.1326e-01, -3.2167e-01,      5.0932e-11,  1.7462e-10,     -5.0932e-11, -1.7462e-10,
    138, 140.0000, 100.0000,   0.0000,    2,    1.0326e-01, -3.7136e-01,     -2.1828e-11, -1.3824e-10,      2.1828e-11,  1.3824e-10,
    139, 160.0000, 100.0000,   0.0000,    2,    9.4047e-02, -4.1819e-01,     -7.5670e-10, -1.4916e-09,      7.5670e-10,  1.4916e-09,
    140, 180.0000, 100.0000,   0.0000,    2,    8.5791e-02, -4.6210e-01,     -2.7649e-10, -1.7681e-09,      2.7649e-10,  1.7681e-09,
    141, 200.0000, 100.0000,   0.0000,    2,    7.8651e-02, -5.0333e-01,     -8.4401e-10,  7.7125e-10,      8.4401e-10, -7.7125e-10,
    142, 220.0000, 100.0000,   0.0000,    2,    7.2591e-02, -5.4214e-01,     -1.8917e-09, -2.4229e-09,      1.8917e-09,  2.4229e-09,
    143, 240.0000, 100.0000,   0.0000,    2,    6.7516e-02, -5.7881e-01,      3.0996e-09, -1.1132e-09,     -3.0996e-09,  1.1132e-09,
    144, 260.0000, 100.0000,   0.0000,    2,    6.3267e-02, -6.1357e-01,      1.3679e-09,  1.2369e-10,     -1.3679e-09, -1.2369e-10,
    145, 280.0000, 100.0000,   0.0000,    2,    5.9649e-02, -6.4672e-01,     -1.0332e-09, -6.2573e-09,      1.0332e-09,  6.2573e-09,
    146, 300.0000, 100.0000,   0.0000,    2,    5.6477e-02, -6.7859e-01,     -1.7899e-09, -7.5524e-09,      1.7899e-09,  7.5524e-09,
    147, 320.0000, 100.0000,   0.0000,    2,    5.3648e-02, -7.0950e-01,     -2.0955e-09, -4.0018e-09,      2.0955e-09,  4.0018e-09,
    148, 340.0000, 100.0000,   0.0000,    2,    5.1122e-02, -7.3968e-01,      2.0518e-09,  6.0973e-09,     -2.0518e-09, -6.0973e-09,
    149, 360.0000, 100.0000,   0.0000,    2,    4.8889e-02, -7.6925e-01,     -3.6089e-09, -9.5679e-09,      3.6089e-09,  9.5679e-09,
    150, 380.0000, 100.0000,   0.0000,    2,    4.6918e-02, -7.9829e-01,     -1.7462e-09, -3.4488e-09,      1.7462e-09,  3.4488e-09,
    151, 400.0000, 100.0000,   0.0000,    2,    4.5174e-02, -8.2686e-01,     -1.7462e-10, -5.2023e-09,      1.7462e-10,  5.2023e-09,
    152, 420.0000, 100.0000,   0.0000,    2,    4.3656e-02, -8.5500e-01,     -1.3097e-09, -3.1869e-09,      1.3097e-09,  3.1869e-09,
    153, 440.0000, 100.0000,   0.0000,    2,    4.2417e-02, -8.8269e-01,      2.2701e-09, -9.1677e-09,     -2.2701e-09,  9.1677e-09,
    154, 460.0000, 100.0000,   0.0000,    2,    4.1545e-02, -9.0978e-01,      7.2396e-09, -4.3510e-09,     -7.2396e-09,  4.3510e-09,
    155, 480.0000, 100.0000,   0.0000,    2,    4.1097e-02, -9.3594e-01,     -4.7403e-09, -1.3824e-09,      4.7403e-09,  1.3824e-09,
    156, 500.0000, 100.0000,   0.0000,    2,    4.0971e-02, -9.6070e-01,     -2.2683e-09, -4.9840e-09,      2.2683e-09,  4.9840e-09,
    157,   0.0000, 120.0000,   0.0000,    2,    0.0000e+00, -2.1968e-02,      2.3754e+02,  9.0949e-13,      0.0000e+00, -9.0949e-13,
    158,  20.0000, 120.0000,   0.0000,    2,    3.0216e-04, -2.3892e-02,     -4.3201e-12,  2.1828e-11,      4.3201e-12, -2.1828e-11,
    159,  40.0000, 120.0000,   0.0000,    2,   -3.1234e-05, -2.5936e-02,      1.0232e-12,  1.7735e-11,     -1.0232e-12, -1.7735e-11,
    160,  60.0000, 120.0000,   0.0000,    2,   -5.9614e-03, -6.0865e-02,      1.0004e-11, -3.7517e-12,     -1.0004e-11,  3.7517e-12,
    161,  80.0000, 120.0000,   0.0000,    2,   -7.7529e-03, -6.6964e-02,      1.8190e-11,  5.0932e-11,     -1.8190e-11, -5.0932e-11,
    162, 100.0000, 120.0000,   0.0000,    2,   -1.0071e-02, -8.0266e-02,     -2.9132e-13,  4.4651e-11,      2.9132e-13, -4.4651e-11,
    163, 120.0000, 120.0000,   0.0000,    2,    1.4310e-01, -3.3115e-01,     -2.3817e-11, -5.7639e-11,      2.3817e-11,  5.7639e-11,
    164, 140.0000, 120.0000,   0.0000,    2,    1.3437e-01, -3.7702e-01,      1.8190e-10,  2.2555e-10,     -1.8190e-10, -2.2555e-10,
    165, 160.0000, 120.0000,   0.0000,    2,    1.2535e-01, -4.2140e-01,     -4.4383e-10,  3.4925e-10,      4.4383e-10, -3.4925e-10,
    166, 180.0000, 120.0000,   0.0000,    2,    1.1674e-01, -4.6425e-01,      7.4215e-10,  6.3665e-10,     -7.4215e-10, -6.3665e-10,
    167, 200.0000, 120.0000,   0.0000,    2,    1.0892e-01, -5.0501e-01,     -7.1304e-10, -4.2928e-10,      7.1304e-10,  4.2928e-10,
    168, 220.0000, 120.0000,   0.0000,    2,    1.0211e-01, -5.4365e-01,     -4.2201e-10,  5.3842e-10,      4.2201e-10, -5.3842e-10,
    169, 240.0000, 120.0000,   0.0000,    2,    9.6311e-02, -5.8026e-01,      2.6630e-09,  3.8199e-09,     -2.6630e-09, -3.8199e-09,
    170, 260.0000, 120.0000,   0.0000,    2,    9.1494e-02, -6.1490e-01,     -1.0768e-09, -9.6770e-10,      1.0768e-09,  9.6770e-10,
    171, 280.0000, 120.0000,   0.0000,    2,    8.7424e-02, -6.4775e-01,     -9.7498e-10,  1.0477e-09,      9.7498e-10, -1.0477e-09,
    172, 300.0000, 120.0000,   0.0000,    2,    8.3810e-02, -6.7922e-01,      7.7125e-10, -1.7753e-09,     -7.7125e-10,  1.7753e-09,
    173, 320.0000, 120.0000,   0.0000,    2,    8.0475e-02, -7.0982e-01,      3.3906e-09,  3.2596e-09,     -3.3906e-09, -3.2596e-09,
    174, 340.0000, 120.0000,   0.0000,    2,    7.7490e-02, -7.3987e-01,     -1.6662e-09,  1.0914e-11,      1.6662e-09, -1.0914e-11,
    175, 360.0000, 120.0000,   0.0000,    2,    7.4901e-02, -7.6941e-01,     -1.1132e-09, -1.3024e-09,      1.1132e-09,  1.3024e-09,
    176, 380.0000, 120.0000,   0.0000,    2,    7.2637e-02, -7.9843e-01,      2.5102e-09,  6.6648e-09,     -2.5102e-09, -6.6648e-09,
    177, 400.0000, 120.0000,   0.0000,    2,    7.0599e-02, -8.2703e-01,      1.4697e-09,  2.3065e-09,     -1.4697e-09, -2.3065e-09,
    178, 420.0000, 120.0000,   0.0000,    2,    6.8722e-02, -8.5531e-01,      6.8394e-10,  4.8967e-09,     -6.8394e-10, -4.8967e-09,
    179, 440.0000, 120.0000,   0.0000,    2,    6.7051e-02, -8.8332e-01,     -3.3615e-09,  6.7012e-09,      3.3615e-09, -6.7012e-09,
    180, 460.0000, 120.0000,   0.0000,    2,    6.5749e-02, -9.1095e-01,     -1.1350e-09, -4.1036e-09,      1.1350e-09,  4.1036e-09,
    181, 480.0000, 120.0000,   0.0000,    2,    6.5012e-02, -9.3775e-01,     -4.0018e-10, -9.8953e-10,      4.0018e-10,  9.8953e-10,
    182, 500.0000, 120.0000,   0.0000,    2,    6.4825e-02, -9.6279e-01,      1.6771e-09,  1.9354e-09,     -1.6771e-09, -1.9354e-09,
    183,   0.0000, 140.0000,   0.0000,    2,    0.0000e+00, -2.3408e-02,     -3.0927e+02, -2.4869e-12,      0.0000e+00,  2.4869e-12,
    184,  20.0000, 140.0000,   0.0000,    2,   -1.7906e-05, -2.4569e-02,     -1.3642e-12, -4.5475e-12,      1.3642e-12,  4.5475e-12,
    185,  40.0000, 140.0000,   0.0000,    2,   -5.8654e-05, -2.5443e-02,     -6.8212e-13, -3.2969e-12,      6.8212e-13,  3.2969e-12,
    186,  60.0000, 140.0000,   0.0000,    2,   -1.8091e-03, -5.7737e-02,      2.8422e-12, -7.0486e-12,     -2.8422e-12,  7.0486e-12,
    187,  80.0000, 140.0000,   0.0000,    2,   -2.4578e-03, -6.7739e-02,      0.0000e+00, -2.9672e-11,      0.0000e+00,  2.9672e-11,
    188, 100.0000, 140.0000,   0.0000,    2,   -4.8467e-03, -8.3379e-02,     -3.2742e-11, -1.0186e-10,      3.2742e-11,  1.0186e-10,
    189, 120.0000, 140.0000,   0.0000,    2,   -9.1203e-03, -1.1195e-01,      1.1887e-11, -1.8844e-11,     -1.1887e-11,  1.8844e-11,
    190, 140.0000, 140.0000,   0.0000,    2,    1.6268e-01, -3.8533e-01,     -4.0913e-11, -3.0241e-11,      4.0913e-11,  3.0241e-11,
    191, 160.0000, 140.0000,   0.0000,    2,    1.5537e-01, -4.2580e-01,      1.2733e-10,  2.2010e-10,     -1.2733e-10, -2.2010e-10,
    192, 180.0000, 140.0000,   0.0000,    2,    1.4683e-01, -4.6683e-01,      2.4738e-10,  3.7562e-10,     -2.4738e-10, -3.7562e-10,
    193, 200.0000, 140.0000,   0.0000,    2,    1.3852e-01, -5.0716e-01,      6.1846e-10,  1.3879e-09,     -6.1846e-10, -1.3879e-09,
    194, 220.0000, 140.0000,   0.0000,    2,    1.3092e-01, -5.4568e-01,      1.0623e-09,  1.4734e-09,     -1.0623e-09, -1.4734e-09,
    195, 240.0000, 140.0000,   0.0000,    2,    1.2409e-01, -5.8232e-01,      1.1220e-08,  8.5711e-09,     -1.1220e-08, -8.5711e-09,
    196, 260.0000, 140.0000,   0.0000,    2,    1.1829e-01, -6.1711e-01,     -2.1537e-09,  5.5734e-09,      2.1537e-09, -5.5734e-09,
    197, 280.0000, 140.0000,   0.0000,    2,    1.1360e-01, -6.4962e-01,     -6.8394e-10,  4.0745e-10,      6.8394e-10, -4.0745e-10,
    198, 300.0000, 140.0000,   0.0000,    2,    1.0917e-01, -6.8025e-01,      8.0036e-10,  1.0477e-09,     -8.0036e-10, -1.0477e-09,
    199, 320.0000, 140.0000,   0.0000,    2,    1.0529e-01, -7.1036e-01,      1.3388e-09, -1.5134e-09,     -1.3388e-09,  1.5134e-09,
    200, 340.0000, 140.0000,   0.0000,    2,    1.0212e-01, -7.4029e-01,      2.6193e-10,  3.4925e-10,     -2.6193e-10, -3.4925e-10,
    201, 360.0000, 140.0000,   0.0000,    2,    9.9488e-02, -7.6982e-01,      1.9500e-09,  4.2710e-09,     -1.9500e-09, -4.2710e-09,
    202, 380.0000, 140.0000,   0.0000,    2,    9.7286e-02, -7.9882e-01,     -1.4552e-11,  6.5484e-11,      1.4552e-11, -6.5484e-11,
    203, 400.0000, 140.0000,   0.0000,    2,    9.5372e-02, -8.2738e-01,     -2.6193e-10,  6.0390e-10,      2.6193e-10, -6.0390e-10,
    204, 420.0000, 140.0000,   0.0000,    2,    9.3567e-02, -8.5570e-01,      9.8953e-10, -1.0477e-09,     -9.8953e-10,  1.0477e-09,
    205, 440.0000, 140.0000,   0.0000,    2,    9.1722e-02, -8.8401e-01,     -3.8126e-09, -2.6048e-09,      3.8126e-09,  2.6048e-09,
    206, 460.0000, 140.0000,   0.0000,    2,    9.0016e-02, -9.1235e-01,      1.8044e-09,  3.3324e-09,     -1.8044e-09, -3.3324e-09,
    207, 480.0000, 140.0000,   0.0000,    2,    8.8919e-02, -9.4033e-01,      1.5134e-09,  3.3469e-09,     -1.5134e-09, -3.3469e-09,
    208, 500.0000, 140.0000,   0.0000,    2,    8.8722e-02, -9.6631e-01,      7.7125e-10,  1.7171e-09,     -7.7125e-10, -1.7171e-09,
    209,   0.0000, 160.0000,   0.0000,    2,    0.0000e+00, -2.3405e-02,     -1.0187e+02,  5.6843e-13,      0.0000e+00, -5.6843e-13,
    210,  20.0000, 160.0000,   0.0000,    2,    3.4190e-04, -2.4077e-02,      2.6148e-12,  7.3896e-12,     -2.6148e-12, -7.3896e-12,
    211,  40.0000, 160.0000,   0.0000,    2,    3.3013e-04, -2.7070e-02,      2.6375e-11,  1.0004e-11,     -2.6375e-11, -1.0004e-11,
    212,  60.0000, 160.0000,   0.0000,    2,   -6.0151e-04, -3.4952e-02,      2.1032e-12, -3.9222e-12,     -2.1032e-12,  3.9222e-12,
    213,  80.0000, 160.0000,   0.0000,    2,    1.2044e-02, -6.6565e-02,     -8.9813e-12,  3.8654e-12,      8.9813e-12, -3.8654e-12,
    214, 100.0000, 160.0000,   0.0000,    2,    1.2432e-02, -8.4586e-02,     -8.6402e-12,  4.8885e-11,      8.6402e-12, -4.8885e-11,
    215, 120.0000, 160.0000,   0.0000,    2,    9.3676e-03, -1.1588e-01,      1.8190e-11,  8.0036e-11,     -1.8190e-11, -8.0036e-11,
    216, 140.0000, 160.0000,   0.0000,    2,    2.8018e-03, -1.7790e-01,     -1.0232e-12,  2.0094e-11,      1.0232e-12, -2.0094e-11,
    217, 160.0000, 160.0000,   0.0000,    2,    1.8474e-01, -4.3245e-01,      1.9945e-11, -1.1840e-10,     -1.9945e-11,  1.1840e-10,
    218, 180.0000, 160.0000,   0.0000,    2,    1.7991e-01, -4.6946e-01,      2.3994e-10, -1.4612e-10,     -2.3994e-10,  1.4612e-10,
    219, 200.0000, 160.0000,   0.0000,    2,    1.7162e-01, -5.0929e-01,      7.8728e-10, -5.4629e-10,     -7.8728e-10,  5.4629e-10,
    220, 220.0000, 160.0000,   0.0000,    2,    1.6262e-01, -5.4747e-01,      1.0173e-09, -2.5170e-10,     -1.0173e-09,  2.5170e-10,
    221, 240.0000, 160.0000,   0.0000,    2,    1.5364e-01, -5.8418e-01,      4.0694e-08,  1.5183e-08,     -4.0694e-08, -1.5183e-08,
    222, 260.0000, 160.0000,   0.0000,    2,    1.4473e-01, -6.1910e-01,      2.9638e-07,  1.3066e-07,     -2.9638e-07, -1.3066e-07,
    223, 280.0000, 160.0000,   0.0000,    2,    1.3491e-01, -6.5227e-01,      2.2887e-07, -1.7797e-08,     -2.2887e-07,  1.7797e-08,
    224, 300.0000, 160.0000,   0.0000,    2,    1.2912e-01, -6.8153e-01,      7.5437e-08,  7.7489e-09,     -7.5437e-08, -7.7489e-09,
    225, 320.0000, 160.0000,   0.0000,    2,    1.2582e-01, -7.1129e-01,      3.8417e-09,  5.8208e-10,     -3.8417e-09, -5.8208e-10,
    226, 340.0000, 160.0000,   0.0000,    2,    1.2339e-01, -7.4103e-01,     -5.1296e-10, -3.0559e-10,      5.1296e-10,  3.0559e-10,
    227, 360.0000, 160.0000,   0.0000,    2,    1.2144e-01, -7.7059e-01,     -2.5102e-09,  9.7498e-10,      2.5102e-09, -9.7498e-10,
    228, 380.0000, 160.0000,   0.0000,    2,    1.1979e-01, -7.9958e-01,     -1.8154e-09, -1.2406e-09,      1.8154e-09,  1.2406e-09,
    229, 400.0000, 160.0000,   0.0000,    2,    1.1844e-01, -8.2806e-01,      6.9122e-10,  1.3933e-09,     -6.9122e-10, -1.3933e-09,
    230, 420.0000, 160.0000,   0.0000,    2,    1.1738e-01, -8.5622e-01,      4.4747e-10, -1.2697e-09,     -4.4747e-10,  1.2697e-09,
    231, 440.0000, 160.0000,   0.0000,    2,    1.1639e-01, -8.8461e-01,     -9.0949e-11,  5.4570e-11,      9.0949e-11, -5.4570e-11,
    232, 460.0000, 160.0000,   0.0000,    2,    1.1492e-01, -9.1374e-01,      3.3469e-10, -2.7067e-09,     -3.3469e-10,  2.7067e-09,
    233, 480.0000, 160.0000,   0.0000,    2,    1.1352e-01, -9.4356e-01,     -5.6752e-10,  6.8685e-09,      5.6752e-10, -6.8685e-09,
    234, 500.0000, 160.0000,   0.0000,    2,    1.1336e-01, -9.7212e-01,     -3.6380e-11, -1.8044e-09,      3.6380e-11,  1.8044e-09,
    235,   0.0000, 180.0000,   0.0000,    2,    0.0000e+00, -2.2044e-02,      2.2143e+03,  5.4911e-11,      0.0000e+00, -5.4911e-11,
    236,  20.0000, 180.0000,   0.0000,    2,    1.5095e-03, -2.3867e-02,      1.1823e-11,  2.1953e-10,     -1.1823e-11, -2.1953e-10,
    237,  40.0000, 180.0000,   0.0000,    2,    5.2162e-03, -2.7742e-02,      2.2737e-12,  6.4915e-10,     -2.2737e-12, -6.4915e-10,
    238,  60.0000, 180.0000,   0.0000,    2,    7.5051e-03, -3.5573e-02,      3.0468e-11,  1.9369e-09,     -3.0468e-11, -1.9369e-09,
    239,  80.0000, 180.0000,   0.0000,    2,    2.3127e-02, -5.2958e-02,      4.5929e-11,  2.0182e-09,     -4.5929e-11, -2.0182e-09,
    240, 100.0000, 180.0000,   0.0000,    2,    2.9092e-02, -8.0580e-02,      4.0473e-11,  8.0172e-10,     -4.0473e-11, -8.0172e-10,
    241, 120.0000, 180.0000,   0.0000,    2,    5.1420e-02, -1.2272e-01,      7.1395e-11, -3.8033e-09,     -7.1395e-11,  3.8033e-09,
    242, 140.0000, 180.0000,   0.0000,    2,    5.5532e-02, -1.8347e-01,      1.9736e-10,  2.4766e-09,     -1.9736e-10, -2.4766e-09,
    243, 160.0000, 180.0000,   0.0000,    2,    5.3662e-02, -2.6110e-01,     -5.3888e-10,  2.4508e-08,      5.3888e-10, -2.4508e-08,
    244, 180.0000, 180.0000,   0.0000,    2,    6.7676e-02, -3.4619e-01,      2.3842e-09,  1.8777e-08,     -2.3842e-09, -1.8777e-08,
    245, 200.0000, 180.0000,   0.0000,    2,    7.3488e-02, -4.3006e-01,      1.3839e-08,  1.2965e-08,     -1.3839e-08, -1.2965e-08,
    246, 220.0000, 180.0000,   0.0000,    2,    8.3499e-02, -5.0605e-01,      7.0856e-09, -1.1117e-07,     -7.0856e-09,  1.1117e-07,
    247, 240.0000, 180.0000,   0.0000,    2,    9.6620e-02, -5.6971e-01,     -1.4618e-08,  5.8326e-09,      1.4618e-08, -5.8326e-09,
    248, 260.0000, 180.0000,   0.0000,    2,    1.1328e-01, -6.1916e-01,     -2.4639e-07,  2.5500e-06,      2.4639e-07, -2.5500e-06,
    249, 280.0000, 180.0000,   0.0000,    2,    1.3506e-01, -6.5614e-01,      2.7798e-06,  2.7475e-06,     -2.7798e-06, -2.7475e-06,
    250, 300.0000, 180.0000,   0.0000,    2,    1.3842e-01, -6.8529e-01,      1.3553e-07, -1.8909e-07,     -1.3553e-07,  1.8909e-07,
    251, 320.0000, 180.0000,   0.0000,    2,    1.3855e-01, -7.1339e-01,     -6.7716e-08,  5.0317e-08,      6.7716e-08, -5.0317e-08,
    252, 340.0000, 180.0000,   0.0000,    2,    1.3845e-01, -7.4248e-01,     -3.0345e-09, -6.2505e-10,      3.0345e-09,  6.2505e-10,
    253, 360.0000, 180.0000,   0.0000,    2,    1.3863e-01, -7.7193e-01,      1.4593e-09, -1.4382e-07,     -1.4593e-09,  1.4382e-07,
    254, 380.0000, 180.0000,   0.0000,    2,    1.3887e-01, -8.0097e-01,     -2.9058e-10, -5.5452e-08,      2.9058e-10,  5.5452e-08,
    255, 400.0000, 180.0000,   0.0000,    2,    1.3892e-01, -8.2938e-01,     -8.0217e-10,  1.0182e-07,      8.0217e-10, -1.0182e-07,
    256, 420.0000, 180.0000,   0.0000,    2,    1.3876e-01, -8.5730e-01,     -6.1391e-10, -1.0558e-07,      6.1391e-10,  1.0558e-07,
    257, 440.0000, 180.0000,   0.0000,    2,    1.3899e-01, -8.8517e-01,     -8.1036e-10, -1.1566e-07,      8.1036e-10,  1.1566e-07,
    258, 460.0000, 180.0000,   0.0000,    2,    1.4022e-01, -9.1472e-01,      6.5597e-10, -1.3036e-07,     -6.5597e-10,  1.3036e-07,
    259, 480.0000, 180.0000,   0.0000,    2,    1.4032e-01, -9.4722e-01,     -1.9363e-09,  9.8389e-08,      1.9363e-09, -9.8389e-08,
    260, 500.0000, 180.0000,   0.0000,    2,    1.4121e-01, -9.8194e-01,      3.6252e-09, -4.2455e-09,     -3.6252e-09,  4.2455e-09,
    261,   0.0000, 200.0000,   0.0000,    2,    0.0000e+00, -2.2832e-02,      4.1966e+01, -3.3751e-14,      0.0000e+00,  3.3751e-14,
    262,  20.0000, 200.0000,   0.0000,    2,    6.9751e-03, -2.5259e-02,      2.2737e-13, -1.3642e-12,     -2.2737e-13,  1.3642e-12,
    263,  40.0000, 200.0000,   0.0000,    2,    9.5952e-03, -3.0485e-02,      1.8190e-12,  5.6843e-13,     -1.8190e-12, -5.6843e-13,
    264,  60.0000, 200.0000,   0.0000,    2,    1.0233e-02, -3.5252e-02,      1.8190e-12,  3.7517e-12,     -1.8190e-12, -3.7517e-12,
    265,  80.0000, 200.0000,   0.0000,    2,    4.6189e-02, -6.0107e-02,      4.3201e-12, -3.2685e-13,     -4.3201e-12,  3.2685e-13,
    266, 100.0000, 200.0000,   0.0000,    2,    4.4331e-02, -7.9661e-02,     -8.8676e-12,  2.2169e-12,      8.8676e-12, -2.2169e-12,
    267, 120.0000, 200.0000,   0.0000,    2,    1.2227e-01, -1.2323e-01,      3.9790e-12, -3.7346e-11,     -3.9790e-12,  3.7346e-11,
    268, 140.0000, 200.0000,   0.0000,    2,    1.2387e-01, -1.8908e-01,      6.0027e-10, -3.7176e-10,     -6.0027e-10,  3.7176e-10,
    269, 160.0000, 200.0000,   0.0000,    2,    1.3172e-01, -2.6283e-01,     -8.6538e-10,  3.4970e-10,      8.6538e-10, -3.4970e-10,
    270, 180.0000, 200.0000,   0.0000,    2,    1.5409e-01, -3.5070e-01,      8.7766e-10, -1.5535e-10,     -8.7766e-10,  1.5535e-10,
    271, 200.0000, 200.0000,   0.0000,    2,    1.5367e-01, -4.3393e-01,      1.9167e-08,  8.1131e-09,     -1.9167e-08, -8.1131e-09,
    272, 220.0000, 200.0000,   0.0000,    2,    1.5366e-01, -5.0980e-01,     -3.8256e-08, -2.3812e-08,      3.8256e-08,  2.3812e-08,
    273, 240.0000, 200.0000,   0.0000,    2,    1.5565e-01, -5.7389e-01,      5.5479e-11,  1.0220e-10,     -5.5479e-11, -1.0220e-10,
    274, 260.0000, 200.0000,   0.0000,    2,    1.5922e-01, -6.2497e-01,      5.7536e-07, -6.2777e-07,     -5.7536e-07,  6.2777e-07,
    275, 280.0000, 200.0000,   0.0000,    2,    1.6294e-01, -6.6063e-01,     -8.7037e-08, -3.3757e-06,      8.7037e-08,  3.3757e-06,
    276, 300.0000, 200.0000,   0.0000,    2,    1.6474e-01, -6.8806e-01,     -2.6232e-06, -1.2924e-06,      2.6232e-06,  1.2924e-06,
    277, 320.0000, 200.0000,   0.0000,    2,    1.6639e-01, -7.1593e-01,     -1.1915e-07, -6.6904e-09,      1.1915e-07,  6.6904e-09,
    278, 340.0000, 200.0000,   0.0000,    2,    1.6716e-01, -7.4483e-01,     -5.6516e-09,  1.1944e-09,      5.6516e-09, -1.1944e-09,
    279, 360.0000, 200.0000,   0.0000,    2,    1.6727e-01, -7.7410e-01,     -1.8190e-11, -4.9317e-10,      1.8190e-11,  4.9317e-10,
    280, 380.0000, 200.0000,   0.0000,    2,    1.6700e-01, -8.0298e-01,     -5.4570e-12, -2.6125e-10,      5.4570e-12,  2.6125e-10,
    281, 400.0000, 200.0000,   0.0000,    2,    1.6661e-01, -8.3123e-01,     -5.8208e-11, -2.7160e-10,      5.8208e-11,  2.7160e-10,
    282, 420.0000, 200.0000,   0.0000,    2,    1.6626e-01, -8.5921e-01,     -1.0550e-10,  3.0377e-10,      1.0550e-10, -3.0377e-10,
    283, 440.0000, 200.0000,   0.0000,    2,    1.6538e-01, -8.8702e-01,     -6.0027e-11,  7.5943e-10,      6.0027e-11, -7.5943e-10,
    284, 460.0000, 200.0000,   0.0000,    2,    1.8041e-01, -8.9927e-01,     -2.7267e-09, -3.2014e-09,      2.7267e-09,  3.2014e-09,
    285, 480.0000, 200.0000,   0.0000,    2,    1.7820e-01, -9.5038e-01,     -7.8835e-09, -2.2701e-09,      7.4506e-09,  3.7253e-09,
    286, 500.0000, 200.0000,   0.0000,    2,    1.7836e-01, -9.9629e-01,     -5.0932e-10,  6.2282e-09,      4.6566e-10, -7.4506e-09,
    287,   0.0000, -20.0000,   0.0000,    2,    0.0000e+00,  0.0000e+00,      7.5214e+02,  1.5683e+03,      0.0000e+00,  0.0000e+00,
    288,  20.0000, -20.0000,   0.0000,    2,   -1.9312e-02,  0.0000e+00,     -7.2760e-12,  3.7763e+04,      7.2760e-12,  0.0000e+00,
    289,  40.0000, -20.0000,   0.0000,    2,   -3.3190e-02,  0.0000e+00,     -1.5200e-10,  2.6865e+05,      1.5200e-10,  0.0000e+00,
    290,  60.0000, -20.0000,   0.0000,    2,   -2.1789e-02,  0.0000e+00,      2.7740e-11,  2.0606e+05,     -2.7740e-11,  0.0000e+00,
    298, 460.0000, 220.0000,   0.0000,    2,    2.3114e-01, -9.0114e-01,      2.8883e-09, -2.7003e-09,     -2.8883e-09,  2.7003e-09,
    299, 480.0000, 220.0000,   0.0000,    2,    2.2996e-01, -9.5048e-01,      5.3842e-09,  6.1991e-09,     -5.5879e-09, -6.5193e-09,
    300, 500.0000, 220.0000,   0.0000,    2,    2.3041e-01, -1.0120e+00,      1.7544e-09, -5.1852e+05,     -1.8626e-09,  0.0000e+00,
    301,   0.0000, 180.0000,   0.0000,    3,    0.0000e+00, -2.3168e-02,  2.7810e-04,     -4.1938e+04, -5.3774e-11, -1.8395e-10,      0.0000e+00,  5.3774e-11,  1.8395e-10,
    302,  10.0000, 180.0000,   0.0000,    1,    3.0489e-02,      4.5475e-13,     -4.5475e-13,
    303,  20.0000, 180.0000,   0.0000,    3,    3.9123e-02, -2.4075e-02, -1.3460e-04,      2.0123e-11, -1.8616e-10, -2.9945e-10,     -2.0123e-11,  1.8616e-10,  2.9945e-10,
    304,  30.0000, 180.0000,   0.0000,    1,    4.3802e-02,     -7.7307e-11,      7.7307e-11,
    305,  40.0000, 180.0000,   0.0000,    3,    4.7451e-02, -2.8042e-02, -2.8138e-04,      3.9336e-11, -6.2562e-10,  1.9281e-10,     -3.9336e-11,  6.2562e-10, -1.9281e-10,
    306,  50.0000, 180.0000,   0.0000,    1,    5.0606e-02,     -1.5189e-10,      1.5189e-10,
    307,  60.0000, 180.0000,   0.0000,    3,    5.3539e-02, -3.6383e-02, -6.2439e-04,      2.3260e-10, -2.1108e-09, -3.0732e-09,     -2.3260e-10,  2.1108e-09,  3.0732e-09,
    308,  70.0000, 180.0000,   0.0000,    1,    5.6379e-02,     -1.8554e-10,      1.8554e-10,
    309,  80.0000, 180.0000,   0.0000,    3,    5.9177e-02, -5.3793e-02, -1.1183e-03,     -1.5962e-10, -1.9386e-09,  1.0905e-09,      1.5962e-10,  1.9386e-09, -1.0905e-09,
    310,  90.0000, 180.0000,   0.0000,    1,    6.1957e-02,      1.8372e-10,     -1.8372e-10,
    311, 100.0000, 180.0000,   0.0000,    3,    6.4752e-02, -8.1785e-02, -1.7331e-03,      2.5148e-10, -8.4424e-10, -1.4288e-09,     -2.5148e-10,  8.4424e-10,  1.4288e-09,
    312, 110.0000, 180.0000,   0.0000,    1,    6.7576e-02,     -6.1664e-10,      6.1664e-10,
    313, 120.0000, 180.0000,   0.0000,    3,    7.0396e-02, -1.2429e-01, -2.5696e-03,      2.6375e-10,  2.9731e-09,  1.9016e-08,     -2.6375e-10, -2.9731e-09, -1.9016e-08,
    314, 130.0000, 180.0000,   0.0000,    1,    7.3177e-02,      1.8827e-10,     -1.8827e-10,
    315, 140.0000, 180.0000,   0.0000,    3,    7.5933e-02, -1.8491e-01, -3.4748e-03,     -2.0236e-11, -2.3247e-09, -7.3298e-08,      2.0236e-11,  2.3247e-09,  7.3298e-08,
    316, 150.0000, 180.0000,   0.0000,    1,    7.8690e-02,     -5.8208e-10,      5.8208e-10,
    317, 160.0000, 180.0000,   0.0000,    3,    8.1489e-02, -2.6173e-01, -4.0912e-03,     -1.1846e-10, -2.4476e-08, -3.5030e-08,      1.1846e-10,  2.4476e-08,  3.5030e-08,
    318, 170.0000, 180.0000,   0.0000,    1,    8.4358e-02,      1.1805e-09,     -1.1805e-09,
    319, 180.0000, 180.0000,   0.0000,    3,    8.7280e-02, -3.4609e-01, -4.2432e-03,     -3.7630e-10, -1.5852e-08,  2.9286e-08,      3.7630e-10,  1.5852e-08, -2.9286e-08,
    320, 190.0000, 180.0000,   0.0000,    1,    9.0231e-02,     -8.8221e-10,      8.8221e-10,
    321, 200.0000, 180.0000,   0.0000,    3,    9.3213e-02, -4.2940e-01, -4.0102e-03,      1.0853e-09, -8.1363e-09, -4.5851e-08,     -1.0853e-09,  8.1363e-09,  4.5851e-08,
    322, 210.0000, 180.0000,   0.0000,    1,    9.6230e-02,     -4.7476e-10,      4.7476e-10,
    323, 220.0000, 180.0000,   0.0000,    3,    9.9272e-02, -5.0501e-01, -3.4991e-03,     -7.0713e-11,  1.2557e-07,  1.9418e-07,      7.0713e-11, -1.2557e-07, -1.9418e-07,
    324, 230.0000, 180.0000,   0.0000,    1,    1.0233e-01,     -3.5470e-10,      3.5470e-10,
    325, 240.0000, 180.0000,   0.0000,    3,    1.0537e-01, -5.6851e-01, -2.8278e-03,      1.6463e-09,  4.2642e-08, -2.4981e-07,     -1.6463e-09, -4.2642e-08,  2.4981e-07,
    326, 250.0000, 180.0000,   0.0000,    1,    1.0836e-01,     -5.3017e-09,      5.3017e-09,
    327, 260.0000, 180.0000,   0.0000,    3,    1.1128e-01, -6.1811e-01, -2.1526e-03,     -2.4511e-09, -7.9136e-08, -1.1048e-07,      2.4511e-09,  7.9136e-08,  1.1048e-07,
    328, 270.0000, 180.0000,   0.0000,    1,    1.1405e-01,      1.6007e-10,     -1.6007e-10,
    329, 280.0000, 180.0000,   0.0000,    3,    1.1664e-01, -6.5548e-01, -1.6383e-03,      2.5461e-09,  6.4690e-08, -2.0836e-07,     -2.5461e-09, -6.4690e-08,  2.0836e-07,
    330, 290.0000, 180.0000,   0.0000,    1,    1.1897e-01,      1.4970e-09,     -1.4970e-09,
    331, 300.0000, 180.0000,   0.0000,    3,    1.2105e-01, -6.8522e-01, -1.4200e-03,      4.5793e-10, -2.1652e-08, -7.1313e-08,     -4.5793e-10,  2.1652e-08,  7.1313e-08,
    332, 310.0000, 180.0000,   0.0000,    1,    1.2291e-01,      1.4352e-09,     -1.4352e-09,
    333, 320.0000, 180.0000,   0.0000,    3,    1.2456e-01, -7.1348e-01, -1.4286e-03,     -1.6437e-09, -3.1447e-08,  1.5393e-07,      1.6437e-09,  3.1447e-08, -1.5393e-07,
    334, 330.0000, 180.0000,   0.0000,    1,    1.2602e-01,      2.2937e-09,     -2.2937e-09,
    335, 340.0000, 180.0000,   0.0000,    3,    1.2732e-01, -7.4251e-01, -1.4653e-03,     -1.8279e-09, -3.8758e-09,  1.9551e-07,      1.8279e-09,  3.8758e-09, -1.9551e-07,
    336, 350.0000, 180.0000,   0.0000,    1,    1.2848e-01,     -1.9827e-10,      1.9827e-10,
    337, 360.0000, 180.0000,   0.0000,    3,    1.2950e-01, -7.7189e-01, -1.4633e-03,      1.1157e-09,  1.5367e-07,  3.7374e-08,     -1.1157e-09, -1.5367e-07, -3.7374e-08,
    338, 370.0000, 180.0000,   0.0000,    1,    1.3041e-01,     -2.4374e-10,      2.4374e-10,
    339, 380.0000, 180.0000,   0.0000,    3,    1.3122e-01, -8.0091e-01, -1.4366e-03,      9.8044e-10,  6.0633e-08, -7.3494e-08,     -9.8044e-10, -6.0633e-08,  7.3494e-08,
    340, 390.0000, 180.0000,   0.0000,    1,    1.3193e-01,     -5.9117e-11,      5.9117e-11,
    341, 400.0000, 180.0000,   0.0000,    3,    1.3255e-01, -8.2934e-01, -1.4075e-03,     -3.6900e-09, -1.3242e-07, -1.5966e-07,      3.6900e-09,  1.3242e-07,  1.5966e-07,
    342, 410.0000, 180.0000,   0.0000,    1,    1.3310e-01,      5.3888e-09,     -5.3888e-09,
    343, 420.0000, 180.0000,   0.0000,    3,    1.3358e-01, -8.5729e-01, -1.3917e-03,     -2.6330e-09,  1.1932e-07,  1.0920e-07,      2.6330e-09, -1.1932e-07, -1.0920e-07,
    344, 430.0000, 180.0000,   0.0000,    1,    1.3399e-01,     -1.8481e-09,      1.8481e-09,
    345, 440.0000, 180.0000,   0.0000,    3,    1.3435e-01, -8.8531e-01, -1.4317e-03,      7.4692e-10,  1.2586e-07, -3.2429e-07,     -7.4692e-10, -1.2586e-07,  3.2429e-07,
    346, 450.0000, 180.0000,   0.0000,    1,    1.3465e-01,      1.3615e-09,     -1.3615e-09,
    347, 460.0000, 180.0000,   0.0000,    3,    1.3490e-01, -9.1497e-01, -1.5508e-03,     -2.3595e-09,  1.4678e-07,  4.3285e-07,      2.3595e-09, -1.4678e-07, -4.3285e-07,
    348, 470.0000, 180.0000,   0.0000,    1,    1.3509e-01,      4.4702e-09,     -4.4702e-09,
    349, 480.0000, 180.0000,   0.0000,    3,    1.3523e-01, -9.4741e-01, -1.6841e-03,     -2.3815e-09, -1.3466e-07, -2.8042e-07,      2.3815e-09,  1.3466e-07,  2.8042e-07,
    350, 490.0000, 180.0000,   0.0000,    1,    1.3531e-01,     -4.7930e-10,      4.7930e-10,
    351, 500.0000, 180.0000,   0.0000,    3,    1.3534e-01, -9.8195e-01, -1.7430e-03,      3.7835e-10,  1.3053e-08,  5.2387e-09,     -3.7835e-10, -1.3053e-08, -5.2387e-09,
    403,   0.0000,  20.0000,   0.0000,    3,    0.0000e+00,  8.2602e-03,  5.2955e-05,      1.4949e+04,  8.3560e-12,  2.7512e-11,      0.0000e+00, -8.3560e-12, -2.7512e-11,
    404,  10.0000,  20.0000,   0.0000,    1,   -1.7379e-02,      1.2847e-11,     -1.2847e-11,
    405,  20.0000,  20.0000,   0.0000,    3,   -2.3331e-02,  3.5100e-03, -6.7564e-04,     -8.1286e-12, -5.8549e-12, -1.1005e-10,      8.1286e-12,  5.8549e-12,  1.1005e-10,
    406,  30.0000,  20.0000,   0.0000,    1,   -2.6768e-02,      1.1141e-11,     -1.1141e-11,
    407,  40.0000,  20.0000,   0.0000,    3,   -2.9454e-02, -2.1547e-02, -2.0760e-03,     -1.1482e-11, -1.8417e-10,  1.6826e-10,      1.1482e-11,  1.8417e-10, -1.6826e-10,
    408,  50.0000,  20.0000,   0.0000,    1,   -3.1760e-02,      2.0236e-11,     -2.0236e-11,
    409,  60.0000,  20.0000,   0.0000,    3,   -3.3874e-02, -8.0014e-02, -3.7043e-03,     -1.0914e-11,  1.2888e-09,  1.8808e-09,      1.0914e-11, -1.2888e-09, -1.8808e-09,
    410,  70.0000,  20.0000,   0.0000,    1,   -3.5884e-02,     -7.0258e-11,      7.0258e-11,
    411,  80.0000,  20.0000,   0.0000,    3,   -3.7831e-02, -1.6550e-01, -4.2482e-03,      8.4356e-11,  1.5681e-09, -3.6098e-09,     -8.4356e-11, -1.5681e-09,  3.6098e-09,
    412,  90.0000,  20.0000,   0.0000,    1,   -3.9728e-02,      6.3892e-11,     -6.3892e-11,
    413, 100.0000,  20.0000,   0.0000,    3,   -4.1548e-02, -2.4587e-01, -3.6577e-03,     -2.3544e-10, -3.8432e-09, -1.2071e-08,      2.3544e-10,  3.8432e-09,  1.2071e-08,
    414, 110.0000,  20.0000,   0.0000,    1,   -4.3263e-02,      3.0207e-10,     -3.0207e-10,
    415, 120.0000,  20.0000,   0.0000,    3,   -4.4859e-02, -3.1159e-01, -3.0252e-03,     -2.8272e-10, -8.2772e-09, -3.3123e-08,      2.8272e-10,  8.2772e-09,  3.3123e-08,
    416, 130.0000,  20.0000,   0.0000,    1,   -4.6331e-02,      1.8861e-10,     -1.8861e-10,
    417, 140.0000,  20.0000,   0.0000,    3,   -4.7681e-02, -3.6775e-01, -2.6350e-03,     -5.1017e-11, -2.4740e-08, -1.4415e-08,      5.1017e-11,  2.4740e-08,  1.4415e-08,
    418, 150.0000,  20.0000,   0.0000,    1,   -4.8910e-02,      3.1491e-11,     -3.1491e-11,
    419, 160.0000,  20.0000,   0.0000,    3,   -5.0027e-02, -4.1746e-01, -2.3633e-03,      3.2685e-12,  1.2881e-08, -2.8231e-08,     -3.2685e-12, -1.2881e-08,  2.8231e-08,
    420, 170.0000,  20.0000,   0.0000,    1,   -5.1038e-02,     -8.4924e-11,      8.4924e-11,
    421, 180.0000,  20.0000,   0.0000,    3,   -5.1950e-02, -4.6256e-01, -2.1631e-03,      1.9355e-11, -2.4427e-09,  6.0501e-08,     -1.9355e-11,  2.4427e-09, -6.0501e-08,
    422, 190.0000,  20.0000,   0.0000,    1,   -5.2772e-02,      3.2287e-11,     -3.2287e-11,
    423, 200.0000,  20.0000,   0.0000,    3,   -5.3510e-02, -5.0416e-01, -2.0085e-03,      1.0630e-11,  1.5832e-09, -1.4629e-07,     -1.0630e-11, -1.5832e-09,  1.4629e-07,
    424, 210.0000,  20.0000,   0.0000,    1,   -5.4172e-02,     -2.5261e-10,      2.5261e-10,
    425, 220.0000,  20.0000,   0.0000,    3,   -5.4763e-02, -5.4302e-01, -1.8853e-03,      3.6366e-10, -5.9229e-08, -8.1474e-08,     -3.6366e-10,  5.9229e-08,  8.1474e-08,
    426, 230.0000,  20.0000,   0.0000,    1,   -5.5291e-02,     -1.2255e-10,      1.2255e-10,
    427, 240.0000,  20.0000,   0.0000,    3,   -5.5760e-02, -5.7966e-01, -1.7850e-03,     -2.3402e-10, -7.4040e-08,  7.9806e-08,      2.3402e-10,  7.4040e-08, -7.9806e-08,
    428, 250.0000,  20.0000,   0.0000,    1,   -5.6175e-02,      4.1518e-10,     -4.1518e-10,
    429, 260.0000,  20.0000,   0.0000,    3,   -5.6542e-02, -6.1449e-01, -1.7026e-03,     -2.3033e-10, -1.4069e-08, -3.3491e-08,      2.3033e-10,  1.4069e-08,  3.3491e-08,
    430, 270.0000,  20.0000,   0.0000,    1,   -5.6864e-02,     -1.4859e-10,      1.4859e-10,
    431, 280.0000,  20.0000,   0.0000,    3,   -5.7146e-02, -6.4782e-01, -1.6347e-03,      1.2096e-10, -2.7813e-08, -2.5429e-08,     -1.2096e-10,  2.7813e-08,  2.5429e-08,
    432, 290.0000,  20.0000,   0.0000,    1,   -5.7390e-02,      3.6107e-10,     -3.6107e-10,
    433, 300.0000,  20.0000,   0.0000,    3,   -5.7600e-02, -6.7992e-01, -1.5788e-03,     -5.7625e-10, -4.0045e-08,  7.8565e-08,      5.7625e-10,  4.0045e-08, -7.8565e-08,
    434, 310.0000,  20.0000,   0.0000,    1,   -5.7778e-02,      3.6528e-10,     -3.6528e-10,
    435, 320.0000,  20.0000,   0.0000,    3,   -5.7928e-02, -7.1101e-01, -1.5324e-03,      1.3014e-10, -9.1367e-09, -2.7824e-07,     -1.3014e-10,  9.1367e-09,  2.7824e-07,
    436, 330.0000,  20.0000,   0.0000,    1,   -5.8051e-02,     -4.7521e-10,      4.7521e-10,
    437, 340.0000,  20.0000,   0.0000,    3,   -5.8149e-02, -7.4124e-01, -1.4932e-03,      3.3108e-10, -2.4047e-08,  2.9658e-08,     -3.3108e-10,  2.4047e-08, -2.9658e-08,
    438, 350.0000,  20.0000,   0.0000,    1,   -5.8224e-02,     -3.6391e-10,      3.6391e-10,
    439, 360.0000,  20.0000,   0.0000,    3,   -5.8278e-02, -7.7075e-01, -1.4588e-03,      5.8708e-10,  5.6212e-08, -4.1939e-08,     -5.8708e-10, -5.6212e-08,  4.1939e-08,
    440, 370.0000,  20.0000,   0.0000,    1,   -5.8313e-02,     -3.6437e-10,      3.6437e-10,
    441, 380.0000,  20.0000,   0.0000,    3,   -5.8330e-02, -7.9960e-01, -1.4270e-03,     -1.6149e-10,  4.4435e-08,  1.0979e-07,      1.6149e-10, -4.4435e-08, -1.0979e-07,
    442, 390.0000,  20.0000,   0.0000,    1,   -5.8332e-02,      6.0083e-10,     -6.0083e-10,
    443, 400.0000,  20.0000,   0.0000,    3,   -5.8320e-02, -8.2783e-01, -1.3958e-03,     -9.3539e-10,  7.3212e-08, -2.2534e-08,      9.3539e-10, -7.3212e-08,  2.2534e-08,
    444, 410.0000,  20.0000,   0.0000,    1,   -5.8297e-02,      8.8983e-10,     -8.8983e-10,
    445, 420.0000,  20.0000,   0.0000,    3,   -5.8265e-02, -8.5544e-01, -1.3639e-03,     -2.2525e-10,  5.3905e-08,  2.7763e-07,      2.2525e-10, -5.3905e-08, -2.7763e-07,
    446, 430.0000,  20.0000,   0.0000,    1,   -5.8225e-02,     -4.7484e-10,      4.7484e-10,
    447, 440.0000,  20.0000,   0.0000,    3,   -5.8181e-02, -8.8238e-01, -1.3307e-03,      4.3545e-10, -2.4152e-08,  2.4292e-07,     -4.3545e-10,  2.4152e-08, -2.4292e-07,
    448, 450.0000,  20.0000,   0.0000,    1,   -5.8136e-02,      4.7322e-11,     -4.7322e-11,
    449, 460.0000,  20.0000,   0.0000,    3,   -5.8092e-02, -9.0866e-01, -1.2978e-03,     -1.0127e-10,  1.3677e-07,  1.4768e-07,      1.0127e-10, -1.3677e-07, -1.4768e-07,
    450, 470.0000,  20.0000,   0.0000,    1,   -5.8053e-02,     -2.8422e-12,      2.8422e-12,
    451, 480.0000,  20.0000,   0.0000,    3,   -5.8021e-02, -9.3432e-01, -1.2701e-03,     -5.3092e-10, -3.9276e-08,  6.3170e-08,      5.3092e-10,  3.9276e-08, -6.3170e-08,
    452, 490.0000,  20.0000,   0.0000,    1,   -5.8000e-02,      7.5420e-10,     -7.5420e-10,
    453, 500.0000,  20.0000,   0.0000,    3,   -5.7992e-02, -9.5952e-01, -1.2559e-03,     -2.8479e-10, -5.8070e-08,  1.6475e-07,      2.8479e-10,  5.8070e-08, -1.6475e-07,
    510,  40.0000, -20.0000,   0.0000,    3,   -3.2873e-02,  0.0000e+00, -8.5205e-05,      1.8821e-10,  4.4759e+03, -4.3974e-10,     -1.8821e-10,  0.0000e+00,  4.3974e-10,
    511,  40.0000, -10.0000,   0.0000,    1,   -5.6385e-04,      1.5916e-12,     -1.5916e-12,
    512,  40.0000,   0.0000,   0.0000,    3,   -2.8540e-02, -1.0409e-03, -5.5841e-04,     -7.7250e-11, -5.1159e-13, -8.4628e-10,      7.7250e-11,  5.1159e-13,  8.4628e-10,
    513,  40.0000,  10.0000,   0.0000,    1,   -1.3546e-03,     -2.0464e-12,      2.0464e-12,
    514,  40.0000,  20.0000,   0.0000,    3,   -1.0537e-02, -1.4658e-03, -1.0316e-03,     -1.1096e-10,  1.1369e-12, -2.6739e-10,      1.1096e-10, -1.1369e-12,  2.6739e-10,
