   -0.00253000 -3.000856e+03  0       1
   -0.00506000 -6.001303e+03  0       2
   -0.00759000 -9.000934e+03  0       3
   -0.01012000 -1.199934e+04  0       4
   -0.01265000 -1.499612e+04  0       5
   -0.01518000 -1.799085e+04  0       6
   -0.01771000 -2.098314e+04  0       7
   -0.02024000 -2.397255e+04  0       8
   -0.02277000 -2.695869e+04  0       9
   -0.02530000 -2.994112e+04  0      10
   -0.02783000 -3.291942e+04  0      11
   -0.03036000 -3.589318e+04  0      12
   -0.03289000 -3.886195e+04  0      13
   -0.03542000 -4.182531e+04  0      14
   -0.03795000 -4.478281e+04  0      15
   -0.04048000 -4.773401e+04  0      16
   -0.04301000 -5.067845e+04  0      17
   -0.04554000 -5.361569e+04  0      18
   -0.04807000 -5.654525e+04  0      19
   -0.05060000 -5.946667e+04  0      20
   -0.05313000 -6.237947e+04  0      21
   -0.05566000 -6.528316e+04  0      22
   -0.05819000 -6.817725e+04  0      23
   -0.06072000 -7.106123e+04  0      24
   -0.06325000 -7.393460e+04  0      25
   -0.06578000 -7.679684e+04  0      26
   -0.06831000 -7.964740e+04  0      27
   -0.07084000 -8.248576e+04  0      28
   -0.07337000 -8.531136e+04  0      29
   -0.07590000 -8.812363e+04  0      30
   -0.07843000 -9.092200e+04  0      31
   -0.08096000 -9.370590e+04  0      32
   -0.08349000 -9.647492e+04  0      33
   -0.08602000 -9.922909e+04  0      34
   -0.08855000 -1.019683e+05  0      35
   -0.09108000 -1.046921e+05  0      36
   -0.09361000 -1.074005e+05  0      37
   -0.09614000 -1.100930e+05  0      38
   -0.09867000 -1.127691e+05  0      39
   -0.10120000 -1.154292e+05  0      40
   -0.10373000 -1.180731e+05  0      41
   -0.10626000 -1.207006e+05  0      42
   -0.10879000 -1.233118e+05  0      43
   -0.11132000 -1.259070e+05  0      44
   -0.11385000 -1.284862e+05  0      45
   -0.11638000 -1.310493e+05  0      46
   -0.11891000 -1.335964e+05  0      47
   -0.12144000 -1.361272e+05  0      48
   -0.12397000 -1.386417e+05  0      49
   -0.12650000 -1.411402e+05  0      50
   -0.12903000 -1.436229e+05  0      51
   -0.13156000 -1.460894e+05  0      52
   -0.13409000 -1.485400e+05  0      53
   -0.13662000 -1.509747e+05  0      54
   -0.13915000 -1.533939e+05  0      55
   -0.14168000 -1.557975e+05  0      56
   -0.14421000 -1.581856e+05  0      57
   -0.14674000 -1.605581e+05  0      58
   -0.14927000 -1.629153e+05  0      59
   -0.15180000 -1.652570e+05  0      60
   -0.15433000 -1.675830e+05  0      61
   -0.15686000 -1.698927e+05  0      62
   -0.15939000 -1.721855e+05  0      63
   -0.16192000 -1.744609e+05  0      64
   -0.16445000 -1.767184e+05  0      65
   -0.16698000 -1.789568e+05  0      66
   -0.16951000 -1.811751e+05  0      67
   -0.17204000 -1.833720e+05  0      68
   -0.17457000 -1.855470e+05  0      69
   -0.17710000 -1.877002e+05  0      70
   -0.17963000 -1.898327e+05  0      71
   -0.18216000 -1.919462e+05  0      72
   -0.18469000 -1.940422e+05  0      73
   -0.18722000 -1.961224e+05  0      74
   -0.18975000 -1.981882e+05  0      75
   -0.19228000 -2.002407e+05  0      76
   -0.19481000 -2.022805e+05  0      77
   -0.19734000 -2.043077e+05  0      78
   -0.19987000 -2.063220e+05  0      79
   -0.20240000 -2.083238e+05  0      80
   -0.20493000 -2.103139e+05  0      81
   -0.20746000 -2.122932e+05  0      82
   -0.20999000 -2.142614e+05  0      83
   -0.21252000 -2.162188e+05  0      84
   -0.21505000 -2.181651e+05  0      85
   -0.21758000 -2.201001e+05  0      86
   -0.22011000 -2.220238e+05  0      87
   -0.22264000 -2.239361e+05  0      88
   -0.22517000 -2.258367e+05  0      89
   -0.22770000 -2.277257e+05  0      90
   -0.23023000 -2.296031e+05  0      91
   -0.23276000 -2.314691e+05  0      92
   -0.23529000 -2.333243e+05  0      93
   -0.23782000 -2.351692e+05  0      94
   -0.24035000 -2.370040e+05  0      95
   -0.24288000 -2.388289e+05  0      96
   -0.24541000 -2.406440e+05  0      97
   -0.24794000 -2.424491e+05  0      98
   -0.25047000 -2.442442e+05  0      99
   -0.25300000 -2.460295e+05  0     100
   -0.25553000 -2.478049e+05  0     101
   -0.25806000 -2.495704e+05  0     102
   -0.26059000 -2.513261e+05  0     103
   -0.26312000 -2.530721e+05  0     104
   -0.26565000 -2.548084e+05  0     105
   -0.26818000 -2.565351e+05  0     106
   -0.27071000 -2.582523e+05  0     107
   -0.27324000 -2.599603e+05  0     108
   -0.27577000 -2.616590e+05  0     109
   -0.27830000 -2.633484e+05  0     110
   -0.28083000 -2.650287e+05  0     111
   -0.28336000 -2.667001e+05  0     112
   -0.28589000 -2.683626e+05  0     113
   -0.28842000 -2.700165e+05  0     114
   -0.29095000 -2.716616e+05  0     115
   -0.29348000 -2.732981e+05  0     116
   -0.29601000 -2.749259e+05  0     117
   -0.29854000 -2.765451e+05  0     118
   -0.30107000 -2.781559e+05  0     119
   -0.30360000 -2.797585e+05  0     120
   -0.30613000 -2.813529e+05  0     121
   -0.30866000 -2.829391e+05  0     122
   -0.31119000 -2.845175e+05  0     123
   -0.31372000 -2.860879e+05  0     124
   -0.31625000 -2.876502e+05  0     125
   -0.31878000 -2.892042e+05  0     126
   -0.32131000 -2.907499e+05  0     127
   -0.32384000 -2.922872e+05  0     128
   -0.32637000 -2.938159e+05  0     129
   -0.32890000 -2.953356e+05  0     130
   -0.33143000 -2.968453e+05  0     131
   -0.33396000 -2.983452e+05  0     132
   -0.33649000 -2.998853e+05  0     133
   -0.33649000 -2.997966e+05  0     134
   -0.33902000 -3.013846e+05  0     135
   -0.33902000 -3.012880e+05  0     136
   -0.34155000 -3.028172e+05  0     137
   -0.34408000 -3.043024e+05  0     138
   -0.34408000 -3.042946e+05  0     139
   -0.34661000 -3.057734e+05  0     140
   -0.34661000 -3.057670e+05  0     141
   -0.34914000 -3.073098e+05  0     142
   -0.34914000 -3.070590e+05  0     143
   -0.35167000 -3.086221e+05  0     144
   -0.35420000 -3.101022e+05  0     145
   -0.35673000 -3.115658e+05  0     146
   -0.35926000 -3.130130e+05  0     147
   -0.36179000 -3.144470e+05  0     148
   -0.36432000 -3.158674e+05  0     149
   -0.36685000 -3.172810e+05  0     150
   -0.36938000 -3.186875e+05  0     151
   -0.37191000 -3.200869e+05  0     152
   -0.37444000 -3.214792e+05  0     153
   -0.37697000 -3.228643e+05  0     154
   -0.37950000 -3.242421e+05  0     155
   -0.38203000 -3.256119e+05  0     156
   -0.38456000 -3.269737e+05  0     157
   -0.38709000 -3.283269e+05  0     158
   -0.38962000 -3.296708e+05  0     159
   -0.39215000 -3.310044e+05  0     160
   -0.39468000 -3.323266e+05  0     161
   -0.39721000 -3.336360e+05  0     162
   -0.39974000 -3.349309e+05  0     163
   -0.40227000 -3.362076e+05  0     164
   -0.40480000 -3.374602e+05  0     165
   -0.40733000 -3.386762e+05  0     166
   -0.40986000 -3.398255e+05  0     167
   -0.41239000 -3.408650e+05  0     168
   -0.41492000 -3.417088e+05  0     169
   -0.41745000 -3.421253e+05  0     170
   -0.41998000 -3.415590e+05  0     171
   -0.42251000 -3.399966e+05  0     172
   -0.42504000 -3.382431e+05  0     173
   -0.42757000 -3.367589e+05  0     174
   -0.43010000 -3.362204e+05  0     175
   -0.43263000 -3.364938e+05  0     176
   -0.43516000 -3.370254e+05  0     177
   -0.43769000 -3.377031e+05  0     178
   -0.44022000 -3.384393e+05  0     179
   -0.44275000 -3.392140e+05  0     180
   -0.44528000 -3.400099e+05  0     181
   -0.44781000 -3.408146e+05  0     182
   -0.45034000 -3.416245e+05  0     183
   -0.45287000 -3.424468e+05  0     184
   -0.45540000 -3.433017e+05  0     185
   -0.45793000 -3.441992e+05  0     186
   -0.46046000 -3.451369e+05  0     187
   -0.46299000 -3.461124e+05  0     188
   -0.46552000 -3.471181e+05  0     189
   -0.46805000 -3.481445e+05  0     190
   -0.47058000 -3.491876e+05  0     191
   -0.47311000 -3.502418e+05  0     192
   -0.47564000 -3.513089e+05  0     193
   -0.47817000 -3.523866e+05  0     194
   -0.48070000 -3.534702e+05  0     195
   -0.48323000 -3.545586e+05  0     196
   -0.48576000 -3.556542e+05  0     197
   -0.48829000 -3.567533e+05  0     198
   -0.49082000 -3.578531e+05  0     199
   -0.49335000 -3.589526e+05  0     200
   -0.49588000 -3.600515e+05  0     201
   -0.49841000 -3.611496e+05  0     202
   -0.50094000 -3.622454e+05  0     203
   -0.50347000 -3.633259e+05  0     204
   -0.50600000 -3.644006e+05  0     205
   -0.50853000 -3.654725e+05  0     206
   -0.51106000 -3.665390e+05  0     207
   -0.51359000 -3.676001e+05  0     208
   -0.51612000 -3.686570e+05  0     209
   -0.51865000 -3.697087e+05  0     210
   -0.52118000 -3.707555e+05  0     211
   -0.52371000 -3.717977e+05  0     212
   -0.52624000 -3.728360e+05  0     213
   -0.52877000 -3.738683e+05  0     214
   -0.53130000 -3.748940e+05  0     215
   -0.53383000 -3.759142e+05  0     216
   -0.53636000 -3.769277e+05  0     217
   -0.53889000 -3.779351e+05  0     218
   -0.54142000 -3.789361e+05  0     219
   -0.54395000 -3.799313e+05  0     220
   -0.54648000 -3.809219e+05  0     221
   -0.54901000 -3.819096e+05  0     222
   -0.55154000 -3.828935e+05  0     223
   -0.55407000 -3.838733e+05  0     224
   -0.55660000 -3.848484e+05  0     225
   -0.55913000 -3.858159e+05  0     226
   -0.56166000 -3.867774e+05  0     227
   -0.56419000 -3.877327e+05  0     228
   -0.56672000 -3.886843e+05  0     229
   -0.56925000 -3.896323e+05  0     230
   -0.57178000 -3.905760e+05  0     231
   -0.57431000 -3.915155e+05  0     232
   -0.57684000 -3.924514e+05  0     233
   -0.57937000 -3.933846e+05  0     234
   -0.58190000 -3.943159e+05  0     235
   -0.58443000 -3.952453e+05  0     236
   -0.58696000 -3.961732e+05  0     237
   -0.58949000 -3.970995e+05  0     238
   -0.59202000 -3.980247e+05  0     239
   -0.59455000 -3.989485e+05  0     240
   -0.59708000 -3.998708e+05  0     241
   -0.59961000 -4.007911e+05  0     242
   -0.60214000 -4.017072e+05  0     243
   -0.60467000 -4.026215e+05  0     244
   -0.60720000 -4.035346e+05  0     245
   -0.60973000 -4.044451e+05  0     246
   -0.61226000 -4.053524e+05  0     247
   -0.61479000 -4.062575e+05  0     248
   -0.61732000 -4.071606e+05  0     249
   -0.61985000 -4.080623e+05  0     250
   -0.62238000 -4.089616e+05  0     251
   -0.62491000 -4.098588e+05  0     252
   -0.62744000 -4.107526e+05  0     253
   -0.62997000 -4.116448e+05  0     254
   -0.63250000 -4.125341e+05  0     255
   -0.63503000 -4.134215e+05  0     256
   -0.63756000 -4.143085e+05  0     257
   -0.64009000 -4.151925e+05  0     258
   -0.64262000 -4.160742e+05  0     259
   -0.64515000 -4.169550e+05  0     260
   -0.64768000 -4.178343e+05  0     261
   -0.65021000 -4.187126e+05  0     262
   -0.65274000 -4.195909e+05  0     263
   -0.65527000 -4.204684e+05  0     264
   -0.65780000 -4.213408e+05  0     265
   -0.66033000 -4.222070e+05  0     266
   -0.66286000 -4.230705e+05  0     267
   -0.66539000 -4.239286e+05  0     268
   -0.66792000 -4.247846e+05  0     269
   -0.67045000 -4.256387e+05  0     270
   -0.67298000 -4.264895e+05  0     271
   -0.67551000 -4.273376e+05  0     272
   -0.67804000 -4.281840e+05  0     273
   -0.68057000 -4.290295e+05  0     274
   -0.68310000 -4.298730e+05  0     275
   -0.68563000 -4.307137e+05  0     276
   -0.68816000 -4.315523e+05  0     277
   -0.69069000 -4.323890e+05  0     278
   -0.69322000 -4.332247e+05  0     279
   -0.69575000 -4.340587e+05  0     280
   -0.69828000 -4.348919e+05  0     281
   -0.70081000 -4.357235e+05  0     282
   -0.70334000 -4.365533e+05  0     283
   -0.70587000 -4.373811e+05  0     284
   -0.70840000 -4.382069e+05  0     285
   -0.71093000 -4.390308e+05  0     286
   -0.71346000 -4.398530e+05  0     287
   -0.71599000 -4.406709e+05  0     288
   -0.71852000 -4.414855e+05  0     289
   -0.72105000 -4.422975e+05  0     290
   -0.72358000 -4.431074e+05  0     291
   -0.72611000 -4.439139e+05  0     292
   -0.72864000 -4.447178e+05  0     293
   -0.73117000 -4.455190e+05  0     294
   -0.73370000 -4.463180e+05  0     295
   -0.73623000 -4.471139e+05  0     296
   -0.73876000 -4.479077e+05  0     297
   -0.74129000 -4.486992e+05  0     298
   -0.74382000 -4.494882e+05  0     299
   -0.74635000 -4.502745e+05  0     300
   -0.74888000 -4.510579e+05  0     301
   -0.75141000 -4.518375e+05  0     302
   -0.75394000 -4.526144e+05  0     303
   -0.75647000 -4.533888e+05  0     304
   -0.75900000 -4.541610e+05  0     305
   -0.76153000 -4.549304e+05  0     306
   -0.76406000 -4.556974e+05  0     307
   -0.76659000 -4.564621e+05  0     308
   -0.76912000 -4.572250e+05  0     309
   -0.77165000 -4.579862e+05  0     310
   -0.77418000 -4.587450e+05  0     311
   -0.77671000 -4.595017e+05  0     312
   -0.77924000 -4.602562e+05  0     313
   -0.78177000 -4.610087e+05  0     314
   -0.78430000 -4.617589e+05  0     315
   -0.78683000 -4.625011e+05  0     316
   -0.78936000 -4.632365e+05  0     317
   -0.79189000 -4.639686e+05  0     318
   -0.79442000 -4.646922e+05  0     319
   -0.79695000 -4.654127e+05  0     320
   -0.79948000 -4.661306e+05  0     321
   -0.80201000 -4.668465e+05  0     322
   -0.80454000 -4.675612e+05  0     323
   -0.80707000 -4.682734e+05  0     324
   -0.80960000 -4.689830e+05  0     325
   -0.81213000 -4.696927e+05  0     326
   -0.81466000 -4.704007e+05  0     327
   -0.81719000 -4.711058e+05  0     328
   -0.81972000 -4.718089e+05  0     329
   -0.82225000 -4.725100e+05  0     330
   -0.82478000 -4.732091e+05  0     331
   -0.82731000 -4.739058e+05  0     332
   -0.82984000 -4.746007e+05  0     333
   -0.83237000 -4.752939e+05  0     334
   -0.83490000 -4.759856e+05  0     335
   -0.83743000 -4.766756e+05  0     336
   -0.83996000 -4.773639e+05  0     337
   -0.84249000 -4.780504e+05  0     338
   -0.84502000 -4.787350e+05  0     339
   -0.84755000 -4.794171e+05  0     340
   -0.85008000 -4.800962e+05  0     341
   -0.85261000 -4.807741e+05  0     342
   -0.85514000 -4.814499e+05  0     343
   -0.85767000 -4.821239e+05  0     344
   -0.86020000 -4.827963e+05  0     345
   -0.86273000 -4.834669e+05  0     346
   -0.86526000 -4.841311e+05  0     347
   -0.86779000 -4.847886e+05  0     348
   -0.87032000 -4.854432e+05  0     349
   -0.87285000 -4.860953e+05  0     350
   -0.87538000 -4.867394e+05  0     351
   -0.87791000 -4.873798e+05  0     352
   -0.88044000 -4.880175e+05  0     353
   -0.88297000 -4.886520e+05  0     354
   -0.88550000 -4.892834e+05  0     355
   -0.88803000 -4.899118e+05  0     356
   -0.89056000 -4.905374e+05  0     357
   -0.89309000 -4.911603e+05  0     358
   -0.89562000 -4.917805e+05  0     359
   -0.89815000 -4.923963e+05  0     360
   -0.90068000 -4.930094e+05  0     361
   -0.90321000 -4.936195e+05  0     362
   -0.90574000 -4.942276e+05  0     363
   -0.90827000 -4.948350e+05  0     364
   -0.91080000 -4.954402e+05  0     365
   -0.91333000 -4.960432e+05  0     366
   -0.91586000 -4.966445e+05  0     367
   -0.91839000 -4.972446e+05  0     368
   -0.92092000 -4.978437e+05  0     369
   -0.92345000 -4.984426e+05  0     370
   -0.92598000 -4.990429e+05  0     371
   -0.92851000 -4.996444e+05  0     372
   -0.93104000 -5.002454e+05  0     373
   -0.93357000 -5.008409e+05  0     374
   -0.93610000 -5.014268e+05  0     375
   -0.93863000 -5.020109e+05  0     376
   -0.94116000 -5.025876e+05  0     377
   -0.94369000 -5.031635e+05  0     378
   -0.94622000 -5.037385e+05  0     379
   -0.94875000 -5.043125e+05  0     380
   -0.95128000 -5.048861e+05  0     381
   -0.95381000 -5.054595e+05  0     382
   -0.95634000 -5.060327e+05  0     383
   -0.95887000 -5.066074e+05  0     384
   -0.96140000 -5.071824e+05  0     385
   -0.96393000 -5.077578e+05  0     386
   -0.96646000 -5.083327e+05  0     387
   -0.96899000 -5.089069e+05  0     388
   -0.97152000 -5.094807e+05  0     389
   -0.97405000 -5.100524e+05  0     390
   -0.97658000 -5.106260e+05  0     391
   -0.97911000 -5.111982e+05  0     392
   -0.98164000 -5.117695e+05  0     393
   -0.98417000 -5.123394e+05  0     394
   -0.98670000 -5.129076e+05  0     395
   -0.98923000 -5.134745e+05  0     396
   -0.99176000 -5.140401e+05  0     397
   -0.99429000 -5.146044e+05  0     398
   -0.99682000 -5.151673e+05  0     399
   -0.99935000 -5.157291e+05  0     400
   -1.00188000 -5.162898e+05  0     401
   -1.00441000 -5.168489e+05  0     402
   -1.00694000 -5.174065e+05  0     403
   -1.00947000 -5.179630e+05  0     404
   -1.01200000 -5.185189e+05  0     405
