*HEADING
simple slab convergence study and nonlinear
*NODE
    1,  0.0000e+00,  0.0000e+00,  0.0,    0.0, 0.0, 1.0
    2,  1.0000e+00,  0.0000e+00,  0.0,    0.0, 0.0, 1.0
    3,  2.0000e+00,  0.0000e+00,  0.0,    0.0, 0.0, 1.0
    4,  3.0000e+00,  0.0000e+00,  0.0,    0.0, 0.0, 1.0
    5,  4.0000e+00,  0.0000e+00,  0.0,    0.0, 0.0, 1.0
    6,  0.0000e+00,  1.0000e+00,  0.0,    0.0, 0.0, 1.0
    7,  1.0000e+00,  1.0000e+00,  0.0,    0.0, 0.0, 1.0
    8,  2.0000e+00,  1.0000e+00,  0.0,    0.0, 0.0, 1.0
    9,  3.0000e+00,  1.0000e+00,  0.0,    0.0, 0.0, 1.0
   10,  4.0000e+00,  1.0000e+00,  0.0,    0.0, 0.0, 1.0
   11,  0.0000e+00,  2.0000e+00,  0.0,    0.0, 0.0, 1.0
   12,  1.0000e+00,  2.0000e+00,  0.0,    0.0, 0.0, 1.0
   13,  2.0000e+00,  2.0000e+00,  0.0,    0.0, 0.0, 1.0
   14,  3.0000e+00,  2.0000e+00,  0.0,    0.0, 0.0, 1.0
   15,  4.0000e+00,  2.0000e+00,  0.0,    0.0, 0.0, 1.0
   16,  0.0000e+00,  3.0000e+00,  0.0,    0.0, 0.0, 1.0
   17,  1.0000e+00,  3.0000e+00,  0.0,    0.0, 0.0, 1.0
   18,  2.0000e+00,  3.0000e+00,  0.0,    0.0, 0.0, 1.0
   19,  3.0000e+00,  3.0000e+00,  0.0,    0.0, 0.0, 1.0
   20,  4.0000e+00,  3.0000e+00,  0.0,    0.0, 0.0, 1.0
   21,  0.0000e+00,  4.0000e+00,  0.0,    0.0, 0.0, 1.0
   22,  1.0000e+00,  4.0000e+00,  0.0,    0.0, 0.0, 1.0
   23,  2.0000e+00,  4.0000e+00,  0.0,    0.0, 0.0, 1.0
   24,  3.0000e+00,  4.0000e+00,  0.0,    0.0, 0.0, 1.0
   25,  4.0000e+00,  4.0000e+00,  0.0,    0.0, 0.0, 1.0
***************************************************
*MATERIAL, NAME=MAT1
*DENSITY
   2.5e-3
*ELASTIC
 33000., 0.2
**-------------------------------------------------
*MATERIAL, NAME=MAT2
*DENSITY
   2.5e-3
*ELASTICLT
         33600., 0.2, 2.9,   150.0e-6, 1.0e-02, 0.0, 0.0, 0, 1.5, "C30 MC2010"
**       33000., 0.2, 2.4,   100.0e-6, 0.0e-02, 0.0, 0.0, 0, 0.0
**-------------------------------------------------
*MATERIAL, NAME=MAT3
*DENSITY
   2.5e-3
*ISODAMAGE
     33600.,0.2,   38.,2.9,  1,1.2,0.2,2.0,  2,150.e-6,  10., "C30 according to MC2010"
**   33000.,0.2,   30.,2.5,  1,1.2,0.2,2.0,  2,100.e-6,  8., "C40 according to MC2010 ?"
**-------------------------------------------------
*MATERIAL, NAME=MAT4 
*DENSITY
   2.5e-3
*MICROPLANE_DAMAGE1
   33600., 0.2, 2, 2.9, 18.0,     0., 0.,   2, 150.e-6, 5., 0., "C30 according to MC2010"
**   33600., 0.2, 2, 2.9, 18.0,     0., 0.,   2, 150.e-6, 10.,  "C30 according to MC2010"
**   33000., 0.20, 2, 2.5, 20.0,    0., 0.,   2, 100.e-6, 0.,  "EC2 C 30/37 fct reduced"
**   36300., 0.0, 2, 2.5, 15.0,    0., 0.,   2, 100.e-6, 1.,    " "  
**-----------------------------------------------
*MATERIAL, NAME=MATR
*DENSITY
**   2.5e-3
   0.0e-3
*RCSHELL
**   200000.0, 0.2, 500.0, 550.0, 0.0500, 1.e-5, 0.0, MAT2
**   200000.0, 0.2, 500.0, 550.0, 0.0500, 1.e-5, 0.0, MAT3
     200000.0, 0.2, 500.0, 550.0, 0.0500, 1.e-5, 0.0, MAT4
**   62500.0, 0.0, 500.0, 1000.0, 0.0100, 0.e-5, 0.0, MAT3, TR
***************************************************
*SHELL SECTION, ELSET=EL1, MATERIAL=MATR
 0.25
   0.0005,  0.10,   0.002, 0.0, 0., TensionStiffening rho, betat!
   0.0005,  0.10,   0.002, 0.0, 90., TensionStiffening rho, betat!
** 0.0010,  0.10,   0.002, 0.0, 0., TensionStiffening rho, betat!
** 0.0010,  0.10,   0.002, 0.0, 90., TensionStiffening rho, betat!
** 0.0006, -0.10,   0.002, 0.5, 0., TensionStiffening rho, betat!
** 0.0006, -0.10,   0.002, 0.5, 90., TensionStiffening rho, betat!
   0.001,  -0.10,   0.002, 0.0, 0., TensionStiffening rho, betat!
   0.001,  -0.10,   0.002, 0.0, 90., TensionStiffening rho, betat!
**-------------------------------------------------
*ELEMENT, TYPE=SH4, ELSET=EL1
    1,       1,      2,      7,      6
    2,       2,      3,      8,      7
    3,       3,      4,      9,      8
    4,       4,      5,     10,      9
    5,       6,      7,     12,     11
    6,       7,      8,     13,     12
    7,       8,      9,     14,     13
    8,       9,     10,     15,     14
    9,      11,     12,     17,     16
   10,      12,     13,     18,     17
   11,      13,     14,     19,     18
   12,      14,     15,     20,     19
   13,      16,     17,     22,     21
   14,      17,     18,     23,     22
   15,      18,     19,     24,     23
   16,      19,     20,     25,     24
************************************************************
*STEP
***SOLUTION TECHNIQUE, TYPE=QUASI-NEWTON
*CONTROLS, PARAMETERS=FIELD
**  1.e-2
  1.e-4
*CONTROLS, PARAMETERS=TIME INCREMENTATION
  25
***STATIC, RIKS
**   0.1,   1.0, 5e-4
***STATIC
**   0.005,   1.0
*DYNAMIC
**   0.005,   20.0
** following all for microplane
**   0.0005,   20.0, 2.0
   0.002,   20.0,   7.0
**   0.0002,   20.0,   15.5
**   0.001,   20.0,   18.0
***DAMPING, BETA=1.0e-3
*DAMPING, BETA=5.0e-3
*AMPLITUDE, NAME=AMPL0
 0.0, 0.0,  1.0, 1.
*BOUNDARY, OP=NEW, AMPLITUDE=AMPL0
    1,    3, 3,  0.
    2,    3, 3,  0.
    3,    3, 3,  0.
    4,    3, 3,  0.
    5,    3, 3,  0.
    5,    1, 1,  0.
   10,    1, 1,  0.
   15,    1, 1,  0.
   20,    1, 1,  0.
    6,    3, 3,  0.
   11,    3, 3,  0.
   16,    3, 3,  0.
   21,    2, 3,  0.
   22,    2, 2,  0.
   23,    2, 2,  0.
   24,    2, 2,  0.
   10,    5, 5,  0.
   15,    5, 5,  0.
   20,    5, 5,  0.
   22,    4, 4,  0.
   23,    4, 4,  0.
   24,    4, 4,  0.
   25,    1, 2,  0.
   25,    4, 4,  0.
   25,    5, 5,  0.
   25,    3, 3, -0.01
*AMPLITUDE, NAME=AMPL1
 0.0, 0.0,  1.0, 1.0
**** 0.0, 0.0,  1.0, 1.35
**** DLOAD is volume load for SH4, a given surface load has to be divided by thickness for the following load value
***DLOAD, AMPLITUDE=AMPL1
**  EL1,   3,   -0.064
***EL FILE, FREQUENCY=0.5
** for microplane restart
*EL FILE, FREQUENCY=0.25
S
E
*NODE FILE, FREQUENCY=1.0
U
*END STEP
************************************************************