Time   1.0000
El      1    CPS4                                      E1                                    MAT1             ELASTIC      1      2      6      5
   0.7887   0.7887   5.7863e-06   1.8201e-05   0.0000e+00  -6.5119e-05   9.8193e-01   2.0165e+00   0.0000e+00  -2.7133e+00
   0.7887   0.2113  -1.0402e-05   1.8201e-05   0.0000e+00  -7.8443e-05  -7.0437e-01   1.6792e+00   0.0000e+00  -3.2685e+00
   0.2113   0.7887   5.7863e-06   4.8769e-06   0.0000e+00  -8.1308e-05   7.0435e-01   6.2856e-01   0.0000e+00  -3.3878e+00
   0.2113   0.2113  -1.0402e-05   4.8769e-06   0.0000e+00  -9.4632e-05  -9.8195e-01   2.9130e-01   0.0000e+00  -3.9430e+00
El      3    CPS4                                      E1                                    MAT1             ELASTIC      3      4      8      7
   2.7887   0.7887   1.0402e-05  -4.8772e-06   0.0000e+00   9.4632e-05   9.8194e-01  -2.9133e-01   0.0000e+00   3.9430e+00
   2.7887   0.2113  -5.7864e-06  -4.8772e-06   0.0000e+00   8.1307e-05  -7.0436e-01  -6.2859e-01   0.0000e+00   3.3878e+00
   2.2113   0.7887   1.0402e-05  -1.8202e-05   0.0000e+00   7.8444e-05   7.0434e-01  -1.6793e+00   0.0000e+00   3.2685e+00
   2.2113   0.2113  -5.7864e-06  -1.8202e-05   0.0000e+00   6.5119e-05  -9.8196e-01  -2.0166e+00   0.0000e+00   2.7133e+00
El      4    CPS3                                      E1                                    MAT1             ELASTIC      2      7      6
   1.3333   0.6667  -2.8039e-05   2.3078e-05   0.0000e+00   4.9607e-06  -2.4400e+00   1.8198e+00   0.0000e+00   2.0670e-01
El      5    CPS3                                      E1                                    MAT1             ELASTIC      2      3      7
   1.6667   0.3333   2.8039e-05  -2.3079e-05   0.0000e+00  -4.9607e-06   2.4399e+00  -1.8199e+00   0.0000e+00  -2.0670e-01
El    101   T2D3I                                      E2                                    MAT2             ELASTIC    101    102    201
   1.5000   0.0528   5.9527e-05   5.9527e+00
   1.5000   0.1972   4.0313e-05   4.0313e+00
El    102   T2D3I                                      E2                                    MAT2             ELASTIC    102    103    202
   1.5000   0.3028   2.6248e-05   2.6248e+00
   1.5000   0.4472   7.0341e-06   7.0341e-01
El    103   T2D3I                                      E2                                    MAT2             ELASTIC    103    104    203
   1.5000   0.5528  -7.0314e-06  -7.0314e-01
   1.5000   0.6972  -2.6246e-05  -2.6246e+00
El    104   T2D3I                                      E2                                    MAT2             ELASTIC    104    105    204
   1.5000   0.8028  -4.0313e-05  -4.0313e+00
   1.5000   0.9472  -5.9531e-05  -5.9531e+00
El      0 Bond2D3                                      E2                                   BOND2                BOND    101    102    201      2      7      6
   1.5000   0.0528  -4.9881e-02  -4.2352e-21  -2.6554e+00  -4.2352e-17
El      0 Bond2D3                                      E2                                   BOND2                BOND    101    102    201      2      7      6
   1.5000   0.1972  -4.9877e-02   2.9646e-21  -2.6553e+00   2.9646e-17
El      0 Bond2D3                                      E2                                   BOND2                BOND    102    103    202      2      7      6
   1.5000   0.3028  -4.9876e-02   3.8116e-21  -2.6553e+00   3.8116e-17
El      0 Bond2D3                                      E2                                   BOND2                BOND    102    103    202      2      7      6
   1.5000   0.4472  -4.9877e-02   1.1647e-21  -2.6553e+00   1.1647e-17
El      0 Bond2D3                                      E2                                   BOND2                BOND    103    104    203      2      7      6
   1.5000   0.5528  -4.9879e-02  -1.1647e-21  -2.6554e+00  -1.1647e-17
El      0 Bond2D3                                      E2                                   BOND2                BOND    103    104    203      2      7      6
   1.5000   0.6972  -4.9885e-02   1.2705e-21  -2.6555e+00   1.2705e-17
El      0 Bond2D3                                      E2                                   BOND2                BOND    104    105    204      2      7      6
   1.5000   0.8028  -4.9891e-02  -1.2705e-21  -2.6557e+00  -1.2705e-17
El      0 Bond2D3                                      E2                                   BOND2                BOND    104    105    204      2      7      6
   1.5000   0.9472  -4.9902e-02   0.0000e+00  -2.6560e+00   0.0000e+00
