ConFem  ../_DataBond/bond_T2
symmetric system True, used LinAlg2 True, used ConFemMatC True, used CaeFemElemC True
ndofs 30, elems 16, active nodes 17, abs.size 0.21 MItems, rel.size 0.2433 (abs.size/(ndofs**2)
used element CP*3 [char. length] from el 4,1.000, to el 5,1.000
used element CP*4 [char. length, scaling type, scaling factor] span from el 1,1.000,-1,1.000 to el 3,1.000,-1,1.000
used material MAT1, spec. inertial mass 0.00e+00, type ELASTIC
used material MAT2, spec. inertial mass 0.00e+00, type ELASTIC
0 step starts, solution type NR
0   1 1.000 0.00000 iter 0 0.000000e+00 1.000000e+00    0.000000e+00
0   1 1.000 0.10000 iter 1 2.882160e-02 1.000000e+00    1.499566e-02
0   1 1.000 0.10000 iter 2 4.724052e-10 7.166343e-14    1.499581e-02
0   2 1.000 0.10000 iter 0 4.724052e-10 1.000000e+00    0.000000e+00
0   2 1.000 0.20000 iter 1 2.807661e-02 1.000000e+00    1.499597e-02
0   2 1.000 0.20000 iter 2 4.363796e-10 6.941483e-14    1.499612e-02
0   3 1.000 0.20000 iter 0 4.363796e-10 1.000000e+00    0.000000e+00
0   3 1.000 0.30000 iter 1 2.733029e-02 1.000000e+00    1.499627e-02
0   3 1.000 0.30000 iter 2 4.023505e-10 6.729796e-14    1.499642e-02
0   4 1.000 0.30000 iter 0 4.023505e-10 1.000000e+00    0.000000e+00
0   4 1.000 0.40000 iter 1 2.658268e-02 1.000000e+00    1.499657e-02
0   4 1.000 0.40000 iter 2 3.705047e-10 6.532099e-14    1.499671e-02
0   5 1.000 0.40000 iter 0 3.705047e-10 1.000000e+00    0.000000e+00
0   5 1.000 0.50000 iter 1 2.583381e-02 1.000000e+00    1.499685e-02
0   5 1.000 0.50000 iter 2 3.400625e-10 6.349525e-14    1.499700e-02
0   6 1.000 0.50000 iter 0 3.400625e-10 1.000000e+00    0.000000e+00
0   6 1.000 0.60000 iter 1 2.508371e-02 1.000000e+00    1.499713e-02
0   6 1.000 0.60000 iter 2 3.115625e-10 6.178511e-14    1.499727e-02
0   7 1.000 0.60000 iter 0 3.115625e-10 1.000000e+00    0.000000e+00
0   7 1.000 0.70000 iter 1 2.433242e-02 1.000000e+00    1.499741e-02
0   7 1.000 0.70000 iter 2 2.830276e-10 6.031880e-14    1.499754e-02
0   8 1.000 0.70000 iter 0 2.830276e-10 1.000000e+00    0.000000e+00
0   8 1.000 0.80000 iter 1 2.357998e-02 1.000000e+00    1.499767e-02
0   8 1.000 0.80000 iter 2 2.571598e-10 5.887415e-14    1.499780e-02
0   9 1.000 0.80000 iter 0 2.571598e-10 1.000000e+00    0.000000e+00
0   9 1.000 0.90000 iter 1 2.282641e-02 1.000000e+00    1.499793e-02
0   9 1.000 0.90000 iter 2 2.333447e-10 5.792943e-14    1.499805e-02
0  10 1.000 0.90000 iter 0 2.333447e-10 1.000000e+00    0.000000e+00
0  10 1.000 1.00000 iter 1 2.207175e-02 1.000000e+00    1.499817e-02
0  10 1.000 1.00000 iter 2 2.115712e-10 5.732696e-14    1.499830e-02
Element data written 1.000000
Nodal data written 1.000000
Restart data written 1.000000
last iteration data
    1, 0.1000,    2
    2, 0.2000,    2
    3, 0.3000,    2
    4, 0.4000,    2
    5, 0.5000,    2
    6, 0.6000,    2
    7, 0.7000,    2
    8, 0.8000,    2
    9, 0.9000,    2
   10, 1.0000,    2
reached time 1.0000
total comp time 0 seconds
