Time,   1.0000
     1,   E1,       MAT1,   CPS4,   0,     0.7887,    0.7887,  5.786343e-06,  1.820077e-05,  0.000000e+00, -6.511949e-05,  9.819268e-01,  2.016463e+00,  0.000000e+00, -2.713312e+00,
     1,   E1,       MAT1,   CPS4,   1,     0.7887,    0.2113, -1.040208e-05,  1.820077e-05,  0.000000e+00, -7.844338e-05, -7.043674e-01,  1.679204e+00,  0.000000e+00, -3.268474e+00,
     1,   E1,       MAT1,   CPS4,   2,     0.2113,    0.7887,  5.786343e-06,  4.876882e-06,  0.000000e+00, -8.130791e-05,  7.043458e-01,  6.285574e-01,  0.000000e+00, -3.387830e+00,
     1,   E1,       MAT1,   CPS4,   3,     0.2113,    0.2113, -1.040208e-05,  4.876882e-06,  0.000000e+00, -9.463180e-05, -9.819484e-01,  2.912985e-01,  0.000000e+00, -3.942992e+00,
     3,   E1,       MAT1,   CPS4,   0,     2.7887,    0.7887,  1.040203e-05, -4.877211e-06,  0.000000e+00,  9.463225e-05,  9.819362e-01, -2.913339e-01,  0.000000e+00,  3.943011e+00,
     3,   E1,       MAT1,   CPS4,   1,     2.7887,    0.2113, -5.786395e-06, -4.877211e-06,  0.000000e+00,  8.130746e-05, -7.043580e-01, -6.285927e-01,  0.000000e+00,  3.387811e+00,
     3,   E1,       MAT1,   CPS4,   2,     2.2113,    0.7887,  1.040203e-05, -1.820200e-05,  0.000000e+00,  7.844383e-05,  7.043364e-01, -1.679333e+00,  0.000000e+00,  3.268493e+00,
     3,   E1,       MAT1,   CPS4,   3,     2.2113,    0.2113, -5.786395e-06, -1.820200e-05,  0.000000e+00,  6.511904e-05, -9.819578e-01, -2.016591e+00,  0.000000e+00,  2.713293e+00,
     4,   E1,       MAT1,   CPS3,   0,     1.3333,    0.6667, -2.803912e-05,  2.307765e-05,  0.000000e+00,  4.960742e-06, -2.439957e+00,  1.819774e+00,  0.000000e+00,  2.066976e-01,
     5,   E1,       MAT1,   CPS3,   0,     1.6667,    0.3333,  2.803923e-05, -2.307921e-05,  0.000000e+00, -4.960742e-06,  2.439936e+00, -1.819934e+00,  0.000000e+00, -2.066976e-01,
   101,   E2,       MAT2,  T2D3I,   0,     1.5000,    0.0528,  5.952717e-05,  5.952717e+00, -4.988092e-02, -4.235165e-21, -2.655407e+00, -4.235165e-17,
   101,   E2,       MAT2,  T2D3I,   1,     1.5000,    0.1972,  4.031302e-05,  4.031302e+00, -4.987704e-02,  2.964615e-21, -2.655294e+00,  2.964615e-17,
   102,   E2,       MAT2,  T2D3I,   0,     1.5000,    0.3028,  2.624773e-05,  2.624773e+00, -4.987596e-02,  3.811648e-21, -2.655263e+00,  3.811648e-17,
   102,   E2,       MAT2,  T2D3I,   1,     1.5000,    0.4472,  7.034119e-06,  7.034119e-01, -4.987689e-02,  1.164670e-21, -2.655290e+00,  1.164670e-17,
   103,   E2,       MAT2,  T2D3I,   0,     1.5000,    0.5528, -7.031415e-06, -7.031415e-01, -4.987933e-02, -1.164670e-21, -2.655361e+00, -1.164670e-17,
   103,   E2,       MAT2,  T2D3I,   1,     1.5000,    0.6972, -2.624624e-05, -2.624624e+00, -4.988506e-02,  1.270549e-21, -2.655527e+00,  1.270549e-17,
   104,   E2,       MAT2,  T2D3I,   0,     1.5000,    0.8028, -4.031330e-05, -4.031330e+00, -4.989102e-02, -1.270549e-21, -2.655700e+00, -1.270549e-17,
   104,   E2,       MAT2,  T2D3I,   1,     1.5000,    0.9472, -5.953109e-05, -5.953109e+00, -4.990155e-02,  0.000000e+00, -2.656006e+00,  0.000000e+00,
     0,   E2,      BOND2, Bond2D3,   0,     1.5000,    0.0528, -4.988092e-02, -4.235165e-21, -2.655407e+00, -4.235165e-17,
     0,   E2,      BOND2, Bond2D3,   0,     1.5000,    0.1972, -4.987704e-02,  2.964615e-21, -2.655294e+00,  2.964615e-17,
     0,   E2,      BOND2, Bond2D3,   0,     1.5000,    0.3028, -4.987596e-02,  3.811648e-21, -2.655263e+00,  3.811648e-17,
     0,   E2,      BOND2, Bond2D3,   0,     1.5000,    0.4472, -4.987689e-02,  1.164670e-21, -2.655290e+00,  1.164670e-17,
     0,   E2,      BOND2, Bond2D3,   0,     1.5000,    0.5528, -4.987933e-02, -1.164670e-21, -2.655361e+00, -1.164670e-17,
     0,   E2,      BOND2, Bond2D3,   0,     1.5000,    0.6972, -4.988506e-02,  1.270549e-21, -2.655527e+00,  1.270549e-17,
     0,   E2,      BOND2, Bond2D3,   0,     1.5000,    0.8028, -4.989102e-02, -1.270549e-21, -2.655700e+00, -1.270549e-17,
     0,   E2,      BOND2, Bond2D3,   0,     1.5000,    0.9472, -4.990155e-02,  0.000000e+00, -2.656006e+00,  0.000000e+00,
