    0.00025000  2.469038e-01  0       1
    0.00050000  4.936216e-01  0       2
    0.00075000  6.600022e-01  0       3
    0.00100000  7.269987e-01  0       4
    0.00125000  7.682180e-01  0       5
    0.00150000  8.081013e-01  0       6
    0.00175000  8.468162e-01  0       7
    0.00200000  8.862864e-01  0       8
    0.00225000  9.246051e-01  0       9
    0.00250000  9.617873e-01  0      10
    0.00275000  9.983412e-01  0      11
    0.00300000  1.036164e+00  0      12
    0.00325000  1.071367e+00  0      13
    0.00350000  1.107580e+00  0      14
    0.00375000  1.142371e+00  0      15
    0.00400000  1.176274e+00  0      16
    0.00425000  1.211290e+00  0      17
    0.00450000  1.243877e+00  0      18
    0.00475000  1.278450e+00  0      19
    0.00500000  1.310416e+00  0      20
