    0.00025000  2.383455e-01  0       1
    0.00050000  4.677442e-01  0       2
    0.00075000  6.130665e-01  0       3
    0.00100000  6.605614e-01  0       4
    0.00125000  6.828782e-01  0       5
    0.00150000  7.037313e-01  0       6
    0.00175000  7.237289e-01  0       7
    0.00200000  7.431672e-01  0       8
    0.00225000  7.620611e-01  0       9
    0.00250000  7.803715e-01  0      10
    0.00275000  7.981563e-01  0      11
    0.00300000  8.158745e-01  0      12
    0.00325000  8.333445e-01  0      13
    0.00350000  8.504121e-01  0      14
    0.00375000  8.667267e-01  0      15
    0.00400000  8.829295e-01  0      16
    0.00425000  8.985702e-01  0      17
    0.00450000  9.144924e-01  0      18
    0.00475000  9.301665e-01  0      19
    0.00500000  9.450032e-01  0      20
