Time   1.0000
El      1    CPS4                                    CONC                                    ISOD           ISODAMAGE      1      7      8      2
   0.1577   0.1577  -3.7159e-07  -2.1175e-07   0.0000e+00   6.2569e-07  -1.2936e-02  -8.9398e-03   0.0000e+00   7.8212e-03   4.3476e-08   3.5000e+00
   0.1577   0.0423  -2.2106e-07  -2.1175e-07   0.0000e+00   6.1721e-07  -8.2316e-03  -7.9990e-03   0.0000e+00   7.7151e-03   3.6203e-08   3.5000e+00
   0.0423   0.1577  -3.7159e-07  -2.2024e-07   0.0000e+00   7.7623e-07  -1.2989e-02  -9.2048e-03   0.0000e+00   9.7028e-03   6.0546e-08   3.5000e+00
   0.0423   0.0423  -2.2106e-07  -2.2024e-07   0.0000e+00   7.6775e-07  -8.2846e-03  -8.2640e-03   0.0000e+00   9.5968e-03   1.0579e-07   3.5000e+00
El      2    CPS4                                    CONC                                    ISOD           ISODAMAGE      2      8      9      3
   0.1577   0.3577  -1.0712e-07  -1.1607e-06   0.0000e+00   3.7341e-06  -1.0601e-02  -3.6940e-02   0.0000e+00   4.6676e-02   1.1353e-05   3.5000e+00
   0.1577   0.2423  -3.4106e-07  -1.1607e-06   0.0000e+00   3.0107e-06  -1.7912e-02  -3.8402e-02   0.0000e+00   3.7633e-02   3.2201e-06   3.5000e+00
   0.0423   0.3577  -1.0712e-07  -1.8841e-06   0.0000e+00   3.5001e-06  -1.5123e-02  -5.9546e-02   0.0000e+00   4.3752e-02   4.3348e-06   3.5000e+00
   0.0423   0.2423  -3.4106e-07  -1.8841e-06   0.0000e+00   2.7767e-06  -2.2434e-02  -6.1009e-02   0.0000e+00   3.4709e-02   9.5853e-07   3.5000e+00
El      3    CPS4                                    CONC                                    ISOD           ISODAMAGE      3      9     10      4
   0.1577   0.5577  -2.1486e-08  -1.8041e-06   0.0000e+00   7.4836e-07  -1.1947e-02  -5.6514e-02   0.0000e+00   9.3546e-03   3.9845e-07   3.5000e+00
   0.1577   0.4423  -2.1486e-08  -1.8041e-06   0.0000e+00  -7.4836e-07  -1.1947e-02  -5.6514e-02   0.0000e+00  -9.3546e-03   3.9845e-07   3.5000e+00
   0.0423   0.5577  -2.1486e-08  -3.3009e-06   0.0000e+00   7.4836e-07  -2.1302e-02  -1.0329e-01   0.0000e+00   9.3545e-03   1.2362e-06   3.5000e+00
   0.0423   0.4423  -2.1486e-08  -3.3009e-06   0.0000e+00  -7.4836e-07  -2.1302e-02  -1.0329e-01   0.0000e+00  -9.3545e-03   1.2362e-06   3.5000e+00
El      4    CPS4                                    CONC                                    ISOD           ISODAMAGE      4     10     11      5
   0.1577   0.7577  -3.4106e-07  -1.1607e-06   0.0000e+00  -3.0107e-06  -1.7912e-02  -3.8402e-02   0.0000e+00  -3.7633e-02   3.2201e-06   3.5000e+00
   0.1577   0.6423  -1.0712e-07  -1.1607e-06   0.0000e+00  -3.7341e-06  -1.0601e-02  -3.6940e-02   0.0000e+00  -4.6676e-02   1.1353e-05   3.5000e+00
   0.0423   0.7577  -3.4106e-07  -1.8841e-06   0.0000e+00  -2.7767e-06  -2.2434e-02  -6.1009e-02   0.0000e+00  -3.4709e-02   9.5853e-07   3.5000e+00
   0.0423   0.6423  -1.0712e-07  -1.8841e-06   0.0000e+00  -3.5001e-06  -1.5123e-02  -5.9546e-02   0.0000e+00  -4.3752e-02   4.3348e-06   3.5000e+00
El      5    CPS4                                    CONC                                    ISOD           ISODAMAGE      5     11     12      6
   0.1577   0.9577  -2.2106e-07  -2.1175e-07   0.0000e+00  -6.1721e-07  -8.2316e-03  -7.9990e-03   0.0000e+00  -7.7151e-03   3.6203e-08   3.5000e+00
   0.1577   0.8423  -3.7159e-07  -2.1175e-07   0.0000e+00  -6.2569e-07  -1.2936e-02  -8.9398e-03   0.0000e+00  -7.8212e-03   4.3476e-08   3.5000e+00
   0.0423   0.9577  -2.2106e-07  -2.2024e-07   0.0000e+00  -7.6775e-07  -8.2846e-03  -8.2640e-03   0.0000e+00  -9.5968e-03   1.0579e-07   3.5000e+00
   0.0423   0.8423  -3.7159e-07  -2.2024e-07   0.0000e+00  -7.7623e-07  -1.2989e-02  -9.2048e-03   0.0000e+00  -9.7028e-03   6.0546e-08   3.5000e+00
El      6    CPS4                                    CONC                                    ISOD           ISODAMAGE      7     13     14      8
   0.3577   0.1577  -1.7520e-06   1.9936e-07   0.0000e+00   2.3797e-06  -5.3505e-02  -4.7202e-03   0.0000e+00   2.9746e-02   2.7110e-06   3.5000e+00
   0.3577   0.0423  -1.4871e-06   1.9936e-07   0.0000e+00   2.0810e-06  -4.5226e-02  -3.0644e-03   0.0000e+00   2.6013e-02   2.3806e-06   3.5000e+00
   0.2423   0.1577  -1.7520e-06  -9.9324e-08   0.0000e+00   2.6446e-06  -5.5372e-02  -1.4054e-02   0.0000e+00   3.3058e-02   1.5305e-06   3.5000e+00
   0.2423   0.0423  -1.4871e-06  -9.9324e-08   0.0000e+00   2.3460e-06  -4.7093e-02  -1.2398e-02   0.0000e+00   2.9324e-02   1.2681e-06   3.5000e+00
El      7    CPS4                                    CONC                                    ISOD           ISODAMAGE      8     14     15      9
   0.3577   0.3577  -9.8556e-07  -6.6291e-07   0.0000e+00   6.2052e-06  -3.4941e-02  -2.6875e-02   0.0000e+00   7.7562e-02   3.8115e-05   3.5000e+00
   0.3577   0.2423  -1.6177e-06  -6.6291e-07   0.0000e+00   6.0347e-06  -5.4694e-02  -3.0826e-02   0.0000e+00   7.5432e-02   2.2496e-05   3.5000e+00
   0.2423   0.3577  -9.8556e-07  -8.3346e-07   0.0000e+00   5.5731e-06  -3.6007e-02  -3.2205e-02   0.0000e+00   6.9662e-02   2.3495e-05   3.5000e+00
   0.2423   0.2423  -1.6177e-06  -8.3346e-07   0.0000e+00   5.4026e-06  -5.5760e-02  -3.6155e-02   0.0000e+00   6.7531e-02   1.1939e-05   3.5000e+00
El      8    CPS4                                    CONC                                    ISOD           ISODAMAGE      9     15     16     10
   0.3577   0.5577  -7.5420e-07  -1.2933e-06   0.0000e+00  -1.3543e-08  -3.1652e-02  -4.5129e-02   0.0000e+00  -1.6929e-04   1.7327e-07   3.5000e+00
   0.3577   0.4423  -7.5420e-07  -1.2933e-06   0.0000e+00   1.3543e-08  -3.1652e-02  -4.5129e-02   0.0000e+00   1.6929e-04   1.7327e-07   3.5000e+00
   0.2423   0.5577  -7.5420e-07  -1.2662e-06   0.0000e+00  -1.3543e-08  -3.1483e-02  -4.4283e-02   0.0000e+00  -1.6929e-04   1.6730e-07   3.5000e+00
   0.2423   0.4423  -7.5420e-07  -1.2662e-06   0.0000e+00   1.3543e-08  -3.1483e-02  -4.4283e-02   0.0000e+00   1.6929e-04   1.6730e-07   3.5000e+00
El      9    CPS4                                    CONC                                    ISOD           ISODAMAGE     10     16     17     11
   0.3577   0.7577  -1.6177e-06  -6.6291e-07   0.0000e+00  -6.0347e-06  -5.4694e-02  -3.0826e-02   0.0000e+00  -7.5432e-02   2.2496e-05   3.5000e+00
   0.3577   0.6423  -9.8556e-07  -6.6291e-07   0.0000e+00  -6.2052e-06  -3.4941e-02  -2.6875e-02   0.0000e+00  -7.7562e-02   3.8115e-05   3.5000e+00
   0.2423   0.7577  -1.6177e-06  -8.3346e-07   0.0000e+00  -5.4026e-06  -5.5760e-02  -3.6155e-02   0.0000e+00  -6.7531e-02   1.1939e-05   3.5000e+00
   0.2423   0.6423  -9.8556e-07  -8.3346e-07   0.0000e+00  -5.5731e-06  -3.6007e-02  -3.2205e-02   0.0000e+00  -6.9662e-02   2.3495e-05   3.5000e+00
El     10    CPS4                                    CONC                                    ISOD           ISODAMAGE     11     17     18     12
   0.3577   0.9577  -1.4871e-06   1.9936e-07   0.0000e+00  -2.0810e-06  -4.5226e-02  -3.0644e-03   0.0000e+00  -2.6013e-02   2.3806e-06   3.5000e+00
   0.3577   0.8423  -1.7520e-06   1.9936e-07   0.0000e+00  -2.3797e-06  -5.3505e-02  -4.7202e-03   0.0000e+00  -2.9746e-02   2.7110e-06   3.5000e+00
   0.2423   0.9577  -1.4871e-06  -9.9324e-08   0.0000e+00  -2.3460e-06  -4.7093e-02  -1.2398e-02   0.0000e+00  -2.9324e-02   1.2681e-06   3.5000e+00
   0.2423   0.8423  -1.7520e-06  -9.9324e-08   0.0000e+00  -2.6446e-06  -5.5372e-02  -1.4054e-02   0.0000e+00  -3.3058e-02   1.5305e-06   3.5000e+00
El     11    CPS4                                    CONC                                    ISOD           ISODAMAGE     13     19     20     14
   0.5577   0.1577  -3.7419e-06   6.3237e-07   0.0000e+00   3.9110e-06  -1.1298e-01  -3.6252e-03   0.0000e+00   4.8888e-02   8.3654e-06   3.5000e+00
   0.5577   0.0423  -4.0367e-06   6.3237e-07   0.0000e+00   3.6741e-06  -1.2220e-01  -5.4682e-03   0.0000e+00   4.5926e-02   6.4144e-06   3.5000e+00
   0.4423   0.1577  -3.7419e-06   3.9542e-07   0.0000e+00   3.6162e-06  -1.1446e-01  -1.1030e-02   0.0000e+00   4.5202e-02   4.2645e-06   3.5000e+00
   0.4423   0.0423  -4.0367e-06   3.9542e-07   0.0000e+00   3.3792e-06  -1.2368e-01  -1.2873e-02   0.0000e+00   4.2240e-02   3.2031e-06   3.5000e+00
El     12    CPS4                                    CONC                                    ISOD           ISODAMAGE     14     20     21     15
   0.5577   0.3577  -1.5271e-06  -9.4088e-07   0.0000e+00   9.1730e-06  -5.3597e-02  -3.8943e-02   0.0000e+00   1.1465e-01   8.2302e-05   3.5000e+00
   0.5577   0.2423  -3.0694e-06  -9.4088e-07   0.0000e+00   9.4222e-06  -1.0179e-01  -4.8584e-02   0.0000e+00   1.1777e-01   4.5173e-05   3.5000e+00
   0.4423   0.3577  -1.5271e-06  -6.9169e-07   0.0000e+00   7.6306e-06  -5.2041e-02  -3.1158e-02   0.0000e+00   9.5378e-02   5.2603e-05   3.5000e+00
   0.4423   0.2423  -3.0694e-06  -6.9169e-07   0.0000e+00   7.8798e-06  -1.0024e-01  -4.0798e-02   0.0000e+00   9.8495e-02   2.5911e-05   3.5000e+00
El     13    CPS4                                    CONC                                    ISOD           ISODAMAGE     15     21     22     16
   0.5577   0.5577  -9.6254e-07  -2.0909e-06   0.0000e+00  -2.8831e-07  -4.3147e-02  -7.1356e-02   0.0000e+00  -3.6039e-03   4.3406e-07   3.5000e+00
   0.5577   0.4423  -9.6254e-07  -2.0909e-06   0.0000e+00   2.8831e-07  -4.3147e-02  -7.1356e-02   0.0000e+00   3.6039e-03   4.3406e-07   3.5000e+00
   0.4423   0.5577  -9.6254e-07  -1.5143e-06   0.0000e+00  -2.8831e-07  -3.9544e-02  -5.3337e-02   0.0000e+00  -3.6039e-03   2.5096e-07   3.5000e+00
   0.4423   0.4423  -9.6254e-07  -1.5143e-06   0.0000e+00   2.8831e-07  -3.9544e-02  -5.3337e-02   0.0000e+00   3.6039e-03   2.5096e-07   3.5000e+00
El     14    CPS4                                    CONC                                    ISOD           ISODAMAGE     16     22     23     17
   0.5577   0.7577  -3.0694e-06  -9.4088e-07   0.0000e+00  -9.4222e-06  -1.0179e-01  -4.8584e-02   0.0000e+00  -1.1777e-01   4.5173e-05   3.5000e+00
   0.5577   0.6423  -1.5271e-06  -9.4088e-07   0.0000e+00  -9.1730e-06  -5.3597e-02  -3.8943e-02   0.0000e+00  -1.1465e-01   8.2302e-05   3.5000e+00
   0.4423   0.7577  -3.0694e-06  -6.9169e-07   0.0000e+00  -7.8798e-06  -1.0024e-01  -4.0798e-02   0.0000e+00  -9.8495e-02   2.5911e-05   3.5000e+00
   0.4423   0.6423  -1.5271e-06  -6.9169e-07   0.0000e+00  -7.6306e-06  -5.2041e-02  -3.1158e-02   0.0000e+00  -9.5378e-02   5.2603e-05   3.5000e+00
El     15    CPS4                                    CONC                                    ISOD           ISODAMAGE     17     23     24     18
   0.5577   0.9577  -4.0367e-06   6.3237e-07   0.0000e+00  -3.6741e-06  -1.2220e-01  -5.4682e-03   0.0000e+00  -4.5926e-02   6.4144e-06   3.5000e+00
   0.5577   0.8423  -3.7419e-06   6.3237e-07   0.0000e+00  -3.9110e-06  -1.1298e-01  -3.6252e-03   0.0000e+00  -4.8888e-02   8.3654e-06   3.5000e+00
   0.4423   0.9577  -4.0367e-06   3.9542e-07   0.0000e+00  -3.3792e-06  -1.2368e-01  -1.2873e-02   0.0000e+00  -4.2240e-02   3.2031e-06   3.5000e+00
   0.4423   0.8423  -3.7419e-06   3.9542e-07   0.0000e+00  -3.6162e-06  -1.1446e-01  -1.1030e-02   0.0000e+00  -4.5202e-02   4.2645e-06   3.5000e+00
El     16    CPS4                                    CONC                                    ISOD           ISODAMAGE     19     25     26     20
   0.7577   0.1577  -6.7018e-06   1.1750e-06   0.0000e+00   6.2929e-06  -2.0208e-01  -5.1680e-03   0.0000e+00   7.8660e-02   2.1873e-05   3.5000e+00
   0.7577   0.0423  -7.8919e-06   1.1750e-06   0.0000e+00   5.9592e-06  -2.3927e-01  -1.2606e-02   0.0000e+00   7.4489e-02   1.5482e-05   3.5000e+00
   0.6423   0.1577  -6.7018e-06   8.4125e-07   0.0000e+00   5.1028e-06  -2.0417e-01  -1.5597e-02   0.0000e+00   6.3785e-02   9.1684e-06   3.5000e+00
   0.6423   0.0423  -7.8919e-06   8.4125e-07   0.0000e+00   4.7691e-06  -2.4136e-01  -2.3035e-02   0.0000e+00   5.9613e-02   9.4337e-06   3.5000e+00
El     17    CPS4                                    CONC                                    ISOD           ISODAMAGE     20     26     27     21
   0.7577   0.3577  -2.0011e-06  -1.6457e-06   0.0000e+00   1.4413e-05  -7.2803e-02  -6.3922e-02   0.0000e+00   1.8013e-01   2.1588e-04   3.5000e+00
   0.7577   0.2423  -5.1234e-06  -1.6457e-06   0.0000e+00   1.4862e-05  -1.7038e-01  -8.3442e-02   0.0000e+00   1.8576e-01   9.6333e-05   3.5000e+00
   0.6423   0.3577  -2.0011e-06  -1.1965e-06   0.0000e+00   1.1291e-05  -7.0003e-02  -4.9892e-02   0.0000e+00   1.4112e-01   1.1765e-04   3.5000e+00
   0.6423   0.2423  -5.1234e-06  -1.1965e-06   0.0000e+00   1.1740e-05  -1.6758e-01  -6.9409e-02   0.0000e+00   1.4674e-01   4.2226e-05   3.5000e+00
El     18    CPS4                                    CONC                                    ISOD           ISODAMAGE     21     27     28     22
   0.7577   0.5577  -8.5820e-07  -3.6216e-06   0.0000e+00  -4.8301e-07  -4.9454e-02  -1.1854e-01   0.0000e+00  -6.0376e-03   1.2863e-06   3.5000e+00
   0.7577   0.4423  -8.5820e-07  -3.6216e-06   0.0000e+00   4.8301e-07  -4.9454e-02  -1.1854e-01   0.0000e+00   6.0376e-03   1.2863e-06   3.5000e+00
   0.6423   0.5577  -8.5820e-07  -2.6555e-06   0.0000e+00  -4.8301e-07  -4.3416e-02  -8.8349e-02   0.0000e+00  -6.0376e-03   6.9213e-07   3.5000e+00
   0.6423   0.4423  -8.5820e-07  -2.6555e-06   0.0000e+00   4.8301e-07  -4.3416e-02  -8.8349e-02   0.0000e+00   6.0376e-03   6.9213e-07   3.5000e+00
El     19    CPS4                                    CONC                                    ISOD           ISODAMAGE     22     28     29     23
   0.7577   0.7577  -5.1234e-06  -1.6457e-06   0.0000e+00  -1.4862e-05  -1.7038e-01  -8.3442e-02   0.0000e+00  -1.8576e-01   9.6333e-05   3.5000e+00
   0.7577   0.6423  -2.0011e-06  -1.6457e-06   0.0000e+00  -1.4413e-05  -7.2803e-02  -6.3922e-02   0.0000e+00  -1.8013e-01   2.1588e-04   3.5000e+00
   0.6423   0.7577  -5.1234e-06  -1.1965e-06   0.0000e+00  -1.1740e-05  -1.6758e-01  -6.9409e-02   0.0000e+00  -1.4674e-01   4.2226e-05   3.5000e+00
   0.6423   0.6423  -2.0011e-06  -1.1965e-06   0.0000e+00  -1.1291e-05  -7.0003e-02  -4.9892e-02   0.0000e+00  -1.4112e-01   1.1765e-04   3.5000e+00
El     20    CPS4                                    CONC                                    ISOD           ISODAMAGE     23     29     30     24
   0.7577   0.9577  -7.8919e-06   1.1750e-06   0.0000e+00  -5.9592e-06  -2.3927e-01  -1.2606e-02   0.0000e+00  -7.4489e-02   1.5482e-05   3.5000e+00
   0.7577   0.8423  -6.7018e-06   1.1750e-06   0.0000e+00  -6.2929e-06  -2.0208e-01  -5.1680e-03   0.0000e+00  -7.8660e-02   2.1873e-05   3.5000e+00
   0.6423   0.9577  -7.8919e-06   8.4125e-07   0.0000e+00  -4.7691e-06  -2.4136e-01  -2.3035e-02   0.0000e+00  -5.9613e-02   9.4337e-06   3.5000e+00
   0.6423   0.8423  -6.7018e-06   8.4125e-07   0.0000e+00  -5.1028e-06  -2.0417e-01  -1.5597e-02   0.0000e+00  -6.3785e-02   9.1684e-06   3.5000e+00
El     21    CPS4                                    CONC                                    ISOD           ISODAMAGE     25     31     32     26
   0.9577   0.1577  -1.1282e-05   2.1450e-06   0.0000e+00   1.0249e-05  -3.3915e-01  -3.4847e-03   0.0000e+00   1.2811e-01   6.4462e-05   3.5000e+00
   0.9577   0.0423  -1.3863e-05   2.1450e-06   0.0000e+00   9.6287e-06  -4.1978e-01  -1.9611e-02   0.0000e+00   1.2035e-01   4.3298e-05   3.5000e+00
   0.8423   0.1577  -1.1282e-05   1.5243e-06   0.0000e+00   7.6691e-06  -3.4304e-01  -2.2880e-02   0.0000e+00   9.5861e-02   2.2917e-05   3.5000e+00
   0.8423   0.0423  -1.3863e-05   1.5243e-06   0.0000e+00   7.0484e-06  -4.2367e-01  -3.9006e-02   0.0000e+00   8.8103e-02   2.7510e-05   3.5000e+00
El     22    CPS4                                    CONC                                    ISOD           ISODAMAGE     26     32     33     27
   0.9577   0.3577  -3.0866e-06  -2.3793e-06   0.0000e+00   2.2953e-05  -1.1126e-01  -9.3590e-02   0.0000e+00   2.8674e-01   5.8138e-04   3.5000e+00
   0.9577   0.2423  -8.3949e-06  -2.3793e-06   0.0000e+00   2.3370e-05  -2.7715e-01  -1.2679e-01   0.0000e+00   2.9205e-01   2.3665e-04   3.5000e+00
   0.8423   0.3577  -3.0866e-06  -1.9627e-06   0.0000e+00   1.7645e-05  -1.0869e-01  -8.0602e-02   0.0000e+00   2.2049e-01   2.8322e-04   3.5000e+00
   0.8423   0.2423  -8.3949e-06  -1.9627e-06   0.0000e+00   1.8061e-05  -2.7459e-01  -1.1379e-01   0.0000e+00   2.2575e-01   8.3425e-05   3.5000e+00
El     23    CPS4                                    CONC                                    ISOD           ISODAMAGE     27     33     34     28
   0.9577   0.5577  -1.1436e-06  -5.5432e-06   0.0000e+00  -5.7396e-07  -7.0383e-02  -1.8037e-01   0.0000e+00  -7.1745e-03   3.0232e-06   3.5000e+00
   0.9577   0.4423  -1.1436e-06  -5.5432e-06   0.0000e+00   5.7396e-07  -7.0383e-02  -1.8037e-01   0.0000e+00   7.1745e-03   3.0232e-06   3.5000e+00
   0.8423   0.5577  -1.1436e-06  -4.3953e-06   0.0000e+00  -5.7396e-07  -6.3209e-02  -1.4450e-01   0.0000e+00  -7.1745e-03   1.8848e-06   3.5000e+00
   0.8423   0.4423  -1.1436e-06  -4.3953e-06   0.0000e+00   5.7396e-07  -6.3209e-02  -1.4450e-01   0.0000e+00   7.1745e-03   1.8848e-06   3.5000e+00
El     24    CPS4                                    CONC                                    ISOD           ISODAMAGE     28     34     35     29
   0.9577   0.7577  -8.3949e-06  -2.3793e-06   0.0000e+00  -2.3370e-05  -2.7715e-01  -1.2679e-01   0.0000e+00  -2.9205e-01   2.3665e-04   3.5000e+00
   0.9577   0.6423  -3.0866e-06  -2.3793e-06   0.0000e+00  -2.2953e-05  -1.1126e-01  -9.3590e-02   0.0000e+00  -2.8674e-01   5.8138e-04   3.5000e+00
   0.8423   0.7577  -8.3949e-06  -1.9627e-06   0.0000e+00  -1.8061e-05  -2.7459e-01  -1.1379e-01   0.0000e+00  -2.2575e-01   8.3425e-05   3.5000e+00
   0.8423   0.6423  -3.0866e-06  -1.9627e-06   0.0000e+00  -1.7645e-05  -1.0869e-01  -8.0602e-02   0.0000e+00  -2.2049e-01   2.8322e-04   3.5000e+00
El     25    CPS4                                    CONC                                    ISOD           ISODAMAGE     29     35     36     30
   0.9577   0.9577  -1.3863e-05   2.1450e-06   0.0000e+00  -9.6287e-06  -4.1978e-01  -1.9611e-02   0.0000e+00  -1.2035e-01   4.3298e-05   3.5000e+00
   0.9577   0.8423  -1.1282e-05   2.1450e-06   0.0000e+00  -1.0249e-05  -3.3915e-01  -3.4847e-03   0.0000e+00  -1.2811e-01   6.4462e-05   3.5000e+00
   0.8423   0.9577  -1.3863e-05   1.5243e-06   0.0000e+00  -7.0484e-06  -4.2367e-01  -3.9006e-02   0.0000e+00  -8.8103e-02   2.7510e-05   3.5000e+00
   0.8423   0.8423  -1.1282e-05   1.5243e-06   0.0000e+00  -7.6691e-06  -3.4304e-01  -2.2880e-02   0.0000e+00  -9.5861e-02   2.2917e-05   3.5000e+00
El     26    CPS4                                    CONC                                    ISOD           ISODAMAGE     31     37     38     32
   1.1577   0.1577  -1.8567e-05   3.9161e-06   0.0000e+00   1.5619e-05  -5.5564e-01   6.3351e-03   0.0000e+00   1.9520e-01   1.7589e-04   3.5000e+00
   1.1577   0.0423  -2.2945e-05   3.9161e-06   0.0000e+00   1.4489e-05  -6.9246e-01  -2.1023e-02   0.0000e+00   1.8108e-01   1.1871e-04   3.5000e+00
   1.0423   0.1577  -1.8567e-05   2.7858e-06   0.0000e+00   1.1241e-05  -5.6277e-01  -2.8983e-02   0.0000e+00   1.4050e-01   5.9769e-05   3.5000e+00
   1.0423   0.0423  -2.2945e-05   2.7858e-06   0.0000e+00   1.0111e-05  -6.9956e-01  -5.6343e-02   0.0000e+00   1.2637e-01   7.3407e-05   3.5000e+00
El     27    CPS4                                    CONC                                    ISOD           ISODAMAGE     32     38     39     33
   1.1577   0.3577  -5.1261e-06  -2.3558e-06   0.0000e+00   3.6110e-05  -1.7463e-01  -1.0549e-01   0.0000e+00   4.5064e-01   1.6321e-03   3.5000e+00
   1.1577   0.2423  -1.3792e-05  -2.3558e-06   0.0000e+00   3.5982e-05  -4.4545e-01  -1.5972e-01   0.0000e+00   4.4948e-01   6.4399e-04   3.5000e+00
   1.0423   0.3577  -5.1261e-06  -2.4847e-06   0.0000e+00   2.7444e-05  -1.7559e-01  -1.0961e-01   0.0000e+00   3.4281e-01   7.1718e-04   3.5000e+00
   1.0423   0.2423  -1.3792e-05  -2.4847e-06   0.0000e+00   2.7315e-05  -4.4646e-01  -1.6382e-01   0.0000e+00   3.4138e-01   1.8506e-04   3.5000e+00
El     28    CPS4                                    CONC                                    ISOD           ISODAMAGE     33     39     40     34
   1.1577   0.5577  -1.9540e-06  -6.8626e-06   0.0000e+00  -3.2914e-07  -1.0395e-01  -2.2667e-01   0.0000e+00  -4.1142e-03   4.5290e-06   3.5000e+00
   1.1577   0.4423  -1.9540e-06  -6.8626e-06   0.0000e+00   3.2914e-07  -1.0395e-01  -2.2667e-01   0.0000e+00   4.1142e-03   4.5290e-06   3.5000e+00
   1.0423   0.5577  -1.9540e-06  -6.2044e-06   0.0000e+00  -3.2914e-07  -9.9839e-02  -2.0610e-01   0.0000e+00  -4.1142e-03   3.6957e-06   3.5000e+00
   1.0423   0.4423  -1.9540e-06  -6.2044e-06   0.0000e+00   3.2914e-07  -9.9839e-02  -2.0610e-01   0.0000e+00   4.1142e-03   3.6957e-06   3.5000e+00
El     29    CPS4                                    CONC                                    ISOD           ISODAMAGE     34     40     41     35
   1.1577   0.7577  -1.3792e-05  -2.3558e-06   0.0000e+00  -3.5982e-05  -4.4545e-01  -1.5972e-01   0.0000e+00  -4.4948e-01   6.4399e-04   3.5000e+00
   1.1577   0.6423  -5.1261e-06  -2.3558e-06   0.0000e+00  -3.6110e-05  -1.7463e-01  -1.0549e-01   0.0000e+00  -4.5064e-01   1.6321e-03   3.5000e+00
   1.0423   0.7577  -1.3792e-05  -2.4847e-06   0.0000e+00  -2.7315e-05  -4.4646e-01  -1.6382e-01   0.0000e+00  -3.4138e-01   1.8506e-04   3.5000e+00
   1.0423   0.6423  -5.1261e-06  -2.4847e-06   0.0000e+00  -2.7444e-05  -1.7559e-01  -1.0961e-01   0.0000e+00  -3.4281e-01   7.1718e-04   3.5000e+00
El     30    CPS4                                    CONC                                    ISOD           ISODAMAGE     35     41     42     36
   1.1577   0.9577  -2.2945e-05   3.9161e-06   0.0000e+00  -1.4489e-05  -6.9246e-01  -2.1023e-02   0.0000e+00  -1.8108e-01   1.1871e-04   3.5000e+00
   1.1577   0.8423  -1.8567e-05   3.9161e-06   0.0000e+00  -1.5619e-05  -5.5564e-01   6.3351e-03   0.0000e+00  -1.9520e-01   1.7589e-04   3.5000e+00
   1.0423   0.9577  -2.2945e-05   2.7858e-06   0.0000e+00  -1.0111e-05  -6.9956e-01  -5.6343e-02   0.0000e+00  -1.2637e-01   7.3407e-05   3.5000e+00
   1.0423   0.8423  -1.8567e-05   2.7858e-06   0.0000e+00  -1.1241e-05  -5.6277e-01  -2.8983e-02   0.0000e+00  -1.4050e-01   5.9769e-05   3.5000e+00
El     31    CPS4                                    CONC                                    ISOD           ISODAMAGE     37     43     44     38
   1.3577   0.1577  -2.9637e-05   6.9794e-06   0.0000e+00   2.0890e-05  -8.8218e-01   3.2862e-02   0.0000e+00   2.6102e-01   4.1077e-04   3.5000e+00
   1.3577   0.0423  -3.5558e-05   6.9794e-06   0.0000e+00   1.8951e-05  -1.0673e+00  -4.1292e-03   0.0000e+00   2.3681e-01   2.9625e-04   3.5000e+00
   1.2423   0.1577  -2.9637e-05   5.0398e-06   0.0000e+00   1.4969e-05  -8.9453e-01  -2.7735e-02   0.0000e+00   1.8709e-01   1.4929e-04   3.5000e+00
   1.2423   0.0423  -3.5558e-05   5.0398e-06   0.0000e+00   1.3030e-05  -1.0795e+00  -6.4733e-02   0.0000e+00   1.6284e-01   1.7368e-04   3.5000e+00
El     32    CPS4                                    CONC                                    ISOD           ISODAMAGE     38     44     45     39
   1.3577   0.3577  -1.1282e-05  -5.5827e-08   0.0000e+00   5.3425e-05  -3.5161e-01  -7.1991e-02   0.0000e+00   6.6534e-01   3.6891e-03   3.5000e+00
   1.3577   0.2423  -2.3132e-05  -5.5827e-08   0.0000e+00   5.1775e-05  -7.2208e-01  -1.4609e-01   0.0000e+00   6.4615e-01   1.6064e-03   3.5000e+00
   1.2423   0.3577  -1.1282e-05  -1.7050e-06   0.0000e+00   4.1574e-05  -3.6267e-01  -1.2361e-01   0.0000e+00   5.1889e-01   1.5179e-03   3.5000e+00
   1.2423   0.2423  -2.3132e-05  -1.7050e-06   0.0000e+00   3.9925e-05  -7.3322e-01  -1.9777e-01   0.0000e+00   4.9884e-01   4.4186e-04   3.5000e+00
El     33    CPS4                                    CONC                                    ISOD           ISODAMAGE     39     45     46     40
   1.3577   0.5577  -6.9445e-06  -5.6536e-06   0.0000e+00   5.3074e-07  -2.5235e-01  -2.2008e-01   0.0000e+00   6.6342e-03   5.9482e-06   3.5000e+00
   1.3577   0.4423  -6.9445e-06  -5.6536e-06   0.0000e+00  -5.3074e-07  -2.5235e-01  -2.2008e-01   0.0000e+00  -6.6342e-03   5.9482e-06   3.5000e+00
   1.2423   0.5577  -6.9445e-06  -6.7150e-06   0.0000e+00   5.3074e-07  -2.5898e-01  -2.5325e-01   0.0000e+00   6.6342e-03   6.8622e-06   3.5000e+00
   1.2423   0.4423  -6.9445e-06  -6.7150e-06   0.0000e+00  -5.3074e-07  -2.5898e-01  -2.5325e-01   0.0000e+00  -6.6342e-03   6.8622e-06   3.5000e+00
El     34    CPS4                                    CONC                                    ISOD           ISODAMAGE     40     46     47     41
   1.3577   0.7577  -2.3132e-05  -5.5827e-08   0.0000e+00  -5.1775e-05  -7.2208e-01  -1.4609e-01   0.0000e+00  -6.4615e-01   1.6064e-03   3.5000e+00
   1.3577   0.6423  -1.1282e-05  -5.5827e-08   0.0000e+00  -5.3425e-05  -3.5161e-01  -7.1991e-02   0.0000e+00  -6.6534e-01   3.6891e-03   3.5000e+00
   1.2423   0.7577  -2.3132e-05  -1.7050e-06   0.0000e+00  -3.9925e-05  -7.3322e-01  -1.9777e-01   0.0000e+00  -4.9884e-01   4.4186e-04   3.5000e+00
   1.2423   0.6423  -1.1282e-05  -1.7050e-06   0.0000e+00  -4.1574e-05  -3.6267e-01  -1.2361e-01   0.0000e+00  -5.1889e-01   1.5179e-03   3.5000e+00
El     35    CPS4                                    CONC                                    ISOD           ISODAMAGE     41     47     48     42
   1.3577   0.9577  -3.5558e-05   6.9794e-06   0.0000e+00  -1.8951e-05  -1.0673e+00  -4.1292e-03   0.0000e+00  -2.3681e-01   2.9625e-04   3.5000e+00
   1.3577   0.8423  -2.9637e-05   6.9794e-06   0.0000e+00  -2.0890e-05  -8.8218e-01   3.2862e-02   0.0000e+00  -2.6102e-01   4.1077e-04   3.5000e+00
   1.2423   0.9577  -3.5558e-05   5.0398e-06   0.0000e+00  -1.3030e-05  -1.0795e+00  -6.4733e-02   0.0000e+00  -1.6284e-01   1.7368e-04   3.5000e+00
   1.2423   0.8423  -2.9637e-05   5.0398e-06   0.0000e+00  -1.4969e-05  -8.9453e-01  -2.7735e-02   0.0000e+00  -1.8709e-01   1.4929e-04   3.5000e+00
El     36    CPS4                                    CONC                                    ISOD           ISODAMAGE     43     49     50     44
   1.5577   0.1577  -4.5629e-05   1.0892e-05   0.0000e+00   2.1844e-05  -1.3569e+00   5.5165e-02   0.0000e+00   2.7286e-01   6.6581e-04   3.5000e+00
   1.5577   0.0423  -5.0307e-05   1.0892e-05   0.0000e+00   1.9499e-05  -1.5032e+00   2.5951e-02   0.0000e+00   2.4360e-01   5.6373e-04   3.5000e+00
   1.4423   0.1577  -4.5629e-05   8.5476e-06   0.0000e+00   1.7166e-05  -1.3720e+00  -1.8062e-02   0.0000e+00   2.1450e-01   3.3500e-04   3.5000e+00
   1.4423   0.0423  -5.0307e-05   8.5476e-06   0.0000e+00   1.4821e-05  -1.5181e+00  -4.7288e-02   0.0000e+00   1.8520e-01   3.4823e-04   3.5000e+00
El     37    CPS4                                    CONC                                    ISOD           ISODAMAGE     44     50     51     45
   1.5577   0.3577  -2.5454e-05   6.0482e-06   0.0000e+00   7.2017e-05  -7.5267e-01   2.9722e-02   0.0000e+00   8.9431e-01   6.5555e-03   3.5000e+00
   1.5577   0.2423  -3.8970e-05   6.0482e-06   0.0000e+00   6.7990e-05  -1.1760e+00  -5.4368e-02   0.0000e+00   8.4697e-01   3.4172e-03   3.5000e+00
   1.4423   0.3577  -2.5454e-05   2.0216e-06   0.0000e+00   5.8501e-05  -7.8073e-01  -9.5657e-02   0.0000e+00   7.2932e-01   2.6520e-03   3.5000e+00
   1.4423   0.2423  -3.8970e-05   2.0216e-06   0.0000e+00   5.4474e-05  -1.2039e+00  -1.8020e-01   0.0000e+00   6.8022e-01   1.0422e-03   3.5000e+00
El     38    CPS4                                    CONC                                    ISOD           ISODAMAGE     45     51     52     46
   1.5577   0.5577  -2.0507e-05   1.4503e-06   0.0000e+00   2.4580e-06  -6.3175e-01  -8.2841e-02   0.0000e+00   3.0724e-02   4.9823e-05   3.5000e+00
   1.5577   0.4423  -2.0507e-05   1.4503e-06   0.0000e+00  -2.4580e-06  -6.3175e-01  -8.2841e-02   0.0000e+00  -3.0724e-02   4.9823e-05   3.5000e+00
   1.4423   0.5577  -2.0507e-05  -3.4657e-06   0.0000e+00   2.4580e-06  -6.6247e-01  -2.3646e-01   0.0000e+00   3.0724e-02   4.2054e-05   3.5000e+00
   1.4423   0.4423  -2.0507e-05  -3.4657e-06   0.0000e+00  -2.4580e-06  -6.6247e-01  -2.3646e-01   0.0000e+00  -3.0724e-02   4.2054e-05   3.5000e+00
El     39    CPS4                                    CONC                                    ISOD           ISODAMAGE     46     52     53     47
   1.5577   0.7577  -3.8970e-05   6.0482e-06   0.0000e+00  -6.7990e-05  -1.1760e+00  -5.4368e-02   0.0000e+00  -8.4697e-01   3.4172e-03   3.5000e+00
   1.5577   0.6423  -2.5454e-05   6.0482e-06   0.0000e+00  -7.2017e-05  -7.5267e-01   2.9722e-02   0.0000e+00  -8.9431e-01   6.5555e-03   3.5000e+00
   1.4423   0.7577  -3.8970e-05   2.0216e-06   0.0000e+00  -5.4474e-05  -1.2039e+00  -1.8020e-01   0.0000e+00  -6.8022e-01   1.0422e-03   3.5000e+00
   1.4423   0.6423  -2.5454e-05   2.0216e-06   0.0000e+00  -5.8501e-05  -7.8073e-01  -9.5657e-02   0.0000e+00  -7.2932e-01   2.6520e-03   3.5000e+00
El     40    CPS4                                    CONC                                    ISOD           ISODAMAGE     47     53     54     48
   1.5577   0.9577  -5.0307e-05   1.0892e-05   0.0000e+00  -1.9499e-05  -1.5032e+00   2.5951e-02   0.0000e+00  -2.4360e-01   5.6373e-04   3.5000e+00
   1.5577   0.8423  -4.5629e-05   1.0892e-05   0.0000e+00  -2.1844e-05  -1.3569e+00   5.5165e-02   0.0000e+00  -2.7286e-01   6.6581e-04   3.5000e+00
   1.4423   0.9577  -5.0307e-05   8.5476e-06   0.0000e+00  -1.4821e-05  -1.5181e+00  -4.7288e-02   0.0000e+00  -1.8520e-01   3.4823e-04   3.5000e+00
   1.4423   0.8423  -4.5629e-05   8.5476e-06   0.0000e+00  -1.7166e-05  -1.3720e+00  -1.8062e-02   0.0000e+00  -2.1450e-01   3.3500e-04   3.5000e+00
El     41    CPS4                                    CONC                                    ISOD           ISODAMAGE     49     55     56     50
   1.7577   0.1577  -6.4415e-05   1.3902e-05   0.0000e+00   1.7574e-05  -1.9245e+00   3.1834e-02   0.0000e+00   2.1951e-01   7.8753e-04   3.5000e+00
   1.7577   0.0423  -6.4579e-05   1.3902e-05   0.0000e+00   1.5999e-05  -1.9297e+00   3.0807e-02   0.0000e+00   1.9983e-01   7.6560e-04   3.5000e+00
   1.6423   0.1577  -6.4415e-05   1.2327e-05   0.0000e+00   1.7410e-05  -1.9347e+00  -1.7360e-02   0.0000e+00   2.1749e-01   6.0074e-04   3.5000e+00
   1.6423   0.0423  -6.4579e-05   1.2327e-05   0.0000e+00   1.5835e-05  -1.9399e+00  -1.8388e-02   0.0000e+00   1.9782e-01   5.8333e-04   3.5000e+00
El     42    CPS4                                    CONC                                    ISOD           ISODAMAGE     50     56     57     51
   1.7577   0.3577  -5.8352e-05   1.5117e-05   0.0000e+00   7.8573e-05  -1.7174e+00   1.0698e-01   0.0000e+00   9.7557e-01   6.7047e-03   3.5000e+00
   1.7577   0.2423  -6.2746e-05   1.5117e-05   0.0000e+00   7.3013e-05  -1.8577e+00   7.9871e-02   0.0000e+00   9.0844e-01   4.6271e-03   3.5000e+00
   1.6423   0.3577  -5.8352e-05   9.5571e-06   0.0000e+00   7.4179e-05  -1.7580e+00  -6.5828e-02   0.0000e+00   9.2421e-01   3.2608e-03   3.5000e+00
   1.6423   0.2423  -6.2746e-05   9.5571e-06   0.0000e+00   6.8619e-05  -1.8966e+00  -9.3285e-02   0.0000e+00   8.5572e-01   2.3539e-03   3.5000e+00
El     43    CPS4                                    CONC                                    ISOD           ISODAMAGE     51     57     58     52
   1.7577   0.5577  -5.6744e-05   1.6009e-05   0.0000e+00   4.6703e-06  -1.6714e+00   1.4548e-01   0.0000e+00   5.8317e-02   1.0643e-03   3.5000e+00
   1.7577   0.4423  -5.6744e-05   1.6009e-05   0.0000e+00  -4.6703e-06  -1.6714e+00   1.4548e-01   0.0000e+00  -5.8317e-02   1.0643e-03   3.5000e+00
   1.6423   0.5577  -5.6744e-05   6.6686e-06   0.0000e+00   4.6703e-06  -1.7309e+00  -1.4620e-01   0.0000e+00   5.8356e-02   3.9802e-04   3.5000e+00
   1.6423   0.4423  -5.6744e-05   6.6686e-06   0.0000e+00  -4.6703e-06  -1.7309e+00  -1.4620e-01   0.0000e+00  -5.8356e-02   3.9802e-04   3.5000e+00
El     44    CPS4                                    CONC                                    ISOD           ISODAMAGE     52     58     59     53
   1.7577   0.7577  -6.2746e-05   1.5117e-05   0.0000e+00  -7.3013e-05  -1.8577e+00   7.9871e-02   0.0000e+00  -9.0844e-01   4.6271e-03   3.5000e+00
   1.7577   0.6423  -5.8352e-05   1.5117e-05   0.0000e+00  -7.8573e-05  -1.7174e+00   1.0698e-01   0.0000e+00  -9.7557e-01   6.7047e-03   3.5000e+00
   1.6423   0.7577  -6.2746e-05   9.5571e-06   0.0000e+00  -6.8619e-05  -1.8966e+00  -9.3285e-02   0.0000e+00  -8.5572e-01   2.3539e-03   3.5000e+00
   1.6423   0.6423  -5.8352e-05   9.5571e-06   0.0000e+00  -7.4179e-05  -1.7580e+00  -6.5828e-02   0.0000e+00  -9.2421e-01   3.2608e-03   3.5000e+00
El     45    CPS4                                    CONC                                    ISOD           ISODAMAGE     53     59     60     54
   1.7577   0.9577  -6.4579e-05   1.3902e-05   0.0000e+00  -1.5999e-05  -1.9297e+00   3.0807e-02   0.0000e+00  -1.9983e-01   7.6560e-04   3.5000e+00
   1.7577   0.8423  -6.4415e-05   1.3902e-05   0.0000e+00  -1.7574e-05  -1.9245e+00   3.1834e-02   0.0000e+00  -2.1951e-01   7.8753e-04   3.5000e+00
   1.6423   0.9577  -6.4579e-05   1.2327e-05   0.0000e+00  -1.5835e-05  -1.9399e+00  -1.8388e-02   0.0000e+00  -1.9782e-01   5.8333e-04   3.5000e+00
   1.6423   0.8423  -6.4415e-05   1.2327e-05   0.0000e+00  -1.7410e-05  -1.9347e+00  -1.7360e-02   0.0000e+00  -2.1749e-01   6.0074e-04   3.5000e+00
El     46    CPS4                                    CONC                                    ISOD           ISODAMAGE     55     61     62     56
   1.9577   0.1577  -8.2167e-05   1.6580e-05   0.0000e+00   1.5389e-05  -2.4616e+00   4.5867e-03   0.0000e+00   1.9217e-01   1.0082e-03   3.5000e+00
   1.9577   0.0423  -7.8076e-05   1.6580e-05   0.0000e+00   1.3851e-05  -2.3339e+00   3.0127e-02   0.0000e+00   1.7296e-01   1.0162e-03   3.5000e+00
   1.8423   0.1577  -8.2167e-05   1.5042e-05   0.0000e+00   1.9480e-05  -2.4714e+00  -4.3439e-02   0.0000e+00   2.4327e-01   9.2532e-04   3.5000e+00
   1.8423   0.0423  -7.8076e-05   1.5042e-05   0.0000e+00   1.7942e-05  -2.3439e+00  -1.7897e-02   0.0000e+00   2.2408e-01   8.5537e-04   3.5000e+00
El     47    CPS4                                    CONC                                    ISOD           ISODAMAGE     56     62     63     57
   1.9577   0.3577  -1.0325e-04   2.3378e-05   0.0000e+00   6.2558e-05  -3.0588e+00   8.4662e-02   0.0000e+00   7.7650e-01   6.9969e-03   3.5000e+00
   1.9577   0.2423  -8.8911e-05   2.3378e-05   0.0000e+00   5.8001e-05  -2.6200e+00   1.7403e-01   0.0000e+00   7.2160e-01   4.7006e-03   3.5000e+00
   1.8423   0.3577  -1.0325e-04   1.8820e-05   0.0000e+00   7.6893e-05  -3.0981e+00  -5.6963e-02   0.0000e+00   9.5783e-01   3.4687e-03   3.5000e+00
   1.8423   0.2423  -8.8911e-05   1.8820e-05   0.0000e+00   7.2336e-05  -2.6507e+00   3.2311e-02   0.0000e+00   9.0075e-01   3.8167e-03   3.5000e+00
El     48    CPS4                                    CONC                                    ISOD           ISODAMAGE     57     63     64     58
   1.9577   0.5577  -1.0849e-04   2.9676e-05   0.0000e+00   3.7508e-06  -3.1936e+00   2.4839e-01   0.0000e+00   4.6720e-02   3.5321e-03   3.5000e+00
   1.9577   0.4423  -1.0849e-04   2.9676e-05   0.0000e+00  -3.7508e-06  -3.1936e+00   2.4839e-01   0.0000e+00  -4.6720e-02   3.5321e-03   3.5000e+00
   1.8423   0.5577  -1.0849e-04   2.2174e-05   0.0000e+00   3.7508e-06  -3.2464e+00   1.4824e-02   0.0000e+00   4.6807e-02   1.6755e-03   3.5000e+00
   1.8423   0.4423  -1.0849e-04   2.2174e-05   0.0000e+00  -3.7508e-06  -3.2464e+00   1.4824e-02   0.0000e+00  -4.6807e-02   1.6755e-03   3.5000e+00
El     49    CPS4                                    CONC                                    ISOD           ISODAMAGE     58     64     65     59
   1.9577   0.7577  -8.8911e-05   2.3378e-05   0.0000e+00  -5.8001e-05  -2.6200e+00   1.7403e-01   0.0000e+00  -7.2160e-01   4.7006e-03   3.5000e+00
   1.9577   0.6423  -1.0325e-04   2.3378e-05   0.0000e+00  -6.2558e-05  -3.0588e+00   8.4662e-02   0.0000e+00  -7.7650e-01   6.9969e-03   3.5000e+00
   1.8423   0.7577  -8.8911e-05   1.8820e-05   0.0000e+00  -7.2336e-05  -2.6507e+00   3.2311e-02   0.0000e+00  -9.0075e-01   3.8167e-03   3.5000e+00
   1.8423   0.6423  -1.0325e-04   1.8820e-05   0.0000e+00  -7.6893e-05  -3.0981e+00  -5.6963e-02   0.0000e+00  -9.5783e-01   3.4687e-03   3.5000e+00
El     50    CPS4                                    CONC                                    ISOD           ISODAMAGE     59     65     66     60
   1.9577   0.9577  -7.8076e-05   1.6580e-05   0.0000e+00  -1.3851e-05  -2.3339e+00   3.0127e-02   0.0000e+00  -1.7296e-01   1.0162e-03   3.5000e+00
   1.9577   0.8423  -8.2167e-05   1.6580e-05   0.0000e+00  -1.5389e-05  -2.4616e+00   4.5867e-03   0.0000e+00  -1.9217e-01   1.0082e-03   3.5000e+00
   1.8423   0.9577  -7.8076e-05   1.5042e-05   0.0000e+00  -1.7942e-05  -2.3439e+00  -1.7897e-02   0.0000e+00  -2.2408e-01   8.5537e-04   3.5000e+00
   1.8423   0.8423  -8.2167e-05   1.5042e-05   0.0000e+00  -1.9480e-05  -2.4714e+00  -4.3439e-02   0.0000e+00  -2.4327e-01   9.2532e-04   3.5000e+00
El     51    CPS4                                    CONC                                    ISOD           ISODAMAGE     61     67     68     62
   2.1577   0.1577  -9.8497e-05   2.0292e-05   0.0000e+00   1.5953e-05  -2.9468e+00   1.8484e-02   0.0000e+00   1.9911e-01   1.4890e-03   3.5000e+00
   2.1577   0.0423  -9.2392e-05   2.0292e-05   0.0000e+00   1.3648e-05  -2.7562e+00   5.6587e-02   0.0000e+00   1.7034e-01   1.5099e-03   3.5000e+00
   2.0423   0.1577  -9.8497e-05   1.7987e-05   0.0000e+00   2.2059e-05  -2.9617e+00  -5.3444e-02   0.0000e+00   2.7537e-01   1.3239e-03   3.5000e+00
   2.0423   0.0423  -9.2392e-05   1.7987e-05   0.0000e+00   1.9754e-05  -2.7715e+00  -1.5335e-02   0.0000e+00   2.4662e-01   1.2055e-03   3.5000e+00
El     52    CPS4                                    CONC                                    ISOD           ISODAMAGE     62     68     69     63
   2.1577   0.3577  -1.2375e-04   2.7514e-05   0.0000e+00   4.1217e-05  -3.6705e+00   8.5788e-02   0.0000e+00   5.1176e-01   6.7017e-03   3.5000e+00
   2.1577   0.2423  -1.0690e-04   2.7514e-05   0.0000e+00   3.9410e-05  -3.1541e+00   1.9080e-01   0.0000e+00   4.9036e-01   4.5985e-03   3.5000e+00
   2.0423   0.3577  -1.2375e-04   2.5707e-05   0.0000e+00   5.8068e-05  -3.6933e+00   2.9796e-02   0.0000e+00   7.2326e-01   3.5623e-03   3.5000e+00
   2.0423   0.2423  -1.0690e-04   2.5707e-05   0.0000e+00   5.6261e-05  -3.1669e+00   1.3466e-01   0.0000e+00   7.0036e-01   4.1209e-03   3.5000e+00
El     53    CPS4                                    CONC                                    ISOD           ISODAMAGE     63     69     70     64
   2.1577   0.5577  -1.2992e-04   3.3334e-05   0.0000e+00   3.3416e-07  -3.8353e+00   2.2873e-01   0.0000e+00   4.1593e-03   4.2454e-03   3.5000e+00
   2.1577   0.4423  -1.2992e-04   3.3334e-05   0.0000e+00  -3.3416e-07  -3.8353e+00   2.2873e-01   0.0000e+00  -4.1593e-03   4.2454e-03   3.5000e+00
   2.0423   0.5577  -1.2992e-04   3.2666e-05   0.0000e+00   3.3416e-07  -3.8403e+00   2.0798e-01   0.0000e+00   4.1602e-03   4.0222e-03   3.5000e+00
   2.0423   0.4423  -1.2992e-04   3.2666e-05   0.0000e+00  -3.3416e-07  -3.8403e+00   2.0798e-01   0.0000e+00  -4.1602e-03   4.0222e-03   3.5000e+00
El     54    CPS4                                    CONC                                    ISOD           ISODAMAGE     64     70     71     65
   2.1577   0.7577  -1.0690e-04   2.7514e-05   0.0000e+00  -3.9410e-05  -3.1541e+00   1.9080e-01   0.0000e+00  -4.9036e-01   4.5985e-03   3.5000e+00
   2.1577   0.6423  -1.2375e-04   2.7514e-05   0.0000e+00  -4.1217e-05  -3.6705e+00   8.5788e-02   0.0000e+00  -5.1176e-01   6.7017e-03   3.5000e+00
   2.0423   0.7577  -1.0690e-04   2.5707e-05   0.0000e+00  -5.6261e-05  -3.1669e+00   1.3466e-01   0.0000e+00  -7.0036e-01   4.1209e-03   3.5000e+00
   2.0423   0.6423  -1.2375e-04   2.5707e-05   0.0000e+00  -5.8068e-05  -3.6933e+00   2.9796e-02   0.0000e+00  -7.2326e-01   3.5623e-03   3.5000e+00
El     55    CPS4                                    CONC                                    ISOD           ISODAMAGE     65     71     72     66
   2.1577   0.9577  -9.2392e-05   2.0292e-05   0.0000e+00  -1.3648e-05  -2.7562e+00   5.6587e-02   0.0000e+00  -1.7034e-01   1.5099e-03   3.5000e+00
   2.1577   0.8423  -9.8497e-05   2.0292e-05   0.0000e+00  -1.5953e-05  -2.9468e+00   1.8484e-02   0.0000e+00  -1.9911e-01   1.4890e-03   3.5000e+00
   2.0423   0.9577  -9.2392e-05   1.7987e-05   0.0000e+00  -1.9754e-05  -2.7715e+00  -1.5335e-02   0.0000e+00  -2.4662e-01   1.2055e-03   3.5000e+00
   2.0423   0.8423  -9.8497e-05   1.7987e-05   0.0000e+00  -2.2059e-05  -2.9617e+00  -5.3444e-02   0.0000e+00  -2.7537e-01   1.3239e-03   3.5000e+00
El     56    CPS4                                    CONC                                    ISOD           ISODAMAGE     67     73     74     68
   2.3577   0.1577  -1.1119e-04   2.3293e-05   0.0000e+00   1.3566e-05  -3.3226e+00   3.2909e-02   0.0000e+00   1.6925e-01   1.9231e-03   3.5000e+00
   2.3577   0.0423  -1.0644e-04   2.3293e-05   0.0000e+00   1.1987e-05  -3.1745e+00   6.2525e-02   0.0000e+00   1.4954e-01   1.9470e-03   3.5000e+00
   2.2423   0.1577  -1.1119e-04   2.1713e-05   0.0000e+00   1.8314e-05  -3.3333e+00  -1.6347e-02   0.0000e+00   2.2854e-01   1.6878e-03   3.5000e+00
   2.2423   0.0423  -1.0644e-04   2.1713e-05   0.0000e+00   1.6735e-05  -3.1851e+00   1.3277e-02   0.0000e+00   2.0883e-01   1.6939e-03   3.5000e+00
El     57    CPS4                                    CONC                                    ISOD           ISODAMAGE     68     74     75     69
   2.3577   0.3577  -1.2192e-04   2.7783e-05   0.0000e+00   2.9262e-05  -3.6111e+00   1.0549e-01   0.0000e+00   3.6324e-01   6.9422e-03   3.5000e+00
   2.3577   0.2423  -1.1534e-04   2.7783e-05   0.0000e+00   2.9549e-05  -3.4147e+00   1.4670e-01   0.0000e+00   3.6765e-01   4.6337e-03   3.5000e+00
   2.2423   0.3577  -1.2192e-04   2.8070e-05   0.0000e+00   3.5847e-05  -3.6216e+00   1.1479e-01   0.0000e+00   4.4649e-01   3.5604e-03   3.5000e+00
   2.2423   0.2423  -1.1534e-04   2.8070e-05   0.0000e+00   3.6134e-05  -3.4148e+00   1.5571e-01   0.0000e+00   4.4983e-01   4.0836e-03   3.5000e+00
El     58    CPS4                                    CONC                                    ISOD           ISODAMAGE     69     75     76     70
   2.3577   0.5577  -1.2433e-04   3.0641e-05   0.0000e+00  -1.0754e-06  -3.6781e+00   1.7970e-01   0.0000e+00  -1.3386e-02   4.2490e-03   3.5000e+00
   2.3577   0.4423  -1.2433e-04   3.0641e-05   0.0000e+00   1.0754e-06  -3.6781e+00   1.7970e-01   0.0000e+00   1.3386e-02   4.2490e-03   3.5000e+00
   2.2423   0.5577  -1.2433e-04   3.2792e-05   0.0000e+00  -1.0754e-06  -3.6638e+00   2.4657e-01   0.0000e+00  -1.3382e-02   4.4946e-03   3.5000e+00
   2.2423   0.4423  -1.2433e-04   3.2792e-05   0.0000e+00   1.0754e-06  -3.6638e+00   2.4657e-01   0.0000e+00   1.3382e-02   4.4946e-03   3.5000e+00
El     59    CPS4                                    CONC                                    ISOD           ISODAMAGE     70     76     77     71
   2.3577   0.7577  -1.1534e-04   2.7783e-05   0.0000e+00  -2.9549e-05  -3.4147e+00   1.4670e-01   0.0000e+00  -3.6765e-01   4.6337e-03   3.5000e+00
   2.3577   0.6423  -1.2192e-04   2.7783e-05   0.0000e+00  -2.9262e-05  -3.6111e+00   1.0549e-01   0.0000e+00  -3.6324e-01   6.9422e-03   3.5000e+00
   2.2423   0.7577  -1.1534e-04   2.8070e-05   0.0000e+00  -3.6134e-05  -3.4148e+00   1.5571e-01   0.0000e+00  -4.4983e-01   4.0836e-03   3.5000e+00
   2.2423   0.6423  -1.2192e-04   2.8070e-05   0.0000e+00  -3.5847e-05  -3.6216e+00   1.1479e-01   0.0000e+00  -4.4649e-01   3.5604e-03   3.5000e+00
El     60    CPS4                                    CONC                                    ISOD           ISODAMAGE     71     77     78     72
   2.3577   0.9577  -1.0644e-04   2.3293e-05   0.0000e+00  -1.1987e-05  -3.1745e+00   6.2525e-02   0.0000e+00  -1.4954e-01   1.9470e-03   3.5000e+00
   2.3577   0.8423  -1.1119e-04   2.3293e-05   0.0000e+00  -1.3566e-05  -3.3226e+00   3.2909e-02   0.0000e+00  -1.6925e-01   1.9231e-03   3.5000e+00
   2.2423   0.9577  -1.0644e-04   2.1713e-05   0.0000e+00  -1.6735e-05  -3.1851e+00   1.3277e-02   0.0000e+00  -2.0883e-01   1.6939e-03   3.5000e+00
   2.2423   0.8423  -1.1119e-04   2.1713e-05   0.0000e+00  -1.8314e-05  -3.3333e+00  -1.6347e-02   0.0000e+00  -2.2854e-01   1.6878e-03   3.5000e+00
El     61    CPS4                                    CONC                                    ISOD           ISODAMAGE     73     79     80     74
   2.5577   0.1577  -1.1895e-04   2.4697e-05   0.0000e+00   9.9283e-06  -3.5553e+00   2.8264e-02   0.0000e+00   1.2384e-01   2.1168e-03   3.5000e+00
   2.5577   0.0423  -1.1737e-04   2.4697e-05   0.0000e+00   9.3236e-06  -3.5061e+00   3.8096e-02   0.0000e+00   1.1630e-01   2.1239e-03   3.5000e+00
   2.4423   0.1577  -1.1895e-04   2.4092e-05   0.0000e+00   1.1505e-05  -3.5595e+00   9.4082e-03   0.0000e+00   1.4352e-01   2.0092e-03   3.5000e+00
   2.4423   0.0423  -1.1737e-04   2.4092e-05   0.0000e+00   1.0900e-05  -3.5103e+00   1.9242e-02   0.0000e+00   1.3598e-01   2.0143e-03   3.5000e+00
El     62    CPS4                                    CONC                                    ISOD           ISODAMAGE     74     80     81     75
   2.5577   0.3577  -1.2299e-04   2.6805e-05   0.0000e+00   2.2810e-05  -3.6518e+00   6.8531e-02   0.0000e+00   2.8327e-01   6.5154e-03   3.5000e+00
   2.5577   0.2423  -1.2045e-04   2.6805e-05   0.0000e+00   2.3450e-05  -3.5801e+00   8.4409e-02   0.0000e+00   2.9177e-01   4.6070e-03   3.5000e+00
   2.4423   0.3577  -1.2299e-04   2.7444e-05   0.0000e+00   2.5341e-05  -3.6587e+00   8.8649e-02   0.0000e+00   3.1564e-01   3.5629e-03   3.5000e+00
   2.4423   0.2423  -1.2045e-04   2.7444e-05   0.0000e+00   2.5981e-05  -3.5779e+00   1.0436e-01   0.0000e+00   3.2343e-01   4.1020e-03   3.5000e+00
El     63    CPS4                                    CONC                                    ISOD           ISODAMAGE     75     81     82     76
   2.5577   0.5577  -1.2391e-04   2.8041e-05   0.0000e+00  -6.6357e-07  -3.6813e+00   1.0138e-01   0.0000e+00  -8.2594e-03   4.2584e-03   3.5000e+00
   2.5577   0.4423  -1.2391e-04   2.8041e-05   0.0000e+00   6.6357e-07  -3.6813e+00   1.0138e-01   0.0000e+00   8.2594e-03   4.2584e-03   3.5000e+00
   2.4423   0.5577  -1.2391e-04   2.9368e-05   0.0000e+00  -6.6357e-07  -3.6723e+00   1.4265e-01   0.0000e+00  -8.2578e-03   4.4449e-03   3.5000e+00
   2.4423   0.4423  -1.2391e-04   2.9368e-05   0.0000e+00   6.6357e-07  -3.6723e+00   1.4265e-01   0.0000e+00   8.2578e-03   4.4449e-03   3.5000e+00
El     64    CPS4                                    CONC                                    ISOD           ISODAMAGE     76     82     83     77
   2.5577   0.7577  -1.2045e-04   2.6805e-05   0.0000e+00  -2.3450e-05  -3.5801e+00   8.4409e-02   0.0000e+00  -2.9177e-01   4.6070e-03   3.5000e+00
   2.5577   0.6423  -1.2299e-04   2.6805e-05   0.0000e+00  -2.2810e-05  -3.6518e+00   6.8531e-02   0.0000e+00  -2.8327e-01   6.5154e-03   3.5000e+00
   2.4423   0.7577  -1.2045e-04   2.7444e-05   0.0000e+00  -2.5981e-05  -3.5779e+00   1.0436e-01   0.0000e+00  -3.2343e-01   4.1020e-03   3.5000e+00
   2.4423   0.6423  -1.2299e-04   2.7444e-05   0.0000e+00  -2.5341e-05  -3.6587e+00   8.8649e-02   0.0000e+00  -3.1564e-01   3.5629e-03   3.5000e+00
El     65    CPS4                                    CONC                                    ISOD           ISODAMAGE     77     83     84     78
   2.5577   0.9577  -1.1737e-04   2.4697e-05   0.0000e+00  -9.3236e-06  -3.5061e+00   3.8096e-02   0.0000e+00  -1.1630e-01   2.1239e-03   3.5000e+00
   2.5577   0.8423  -1.1895e-04   2.4697e-05   0.0000e+00  -9.9283e-06  -3.5553e+00   2.8264e-02   0.0000e+00  -1.2384e-01   2.1168e-03   3.5000e+00
   2.4423   0.9577  -1.1737e-04   2.4092e-05   0.0000e+00  -1.0900e-05  -3.5103e+00   1.9242e-02   0.0000e+00  -1.3598e-01   2.0143e-03   3.5000e+00
   2.4423   0.8423  -1.1895e-04   2.4092e-05   0.0000e+00  -1.1505e-05  -3.5595e+00   9.4082e-03   0.0000e+00  -1.4352e-01   2.0092e-03   3.5000e+00
El     66    CPS4                                    CONC                                    ISOD           ISODAMAGE     79     85     86     80
   2.7577   0.1577  -1.2499e-04   2.5588e-05   0.0000e+00   7.7044e-06  -3.7376e+00   1.8412e-02   0.0000e+00   9.6088e-02   2.2452e-03   3.5000e+00
   2.7577   0.0423  -1.2489e-04   2.5588e-05   0.0000e+00   7.2136e-06  -3.7345e+00   1.9031e-02   0.0000e+00   8.9967e-02   2.2434e-03   3.5000e+00
   2.6423   0.1577  -1.2499e-04   2.5098e-05   0.0000e+00   7.8036e-06  -3.7410e+00   3.1098e-03   0.0000e+00   9.7335e-02   2.1476e-03   3.5000e+00
   2.6423   0.0423  -1.2489e-04   2.5098e-05   0.0000e+00   7.3128e-06  -3.7379e+00   3.7286e-03   0.0000e+00   9.1214e-02   2.1457e-03   3.5000e+00
El     67    CPS4                                    CONC                                    ISOD           ISODAMAGE     80     86     87     81
   2.7577   0.3577  -1.2596e-04   2.6362e-05   0.0000e+00   2.0064e-05  -3.7451e+00   3.6335e-02   0.0000e+00   2.4905e-01   6.9887e-03   3.5000e+00
   2.7577   0.2423  -1.2528e-04   2.6362e-05   0.0000e+00   2.0216e-05  -3.7324e+00   4.0664e-02   0.0000e+00   2.5151e-01   4.7195e-03   3.5000e+00
   2.6423   0.3577  -1.2596e-04   2.6515e-05   0.0000e+00   2.0747e-05  -3.7570e+00   4.1201e-02   0.0000e+00   2.5841e-01   3.5645e-03   3.5000e+00
   2.6423   0.2423  -1.2528e-04   2.6515e-05   0.0000e+00   2.0899e-05  -3.7340e+00   4.5430e-02   0.0000e+00   2.6018e-01   4.0474e-03   3.5000e+00
El     68    CPS4                                    CONC                                    ISOD           ISODAMAGE     81     87     88     82
   2.7577   0.5577  -1.2621e-04   2.6860e-05   0.0000e+00  -2.5421e-07  -3.7600e+00   5.0372e-02   0.0000e+00  -3.1640e-03   4.2770e-03   3.5000e+00
   2.7577   0.4423  -1.2621e-04   2.6860e-05   0.0000e+00   2.5421e-07  -3.7600e+00   5.0372e-02   0.0000e+00   3.1640e-03   4.2770e-03   3.5000e+00
   2.6423   0.5577  -1.2621e-04   2.7369e-05   0.0000e+00  -2.5421e-07  -3.7561e+00   6.6179e-02   0.0000e+00  -3.1634e-03   4.4700e-03   3.5000e+00
   2.6423   0.4423  -1.2621e-04   2.7369e-05   0.0000e+00   2.5421e-07  -3.7561e+00   6.6179e-02   0.0000e+00   3.1634e-03   4.4700e-03   3.5000e+00
El     69    CPS4                                    CONC                                    ISOD           ISODAMAGE     82     88     89     83
   2.7577   0.7577  -1.2528e-04   2.6362e-05   0.0000e+00  -2.0216e-05  -3.7324e+00   4.0664e-02   0.0000e+00  -2.5151e-01   4.7195e-03   3.5000e+00
   2.7577   0.6423  -1.2596e-04   2.6362e-05   0.0000e+00  -2.0064e-05  -3.7451e+00   3.6335e-02   0.0000e+00  -2.4905e-01   6.9887e-03   3.5000e+00
   2.6423   0.7577  -1.2528e-04   2.6515e-05   0.0000e+00  -2.0899e-05  -3.7340e+00   4.5430e-02   0.0000e+00  -2.6018e-01   4.0474e-03   3.5000e+00
   2.6423   0.6423  -1.2596e-04   2.6515e-05   0.0000e+00  -2.0747e-05  -3.7570e+00   4.1201e-02   0.0000e+00  -2.5841e-01   3.5645e-03   3.5000e+00
El     70    CPS4                                    CONC                                    ISOD           ISODAMAGE     83     89     90     84
   2.7577   0.9577  -1.2489e-04   2.5588e-05   0.0000e+00  -7.2136e-06  -3.7345e+00   1.9031e-02   0.0000e+00  -8.9967e-02   2.2434e-03   3.5000e+00
   2.7577   0.8423  -1.2499e-04   2.5588e-05   0.0000e+00  -7.7044e-06  -3.7376e+00   1.8412e-02   0.0000e+00  -9.6088e-02   2.2452e-03   3.5000e+00
   2.6423   0.9577  -1.2489e-04   2.5098e-05   0.0000e+00  -7.3128e-06  -3.7379e+00   3.7286e-03   0.0000e+00  -9.1214e-02   2.1457e-03   3.5000e+00
   2.6423   0.8423  -1.2499e-04   2.5098e-05   0.0000e+00  -7.8036e-06  -3.7410e+00   3.1098e-03   0.0000e+00  -9.7335e-02   2.1476e-03   3.5000e+00
El     71    CPS4                                    CONC                                    ISOD           ISODAMAGE     85     91     92     86
   2.9577   0.1577  -1.3033e-04   2.6492e-05   0.0000e+00   6.7772e-06  -3.8980e+00   1.3262e-02   0.0000e+00   8.4512e-02   2.3948e-03   3.5000e+00
   2.9577   0.0423  -1.3067e-04   2.6492e-05   0.0000e+00   6.2473e-06  -3.9084e+00   1.1169e-02   0.0000e+00   7.7904e-02   2.3906e-03   3.5000e+00
   2.8423   0.1577  -1.3033e-04   2.5962e-05   0.0000e+00   6.4416e-06  -3.9017e+00  -3.2599e-03   0.0000e+00   8.0335e-02   2.2942e-03   3.5000e+00
   2.8423   0.0423  -1.3067e-04   2.5962e-05   0.0000e+00   5.9116e-06  -3.9121e+00  -5.3529e-03   0.0000e+00   7.3725e-02   2.3040e-03   3.5000e+00
El     72    CPS4                                    CONC                                    ISOD           ISODAMAGE     86     92     93     87
   2.9577   0.3577  -1.3047e-04   2.6704e-05   0.0000e+00   1.8819e-05  -3.8842e+00   1.8896e-02   0.0000e+00   2.3366e-01   6.7100e-03   3.5000e+00
   2.9577   0.2423  -1.3028e-04   2.6704e-05   0.0000e+00   1.8529e-05  -3.8864e+00   2.0141e-02   0.0000e+00   2.3054e-01   4.6151e-03   3.5000e+00
   2.8423   0.3577  -1.3047e-04   2.6413e-05   0.0000e+00   1.9013e-05  -3.8983e+00   9.9082e-03   0.0000e+00   2.3682e-01   3.5654e-03   3.5000e+00
   2.8423   0.2423  -1.3028e-04   2.6413e-05   0.0000e+00   1.8723e-05  -3.8902e+00   1.1109e-02   0.0000e+00   2.3307e-01   4.1025e-03   3.5000e+00
El     73    CPS4                                    CONC                                    ISOD           ISODAMAGE     87     93     94     88
   2.9577   0.5577  -1.3055e-04   2.6876e-05   0.0000e+00   7.3749e-08  -3.8948e+00   2.3856e-02   0.0000e+00   9.1791e-04   4.2921e-03   3.5000e+00
   2.9577   0.4423  -1.3055e-04   2.6876e-05   0.0000e+00  -7.3749e-08  -3.8948e+00   2.3856e-02   0.0000e+00  -9.1791e-04   4.2921e-03   3.5000e+00
   2.8423   0.5577  -1.3055e-04   2.6728e-05   0.0000e+00   7.3749e-08  -3.8954e+00   1.9265e-02   0.0000e+00   9.1783e-04   4.3703e-03   3.5000e+00
   2.8423   0.4423  -1.3055e-04   2.6728e-05   0.0000e+00  -7.3749e-08  -3.8954e+00   1.9265e-02   0.0000e+00  -9.1783e-04   4.3703e-03   3.5000e+00
El     74    CPS4                                    CONC                                    ISOD           ISODAMAGE     88     94     95     89
   2.9577   0.7577  -1.3028e-04   2.6704e-05   0.0000e+00  -1.8529e-05  -3.8864e+00   2.0141e-02   0.0000e+00  -2.3054e-01   4.6151e-03   3.5000e+00
   2.9577   0.6423  -1.3047e-04   2.6704e-05   0.0000e+00  -1.8819e-05  -3.8842e+00   1.8896e-02   0.0000e+00  -2.3366e-01   6.7100e-03   3.5000e+00
   2.8423   0.7577  -1.3028e-04   2.6413e-05   0.0000e+00  -1.8723e-05  -3.8902e+00   1.1109e-02   0.0000e+00  -2.3307e-01   4.1025e-03   3.5000e+00
   2.8423   0.6423  -1.3047e-04   2.6413e-05   0.0000e+00  -1.9013e-05  -3.8983e+00   9.9082e-03   0.0000e+00  -2.3682e-01   3.5654e-03   3.5000e+00
El     75    CPS4                                    CONC                                    ISOD           ISODAMAGE     89     95     96     90
   2.9577   0.9577  -1.3067e-04   2.6492e-05   0.0000e+00  -6.2473e-06  -3.9084e+00   1.1169e-02   0.0000e+00  -7.7904e-02   2.3906e-03   3.5000e+00
   2.9577   0.8423  -1.3033e-04   2.6492e-05   0.0000e+00  -6.7772e-06  -3.8980e+00   1.3262e-02   0.0000e+00  -8.4512e-02   2.3948e-03   3.5000e+00
   2.8423   0.9577  -1.3067e-04   2.5962e-05   0.0000e+00  -5.9116e-06  -3.9121e+00  -5.3529e-03   0.0000e+00  -7.3725e-02   2.3040e-03   3.5000e+00
   2.8423   0.8423  -1.3033e-04   2.5962e-05   0.0000e+00  -6.4416e-06  -3.9017e+00  -3.2599e-03   0.0000e+00  -8.0335e-02   2.2942e-03   3.5000e+00
El     76    CPS4                                    CONC                                    ISOD           ISODAMAGE     91     97     98     92
   3.1577   0.1577  -1.3548e-04   2.7479e-05   0.0000e+00   6.3684e-06  -4.0517e+00   1.1920e-02   0.0000e+00   7.9401e-02   2.5717e-03   3.5000e+00
   3.1577   0.0423  -1.3579e-04   2.7479e-05   0.0000e+00   5.7877e-06  -4.0612e+00   1.0021e-02   0.0000e+00   7.2160e-02   2.5676e-03   3.5000e+00
   3.0423   0.1577  -1.3548e-04   2.6898e-05   0.0000e+00   6.0638e-06  -4.0557e+00  -6.1827e-03   0.0000e+00   7.5610e-02   2.4763e-03   3.5000e+00
   3.0423   0.0423  -1.3579e-04   2.6898e-05   0.0000e+00   5.4830e-06  -4.0652e+00  -8.0821e-03   0.0000e+00   6.8367e-02   2.4855e-03   3.5000e+00
El     77    CPS4                                    CONC                                    ISOD           ISODAMAGE     92     98     99     93
   3.1577   0.3577  -1.3522e-04   2.7628e-05   0.0000e+00   1.8392e-05  -4.0247e+00   1.8112e-02   0.0000e+00   2.2829e-01   6.9794e-03   3.5000e+00
   3.1577   0.2423  -1.3533e-04   2.7628e-05   0.0000e+00   1.7793e-05  -4.0372e+00   1.7464e-02   0.0000e+00   2.2136e-01   4.7400e-03   3.5000e+00
   3.0423   0.3577  -1.3522e-04   2.7029e-05   0.0000e+00   1.8281e-05  -4.0422e+00  -4.6914e-04   0.0000e+00   2.2769e-01   3.5750e-03   3.5000e+00
   3.0423   0.2423  -1.3533e-04   2.7029e-05   0.0000e+00   1.7682e-05  -4.0435e+00  -1.1589e-03   0.0000e+00   2.2012e-01   4.1109e-03   3.5000e+00
El     78    CPS4                                    CONC                                    ISOD           ISODAMAGE     93     99    100     94
   3.1577   0.5577  -1.3518e-04   2.7755e-05   0.0000e+00   3.0206e-07  -4.0335e+00   2.2368e-02   0.0000e+00   3.7595e-03   4.3086e-03   3.5000e+00
   3.1577   0.4423  -1.3518e-04   2.7755e-05   0.0000e+00  -3.0206e-07  -4.0335e+00   2.2368e-02   0.0000e+00  -3.7595e-03   4.3086e-03   3.5000e+00
   3.0423   0.5577  -1.3518e-04   2.7151e-05   0.0000e+00   3.0206e-07  -4.0365e+00   3.5703e-03   0.0000e+00   3.7588e-03   4.4798e-03   3.5000e+00
   3.0423   0.4423  -1.3518e-04   2.7151e-05   0.0000e+00  -3.0206e-07  -4.0365e+00   3.5703e-03   0.0000e+00  -3.7588e-03   4.4798e-03   3.5000e+00
El     79    CPS4                                    CONC                                    ISOD           ISODAMAGE     94    100    101     95
   3.1577   0.7577  -1.3533e-04   2.7628e-05   0.0000e+00  -1.7793e-05  -4.0372e+00   1.7464e-02   0.0000e+00  -2.2136e-01   4.7400e-03   3.5000e+00
   3.1577   0.6423  -1.3522e-04   2.7628e-05   0.0000e+00  -1.8392e-05  -4.0247e+00   1.8112e-02   0.0000e+00  -2.2829e-01   6.9794e-03   3.5000e+00
   3.0423   0.7577  -1.3533e-04   2.7029e-05   0.0000e+00  -1.7682e-05  -4.0435e+00  -1.1589e-03   0.0000e+00  -2.2012e-01   4.1109e-03   3.5000e+00
   3.0423   0.6423  -1.3522e-04   2.7029e-05   0.0000e+00  -1.8281e-05  -4.0422e+00  -4.6914e-04   0.0000e+00  -2.2769e-01   3.5750e-03   3.5000e+00
El     80    CPS4                                    CONC                                    ISOD           ISODAMAGE     95    101    102     96
   3.1577   0.9577  -1.3579e-04   2.7479e-05   0.0000e+00  -5.7877e-06  -4.0612e+00   1.0021e-02   0.0000e+00  -7.2160e-02   2.5676e-03   3.5000e+00
   3.1577   0.8423  -1.3548e-04   2.7479e-05   0.0000e+00  -6.3684e-06  -4.0517e+00   1.1920e-02   0.0000e+00  -7.9401e-02   2.5717e-03   3.5000e+00
   3.0423   0.9577  -1.3579e-04   2.6898e-05   0.0000e+00  -5.4830e-06  -4.0652e+00  -8.0821e-03   0.0000e+00  -6.8367e-02   2.4855e-03   3.5000e+00
   3.0423   0.8423  -1.3548e-04   2.6898e-05   0.0000e+00  -6.0638e-06  -4.0557e+00  -6.1827e-03   0.0000e+00  -7.5610e-02   2.4763e-03   3.5000e+00
El     81    CPS4                                    CONC                                    ISOD           ISODAMAGE     97    103    104     98
   3.3577   0.1577  -1.4040e-04   2.8543e-05   0.0000e+00   5.8774e-06  -4.1975e+00   1.4424e-02   0.0000e+00   7.3264e-02   2.7736e-03   3.5000e+00
   3.3577   0.0423  -1.4057e-04   2.8543e-05   0.0000e+00   5.2542e-06  -4.2028e+00   1.3357e-02   0.0000e+00   6.5496e-02   2.7702e-03   3.5000e+00
   3.2423   0.1577  -1.4040e-04   2.7920e-05   0.0000e+00   5.7063e-06  -4.2018e+00  -4.9964e-03   0.0000e+00   7.1139e-02   2.6595e-03   3.5000e+00
   3.2423   0.0423  -1.4057e-04   2.7920e-05   0.0000e+00   5.0831e-06  -4.2071e+00  -6.0631e-03   0.0000e+00   6.3370e-02   2.6646e-03   3.5000e+00
El     82    CPS4                                    CONC                                    ISOD           ISODAMAGE     98    104    105     99
   3.3577   0.3577  -1.4071e-04   2.9038e-05   0.0000e+00   1.7609e-05  -4.1866e+00   2.7773e-02   0.0000e+00   2.1859e-01   6.9359e-03   3.5000e+00
   3.3577   0.2423  -1.4044e-04   2.9038e-05   0.0000e+00   1.6737e-05  -4.1870e+00   2.9540e-02   0.0000e+00   2.0821e-01   4.8151e-03   3.5000e+00
   3.2423   0.3577  -1.4071e-04   2.8166e-05   0.0000e+00   1.7884e-05  -4.2059e+00   7.2654e-04   0.0000e+00   2.2273e-01   3.6392e-03   3.5000e+00
   3.2423   0.2423  -1.4044e-04   2.8166e-05   0.0000e+00   1.7012e-05  -4.1953e+00   2.4355e-03   0.0000e+00   2.1177e-01   4.1326e-03   3.5000e+00
El     83    CPS4                                    CONC                                    ISOD           ISODAMAGE     99    105    106    100
   3.3577   0.5577  -1.4081e-04   2.9351e-05   0.0000e+00   5.0309e-07  -4.1976e+00   3.6946e-02   0.0000e+00   6.2597e-03   4.6033e-03   3.5000e+00
   3.3577   0.4423  -1.4081e-04   2.9351e-05   0.0000e+00  -5.0309e-07  -4.1976e+00   3.6946e-02   0.0000e+00  -6.2597e-03   4.6033e-03   3.5000e+00
   3.2423   0.5577  -1.4081e-04   2.8344e-05   0.0000e+00   5.0309e-07  -4.2037e+00   5.6475e-03   0.0000e+00   6.2594e-03   4.6415e-03   3.5000e+00
   3.2423   0.4423  -1.4081e-04   2.8344e-05   0.0000e+00  -5.0309e-07  -4.2037e+00   5.6475e-03   0.0000e+00  -6.2594e-03   4.6415e-03   3.5000e+00
El     84    CPS4                                    CONC                                    ISOD           ISODAMAGE    100    106    107    101
   3.3577   0.7577  -1.4044e-04   2.9038e-05   0.0000e+00  -1.6737e-05  -4.1870e+00   2.9540e-02   0.0000e+00  -2.0821e-01   4.8151e-03   3.5000e+00
   3.3577   0.6423  -1.4071e-04   2.9038e-05   0.0000e+00  -1.7609e-05  -4.1866e+00   2.7773e-02   0.0000e+00  -2.1859e-01   6.9359e-03   3.5000e+00
   3.2423   0.7577  -1.4044e-04   2.8166e-05   0.0000e+00  -1.7012e-05  -4.1953e+00   2.4355e-03   0.0000e+00  -2.1177e-01   4.1326e-03   3.5000e+00
   3.2423   0.6423  -1.4071e-04   2.8166e-05   0.0000e+00  -1.7884e-05  -4.2059e+00   7.2654e-04   0.0000e+00  -2.2273e-01   3.6392e-03   3.5000e+00
El     85    CPS4                                    CONC                                    ISOD           ISODAMAGE    101    107    108    102
   3.3577   0.9577  -1.4057e-04   2.8543e-05   0.0000e+00  -5.2542e-06  -4.2028e+00   1.3357e-02   0.0000e+00  -6.5496e-02   2.7702e-03   3.5000e+00
   3.3577   0.8423  -1.4040e-04   2.8543e-05   0.0000e+00  -5.8774e-06  -4.1975e+00   1.4424e-02   0.0000e+00  -7.3264e-02   2.7736e-03   3.5000e+00
   3.2423   0.9577  -1.4057e-04   2.7920e-05   0.0000e+00  -5.0831e-06  -4.2071e+00  -6.0631e-03   0.0000e+00  -6.3370e-02   2.6646e-03   3.5000e+00
   3.2423   0.8423  -1.4040e-04   2.7920e-05   0.0000e+00  -5.7063e-06  -4.2018e+00  -4.9964e-03   0.0000e+00  -7.1139e-02   2.6595e-03   3.5000e+00
El     86    CPS4                                    CONC                                    ISOD           ISODAMAGE    103    109    110    104
   3.5577   0.1577  -1.4516e-04   2.9609e-05   0.0000e+00   4.4061e-06  -4.3382e+00   1.7993e-02   0.0000e+00   5.4912e-02   2.9818e-03   3.5000e+00
   3.5577   0.0423  -1.4468e-04   2.9609e-05   0.0000e+00   3.7925e-06  -4.3232e+00   2.0984e-02   0.0000e+00   4.7265e-02   2.9835e-03   3.5000e+00
   3.4423   0.1577  -1.4516e-04   2.8996e-05   0.0000e+00   4.8859e-06  -4.3426e+00  -1.1220e-03   0.0000e+00   6.0900e-02   2.8446e-03   3.5000e+00
   3.4423   0.0423  -1.4468e-04   2.8996e-05   0.0000e+00   4.2724e-06  -4.3276e+00   1.8685e-03   0.0000e+00   5.3253e-02   2.8439e-03   3.5000e+00
El     87    CPS4                                    CONC                                    ISOD           ISODAMAGE    104    110    111    105
   3.5577   0.3577  -1.4638e-04   3.0942e-05   0.0000e+00   1.5973e-05  -4.3495e+00   5.1671e-02   0.0000e+00   1.9822e-01   7.2099e-03   3.5000e+00
   3.5577   0.2423  -1.4562e-04   3.0942e-05   0.0000e+00   1.4812e-05  -4.3343e+00   5.6544e-02   0.0000e+00   1.8418e-01   5.2390e-03   3.5000e+00
   3.4423   0.3577  -1.4638e-04   2.9781e-05   0.0000e+00   1.6740e-05  -4.3718e+00   1.5720e-02   0.0000e+00   2.0847e-01   3.7576e-03   3.5000e+00
   3.4423   0.2423  -1.4562e-04   2.9781e-05   0.0000e+00   1.5580e-05  -4.3456e+00   2.0487e-02   0.0000e+00   1.9391e-01   4.3011e-03   3.5000e+00
El     88    CPS4                                    CONC                                    ISOD           ISODAMAGE    105    111    112    106
   3.5577   0.5577  -1.4666e-04   3.1695e-05   0.0000e+00   7.2340e-07  -4.3621e+00   7.3441e-02   0.0000e+00   8.9950e-03   5.2555e-03   3.5000e+00
   3.5577   0.4423  -1.4666e-04   3.1695e-05   0.0000e+00  -7.2340e-07  -4.3621e+00   7.3441e-02   0.0000e+00  -8.9950e-03   5.2555e-03   3.5000e+00
   3.4423   0.5577  -1.4666e-04   3.0248e-05   0.0000e+00   7.2340e-07  -4.3724e+00   2.8474e-02   0.0000e+00   8.9977e-03   4.9548e-03   3.5000e+00
   3.4423   0.4423  -1.4666e-04   3.0248e-05   0.0000e+00  -7.2340e-07  -4.3724e+00   2.8474e-02   0.0000e+00  -8.9977e-03   4.9548e-03   3.5000e+00
El     89    CPS4                                    CONC                                    ISOD           ISODAMAGE    106    112    113    107
   3.5577   0.7577  -1.4562e-04   3.0942e-05   0.0000e+00  -1.4812e-05  -4.3343e+00   5.6544e-02   0.0000e+00  -1.8418e-01   5.2390e-03   3.5000e+00
   3.5577   0.6423  -1.4638e-04   3.0942e-05   0.0000e+00  -1.5973e-05  -4.3495e+00   5.1671e-02   0.0000e+00  -1.9822e-01   7.2099e-03   3.5000e+00
   3.4423   0.7577  -1.4562e-04   2.9781e-05   0.0000e+00  -1.5580e-05  -4.3456e+00   2.0487e-02   0.0000e+00  -1.9391e-01   4.3011e-03   3.5000e+00
   3.4423   0.6423  -1.4638e-04   2.9781e-05   0.0000e+00  -1.6740e-05  -4.3718e+00   1.5720e-02   0.0000e+00  -2.0847e-01   3.7576e-03   3.5000e+00
El     90    CPS4                                    CONC                                    ISOD           ISODAMAGE    107    113    114    108
   3.5577   0.9577  -1.4468e-04   2.9609e-05   0.0000e+00  -3.7925e-06  -4.3232e+00   2.0984e-02   0.0000e+00  -4.7265e-02   2.9835e-03   3.5000e+00
   3.5577   0.8423  -1.4516e-04   2.9609e-05   0.0000e+00  -4.4061e-06  -4.3382e+00   1.7993e-02   0.0000e+00  -5.4912e-02   2.9818e-03   3.5000e+00
   3.4423   0.9577  -1.4468e-04   2.8996e-05   0.0000e+00  -4.2724e-06  -4.3276e+00   1.8685e-03   0.0000e+00  -5.3253e-02   2.8439e-03   3.5000e+00
   3.4423   0.8423  -1.4516e-04   2.8996e-05   0.0000e+00  -4.8859e-06  -4.3426e+00  -1.1220e-03   0.0000e+00  -6.0900e-02   2.8446e-03   3.5000e+00
El     91    CPS4                                    CONC                                    ISOD           ISODAMAGE    109    115    116    110
   3.7577   0.1577  -1.4913e-04   3.0125e-05   0.0000e+00   1.4190e-06  -4.4581e+00   9.3475e-03   0.0000e+00   1.7683e-02   3.0711e-03   3.5000e+00
   3.7577   0.0423  -1.4734e-04   3.0125e-05   0.0000e+00   1.2058e-06  -4.4023e+00   2.0500e-02   0.0000e+00   1.5026e-02   3.0828e-03   3.5000e+00
   3.6423   0.1577  -1.4913e-04   2.9912e-05   0.0000e+00   3.2089e-06  -4.4597e+00   2.7054e-03   0.0000e+00   3.9990e-02   3.0240e-03   3.5000e+00
   3.6423   0.0423  -1.4734e-04   2.9912e-05   0.0000e+00   2.9957e-06  -4.4039e+00   1.3858e-02   0.0000e+00   3.7332e-02   3.0349e-03   3.5000e+00
El     92    CPS4                                    CONC                                    ISOD           ISODAMAGE    110    116    117    111
   3.7577   0.3577  -1.5344e-04   3.2945e-05   0.0000e+00   1.1514e-05  -4.5651e+00   7.0179e-02   0.0000e+00   1.4317e-01   5.2217e-03   3.5000e+00
   3.7577   0.2423  -1.5076e-04   3.2945e-05   0.0000e+00   1.0358e-05  -4.4802e+00   8.6797e-02   0.0000e+00   1.2875e-01   5.5943e-03   3.5000e+00
   3.6423   0.3577  -1.5344e-04   3.1790e-05   0.0000e+00   1.4192e-05  -4.5775e+00   3.4296e-02   0.0000e+00   1.7667e-01   4.0946e-03   3.5000e+00
   3.6423   0.2423  -1.5076e-04   3.1790e-05   0.0000e+00   1.3036e-05  -4.4912e+00   5.0934e-02   0.0000e+00   1.6218e-01   4.7327e-03   3.5000e+00
El     93    CPS4                                    CONC                                    ISOD           ISODAMAGE    111    117    118    112
   3.7577   0.5577  -1.5442e-04   3.5024e-05   0.0000e+00   1.0246e-06  -4.5708e+00   1.2837e-01   0.0000e+00   1.2707e-02   7.7855e-03   3.5000e+00
   3.7577   0.4423  -1.5442e-04   3.5024e-05   0.0000e+00  -1.0246e-06  -4.5708e+00   1.2837e-01   0.0000e+00  -1.2707e-02   7.7855e-03   3.5000e+00
   3.6423   0.5577  -1.5442e-04   3.2975e-05   0.0000e+00   1.0246e-06  -4.5924e+00   6.4962e-02   0.0000e+00   1.2732e-02   5.8647e-03   3.5000e+00
   3.6423   0.4423  -1.5442e-04   3.2975e-05   0.0000e+00  -1.0246e-06  -4.5924e+00   6.4962e-02   0.0000e+00  -1.2732e-02   5.8647e-03   3.5000e+00
El     94    CPS4                                    CONC                                    ISOD           ISODAMAGE    112    118    119    113
   3.7577   0.7577  -1.5076e-04   3.2945e-05   0.0000e+00  -1.0358e-05  -4.4802e+00   8.6797e-02   0.0000e+00  -1.2875e-01   5.5943e-03   3.5000e+00
   3.7577   0.6423  -1.5344e-04   3.2945e-05   0.0000e+00  -1.1514e-05  -4.5651e+00   7.0179e-02   0.0000e+00  -1.4317e-01   5.2217e-03   3.5000e+00
   3.6423   0.7577  -1.5076e-04   3.1790e-05   0.0000e+00  -1.3036e-05  -4.4912e+00   5.0934e-02   0.0000e+00  -1.6218e-01   4.7327e-03   3.5000e+00
   3.6423   0.6423  -1.5344e-04   3.1790e-05   0.0000e+00  -1.4192e-05  -4.5775e+00   3.4296e-02   0.0000e+00  -1.7667e-01   4.0946e-03   3.5000e+00
El     95    CPS4                                    CONC                                    ISOD           ISODAMAGE    113    119    120    114
   3.7577   0.9577  -1.4734e-04   3.0125e-05   0.0000e+00  -1.2058e-06  -4.4023e+00   2.0500e-02   0.0000e+00  -1.5026e-02   3.0828e-03   3.5000e+00
   3.7577   0.8423  -1.4913e-04   3.0125e-05   0.0000e+00  -1.4190e-06  -4.4581e+00   9.3475e-03   0.0000e+00  -1.7683e-02   3.0711e-03   3.5000e+00
   3.6423   0.9577  -1.4734e-04   2.9912e-05   0.0000e+00  -2.9957e-06  -4.4039e+00   1.3858e-02   0.0000e+00  -3.7332e-02   3.0349e-03   3.5000e+00
   3.6423   0.8423  -1.4913e-04   2.9912e-05   0.0000e+00  -3.2089e-06  -4.4597e+00   2.7054e-03   0.0000e+00  -3.9990e-02   3.0240e-03   3.5000e+00
El     96    CPS4                                    CONC                                    ISOD           ISODAMAGE    115    121    122    116
   3.9577   0.1577  -1.5102e-04   3.0118e-05   0.0000e+00  -8.9708e-07  -4.5171e+00  -2.6701e-03   0.0000e+00  -1.1179e-02   3.0752e-03   3.5000e+00
   3.9577   0.0423  -1.4835e-04   3.0118e-05   0.0000e+00  -8.3452e-07  -4.4340e+00   1.3942e-02   0.0000e+00  -1.0399e-02   3.0740e-03   3.5000e+00
   3.8423   0.1577  -1.5102e-04   3.0180e-05   0.0000e+00   1.7691e-06  -4.5167e+00  -7.2123e-04   0.0000e+00   2.2045e-02   3.0769e-03   3.5000e+00
   3.8423   0.0423  -1.4835e-04   3.0180e-05   0.0000e+00   1.8316e-06  -4.4336e+00   1.5891e-02   0.0000e+00   2.2825e-02   3.0896e-03   3.5000e+00
El     97    CPS4                                    CONC                                    ISOD           ISODAMAGE    116    122    123    117
   3.9577   0.3577  -1.6203e-04   3.4058e-05   0.0000e+00   1.4839e-06  -4.8267e+00   5.1337e-02   0.0000e+00   1.8457e-02   4.9424e-03   3.5000e+00
   3.9577   0.2423  -1.5468e-04   3.4058e-05   0.0000e+00   9.7923e-07  -4.5941e+00   9.6964e-02   0.0000e+00   1.2169e-02   5.8103e-03   3.5000e+00
   3.8423   0.3577  -1.6203e-04   3.3553e-05   0.0000e+00   8.8341e-06  -4.8311e+00   3.5653e-02   0.0000e+00   1.0991e-01   4.6821e-03   3.5000e+00
   3.8423   0.2423  -1.5468e-04   3.3553e-05   0.0000e+00   8.3294e-06  -4.5986e+00   8.1308e-02   0.0000e+00   1.0354e-01   5.5247e-03   3.5000e+00
El     98    CPS4                                    CONC                                    ISOD           ISODAMAGE    117    123    124    118
   3.9577   0.5577  -1.6472e-04   3.7386e-05   0.0000e+00   5.8990e-07  -4.8548e+00   1.3711e-01   0.0000e+00   7.2850e-03   1.2047e-02   3.5000e+00
   3.9577   0.4423  -1.6472e-04   3.7386e-05   0.0000e+00  -5.8990e-07  -4.8548e+00   1.3711e-01   0.0000e+00  -7.2850e-03   1.2047e-02   3.5000e+00
   3.8423   0.5577  -1.6472e-04   3.6206e-05   0.0000e+00   5.8990e-07  -4.8765e+00   1.0098e-01   0.0000e+00   7.3066e-03   9.1106e-03   3.5000e+00
   3.8423   0.4423  -1.6472e-04   3.6206e-05   0.0000e+00  -5.8990e-07  -4.8765e+00   1.0098e-01   0.0000e+00  -7.3066e-03   9.1106e-03   3.5000e+00
El     99    CPS4                                    CONC                                    ISOD           ISODAMAGE    118    124    125    119
   3.9577   0.7577  -1.5468e-04   3.4058e-05   0.0000e+00  -9.7923e-07  -4.5941e+00   9.6964e-02   0.0000e+00  -1.2169e-02   5.8103e-03   3.5000e+00
   3.9577   0.6423  -1.6203e-04   3.4058e-05   0.0000e+00  -1.4839e-06  -4.8267e+00   5.1337e-02   0.0000e+00  -1.8457e-02   4.9424e-03   3.5000e+00
   3.8423   0.7577  -1.5468e-04   3.3553e-05   0.0000e+00  -8.3294e-06  -4.5986e+00   8.1308e-02   0.0000e+00  -1.0354e-01   5.5247e-03   3.5000e+00
   3.8423   0.6423  -1.6203e-04   3.3553e-05   0.0000e+00  -8.8341e-06  -4.8311e+00   3.5653e-02   0.0000e+00  -1.0991e-01   4.6821e-03   3.5000e+00
El    100    CPS4                                    CONC                                    ISOD           ISODAMAGE    119    125    126    120
   3.9577   0.9577  -1.4835e-04   3.0118e-05   0.0000e+00   8.3452e-07  -4.4340e+00   1.3942e-02   0.0000e+00   1.0399e-02   3.0740e-03   3.5000e+00
   3.9577   0.8423  -1.5102e-04   3.0118e-05   0.0000e+00   8.9708e-07  -4.5171e+00  -2.6701e-03   0.0000e+00   1.1179e-02   3.0752e-03   3.5000e+00
   3.8423   0.9577  -1.4835e-04   3.0180e-05   0.0000e+00  -1.8316e-06  -4.4336e+00   1.5891e-02   0.0000e+00  -2.2825e-02   3.0896e-03   3.5000e+00
   3.8423   0.8423  -1.5102e-04   3.0180e-05   0.0000e+00  -1.7691e-06  -4.5167e+00  -7.2123e-04   0.0000e+00  -2.2045e-02   3.0769e-03   3.5000e+00
El    101   T2D2I                         STEELBAR_bonded                                   STEEL             ELASTIC    127    128
   0.0282   0.5000   4.5696e-06   9.1392e+00
   0.1052   0.5000   4.5696e-06   9.1392e+00
El    102   T2D2I                         STEELBAR_bonded                                   STEEL             ELASTIC    128    129
   0.1615   0.5000   1.4147e-05   2.8294e+01
   0.2385   0.5000   1.4147e-05   2.8294e+01
El    103   T2D2I                         STEELBAR_bonded                                   STEEL             ELASTIC    129    130
   0.2948   0.5000   2.5113e-05   5.0226e+01
   0.3718   0.5000   2.5113e-05   5.0226e+01
El    104   T2D2I                         STEELBAR_bonded                                   STEEL             ELASTIC    130    131
   0.4282   0.5000   3.8575e-05   7.7150e+01
   0.5052   0.5000   3.8575e-05   7.7150e+01
El    105   T2D2I                         STEELBAR_bonded                                   STEEL             ELASTIC    131    132
   0.5615   0.5000   5.5905e-05   1.1181e+02
   0.6385   0.5000   5.5905e-05   1.1181e+02
El    106   T2D2I                         STEELBAR_bonded                                   STEEL             ELASTIC    132    133
   0.6948   0.5000   7.8914e-05   1.5783e+02
   0.7718   0.5000   7.8914e-05   1.5783e+02
El    107   T2D2I                         STEELBAR_bonded                                   STEEL             ELASTIC    133    134
   0.8282   0.5000   1.1012e-04   2.2024e+02
   0.9052   0.5000   1.1012e-04   2.2024e+02
El    108   T2D2I                         STEELBAR_bonded                                   STEEL             ELASTIC    134    135
   0.9615   0.5000   1.5314e-04   3.0629e+02
   1.0385   0.5000   1.5314e-04   3.0629e+02
El    109   T2D2I                         STEELBAR_bonded                                   STEEL             ELASTIC    135    136
   1.0948   0.5000   2.1325e-04   4.2650e+02
   1.1718   0.5000   2.1325e-04   4.2650e+02
El    110   T2D2I                         STEELBAR_bonded                                   STEEL             ELASTIC    136    137
   1.2282   0.5000   2.9822e-04   5.9643e+02
   1.3052   0.5000   2.9822e-04   5.9643e+02
El    111   T2D2I                         STEELBAR_bonded                                   STEEL             ELASTIC    137    138
   1.3615   0.5000   4.1947e-04   8.3893e+02
   1.4385   0.5000   4.1947e-04   8.3893e+02
El    112   T2D2I                         STEELBAR_bonded                                   STEEL             ELASTIC    138    139
   1.4948   0.5000   5.9252e-04   1.1850e+03
   1.5718   0.5000   5.9252e-04   1.1850e+03
El    113   T2D2I                         STEELBAR_bonded                                   STEEL             ELASTIC    139    140
   1.6282   0.5000   8.3355e-04   1.6671e+03
   1.7052   0.5000   8.3355e-04   1.6671e+03
El    114   T2D2I                         STEELBAR_bonded                                   STEEL             ELASTIC    140    141
   1.7615   0.5000   1.1416e-03   2.2832e+03
   1.8385   0.5000   1.1416e-03   2.2832e+03
El    115   T2D2I                         STEELBAR_bonded                                   STEEL             ELASTIC    141    142
   1.8948   0.5000   1.4447e-03   2.8893e+03
   1.9718   0.5000   1.4447e-03   2.8893e+03
El    116   T2D2I                         STEELBAR_bonded                                   STEEL             ELASTIC    142    143
   2.0282   0.5000   1.6145e-03   3.2290e+03
   2.1052   0.5000   1.6145e-03   3.2290e+03
El    117   T2D2I                         STEELBAR_bonded                                   STEEL             ELASTIC    143    144
   2.1615   0.5000   1.6750e-03   3.3501e+03
   2.2385   0.5000   1.6750e-03   3.3501e+03
El    118   T2D2I                         STEELBAR_bonded                                   STEEL             ELASTIC    144    145
   2.2948   0.5000   1.7250e-03   3.4501e+03
   2.3718   0.5000   1.7250e-03   3.4501e+03
El    119   T2D2I                         STEELBAR_bonded                                   STEEL             ELASTIC    145    146
   2.4282   0.5000   1.7750e-03   3.5501e+03
   2.5052   0.5000   1.7750e-03   3.5501e+03
El    120   T2D2I                         STEELBAR_bonded                                   STEEL             ELASTIC    146    147
   2.5615   0.5000   1.8250e-03   3.6501e+03
   2.6385   0.5000   1.8250e-03   3.6501e+03
El    121   T2D2I                         STEELBAR_bonded                                   STEEL             ELASTIC    147    148
   2.6948   0.5000   1.8750e-03   3.7501e+03
   2.7718   0.5000   1.8750e-03   3.7501e+03
El    122   T2D2I                         STEELBAR_bonded                                   STEEL             ELASTIC    148    149
   2.8282   0.5000   1.9250e-03   3.8501e+03
   2.9052   0.5000   1.9250e-03   3.8501e+03
El    123   T2D2I                         STEELBAR_bonded                                   STEEL             ELASTIC    149    150
   2.9615   0.5000   1.9750e-03   3.9501e+03
   3.0385   0.5000   1.9750e-03   3.9501e+03
El    124   T2D2I                         STEELBAR_bonded                                   STEEL             ELASTIC    150    151
   3.0948   0.5000   2.0250e-03   4.0501e+03
   3.1718   0.5000   2.0250e-03   4.0501e+03
El    125   T2D2I                         STEELBAR_bonded                                   STEEL             ELASTIC    151    152
   3.2282   0.5000   2.0750e-03   4.1501e+03
   3.3052   0.5000   2.0750e-03   4.1501e+03
El    126   T2D2I                         STEELBAR_bonded                                   STEEL             ELASTIC    152    153
   3.3615   0.5000   2.1250e-03   4.2501e+03
   3.4385   0.5000   2.1250e-03   4.2501e+03
El    127   T2D2I                         STEELBAR_bonded                                   STEEL             ELASTIC    153    154
   3.4948   0.5000   2.1750e-03   4.3501e+03
   3.5718   0.5000   2.1750e-03   4.3501e+03
El    128   T2D2I                         STEELBAR_bonded                                   STEEL             ELASTIC    154    155
   3.6282   0.5000   2.2250e-03   4.4501e+03
   3.7052   0.5000   2.2250e-03   4.4501e+03
El    129   T2D2I                         STEELBAR_bonded                                   STEEL             ELASTIC    155    156
   3.7615   0.5000   2.2750e-03   4.5501e+03
   3.8385   0.5000   2.2750e-03   4.5501e+03
El    130   T2D2I                         STEELBAR_bonded                                   STEEL             ELASTIC    156    157
   3.8948   0.5000   2.3250e-03   4.6501e+03
   3.9718   0.5000   2.3250e-03   4.6501e+03
El      0 Bond2D2                         STEELBAR_bonded                                    BOND                BOND    127    128      3      9     10      4
   0.0000   0.0000   1.3287e-05   1.6941e-21   5.4521e-01   1.0164e-14
El      0 Bond2D2                         STEELBAR_bonded                                    BOND                BOND    127    128      3      9     10      4
   0.0000   0.0000   1.3640e-05   4.2352e-21   5.6008e-01   2.5411e-14
El      0 Bond2D2                         STEELBAR_bonded                                    BOND                BOND    128    129      3      9     10      4
   0.0000   0.0000   1.4169e-05  -2.5411e-21   5.8235e-01  -1.5247e-14
El      0 Bond2D2                         STEELBAR_bonded                                    BOND                BOND    128    129      9     15     16     10
   0.0000   0.0000   1.5287e-05   0.0000e+00   6.2962e-01   0.0000e+00
El      0 Bond2D2                         STEELBAR_bonded                                    BOND                BOND    129    130      9     15     16     10
   0.0000   0.0000   1.6436e-05  -8.4703e-22   6.7835e-01  -5.0822e-15
El      0 Bond2D2                         STEELBAR_bonded                                    BOND                BOND    129    130      9     15     16     10
   0.0000   0.0000   1.8427e-05   1.4823e-21   7.6326e-01   8.8938e-15
El      0 Bond2D2                         STEELBAR_bonded                                    BOND                BOND    130    131     15     21     22     16
   0.0000   0.0000   2.0270e-05  -8.4703e-22   8.4235e-01  -5.0822e-15
El      0 Bond2D2                         STEELBAR_bonded                                    BOND                BOND    130    131     15     21     22     16
   0.0000   0.0000   2.3314e-05   8.4703e-22   9.7401e-01   5.0822e-15
El      0 Bond2D2                         STEELBAR_bonded                                    BOND                BOND    131    132     15     21     22     16
   0.0000   0.0000   2.6030e-05  -2.1176e-22   1.0926e+00  -1.2705e-15
El      0 Bond2D2                         STEELBAR_bonded                                    BOND                BOND    131    132     21     27     28     22
   0.0000   0.0000   3.0404e-05  -8.4703e-22   1.2856e+00  -5.0822e-15
El      0 Bond2D2                         STEELBAR_bonded                                    BOND                BOND    132    133     21     27     28     22
   0.0000   0.0000   3.4251e-05  -8.4703e-22   1.4575e+00  -5.0822e-15
El      0 Bond2D2                         STEELBAR_bonded                                    BOND                BOND    132    133     21     27     28     22
   0.0000   0.0000   4.0392e-05  -4.0234e-21   1.7357e+00  -2.4140e-14
El      0 Bond2D2                         STEELBAR_bonded                                    BOND                BOND    133    134     27     33     34     28
   0.0000   0.0000   4.5775e-05  -3.3881e-21   1.9833e+00  -2.0329e-14
El      0 Bond2D2                         STEELBAR_bonded                                    BOND                BOND    133    134     27     33     34     28
   0.0000   0.0000   5.4340e-05  -8.4703e-22   2.3841e+00  -5.0822e-15
El      0 Bond2D2                         STEELBAR_bonded                                    BOND                BOND    134    135     27     33     34     28
   0.0000   0.0000   6.1822e-05  -4.2352e-22   2.7408e+00  -2.5411e-15
El      0 Bond2D2                         STEELBAR_bonded                                    BOND                BOND    134    135     33     39     40     34
   0.0000   0.0000   7.3730e-05   8.4703e-22   3.3200e+00   5.0822e-15
El      0 Bond2D2                         STEELBAR_bonded                                    BOND                BOND    135    136     33     39     40     34
   0.0000   0.0000   8.4164e-05  -2.5411e-21   3.8379e+00  -1.5247e-14
El      0 Bond2D2                         STEELBAR_bonded                                    BOND                BOND    135    136     33     39     40     34
   0.0000   0.0000   1.0073e-04   1.4823e-21   4.6774e+00   8.8938e-15
El      0 Bond2D2                         STEELBAR_bonded                                    BOND                BOND    136    137     39     45     46     40
   0.0000   0.0000   1.1539e-04  -8.4703e-22   5.4351e+00  -5.0822e-15
El      0 Bond2D2                         STEELBAR_bonded                                    BOND                BOND    136    137     39     45     46     40
   0.0000   0.0000   1.3888e-04  -2.5411e-21   6.6698e+00  -1.5247e-14
El      0 Bond2D2                         STEELBAR_bonded                                    BOND                BOND    137    138     39     45     46     40
   0.0000   0.0000   1.5950e-04   1.0588e-21   7.7659e+00   6.3527e-15
El      0 Bond2D2                         STEELBAR_bonded                                    BOND                BOND    137    138     45     51     52     46
   0.0000   0.0000   1.9284e-04  -1.6941e-21   9.5414e+00  -1.0164e-14
El      0 Bond2D2                         STEELBAR_bonded                                    BOND                BOND    138    139     45     51     52     46
   0.0000   0.0000   2.2251e-04  -2.5411e-21   1.1099e+01  -1.5247e-14
El      0 Bond2D2                         STEELBAR_bonded                                    BOND                BOND    138    139     45     51     52     46
   0.0000   0.0000   2.6971e-04  -4.2352e-22   1.3469e+01  -2.5411e-15
El      0 Bond2D2                         STEELBAR_bonded                                    BOND                BOND    139    140     51     57     58     52
   0.0000   0.0000   3.1206e-04   1.6941e-21   1.5411e+01   1.0164e-14
El      0 Bond2D2                         STEELBAR_bonded                                    BOND                BOND    139    140     51     57     58     52
   0.0000   0.0000   3.8060e-04   1.6941e-21   1.7991e+01   1.0164e-14
El      0 Bond2D2                         STEELBAR_bonded                                    BOND                BOND    140    141     51     57     58     52
   0.0000   0.0000   4.3945e-04   4.4469e-21   1.9449e+01   2.6682e-14
El      0 Bond2D2                         STEELBAR_bonded                                    BOND                BOND    140    141     57     63     64     58
   0.0000   0.0000   5.3369e-04   3.3881e-21   1.9779e+01   2.0329e-14
El      0 Bond2D2                         STEELBAR_bonded                                    BOND                BOND    141    142     57     63     64     58
   0.0000   0.0000   6.1267e-04   8.4703e-22   1.7799e+01   5.0822e-15
El      0 Bond2D2                         STEELBAR_bonded                                    BOND                BOND    141    142     57     63     64     58
   0.0000   0.0000   7.3224e-04  -2.1176e-22   1.2404e+01  -1.2705e-15
El      0 Bond2D2                         STEELBAR_bonded                                    BOND                BOND    142    143     63     69     70     64
   0.0000   0.0000   8.2515e-04   3.3881e-21   7.7828e+00   2.0329e-14
El      0 Bond2D2                         STEELBAR_bonded                                    BOND                BOND    142    143     63     69     70     64
   0.0000   0.0000   9.5944e-04   2.5411e-21   3.3175e+00   1.5247e-14
El      0 Bond2D2                         STEELBAR_bonded                                    BOND                BOND    143    144     63     69     70     64
   0.0000   0.0000   1.0594e-03   1.2705e-21   3.0000e+00   7.6233e-15
El      0 Bond2D2                         STEELBAR_bonded                                    BOND                BOND    143    144     69     75     76     70
   0.0000   0.0000   1.1982e-03   0.0000e+00   3.0000e+00   0.0000e+00
El      0 Bond2D2                         STEELBAR_bonded                                    BOND                BOND    144    145     69     75     76     70
   0.0000   0.0000   1.3010e-03   8.4703e-22   3.0000e+00   5.0822e-15
El      0 Bond2D2                         STEELBAR_bonded                                    BOND                BOND    144    145     69     75     76     70
   0.0000   0.0000   1.4434e-03  -6.3527e-22   3.0000e+00  -3.8116e-15
El      0 Bond2D2                         STEELBAR_bonded                                    BOND                BOND    145    146     75     81     82     76
   0.0000   0.0000   1.5490e-03   0.0000e+00   3.0000e+00   0.0000e+00
El      0 Bond2D2                         STEELBAR_bonded                                    BOND                BOND    145    146     75     81     82     76
   0.0000   0.0000   1.6951e-03  -8.4703e-22   3.0000e+00  -5.0822e-15
El      0 Bond2D2                         STEELBAR_bonded                                    BOND                BOND    146    147     75     81     82     76
   0.0000   0.0000   1.8036e-03  -3.1764e-21   3.0000e+00  -1.9058e-14
El      0 Bond2D2                         STEELBAR_bonded                                    BOND                BOND    146    147     81     87     88     82
   0.0000   0.0000   1.9537e-03   0.0000e+00   3.0000e+00   0.0000e+00
El      0 Bond2D2                         STEELBAR_bonded                                    BOND                BOND    147    148     81     87     88     82
   0.0000   0.0000   2.0651e-03   2.5411e-21   3.0000e+00   1.5247e-14
El      0 Bond2D2                         STEELBAR_bonded                                    BOND                BOND    147    148     81     87     88     82
   0.0000   0.0000   2.2191e-03  -5.0822e-21   3.0000e+00  -3.0493e-14
El      0 Bond2D2                         STEELBAR_bonded                                    BOND                BOND    148    149     87     93     94     88
   0.0000   0.0000   2.3334e-03  -3.3881e-21   3.0000e+00  -2.0329e-14
El      0 Bond2D2                         STEELBAR_bonded                                    BOND                BOND    148    149     87     93     94     88
   0.0000   0.0000   2.4917e-03  -1.6941e-21   3.0000e+00  -1.0164e-14
El      0 Bond2D2                         STEELBAR_bonded                                    BOND                BOND    149    150     87     93     94     88
   0.0000   0.0000   2.6089e-03  -8.4703e-22   3.0000e+00  -5.0822e-15
El      0 Bond2D2                         STEELBAR_bonded                                    BOND                BOND    149    150     93     99    100     94
   0.0000   0.0000   2.7712e-03  -1.6941e-21   3.0000e+00  -1.0164e-14
El      0 Bond2D2                         STEELBAR_bonded                                    BOND                BOND    150    151     93     99    100     94
   0.0000   0.0000   2.8915e-03   8.4703e-22   3.0000e+00   5.0822e-15
El      0 Bond2D2                         STEELBAR_bonded                                    BOND                BOND    150    151     93     99    100     94
   0.0000   0.0000   3.0578e-03  -2.9646e-21   3.0000e+00  -1.7788e-14
El      0 Bond2D2                         STEELBAR_bonded                                    BOND                BOND    151    152     99    105    106    100
   0.0000   0.0000   3.1811e-03  -1.6941e-21   3.0000e+00  -1.0164e-14
El      0 Bond2D2                         STEELBAR_bonded                                    BOND                BOND    151    152     99    105    106    100
   0.0000   0.0000   3.3517e-03   0.0000e+00   3.0000e+00   0.0000e+00
El      0 Bond2D2                         STEELBAR_bonded                                    BOND                BOND    152    153     99    105    106    100
   0.0000   0.0000   3.4779e-03  -1.0588e-21   3.0000e+00  -6.3527e-15
El      0 Bond2D2                         STEELBAR_bonded                                    BOND                BOND    152    153    105    111    112    106
   0.0000   0.0000   3.6526e-03  -1.6941e-21   3.0000e+00  -1.0164e-14
El      0 Bond2D2                         STEELBAR_bonded                                    BOND                BOND    153    154    105    111    112    106
   0.0000   0.0000   3.7820e-03   0.0000e+00   3.0000e+00   0.0000e+00
El      0 Bond2D2                         STEELBAR_bonded                                    BOND                BOND    153    154    105    111    112    106
   0.0000   0.0000   3.9607e-03  -2.7529e-21   3.0000e+00  -1.6517e-14
El      0 Bond2D2                         STEELBAR_bonded                                    BOND                BOND    154    155    111    117    118    112
   0.0000   0.0000   4.0932e-03  -1.6941e-21   3.0000e+00  -1.0164e-14
El      0 Bond2D2                         STEELBAR_bonded                                    BOND                BOND    154    155    111    117    118    112
   0.0000   0.0000   4.2764e-03  -1.6941e-21   3.0000e+00  -1.0164e-14
El      0 Bond2D2                         STEELBAR_bonded                                    BOND                BOND    155    156    111    117    118    112
   0.0000   0.0000   4.4119e-03   2.9646e-21   3.0000e+00   1.7788e-14
El      0 Bond2D2                         STEELBAR_bonded                                    BOND                BOND    155    156    117    123    124    118
   0.0000   0.0000   4.5993e-03  -1.6941e-21   3.0000e+00  -1.0164e-14
El      0 Bond2D2                         STEELBAR_bonded                                    BOND                BOND    156    157    117    123    124    118
   0.0000   0.0000   4.7382e-03  -8.4703e-22   3.0000e+00  -5.0822e-15
El      0 Bond2D2                         STEELBAR_bonded                                    BOND                BOND    156    157    117    123    124    118
   0.0000   0.0000   4.9298e-03   2.1176e-21   3.0000e+00   1.2705e-14
