Time   1.0000
El      1    CPS4                                    CONC                                    ISOD           ISODAMAGE      1      7      8      2
   0.1577   0.1577  -7.2980e-08  -4.4811e-08   0.0000e+00  -5.8947e-09  -2.5607e-03  -1.8565e-03   0.0000e+00  -7.3683e-05   5.6432e-10   3.5000e+00
   0.1577   0.0423  -6.9560e-09  -4.4811e-08   0.0000e+00   3.2105e-08  -4.9744e-04  -1.4438e-03   0.0000e+00   4.0132e-04   2.7811e-10   3.5000e+00
   0.0423   0.1577  -7.2980e-08  -6.8108e-09   0.0000e+00   6.0129e-08  -2.3232e-03  -6.6896e-04   0.0000e+00   7.5161e-04   8.2857e-10   3.5000e+00
   0.0423   0.0423  -6.9560e-09  -6.8108e-09   0.0000e+00   9.8129e-08  -2.5994e-04  -2.5631e-04   0.0000e+00   1.2266e-03   1.5204e-08   3.5000e+00
El      2    CPS4                                    CONC                                    ISOD           ISODAMAGE      2      8      9      3
   0.1577   0.3577  -6.8095e-08  -2.5350e-07   0.0000e+00   5.7755e-07  -3.7123e-03  -8.3474e-03   0.0000e+00   7.2194e-03   8.9255e-08   3.5000e+00
   0.1577   0.2423  -8.9362e-08  -2.5350e-07   0.0000e+00   5.8261e-07  -4.3769e-03  -8.4803e-03   0.0000e+00   7.2826e-03   6.9647e-08   3.5000e+00
   0.0423   0.3577  -6.8095e-08  -2.4844e-07   0.0000e+00   5.5628e-07  -3.6807e-03  -8.1894e-03   0.0000e+00   6.9535e-03   7.7075e-08   3.5000e+00
   0.0423   0.2423  -8.9362e-08  -2.4844e-07   0.0000e+00   5.6134e-07  -4.3453e-03  -8.3223e-03   0.0000e+00   7.0167e-03   5.9348e-08   3.5000e+00
El      3    CPS4                                    CONC                                    ISOD           ISODAMAGE      3      9     10      4
   0.1577   0.5577  -3.2431e-09  -5.8341e-07   0.0000e+00   1.6678e-06  -3.7477e-03  -1.8252e-02   0.0000e+00   2.0847e-02   2.2927e-06   3.5000e+00
   0.1577   0.4423  -4.5019e-08  -5.8341e-07   0.0000e+00   1.1579e-06  -5.0532e-03  -1.8513e-02   0.0000e+00   1.4474e-02   5.0451e-07   3.5000e+00
   0.0423   0.5577  -3.2431e-09  -1.0933e-06   0.0000e+00   1.6260e-06  -6.9344e-03  -3.4185e-02   0.0000e+00   2.0325e-02   7.6056e-07   3.5000e+00
   0.0423   0.4423  -4.5019e-08  -1.0933e-06   0.0000e+00   1.1161e-06  -8.2399e-03  -3.4447e-02   0.0000e+00   1.3952e-02   2.2651e-07   3.5000e+00
El      4    CPS4                                    CONC                                    ISOD           ISODAMAGE      4     10     11      5
   0.1577   0.7577  -1.5136e-07  -4.7777e-07   0.0000e+00  -1.4256e-06  -7.7160e-03  -1.5876e-02   0.0000e+00  -1.7819e-02   9.5327e-07   3.5000e+00
   0.1577   0.6423  -3.1737e-08  -4.7777e-07   0.0000e+00  -1.9693e-06  -3.9778e-03  -1.5128e-02   0.0000e+00  -2.4616e-02   4.2454e-06   3.5000e+00
   0.0423   0.7577  -1.5136e-07  -1.0215e-06   0.0000e+00  -1.3059e-06  -1.1115e-02  -3.2869e-02   0.0000e+00  -1.6324e-02   2.3831e-07   3.5000e+00
   0.0423   0.6423  -3.1737e-08  -1.0215e-06   0.0000e+00  -1.8497e-06  -7.3763e-03  -3.2121e-02   0.0000e+00  -2.3121e-02   1.2795e-06   3.5000e+00
El      5    CPS4                                    CONC                                    ISOD           ISODAMAGE      5     11     12      6
   0.1577   0.9577  -1.4012e-07  -8.3930e-08   0.0000e+00  -3.6785e-07  -4.9032e-03  -3.4986e-03   0.0000e+00  -4.5981e-03   2.0536e-08   3.5000e+00
   0.1577   0.8423  -1.8040e-07  -8.3930e-08   0.0000e+00  -4.2354e-07  -6.1621e-03  -3.7503e-03   0.0000e+00  -5.2942e-03   2.6743e-08   3.5000e+00
   0.0423   0.9577  -1.4012e-07  -1.3962e-07   0.0000e+00  -4.0813e-07  -5.2513e-03  -5.2388e-03   0.0000e+00  -5.1016e-03   1.5735e-08   3.5000e+00
   0.0423   0.8423  -1.8040e-07  -1.3962e-07   0.0000e+00  -4.6382e-07  -6.5101e-03  -5.4906e-03   0.0000e+00  -5.7977e-03   2.0493e-08   3.5000e+00
El      6    CPS4                                    CONC                                    ISOD           ISODAMAGE      7     13     14      8
   0.3577   0.1577  -3.4999e-07   2.4262e-08   0.0000e+00   3.1483e-07  -1.0786e-02  -1.4292e-03   0.0000e+00   3.9354e-03   2.2548e-08   3.5000e+00
   0.3577   0.0423  -1.6837e-07   2.4262e-08   0.0000e+00   2.5408e-07  -5.1099e-03  -2.9412e-04   0.0000e+00   3.1760e-03   4.0034e-08   3.5000e+00
   0.2423   0.1577  -3.4999e-07  -3.6485e-08   0.0000e+00   4.9645e-07  -1.1165e-02  -3.3276e-03   0.0000e+00   6.2056e-03   3.4341e-08   3.5000e+00
   0.2423   0.0423  -1.6837e-07  -3.6485e-08   0.0000e+00   4.3570e-07  -5.4896e-03  -2.1925e-03   0.0000e+00   5.4463e-03   8.2533e-08   3.5000e+00
El      7    CPS4                                    CONC                                    ISOD           ISODAMAGE      8     14     15      9
   0.3577   0.3577  -4.4331e-07  -9.7298e-08   0.0000e+00   1.3526e-06  -1.4462e-02  -5.8113e-03   0.0000e+00   1.6907e-02   1.0941e-06   3.5000e+00
   0.3577   0.2423  -4.2366e-07  -9.7298e-08   0.0000e+00   1.2369e-06  -1.3847e-02  -5.6884e-03   0.0000e+00   1.5461e-02   8.2676e-07   3.5000e+00
   0.2423   0.3577  -4.4331e-07  -2.1300e-07   0.0000e+00   1.3722e-06  -1.5185e-02  -9.4269e-03   0.0000e+00   1.7153e-02   6.7863e-07   3.5000e+00
   0.2423   0.2423  -4.2366e-07  -2.1300e-07   0.0000e+00   1.2565e-06  -1.4571e-02  -9.3041e-03   0.0000e+00   1.5707e-02   4.7899e-07   3.5000e+00
El      8    CPS4                                    CONC                                    ISOD           ISODAMAGE      9     15     16     10
   0.3577   0.5577  -2.4240e-07  -3.6253e-07   0.0000e+00   2.0672e-06  -9.8409e-03  -1.2844e-02   0.0000e+00   2.5840e-02   3.7770e-06   3.5000e+00
   0.3577   0.4423  -3.9474e-07  -3.6253e-07   0.0000e+00   2.0422e-06  -1.4602e-02  -1.3796e-02   0.0000e+00   2.5527e-02   2.5456e-06   3.5000e+00
   0.2423   0.5577  -2.4240e-07  -3.8761e-07   0.0000e+00   1.9149e-06  -9.9977e-03  -1.3628e-02   0.0000e+00   2.3936e-02   2.7646e-06   3.5000e+00
   0.2423   0.4423  -3.9474e-07  -3.8761e-07   0.0000e+00   1.8898e-06  -1.4758e-02  -1.4580e-02   0.0000e+00   2.3623e-02   1.7402e-06   3.5000e+00
El      9    CPS4                                    CONC                                    ISOD           ISODAMAGE     10     16     17     11
   0.3577   0.7577  -7.0506e-07  -2.0328e-07   0.0000e+00  -2.6565e-06  -2.3304e-02  -1.0759e-02   0.0000e+00  -3.3206e-02   5.2800e-06   3.5000e+00
   0.3577   0.6423  -3.2555e-07  -2.0328e-07   0.0000e+00  -2.7117e-06  -1.1444e-02  -8.3872e-03   0.0000e+00  -3.3896e-02   9.5881e-06   3.5000e+00
   0.2423   0.7577  -7.0506e-07  -2.5852e-07   0.0000e+00  -2.2770e-06  -2.3649e-02  -1.2485e-02   0.0000e+00  -2.8462e-02   2.6052e-06   3.5000e+00
   0.2423   0.6423  -3.2555e-07  -2.5852e-07   0.0000e+00  -2.3322e-06  -1.1789e-02  -1.0113e-02   0.0000e+00  -2.9153e-02   5.7145e-06   3.5000e+00
El     10    CPS4                                    CONC                                    ISOD           ISODAMAGE     11     17     18     12
   0.3577   0.9577  -7.8787e-07   1.3063e-07   0.0000e+00  -1.0265e-06  -2.3804e-02  -8.4207e-04   0.0000e+00  -1.2831e-02   6.4343e-07   3.5000e+00
   0.3577   0.8423  -8.2894e-07   1.3063e-07   0.0000e+00  -1.1686e-06  -2.5088e-02  -1.0987e-03   0.0000e+00  -1.4608e-02   8.4988e-07   3.5000e+00
   0.2423   0.9577  -7.8787e-07  -1.1518e-08   0.0000e+00  -1.0675e-06  -2.4693e-02  -5.2841e-03   0.0000e+00  -1.3344e-02   2.5208e-07   3.5000e+00
   0.2423   0.8423  -8.2894e-07  -1.1518e-08   0.0000e+00  -1.2097e-06  -2.5976e-02  -5.5408e-03   0.0000e+00  -1.5121e-02   3.8024e-07   3.5000e+00
El     11    CPS4                                    CONC                                    ISOD           ISODAMAGE     13     19     20     14
   0.5577   0.1577  -8.1494e-07   1.2573e-07   0.0000e+00   5.3920e-07  -2.4681e-02  -1.1642e-03   0.0000e+00   6.7400e-03   1.3744e-07   3.5000e+00
   0.5577   0.0423  -5.8453e-07   1.2573e-07   0.0000e+00   4.8120e-07  -1.7481e-02   2.7583e-04   0.0000e+00   6.0150e-03   1.7321e-07   3.5000e+00
   0.4423   0.1577  -8.1494e-07   6.7728e-08   0.0000e+00   7.6961e-07  -2.5044e-02  -2.9769e-03   0.0000e+00   9.6201e-03   1.5761e-07   3.5000e+00
   0.4423   0.0423  -5.8453e-07   6.7728e-08   0.0000e+00   7.1161e-07  -1.7843e-02  -1.5368e-03   0.0000e+00   8.8951e-03   2.1843e-07   3.5000e+00
El     12    CPS4                                    CONC                                    ISOD           ISODAMAGE     14     20     21     15
   0.5577   0.3577  -8.0514e-07  -5.6601e-08   0.0000e+00   1.8844e-06  -2.5514e-02  -6.8009e-03   0.0000e+00   2.3555e-02   1.8860e-06   3.5000e+00
   0.5577   0.2423  -8.7405e-07  -5.6601e-08   0.0000e+00   1.8856e-06  -2.7668e-02  -7.2316e-03   0.0000e+00   2.3570e-02   1.6549e-06   3.5000e+00
   0.4423   0.3577  -8.0514e-07  -5.5391e-08   0.0000e+00   1.8155e-06  -2.5507e-02  -6.7631e-03   0.0000e+00   2.2694e-02   1.6448e-06   3.5000e+00
   0.4423   0.2423  -8.7405e-07  -5.5391e-08   0.0000e+00   1.8167e-06  -2.7660e-02  -7.1938e-03   0.0000e+00   2.2709e-02   1.4361e-06   3.5000e+00
El     13    CPS4                                    CONC                                    ISOD           ISODAMAGE     15     21     22     16
   0.5577   0.5577  -3.2363e-07  -4.8419e-07   0.0000e+00   2.8163e-06  -1.3139e-02  -1.7154e-02   0.0000e+00   3.5203e-02   7.1860e-06   3.5000e+00
   0.5577   0.4423  -6.5766e-07  -4.8419e-07   0.0000e+00   2.9121e-06  -2.3578e-02  -1.9241e-02   0.0000e+00   3.6401e-02   4.6743e-06   3.5000e+00
   0.4423   0.5577  -3.2363e-07  -3.8841e-07   0.0000e+00   2.4823e-06  -1.2541e-02  -1.4160e-02   0.0000e+00   3.1028e-02   5.5591e-06   3.5000e+00
   0.4423   0.4423  -6.5766e-07  -3.8841e-07   0.0000e+00   2.5780e-06  -2.2979e-02  -1.6248e-02   0.0000e+00   3.2225e-02   3.4620e-06   3.5000e+00
El     14    CPS4                                    CONC                                    ISOD           ISODAMAGE     16     22     23     17
   0.5577   0.7577  -1.2480e-06  -3.9882e-07   0.0000e+00  -3.9405e-06  -4.1492e-02  -2.0263e-02   0.0000e+00  -4.9256e-02   8.1527e-06   3.5000e+00
   0.5577   0.6423  -4.8181e-07  -3.9882e-07   0.0000e+00  -3.7825e-06  -1.7549e-02  -1.5474e-02   0.0000e+00  -4.7281e-02   1.6118e-05   3.5000e+00
   0.4423   0.7577  -1.2480e-06  -2.4088e-07   0.0000e+00  -3.1743e-06  -4.0505e-02  -1.5327e-02   0.0000e+00  -3.9679e-02   4.4922e-06   3.5000e+00
   0.4423   0.6423  -4.8181e-07  -2.4088e-07   0.0000e+00  -3.0164e-06  -1.6562e-02  -1.0539e-02   0.0000e+00  -3.7704e-02   1.0066e-05   3.5000e+00
El     15    CPS4                                    CONC                                    ISOD           ISODAMAGE     17     23     24     18
   0.5577   0.9577  -1.9294e-06   3.1587e-07   0.0000e+00  -1.6498e-06  -5.8320e-02  -2.1878e-03   0.0000e+00  -2.0623e-02   1.3523e-06   3.5000e+00
   0.5577   0.8423  -1.6359e-06   3.1587e-07   0.0000e+00  -1.7474e-06  -4.9147e-02  -3.5313e-04   0.0000e+00  -2.1842e-02   1.9724e-06   3.5000e+00
   0.4423   0.9577  -1.9294e-06   2.1835e-07   0.0000e+00  -1.3563e-06  -5.8929e-02  -5.2354e-03   0.0000e+00  -1.6954e-02   6.0699e-07   3.5000e+00
   0.4423   0.8423  -1.6359e-06   2.1835e-07   0.0000e+00  -1.4538e-06  -4.9756e-02  -3.4007e-03   0.0000e+00  -1.8173e-02   8.2618e-07   3.5000e+00
El     16    CPS4                                    CONC                                    ISOD           ISODAMAGE     19     25     26     20
   0.7577   0.1577  -1.4658e-06   2.2552e-07   0.0000e+00   8.1666e-07  -4.4398e-02  -2.1139e-03   0.0000e+00   1.0208e-02   3.4608e-07   3.5000e+00
   0.7577   0.0423  -1.2178e-06   2.2552e-07   0.0000e+00   7.5915e-07  -3.6646e-02  -5.6357e-04   0.0000e+00   9.4894e-03   3.7708e-07   3.5000e+00
   0.6423   0.1577  -1.4658e-06   1.6801e-07   0.0000e+00   1.0647e-06  -4.4757e-02  -3.9110e-03   0.0000e+00   1.3309e-02   3.5985e-07   3.5000e+00
   0.6423   0.0423  -1.2178e-06   1.6801e-07   0.0000e+00   1.0072e-06  -3.7006e-02  -2.3607e-03   0.0000e+00   1.2590e-02   4.0363e-07   3.5000e+00
El     17    CPS4                                    CONC                                    ISOD           ISODAMAGE     20     26     27     21
   0.7577   0.3577  -1.2380e-06  -1.6203e-07   0.0000e+00   2.8254e-06  -3.9700e-02  -1.2801e-02   0.0000e+00   3.5317e-02   3.3725e-06   3.5000e+00
   0.7577   0.2423  -1.4712e-06  -1.6203e-07   0.0000e+00   2.9022e-06  -4.6989e-02  -1.4259e-02   0.0000e+00   3.6278e-02   2.7494e-06   3.5000e+00
   0.6423   0.3577  -1.2380e-06  -8.5174e-08   0.0000e+00   2.5921e-06  -3.9220e-02  -1.0399e-02   0.0000e+00   3.2401e-02   2.9113e-06   3.5000e+00
   0.6423   0.2423  -1.4712e-06  -8.5174e-08   0.0000e+00   2.6690e-06  -4.6509e-02  -1.1857e-02   0.0000e+00   3.3362e-02   2.3825e-06   3.5000e+00
El     18    CPS4                                    CONC                                    ISOD           ISODAMAGE     21     27     28     22
   0.7577   0.5577  -2.5803e-07  -1.0948e-06   0.0000e+00   3.9579e-06  -1.4906e-02  -3.5825e-02   0.0000e+00   4.9473e-02   1.1910e-05   3.5000e+00
   0.7577   0.4423  -9.1291e-07  -1.0948e-06   0.0000e+00   4.3792e-06  -3.5371e-02  -3.9918e-02   0.0000e+00   5.4740e-02   7.2999e-06   3.5000e+00
   0.6423   0.5577  -2.5803e-07  -6.7347e-07   0.0000e+00   3.3030e-06  -1.2272e-02  -2.2658e-02   0.0000e+00   4.1287e-02   1.0293e-05   3.5000e+00
   0.6423   0.4423  -9.1291e-07  -6.7347e-07   0.0000e+00   3.7243e-06  -3.2738e-02  -2.6751e-02   0.0000e+00   4.6554e-02   6.3865e-06   3.5000e+00
El     19    CPS4                                    CONC                                    ISOD           ISODAMAGE     22     28     29     23
   0.7577   0.7577  -2.0740e-06  -5.9688e-07   0.0000e+00  -6.1955e-06  -6.8541e-02  -3.1614e-02   0.0000e+00  -7.7442e-02   1.9197e-05   3.5000e+00
   0.7577   0.6423  -5.6913e-07  -5.9688e-07   0.0000e+00  -6.0928e-06  -2.1515e-02  -2.2209e-02   0.0000e+00  -7.6156e-02   4.8923e-05   3.5000e+00
   0.6423   0.7577  -2.0740e-06  -4.9421e-07   0.0000e+00  -4.6907e-06  -6.7900e-02  -2.8406e-02   0.0000e+00  -5.8633e-02   6.3972e-06   3.5000e+00
   0.6423   0.6423  -5.6913e-07  -4.9421e-07   0.0000e+00  -4.5880e-06  -2.0874e-02  -1.9001e-02   0.0000e+00  -5.7348e-02   2.3803e-05   3.5000e+00
El     20    CPS4                                    CONC                                    ISOD           ISODAMAGE     23     29     30     24
   0.7577   0.9577  -3.5242e-06   5.2187e-07   0.0000e+00  -2.5183e-06  -1.0687e-01  -5.7179e-03   0.0000e+00  -3.1479e-02   2.7646e-06   3.5000e+00
   0.7577   0.8423  -2.8658e-06   5.2187e-07   0.0000e+00  -2.6430e-06  -8.6293e-02  -1.6028e-03   0.0000e+00  -3.3038e-02   4.0449e-06   3.5000e+00
   0.6423   0.9577  -3.5242e-06   3.9720e-07   0.0000e+00  -1.8599e-06  -1.0765e-01  -9.6137e-03   0.0000e+00  -2.3249e-02   1.8030e-06   3.5000e+00
   0.6423   0.8423  -2.8658e-06   3.9720e-07   0.0000e+00  -1.9846e-06  -8.7073e-02  -5.4986e-03   0.0000e+00  -2.4807e-02   1.5801e-06   3.5000e+00
El     21    CPS4                                    CONC                                    ISOD           ISODAMAGE     25     31     32     26
   0.9577   0.1577  -2.4669e-06   3.6997e-07   0.0000e+00   1.3885e-06  -7.4778e-02  -3.8565e-03   0.0000e+00   1.7357e-02   9.5458e-07   3.5000e+00
   0.9577   0.0423  -2.1974e-06   3.6997e-07   0.0000e+00   1.2982e-06  -6.6355e-02  -2.1718e-03   0.0000e+00   1.6227e-02   9.7074e-07   3.5000e+00
   0.8423   0.1577  -2.4669e-06   2.7964e-07   0.0000e+00   1.6581e-06  -7.5343e-02  -6.6795e-03   0.0000e+00   2.0726e-02   9.7103e-07   3.5000e+00
   0.8423   0.0423  -2.1974e-06   2.7964e-07   0.0000e+00   1.5677e-06  -6.6920e-02  -4.9948e-03   0.0000e+00   1.9597e-02   8.8075e-07   3.5000e+00
El     22    CPS4                                    CONC                                    ISOD           ISODAMAGE     26     32     33     27
   0.9577   0.3577  -1.8748e-06  -3.7850e-07   0.0000e+00   4.5611e-06  -6.0952e-02  -2.3545e-02   0.0000e+00   5.7013e-02   8.1872e-06   3.5000e+00
   0.9577   0.2423  -2.3805e-06  -3.7850e-07   0.0000e+00   4.6989e-06  -7.6755e-02  -2.6706e-02   0.0000e+00   5.8736e-02   5.9237e-06   3.5000e+00
   0.8423   0.3577  -1.8748e-06  -2.4063e-07   0.0000e+00   4.0554e-06  -6.0091e-02  -1.9237e-02   0.0000e+00   5.0692e-02   6.2250e-06   3.5000e+00
   0.8423   0.2423  -2.3805e-06  -2.4063e-07   0.0000e+00   4.1933e-06  -7.5893e-02  -2.2397e-02   0.0000e+00   5.2415e-02   4.5006e-06   3.5000e+00
El     23    CPS4                                    CONC                                    ISOD           ISODAMAGE     27     33     34     28
   0.9577   0.5577  -3.1096e-07  -1.7064e-06   0.0000e+00   6.6317e-06  -2.0382e-02  -5.5265e-02   0.0000e+00   8.2893e-02   3.9486e-05   3.5000e+00
   0.9577   0.4423  -1.3203e-06  -1.7064e-06   0.0000e+00   6.9665e-06  -5.1922e-02  -6.1574e-02   0.0000e+00   8.7079e-02   2.1265e-05   3.5000e+00
   0.8423   0.5577  -3.1096e-07  -1.3716e-06   0.0000e+00   5.6224e-06  -1.8289e-02  -4.4804e-02   0.0000e+00   7.0278e-02   2.8594e-05   3.5000e+00
   0.8423   0.4423  -1.3203e-06  -1.3716e-06   0.0000e+00   5.9572e-06  -4.9830e-02  -5.1112e-02   0.0000e+00   7.4464e-02   1.3985e-05   3.5000e+00
El     24    CPS4                                    CONC                                    ISOD           ISODAMAGE     28     34     35     29
   0.9577   0.7577  -3.3109e-06  -1.4064e-06   0.0000e+00  -9.6603e-06  -1.1225e-01  -6.4642e-02   0.0000e+00  -1.2075e-01   3.2493e-05   3.5000e+00
   0.9577   0.6423  -8.4434e-07  -1.4064e-06   0.0000e+00  -9.0951e-06  -3.5173e-02  -4.9224e-02   0.0000e+00  -1.1368e-01   8.8344e-05   3.5000e+00
   0.8423   0.7577  -3.3109e-06  -8.4131e-07   0.0000e+00  -7.1937e-06  -1.0872e-01  -4.6983e-02   0.0000e+00  -8.9921e-02   1.2640e-05   3.5000e+00
   0.8423   0.6423  -8.4434e-07  -8.4131e-07   0.0000e+00  -6.6286e-06  -3.1642e-02  -3.1567e-02   0.0000e+00  -8.2854e-02   4.5385e-05   3.5000e+00
El     25    CPS4                                    CONC                                    ISOD           ISODAMAGE     29     35     36     30
   0.9577   0.9577  -5.9744e-06   8.5419e-07   0.0000e+00  -4.1176e-06  -1.8136e-01  -1.0646e-02   0.0000e+00  -5.1470e-02   7.0998e-06   3.5000e+00
   0.9577   0.8423  -4.6855e-06   8.5419e-07   0.0000e+00  -4.3275e-06  -1.4108e-01  -2.5906e-03   0.0000e+00  -5.4093e-02   1.0862e-05   3.5000e+00
   0.8423   0.9577  -5.9744e-06   6.4432e-07   0.0000e+00  -2.8287e-06  -1.8267e-01  -1.7205e-02   0.0000e+00  -3.5358e-02   4.9991e-06   3.5000e+00
   0.8423   0.8423  -4.6855e-06   6.4432e-07   0.0000e+00  -3.0385e-06  -1.4239e-01  -9.1492e-03   0.0000e+00  -3.7981e-02   3.7367e-06   3.5000e+00
El     26    CPS4                                    CONC                                    ISOD           ISODAMAGE     31     37     38     32
   1.1577   0.1577  -4.0930e-06   6.2916e-07   0.0000e+00   2.4861e-06  -1.2397e-01  -5.9197e-03   0.0000e+00   3.1076e-02   3.0268e-06   3.5000e+00
   1.1577   0.0423  -3.8458e-06   6.2916e-07   0.0000e+00   2.3205e-06  -1.1625e-01  -4.3751e-03   0.0000e+00   2.9007e-02   2.9191e-06   3.5000e+00
   1.0423   0.1577  -4.0930e-06   4.6363e-07   0.0000e+00   2.7332e-06  -1.2501e-01  -1.1093e-02   0.0000e+00   3.4165e-02   2.6648e-06   3.5000e+00
   1.0423   0.0423  -3.8458e-06   4.6363e-07   0.0000e+00   2.5677e-06  -1.1728e-01  -9.5480e-03   0.0000e+00   3.2096e-02   2.3678e-06   3.5000e+00
El     27    CPS4                                    CONC                                    ISOD           ISODAMAGE     32     38     39     33
   1.1577   0.3577  -2.8177e-06  -6.8162e-07   0.0000e+00   7.6089e-06  -9.2310e-02  -3.8910e-02   0.0000e+00   9.5109e-02   2.5929e-05   3.5000e+00
   1.1577   0.2423  -3.8175e-06  -6.8162e-07   0.0000e+00   7.7939e-06  -1.2355e-01  -4.5159e-02   0.0000e+00   9.7422e-02   1.6526e-05   3.5000e+00
   1.0423   0.3577  -2.8177e-06  -4.9667e-07   0.0000e+00   6.6091e-06  -9.1155e-02  -3.3131e-02   0.0000e+00   8.2613e-02   1.7048e-05   3.5000e+00
   1.0423   0.2423  -3.8175e-06  -4.9667e-07   0.0000e+00   6.7941e-06  -1.2240e-01  -3.9380e-02   0.0000e+00   8.4925e-02   1.0573e-05   3.5000e+00
El     28    CPS4                                    CONC                                    ISOD           ISODAMAGE     33     39     40     34
   1.1577   0.5577   5.5487e-08  -3.4396e-06   0.0000e+00   9.8348e-06  -1.9762e-02  -1.0713e-01   0.0000e+00   1.2293e-01   8.3122e-05   3.5000e+00
   1.1577   0.4423  -1.7799e-06  -3.4396e-06   0.0000e+00   1.1014e-05  -7.7117e-02  -1.1861e-01   0.0000e+00   1.3767e-01   4.4292e-05   3.5000e+00
   1.0423   0.5577   5.5487e-08  -2.2605e-06   0.0000e+00   7.9994e-06  -1.2393e-02  -7.0289e-02   0.0000e+00   9.9986e-02   6.8617e-05   3.5000e+00
   1.0423   0.4423  -1.7799e-06  -2.2605e-06   0.0000e+00   9.1785e-06  -6.9748e-02  -8.1762e-02   0.0000e+00   1.1473e-01   3.5709e-05   3.5000e+00
El     29    CPS4                                    CONC                                    ISOD           ISODAMAGE     34     40     41     35
   1.1577   0.7577  -5.3068e-06  -1.9016e-06   0.0000e+00  -1.6096e-05  -1.7770e-01  -9.2582e-02   0.0000e+00  -2.0118e-01   1.1537e-04   3.5000e+00
   1.1577   0.6423  -8.8953e-07  -1.9016e-06   0.0000e+00  -1.5885e-05  -3.9669e-02  -6.4962e-02   0.0000e+00  -1.9849e-01   3.5384e-04   3.5000e+00
   1.0423   0.7577  -5.3068e-06  -1.6905e-06   0.0000e+00  -1.1679e-05  -1.7640e-01  -8.5995e-02   0.0000e+00  -1.4598e-01   2.7285e-05   3.5000e+00
   1.0423   0.6423  -8.8953e-07  -1.6905e-06   0.0000e+00  -1.1468e-05  -3.8358e-02  -5.8380e-02   0.0000e+00  -1.4332e-01   1.5370e-04   3.5000e+00
El     30    CPS4                                    CONC                                    ISOD           ISODAMAGE     35     41     42     36
   1.1577   0.9577  -9.9378e-06   1.3631e-06   0.0000e+00  -6.8275e-06  -3.0203e-01  -1.9515e-02   0.0000e+00  -8.5342e-02   1.8478e-05   3.5000e+00
   1.1577   0.8423  -7.7313e-06   1.3631e-06   0.0000e+00  -7.1438e-06  -2.3308e-01  -5.7241e-03   0.0000e+00  -8.9295e-02   2.8306e-05   3.5000e+00
   1.0423   0.9577  -9.9378e-06   1.0468e-06   0.0000e+00  -4.6210e-06  -3.0401e-01  -2.9399e-02   0.0000e+00  -5.7762e-02   1.3735e-05   3.5000e+00
   1.0423   0.8423  -7.7313e-06   1.0468e-06   0.0000e+00  -4.9373e-06  -2.3506e-01  -1.5608e-02   0.0000e+00  -6.1716e-02   9.7189e-06   3.5000e+00
El     31    CPS4                                    CONC                                    ISOD           ISODAMAGE     37     43     44     38
   1.3577   0.1577  -6.7451e-06   1.1437e-06   0.0000e+00   4.3330e-06  -2.0363e-01  -6.4154e-03   0.0000e+00   5.4162e-02   1.0410e-05   3.5000e+00
   1.3577   0.0423  -6.6438e-06   1.1437e-06   0.0000e+00   4.0007e-06  -2.0047e-01  -5.7826e-03   0.0000e+00   5.0008e-02   9.4472e-06   3.5000e+00
   1.2423   0.1577  -6.7451e-06   8.1139e-07   0.0000e+00   4.4343e-06  -2.0571e-01  -1.6801e-02   0.0000e+00   5.5428e-02   7.2303e-06   3.5000e+00
   1.2423   0.0423  -6.6438e-06   8.1139e-07   0.0000e+00   4.1019e-06  -2.0255e-01  -1.6168e-02   0.0000e+00   5.1274e-02   6.8398e-06   3.5000e+00
El     32    CPS4                                    CONC                                    ISOD           ISODAMAGE     38     44     45     39
   1.3577   0.3577  -4.4219e-06  -8.8811e-07   0.0000e+00   1.2586e-05  -1.4372e-01  -5.5386e-02   0.0000e+00   1.5731e-01   8.6820e-05   3.5000e+00
   1.3577   0.2423  -6.1497e-06  -8.8811e-07   0.0000e+00   1.2687e-05  -1.9772e-01  -6.6186e-02   0.0000e+00   1.5858e-01   5.1359e-05   3.5000e+00
   1.2423   0.3577  -4.4219e-06  -7.8650e-07   0.0000e+00   1.0858e-05  -1.4309e-01  -5.2213e-02   0.0000e+00   1.3572e-01   5.0761e-05   3.5000e+00
   1.2423   0.2423  -6.1497e-06  -7.8650e-07   0.0000e+00   1.0960e-05  -1.9709e-01  -6.3012e-02   0.0000e+00   1.3699e-01   2.7909e-05   3.5000e+00
El     33    CPS4                                    CONC                                    ISOD           ISODAMAGE     39     45     46     40
   1.3577   0.5577   2.2680e-07  -4.4885e-06   0.0000e+00   1.7797e-05  -2.0958e-02  -1.3880e-01   0.0000e+00   2.2238e-01   3.8354e-04   3.5000e+00
   1.3577   0.4423  -2.7133e-06  -4.4885e-06   0.0000e+00   1.8249e-05  -1.1282e-01  -1.5720e-01   0.0000e+00   2.2807e-01   1.8332e-04   3.5000e+00
   1.2423   0.5577   2.2680e-07  -4.0366e-06   0.0000e+00   1.4857e-05  -1.8137e-02  -1.2469e-01   0.0000e+00   1.8567e-01   2.5469e-04   3.5000e+00
   1.2423   0.4423  -2.7133e-06  -4.0366e-06   0.0000e+00   1.5309e-05  -1.1001e-01  -1.4309e-01   0.0000e+00   1.9135e-01   9.9996e-05   3.5000e+00
El     34    CPS4                                    CONC                                    ISOD           ISODAMAGE     40     46     47     41
   1.3577   0.7577  -8.3104e-06  -4.0108e-06   0.0000e+00  -2.5529e-05  -2.8470e-01  -1.7724e-01   0.0000e+00  -3.1904e-01   2.2897e-04   3.5000e+00
   1.3577   0.6423  -1.2729e-06  -4.0108e-06   0.0000e+00  -2.4042e-05  -6.4801e-02  -1.3320e-01   0.0000e+00  -3.0031e-01   6.9695e-04   3.5000e+00
   1.2423   0.7577  -8.3104e-06  -2.5233e-06   0.0000e+00  -1.8492e-05  -2.7545e-01  -1.3078e-01   0.0000e+00  -2.3113e-01   7.5027e-05   3.5000e+00
   1.2423   0.6423  -1.2729e-06  -2.5233e-06   0.0000e+00  -1.7004e-05  -5.5531e-02  -8.6780e-02   0.0000e+00  -2.1248e-01   3.4043e-04   3.5000e+00
El     35    CPS4                                    CONC                                    ISOD           ISODAMAGE     41     47     48     42
   1.3577   0.9577  -1.6558e-05   2.3248e-06   0.0000e+00  -1.1564e-05  -5.0289e-01  -3.0840e-02   0.0000e+00  -1.4454e-01   5.4471e-05   3.5000e+00
   1.3577   0.8423  -1.2406e-05   2.3248e-06   0.0000e+00  -1.2183e-05  -3.7313e-01  -4.8892e-03   0.0000e+00  -1.5227e-01   9.0280e-05   3.5000e+00
   1.2423   0.9577  -1.6558e-05   1.7055e-06   0.0000e+00  -7.4113e-06  -5.0677e-01  -5.0191e-02   0.0000e+00  -9.2637e-02   3.7691e-05   3.5000e+00
   1.2423   0.8423  -1.2406e-05   1.7055e-06   0.0000e+00  -8.0305e-06  -3.7702e-01  -2.4241e-02   0.0000e+00  -1.0038e-01   2.6107e-05   3.5000e+00
El     36    CPS4                                    CONC                                    ISOD           ISODAMAGE     43     49     50     44
   1.5577   0.1577  -1.1033e-05   2.1432e-06   0.0000e+00   6.7500e-06  -3.3138e-01  -1.9814e-03   0.0000e+00   8.4373e-02   3.2877e-05   3.5000e+00
   1.5577   0.0423  -1.1076e-05   2.1432e-06   0.0000e+00   6.1074e-06  -3.3274e-01  -2.2523e-03   0.0000e+00   7.6340e-02   2.9024e-05   3.5000e+00
   1.4423   0.1577  -1.1033e-05   1.5006e-06   0.0000e+00   6.7067e-06  -3.3540e-01  -2.2064e-02   0.0000e+00   8.3832e-02   1.8989e-05   3.5000e+00
   1.4423   0.0423  -1.1076e-05   1.5006e-06   0.0000e+00   6.0641e-06  -3.3676e-01  -2.2334e-02   0.0000e+00   7.5799e-02   1.8419e-05   3.5000e+00
El     37    CPS4                                    CONC                                    ISOD           ISODAMAGE     44     50     51     45
   1.5577   0.3577  -7.2699e-06  -5.0192e-07   0.0000e+00   2.0036e-05  -2.3026e-01  -6.1105e-02   0.0000e+00   2.5038e-01   2.7741e-04   3.5000e+00
   1.5577   0.2423  -1.0013e-05  -5.0192e-07   0.0000e+00   1.9726e-05  -3.1600e-01  -7.8255e-02   0.0000e+00   2.4654e-01   1.5970e-04   3.5000e+00
   1.4423   0.3577  -7.2699e-06  -8.1186e-07   0.0000e+00   1.7293e-05  -2.3222e-01  -7.0797e-02   0.0000e+00   2.1613e-01   1.4550e-04   3.5000e+00
   1.4423   0.2423  -1.0013e-05  -8.1186e-07   0.0000e+00   1.6983e-05  -3.1796e-01  -8.7946e-02   0.0000e+00   2.1227e-01   7.3896e-05   3.5000e+00
El     38    CPS4                                    CONC                                    ISOD           ISODAMAGE     45     51     52     46
   1.5577   0.5577   1.1957e-06  -7.7651e-06   0.0000e+00   2.7062e-05  -1.1157e-02  -2.3497e-01   0.0000e+00   3.3797e-01   9.2296e-04   3.5000e+00
   1.5577   0.4423  -4.2665e-06  -7.7651e-06   0.0000e+00   2.9340e-05  -1.8178e-01  -2.6921e-01   0.0000e+00   3.6659e-01   4.4116e-04   3.5000e+00
   1.4423   0.5577   1.1957e-06  -5.4876e-06   0.0000e+00   2.1600e-05   3.0648e-03  -1.6390e-01   0.0000e+00   2.6982e-01   6.7739e-04   3.5000e+00
   1.4423   0.4423  -4.2665e-06  -5.4876e-06   0.0000e+00   2.3878e-05  -1.6758e-01  -1.9809e-01   0.0000e+00   2.9839e-01   2.8767e-04   3.5000e+00
El     39    CPS4                                    CONC                                    ISOD           ISODAMAGE     46     52     53     47
   1.5577   0.7577  -1.3439e-05  -4.0461e-06   0.0000e+00  -4.2139e-05  -4.4483e-01  -2.1023e-01   0.0000e+00  -5.2623e-01   9.5264e-04   3.5000e+00
   1.5577   0.6423  -1.2621e-06  -4.0461e-06   0.0000e+00  -4.2511e-05  -6.4532e-02  -1.3392e-01   0.0000e+00  -5.2979e-01   3.0164e-03   3.5000e+00
   1.4423   0.7577  -1.3439e-05  -4.4188e-06   0.0000e+00  -2.9962e-05  -4.4750e-01  -2.2204e-01   0.0000e+00  -3.7446e-01   1.8073e-04   3.5000e+00
   1.4423   0.6423  -1.2621e-06  -4.4188e-06   0.0000e+00  -3.0335e-05  -6.6973e-02  -1.4579e-01   0.0000e+00  -3.7871e-01   1.2482e-03   3.5000e+00
El     40    CPS4                                    CONC                                    ISOD           ISODAMAGE     47     53     54     48
   1.5577   0.9577  -2.7305e-05   4.0389e-06   0.0000e+00  -1.8570e-05  -8.2792e-01  -4.4435e-02   0.0000e+00  -2.3209e-01   1.5192e-04   3.5000e+00
   1.5577   0.8423  -2.0417e-05   4.0389e-06   0.0000e+00  -1.9659e-05  -6.1263e-01  -1.3901e-03   0.0000e+00  -2.4568e-01   2.5197e-04   3.5000e+00
   1.4423   0.9577  -2.7305e-05   2.9500e-06   0.0000e+00  -1.1682e-05  -8.3477e-01  -7.8462e-02   0.0000e+00  -1.4601e-01   1.0193e-04   3.5000e+00
   1.4423   0.8423  -2.0417e-05   2.9500e-06   0.0000e+00  -1.2771e-05  -6.1955e-01  -3.5416e-02   0.0000e+00  -1.5962e-01   7.1784e-05   3.5000e+00
El     41    CPS4                                    CONC                                    ISOD           ISODAMAGE     49     55     56     50
   1.7577   0.1577  -1.7578e-05   3.7842e-06   0.0000e+00   8.6212e-06  -5.2563e-01   8.3897e-03   0.0000e+00   1.0776e-01   8.0550e-05   3.5000e+00
   1.7577   0.0423  -1.7207e-05   3.7842e-06   0.0000e+00   7.5921e-06  -5.1402e-01   1.0713e-02   0.0000e+00   9.4895e-02   7.4295e-05   3.5000e+00
   1.6423   0.1577  -1.7578e-05   2.7551e-06   0.0000e+00   8.9929e-06  -5.3208e-01  -2.3766e-02   0.0000e+00   1.1241e-01   4.6390e-05   3.5000e+00
   1.6423   0.0423  -1.7207e-05   2.7551e-06   0.0000e+00   7.9639e-06  -5.2046e-01  -2.1443e-02   0.0000e+00   9.9544e-02   4.3432e-05   3.5000e+00
El     42    CPS4                                    CONC                                    ISOD           ISODAMAGE     50     56     57     51
   1.7577   0.3577  -1.3314e-05   1.5828e-06   0.0000e+00   2.9493e-05  -4.0588e-01  -3.3726e-02   0.0000e+00   3.6840e-01   7.1977e-04   3.5000e+00
   1.7577   0.2423  -1.6535e-05   1.5828e-06   0.0000e+00   2.8050e-05  -5.0661e-01  -5.3859e-02   0.0000e+00   3.5047e-01   4.4973e-04   3.5000e+00
   1.6423   0.3577  -1.3314e-05   1.3973e-07   0.0000e+00   2.6272e-05  -4.1505e-01  -7.8819e-02   0.0000e+00   3.2828e-01   3.5431e-04   3.5000e+00
   1.6423   0.2423  -1.6535e-05   1.3973e-07   0.0000e+00   2.4829e-05  -5.1576e-01  -9.8960e-02   0.0000e+00   3.1030e-01   1.9248e-04   3.5000e+00
El     43    CPS4                                    CONC                                    ISOD           ISODAMAGE     51     57     58     52
   1.7577   0.5577  -1.4854e-07  -6.1655e-06   0.0000e+00   5.1060e-05  -4.2986e-02  -1.9275e-01   0.0000e+00   6.3543e-01   4.4161e-03   3.5000e+00
   1.7577   0.4423  -8.9233e-06  -6.1655e-06   0.0000e+00   4.9279e-05  -3.1675e-01  -2.4794e-01   0.0000e+00   6.1474e-01   2.0192e-03   3.5000e+00
   1.6423   0.5577  -1.4854e-07  -7.9467e-06   0.0000e+00   4.2285e-05  -5.4175e-02  -2.4865e-01   0.0000e+00   5.2726e-01   2.4614e-03   3.5000e+00
   1.6423   0.4423  -8.9233e-06  -7.9467e-06   0.0000e+00   4.0504e-05  -3.2826e-01  -3.0387e-01   0.0000e+00   5.0590e-01   7.8916e-04   3.5000e+00
El     44    CPS4                                    CONC                                    ISOD           ISODAMAGE     52     58     59     53
   1.7577   0.7577  -2.1764e-05  -6.7873e-06   0.0000e+00  -6.3313e-05  -7.2126e-01  -3.4751e-01   0.0000e+00  -7.8999e-01   1.7953e-03   3.5000e+00
   1.7577   0.6423  -3.5893e-06  -6.7873e-06   0.0000e+00  -6.1206e-05  -1.5376e-01  -2.3328e-01   0.0000e+00  -7.6098e-01   5.3474e-03   3.5000e+00
   1.6423   0.7577  -2.1764e-05  -4.6808e-06   0.0000e+00  -4.5138e-05  -7.0903e-01  -2.8216e-01   0.0000e+00  -5.6394e-01   5.0196e-04   3.5000e+00
   1.6423   0.6423  -3.5893e-06  -4.6808e-06   0.0000e+00  -4.3031e-05  -1.4108e-01  -1.6830e-01   0.0000e+00  -5.3658e-01   2.4322e-03   3.5000e+00
El     45    CPS4                                    CONC                                    ISOD           ISODAMAGE     53     59     60     54
   1.7577   0.9577  -4.3924e-05   7.2440e-06   0.0000e+00  -2.8077e-05  -1.3268e+00  -4.8128e-02   0.0000e+00  -3.5081e-01   4.1905e-04   3.5000e+00
   1.7577   0.8423  -3.2572e-05   7.2440e-06   0.0000e+00  -3.0131e-05  -9.7191e-01   2.2786e-02   0.0000e+00  -3.7638e-01   7.0121e-04   3.5000e+00
   1.6423   0.9577  -4.3924e-05   5.1895e-06   0.0000e+00  -1.6725e-05  -1.3398e+00  -1.1232e-01   0.0000e+00  -2.0900e-01   2.6036e-04   3.5000e+00
   1.6423   0.8423  -3.2572e-05   5.1895e-06   0.0000e+00  -1.8779e-05  -9.8525e-01  -4.1395e-02   0.0000e+00  -2.3469e-01   1.8872e-04   3.5000e+00
El     46    CPS4                                    CONC                                    ISOD           ISODAMAGE     55     61     62     56
   1.9577   0.1577  -2.6523e-05   5.6933e-06   0.0000e+00   8.1711e-06  -7.9314e-01   1.2146e-02   0.0000e+00   1.0212e-01   1.3760e-04   3.5000e+00
   1.9577   0.0423  -2.4217e-05   5.6933e-06   0.0000e+00   7.0493e-06  -7.2110e-01   2.6554e-02   0.0000e+00   8.8104e-02   1.3935e-04   3.5000e+00
   1.8423   0.1577  -2.6523e-05   4.5714e-06   0.0000e+00   1.0477e-05  -8.0018e-01  -2.2907e-02   0.0000e+00   1.3095e-01   1.0111e-04   3.5000e+00
   1.8423   0.0423  -2.4217e-05   4.5714e-06   0.0000e+00   9.3548e-06  -7.2814e-01  -8.4988e-03   0.0000e+00   1.1692e-01   9.7423e-05   3.5000e+00
El     47    CPS4                                    CONC                                    ISOD           ISODAMAGE     56     62     63     57
   1.9577   0.3577  -2.4984e-05   5.2558e-06   0.0000e+00   3.7098e-05  -7.4705e-01   8.0871e-03   0.0000e+00   4.6320e-01   1.1264e-03   3.5000e+00
   1.9577   0.2423  -2.6728e-05   5.2558e-06   0.0000e+00   3.4796e-05  -8.0171e-01  -2.8040e-03   0.0000e+00   4.3457e-01   8.6723e-04   3.5000e+00
   1.8423   0.3577  -2.4984e-05   2.9537e-06   0.0000e+00   3.5354e-05  -7.6179e-01  -6.3805e-02   0.0000e+00   4.4164e-01   6.4061e-04   3.5000e+00
   1.8423   0.2423  -2.6728e-05   2.9537e-06   0.0000e+00   3.3051e-05  -8.1641e-01  -7.4714e-02   0.0000e+00   4.1295e-01   4.6306e-04   3.5000e+00
El     48    CPS4                                    CONC                                    ISOD           ISODAMAGE     57     63     64     58
   1.9577   0.5577  -5.1562e-06  -6.3780e-06   0.0000e+00   7.4520e-05  -1.9932e-01  -2.2961e-01   0.0000e+00   9.2376e-01   8.3100e-03   3.5000e+00
   1.9577   0.4423  -1.9203e-05  -6.3780e-06   0.0000e+00   7.5153e-05  -6.3728e-01  -3.1799e-01   0.0000e+00   9.3547e-01   4.1991e-03   3.5000e+00
   1.8423   0.5577  -5.1562e-06  -5.7452e-06   0.0000e+00   6.0473e-05  -1.9605e-01  -2.1070e-01   0.0000e+00   7.5213e-01   5.0067e-03   3.5000e+00
   1.8423   0.4423  -1.9203e-05  -5.7452e-06   0.0000e+00   6.1106e-05  -6.3470e-01  -2.9894e-01   0.0000e+00   7.6224e-01   2.0674e-03   3.5000e+00
El     49    CPS4                                    CONC                                    ISOD           ISODAMAGE     58     64     65     59
   1.9577   0.7577  -3.7566e-05  -2.5071e-08   0.0000e+00  -9.6930e-05  -1.1660e+00  -2.3395e-01   0.0000e+00  -1.2033e+00   6.8756e-03   3.5000e+00
   1.9577   0.6423  -1.0077e-05  -2.5071e-08   0.0000e+00  -1.0244e-04  -3.0905e-01  -6.2547e-02   0.0000e+00  -1.2562e+00   1.9043e-02   3.5000e+00
   1.8423   0.7577  -3.7566e-05  -5.5399e-06   0.0000e+00  -6.9440e-05  -1.2072e+00  -4.0745e-01   0.0000e+00  -8.6702e-01   1.1320e-03   3.5000e+00
   1.8423   0.6423  -1.0077e-05  -5.5399e-06   0.0000e+00  -7.4955e-05  -3.4708e-01  -2.3445e-01   0.0000e+00  -9.3041e-01   6.9613e-03   3.5000e+00
El     50    CPS4                                    CONC                                    ISOD           ISODAMAGE     59     65     66     60
   1.9577   0.9577  -6.6877e-05   1.2777e-05   0.0000e+00  -3.6129e-05  -2.0080e+00  -1.8685e-02   0.0000e+00  -4.5116e-01   1.0095e-03   3.5000e+00
   1.9577   0.8423  -5.2786e-05   1.2777e-05   0.0000e+00  -3.9629e-05  -1.5674e+00   6.9261e-02   0.0000e+00  -4.9462e-01   1.4983e-03   3.5000e+00
   1.8423   0.9577  -6.6877e-05   9.2771e-06   0.0000e+00  -2.2038e-05  -2.0307e+00  -1.2799e-01   0.0000e+00  -2.7532e-01   6.0287e-04   3.5000e+00
   1.8423   0.8423  -5.2786e-05   9.2771e-06   0.0000e+00  -2.5538e-05  -1.5908e+00  -3.9984e-02   0.0000e+00  -3.1907e-01   4.8119e-04   3.5000e+00
El     51    CPS4                                    CONC                                    ISOD           ISODAMAGE     61     67     68     62
   2.1577   0.1577  -3.6943e-05   7.2901e-06   0.0000e+00   5.6734e-06  -1.1087e+00  -3.0766e-03   0.0000e+00   7.0904e-02   1.8892e-04   3.5000e+00
   2.1577   0.0423  -3.1004e-05   7.2901e-06   0.0000e+00   4.8050e-06  -9.2313e-01   3.4032e-02   0.0000e+00   6.0051e-02   2.0242e-04   3.5000e+00
   2.0423   0.1577  -3.6943e-05   6.4217e-06   0.0000e+00   1.1612e-05  -1.1141e+00  -3.0207e-02   0.0000e+00   1.4512e-01   1.8998e-04   3.5000e+00
   2.0423   0.0423  -3.1004e-05   6.4217e-06   0.0000e+00   1.0744e-05  -9.2857e-01   6.9018e-03   0.0000e+00   1.3427e-01   1.8276e-04   3.5000e+00
El     52    CPS4                                    CONC                                    ISOD           ISODAMAGE     62     68     69     63
   2.1577   0.3577  -4.4044e-05   9.1930e-06   0.0000e+00   3.9124e-05  -1.3173e+00   1.1990e-02   0.0000e+00   4.8844e-01   1.2489e-03   3.5000e+00
   2.1577   0.2423  -4.0437e-05   9.1930e-06   0.0000e+00   3.6859e-05  -1.2049e+00   3.4514e-02   0.0000e+00   4.6023e-01   1.0927e-03   3.5000e+00
   2.0423   0.3577  -4.4044e-05   6.9276e-06   0.0000e+00   4.2731e-05  -1.3319e+00  -5.8735e-02   0.0000e+00   5.3367e-01   8.9039e-04   3.5000e+00
   2.0423   0.2423  -4.0437e-05   6.9276e-06   0.0000e+00   4.0466e-05  -1.2193e+00  -3.6208e-02   0.0000e+00   5.0537e-01   8.9423e-04   3.5000e+00
El     53    CPS4                                    CONC                                    ISOD           ISODAMAGE     63     69     70     64
   2.1577   0.5577  -3.1391e-05   7.5464e-06   0.0000e+00   1.1496e-04  -9.1617e-01   3.8885e-02   0.0000e+00   1.4099e+00   1.8873e-02   3.5000e+00
   2.1577   0.4423  -4.1620e-05   7.5464e-06   0.0000e+00   1.0459e-04  -1.2390e+00  -2.4020e-02   0.0000e+00   1.2923e+00   1.1562e-02   3.5000e+00
   2.0423   0.5577  -3.1391e-05  -2.8165e-06   0.0000e+00   1.0473e-04  -9.8925e-01  -2.8156e-01   0.0000e+00   1.2969e+00   9.3305e-03   3.5000e+00
   2.0423   0.4423  -4.1620e-05  -2.8165e-06   0.0000e+00   9.4366e-05  -1.3123e+00  -3.4658e-01   0.0000e+00   1.1743e+00   4.4934e-03   3.5000e+00
El     54    CPS4                                    CONC                                    ISOD           ISODAMAGE     64     70     71     65
   2.1577   0.7577  -6.5051e-05   6.1289e-06   0.0000e+00  -1.2245e-04  -1.9754e+00  -2.1297e-01   0.0000e+00  -1.5159e+00   9.6201e-03   3.5000e+00
   2.1577   0.6423  -3.7669e-05   6.1289e-06   0.0000e+00  -1.2547e-04  -1.1168e+00  -4.3055e-02   0.0000e+00  -1.5381e+00   1.9342e-02   3.5000e+00
   2.0423   0.7577  -6.5051e-05   3.1016e-06   0.0000e+00  -9.5065e-05  -2.0068e+00  -3.0862e-01   0.0000e+00  -1.1844e+00   3.3257e-03   3.5000e+00
   2.0423   0.6423  -3.7669e-05   3.1016e-06   0.0000e+00  -9.8093e-05  -1.1479e+00  -1.3733e-01   0.0000e+00  -1.2157e+00   8.5272e-03   3.5000e+00
El     55    CPS4                                    CONC                                    ISOD           ISODAMAGE     65     71     72     66
   2.1577   0.9577  -9.4066e-05   1.8850e-05   0.0000e+00  -3.9229e-05  -2.8168e+00   1.1366e-03   0.0000e+00  -4.8951e-01   1.7469e-03   3.5000e+00
   2.1577   0.8423  -8.0163e-05   1.8850e-05   0.0000e+00  -4.2737e-05  -2.3821e+00   8.7841e-02   0.0000e+00  -5.3305e-01   2.1768e-03   3.5000e+00
   2.0423   0.9577  -9.4066e-05   1.5342e-05   0.0000e+00  -2.5326e-05  -2.8403e+00  -1.0835e-01   0.0000e+00  -3.1620e-01   1.1975e-03   3.5000e+00
   2.0423   0.8423  -8.0163e-05   1.5342e-05   0.0000e+00  -2.8834e-05  -2.4067e+00  -2.1564e-02   0.0000e+00  -3.6005e-01   1.0521e-03   3.5000e+00
El     56    CPS4                                    CONC                                    ISOD           ISODAMAGE     67     73     74     68
   2.3577   0.1577  -4.8171e-05   8.7446e-06   0.0000e+00   3.7692e-06  -1.4502e+00  -2.7790e-02   0.0000e+00   4.7101e-02   3.0795e-04   3.5000e+00
   2.3577   0.0423  -3.7597e-05   8.7446e-06   0.0000e+00   2.9371e-06  -1.1199e+00   3.8278e-02   0.0000e+00   3.6703e-02   2.7899e-04   3.5000e+00
   2.2423   0.1577  -4.8171e-05   7.9125e-06   0.0000e+00   1.4343e-05  -1.4554e+00  -5.3786e-02   0.0000e+00   1.7923e-01   3.1767e-04   3.5000e+00
   2.2423   0.0423  -3.7597e-05   7.9125e-06   0.0000e+00   1.3511e-05  -1.1251e+00   1.2280e-02   0.0000e+00   1.6884e-01   2.8355e-04   3.5000e+00
El     57    CPS4                                    CONC                                    ISOD           ISODAMAGE     68     74     75     69
   2.3577   0.3577  -6.5862e-05   1.1589e-05   0.0000e+00   3.7156e-05  -1.9834e+00  -4.9419e-02   0.0000e+00   4.6391e-01   1.1590e-03   3.5000e+00
   2.3577   0.2423  -5.5744e-05   1.1589e-05   0.0000e+00   3.6009e-05  -1.6679e+00   1.3742e-02   0.0000e+00   4.4965e-01   1.0374e-03   3.5000e+00
   2.2423   0.3577  -6.5862e-05   1.0442e-05   0.0000e+00   4.7273e-05  -1.9908e+00  -8.5231e-02   0.0000e+00   5.9028e-01   1.0716e-03   3.5000e+00
   2.2423   0.2423  -5.5744e-05   1.0442e-05   0.0000e+00   4.6126e-05  -1.6746e+00  -2.2061e-02   0.0000e+00   5.7584e-01   1.2785e-03   3.5000e+00
El     58    CPS4                                    CONC                                    ISOD           ISODAMAGE     69     75     76     70
   2.3577   0.5577  -8.5685e-05   1.5678e-05   0.0000e+00   1.0553e-04  -2.5463e+00  -4.4990e-02   0.0000e+00   1.3021e+00   1.2917e-02   3.5000e+00
   2.3577   0.4423  -7.3884e-05   1.5678e-05   0.0000e+00   1.0235e-04  -2.1905e+00   2.7916e-02   0.0000e+00   1.2676e+00   9.2310e-03   3.5000e+00
   2.2423   0.5577  -8.5685e-05   1.2502e-05   0.0000e+00   1.1733e-04  -2.5778e+00  -1.4363e-01   0.0000e+00   1.4544e+00   8.3552e-03   3.5000e+00
   2.2423   0.4423  -7.3884e-05   1.2502e-05   0.0000e+00   1.1415e-04  -2.2103e+00  -7.0433e-02   0.0000e+00   1.4138e+00   9.1640e-03   3.5000e+00
El     59    CPS4                                    CONC                                    ISOD           ISODAMAGE     70     76     77     71
   2.3577   0.7577  -1.0481e-04   2.6276e-05   0.0000e+00  -1.3205e-04  -3.0604e+00   1.6338e-01   0.0000e+00  -1.6238e+00   1.6242e-02   3.5000e+00
   2.3577   0.6423  -9.3970e-05   2.6276e-05   0.0000e+00  -1.4599e-04  -2.6889e+00   2.2676e-01   0.0000e+00  -1.7700e+00   3.0088e-02   3.5000e+00
   2.2423   0.7577  -1.0481e-04   1.2338e-05   0.0000e+00  -1.2122e-04  -3.1786e+00  -2.6782e-01   0.0000e+00  -1.5060e+00   6.0824e-03   3.5000e+00
   2.2423   0.6423  -9.3970e-05   1.2338e-05   0.0000e+00  -1.3515e-04  -2.8285e+00  -1.9955e-01   0.0000e+00  -1.6711e+00   1.0843e-02   3.5000e+00
El     60    CPS4                                    CONC                                    ISOD           ISODAMAGE     71     77     78     72
   2.3577   0.9577  -1.2303e-04   2.4722e-05   0.0000e+00  -3.9568e-05  -3.6806e+00   3.6117e-03   0.0000e+00  -4.9331e-01   2.5980e-03   3.5000e+00
   2.3577   0.8423  -1.1259e-04   2.4722e-05   0.0000e+00  -4.2926e-05  -3.3543e+00   6.8659e-02   0.0000e+00  -5.3503e-01   2.8830e-03   3.5000e+00
   2.2423   0.9577  -1.2303e-04   2.1363e-05   0.0000e+00  -2.9130e-05  -3.7036e+00  -1.0114e-01   0.0000e+00  -3.6337e-01   2.0511e-03   3.5000e+00
   2.2423   0.8423  -1.1259e-04   2.1363e-05   0.0000e+00  -3.2488e-05  -3.3788e+00  -3.6041e-02   0.0000e+00  -4.0536e-01   1.8429e-03   3.5000e+00
El     61    CPS4                                    CONC                                    ISOD           ISODAMAGE     73     79     80     74
   2.5577   0.1577  -6.0349e-05   1.0785e-05   0.0000e+00   3.8463e-06  -1.8176e+00  -4.0139e-02   0.0000e+00   4.8056e-02   4.8108e-04   3.5000e+00
   2.5577   0.0423  -4.5290e-05   1.0785e-05   0.0000e+00   2.5759e-06  -1.3473e+00   5.3937e-02   0.0000e+00   3.2185e-02   4.2739e-04   3.5000e+00
   2.4423   0.1577  -6.0349e-05   9.5142e-06   0.0000e+00   1.8905e-05  -1.8255e+00  -7.9820e-02   0.0000e+00   2.3620e-01   4.9780e-04   3.5000e+00
   2.4423   0.0423  -4.5290e-05   9.5142e-06   0.0000e+00   1.7635e-05  -1.3553e+00   1.4253e-02   0.0000e+00   2.2034e-01   4.2866e-04   3.5000e+00
El     62    CPS4                                    CONC                                    ISOD           ISODAMAGE     74     80     81     75
   2.5577   0.3577  -8.7418e-05   1.6066e-05   0.0000e+00   3.9065e-05  -2.6279e+00  -4.4233e-02   0.0000e+00   4.8766e-01   1.3370e-03   3.5000e+00
   2.5577   0.2423  -7.1637e-05   1.6066e-05   0.0000e+00   3.6094e-05  -2.1350e+00   5.4259e-02   0.0000e+00   4.5051e-01   1.4929e-03   3.5000e+00
   2.4423   0.3577  -8.7418e-05   1.3096e-05   0.0000e+00   5.4846e-05  -2.6463e+00  -1.3692e-01   0.0000e+00   6.8462e-01   1.3924e-03   3.5000e+00
   2.4423   0.2423  -7.1637e-05   1.3096e-05   0.0000e+00   5.1876e-05  -2.1534e+00  -3.8416e-02   0.0000e+00   6.4741e-01   1.6011e-03   3.5000e+00
El     63    CPS4                                    CONC                                    ISOD           ISODAMAGE     75     81     82     76
   2.5577   0.5577  -1.3778e-04   3.1566e-05   0.0000e+00   9.4849e-05  -4.0314e+00   1.2300e-01   0.0000e+00   1.1634e+00   1.8698e-02   3.5000e+00
   2.5577   0.4423  -1.0514e-04   3.1566e-05   0.0000e+00   8.4069e-05  -3.0478e+00   3.2500e-01   0.0000e+00   1.0371e+00   1.3126e-02   3.5000e+00
   2.4423   0.5577  -1.3778e-04   2.0787e-05   0.0000e+00   1.2749e-04  -4.1358e+00  -2.0951e-01   0.0000e+00   1.5784e+00   9.5310e-03   3.5000e+00
   2.4423   0.4423  -1.0514e-04   2.0787e-05   0.0000e+00   1.1671e-04  -3.1260e+00  -7.4728e-03   0.0000e+00   1.4451e+00   9.4232e-03   3.5000e+00
El     64    CPS4                                    CONC                                    ISOD           ISODAMAGE     76     82     83     77
   2.5577   0.7577  -1.4196e-04   2.9698e-05   0.0000e+00  -1.0797e-04  -4.2030e+00   4.0355e-02   0.0000e+00  -1.3344e+00   1.1207e-02   3.5000e+00
   2.5577   0.6423  -1.4764e-04   2.9698e-05   0.0000e+00  -1.0674e-04  -4.3435e+00   5.1880e-03   0.0000e+00  -1.3087e+00   1.9148e-02   3.5000e+00
   2.4423   0.7577  -1.4196e-04   3.0927e-05   0.0000e+00  -1.1365e-04  -4.2009e+00   7.8439e-02   0.0000e+00  -1.4066e+00   9.8997e-03   3.5000e+00
   2.4423   0.6423  -1.4764e-04   3.0927e-05   0.0000e+00  -1.1242e-04  -4.3798e+00   4.3297e-02   0.0000e+00  -1.3923e+00   9.2252e-03   3.5000e+00
El     65    CPS4                                    CONC                                    ISOD           ISODAMAGE     77     83     84     78
   2.5577   0.9577  -1.5453e-04   3.1433e-05   0.0000e+00  -4.2412e-05  -4.6144e+00   1.6372e-02   0.0000e+00  -5.2805e-01   3.9615e-03   3.5000e+00
   2.5577   0.8423  -1.4381e-04   3.1433e-05   0.0000e+00  -4.6425e-05  -4.2790e+00   8.3128e-02   0.0000e+00  -5.7782e-01   4.2886e-03   3.5000e+00
   2.4423   0.9577  -1.5453e-04   2.7420e-05   0.0000e+00  -3.1685e-05  -4.6428e+00  -1.0861e-01   0.0000e+00  -3.9478e-01   3.2204e-03   3.5000e+00
   2.4423   0.8423  -1.4381e-04   2.7420e-05   0.0000e+00  -3.5697e-05  -4.3101e+00  -4.1788e-02   0.0000e+00  -4.4492e-01   2.8923e-03   3.5000e+00
El     66    CPS4                                    CONC                                    ISOD           ISODAMAGE     79     85     86     80
   2.7577   0.1577  -7.3058e-05   1.3405e-05   0.0000e+00   4.1636e-06  -2.1977e+00  -3.7694e-02   0.0000e+00   5.2008e-02   7.0854e-04   3.5000e+00
   2.7577   0.0423  -5.4787e-05   1.3405e-05   0.0000e+00   2.5861e-06  -1.6272e+00   7.6426e-02   0.0000e+00   3.2304e-02   6.6966e-04   3.5000e+00
   2.6423   0.1577  -7.3058e-05   1.1827e-05   0.0000e+00   2.2435e-05  -2.2075e+00  -8.6955e-02   0.0000e+00   2.8024e-01   7.3114e-04   3.5000e+00
   2.6423   0.0423  -5.4787e-05   1.1827e-05   0.0000e+00   2.0858e-05  -1.6371e+00   2.7161e-02   0.0000e+00   2.6055e-01   6.5733e-04   3.5000e+00
El     67    CPS4                                    CONC                                    ISOD           ISODAMAGE     80     86     87     81
   2.7577   0.3577  -1.0747e-04   2.0865e-05   0.0000e+00   3.6123e-05  -3.2219e+00  -1.9592e-02   0.0000e+00   4.5069e-01   1.8804e-03   3.5000e+00
   2.7577   0.2423  -8.7174e-05   2.0865e-05   0.0000e+00   3.3406e-05  -2.5883e+00   1.0698e-01   0.0000e+00   4.1669e-01   2.1158e-03   3.5000e+00
   2.6423   0.3577  -1.0747e-04   1.8148e-05   0.0000e+00   5.6416e-05  -3.2384e+00  -1.0433e-01   0.0000e+00   7.0378e-01   2.0194e-03   3.5000e+00
   2.6423   0.2423  -8.7174e-05   1.8148e-05   0.0000e+00   5.3699e-05  -2.6046e+00   2.2236e-02   0.0000e+00   6.6966e-01   2.3525e-03   3.5000e+00
El     68    CPS4                                    CONC                                    ISOD           ISODAMAGE     81     87     88     82
   2.7577   0.5577  -1.4546e-04   2.6595e-05   0.0000e+00   5.9162e-05  -4.3228e+00  -7.6995e-02   0.0000e+00   7.2999e-01   1.2900e-02   3.5000e+00
   2.7577   0.4423  -1.2308e-04   2.6595e-05   0.0000e+00   6.5690e-05  -3.6459e+00   6.1253e-02   0.0000e+00   8.1347e-01   9.3141e-03   3.5000e+00
   2.6423   0.5577  -1.4546e-04   3.3123e-05   0.0000e+00   8.1535e-05  -4.3024e+00   1.2493e-01   0.0000e+00   1.0107e+00   8.3342e-03   3.5000e+00
   2.6423   0.4423  -1.2308e-04   3.3123e-05   0.0000e+00   8.8062e-05  -3.5995e+00   2.6291e-01   0.0000e+00   1.0887e+00   1.0942e-02   3.5000e+00
El     69    CPS4                                    CONC                                    ISOD           ISODAMAGE     82     88     89     83
   2.7577   0.7577  -1.6837e-04   4.1427e-05   0.0000e+00  -1.0627e-04  -4.9212e+00   2.3831e-01   0.0000e+00  -1.3067e+00   1.6292e-02   3.5000e+00
   2.7577   0.6423  -1.5759e-04   4.1427e-05   0.0000e+00  -1.1518e-04  -4.5235e+00   3.0018e-01   0.0000e+00  -1.3958e+00   3.0512e-02   3.5000e+00
   2.6423   0.7577  -1.6837e-04   3.2511e-05   0.0000e+00  -9.5487e-05  -5.0183e+00  -3.6052e-02   0.0000e+00  -1.1841e+00   7.9271e-03   3.5000e+00
   2.6423   0.6423  -1.5759e-04   3.2511e-05   0.0000e+00  -1.0440e-04  -4.6703e+00   3.0693e-02   0.0000e+00  -1.2909e+00   1.0850e-02   3.5000e+00
El     70    CPS4                                    CONC                                    ISOD           ISODAMAGE     83     89     90     84
   2.7577   0.9577  -1.8786e-04   3.9066e-05   0.0000e+00  -4.3141e-05  -5.5935e+00   4.6436e-02   0.0000e+00  -5.3611e-01   5.8550e-03   3.5000e+00
   2.7577   0.8423  -1.7648e-04   3.9066e-05   0.0000e+00  -4.7654e-05  -5.2380e+00   1.1709e-01   0.0000e+00  -5.9196e-01   6.2365e-03   3.5000e+00
   2.6423   0.9577  -1.8786e-04   3.4553e-05   0.0000e+00  -3.1763e-05  -5.6278e+00  -9.3876e-02   0.0000e+00  -3.9516e-01   4.7517e-03   3.5000e+00
   2.6423   0.8423  -1.7648e-04   3.4553e-05   0.0000e+00  -3.6276e-05  -5.2757e+00  -2.3110e-02   0.0000e+00  -4.5146e-01   4.4118e-03   3.5000e+00
El     71    CPS4                                    CONC                                    ISOD           ISODAMAGE     85     91     92     86
   2.9577   0.1577  -8.5441e-05   1.5959e-05   0.0000e+00   2.8777e-06  -2.5678e+00  -3.5241e-02   0.0000e+00   3.5937e-02   9.7144e-04   3.5000e+00
   2.9577   0.0423  -6.5066e-05   1.5959e-05   0.0000e+00   1.4302e-06  -1.9317e+00   9.1982e-02   0.0000e+00   1.7860e-02   9.4724e-04   3.5000e+00
   2.8423   0.1577  -8.5441e-05   1.4512e-05   0.0000e+00   2.3253e-05  -2.5768e+00  -8.0430e-02   0.0000e+00   2.9037e-01   9.9641e-04   3.5000e+00
   2.8423   0.0423  -6.5066e-05   1.4512e-05   0.0000e+00   2.1805e-05  -1.9408e+00   4.6790e-02   0.0000e+00   2.7231e-01   9.3639e-04   3.5000e+00
El     72    CPS4                                    CONC                                    ISOD           ISODAMAGE     86     92     93     87
   2.9577   0.3577  -1.2230e-04   2.4577e-05   0.0000e+00   3.1485e-05  -3.6596e+00   3.6461e-03   0.0000e+00   3.9263e-01   2.3702e-03   3.5000e+00
   2.9577   0.2423  -1.0078e-04   2.4577e-05   0.0000e+00   2.9496e-05  -2.9878e+00   1.3782e-01   0.0000e+00   3.6773e-01   2.6421e-03   3.5000e+00
   2.8423   0.3577  -1.2230e-04   2.2588e-05   0.0000e+00   5.3009e-05  -3.6713e+00  -5.8358e-02   0.0000e+00   6.6091e-01   2.5766e-03   3.5000e+00
   2.8423   0.2423  -1.0078e-04   2.2588e-05   0.0000e+00   5.1020e-05  -2.9992e+00   7.5792e-02   0.0000e+00   6.3586e-01   2.9611e-03   3.5000e+00
El     73    CPS4                                    CONC                                    ISOD           ISODAMAGE     87     93     94     88
   2.9577   0.5577  -1.5873e-04   3.8073e-05   0.0000e+00   7.7132e-05  -4.6315e+00   1.9391e-01   0.0000e+00   9.4559e-01   1.9253e-02   3.5000e+00
   2.9577   0.4423  -1.3783e-04   3.8073e-05   0.0000e+00   6.6981e-05  -4.0148e+00   3.2396e-01   0.0000e+00   8.2606e-01   1.3375e-02   3.5000e+00
   2.8423   0.5577  -1.5873e-04   2.7922e-05   0.0000e+00   9.8033e-05  -4.7397e+00  -1.1836e-01   0.0000e+00   1.2136e+00   9.6475e-03   3.5000e+00
   2.8423   0.4423  -1.3783e-04   2.7922e-05   0.0000e+00   8.7882e-05  -4.0940e+00   1.1014e-02   0.0000e+00   1.0882e+00   9.3656e-03   3.5000e+00
El     74    CPS4                                    CONC                                    ISOD           ISODAMAGE     88     94     95     89
   2.9577   0.7577  -1.8899e-04   3.4207e-05   0.0000e+00  -9.4670e-05  -5.6280e+00  -1.1097e-01   0.0000e+00  -1.1700e+00   1.1287e-02   3.5000e+00
   2.9577   0.6423  -1.7244e-04   3.4207e-05   0.0000e+00  -8.6996e-05  -5.0743e+00  -8.6105e-03   0.0000e+00  -1.0663e+00   1.9458e-02   3.5000e+00
   2.8423   0.7577  -1.8899e-04   4.1881e-05   0.0000e+00  -7.8117e-05  -5.5884e+00   1.2631e-01   0.0000e+00  -9.6680e-01   9.8905e-03   3.5000e+00
   2.8423   0.6423  -1.7244e-04   4.1881e-05   0.0000e+00  -7.0443e-05  -5.0794e+00   2.2888e-01   0.0000e+00  -8.7236e-01   9.2896e-03   3.5000e+00
El     75    CPS4                                    CONC                                    ISOD           ISODAMAGE     89     95     96     90
   2.9577   0.9577  -2.1988e-04   4.4212e-05   0.0000e+00  -4.2724e-05  -6.5475e+00   7.3252e-03   0.0000e+00  -5.3021e-01   7.1834e-03   3.5000e+00
   2.9577   0.8423  -2.0170e-04   4.4212e-05   0.0000e+00  -4.5281e-05  -5.9812e+00   1.2006e-01   0.0000e+00  -5.6172e-01   7.5890e-03   3.5000e+00
   2.8423   0.9577  -2.1988e-04   4.1654e-05   0.0000e+00  -2.4548e-05  -6.5680e+00  -7.2075e-02   0.0000e+00  -3.0486e-01   6.4811e-03   3.5000e+00
   2.8423   0.8423  -2.0170e-04   4.1654e-05   0.0000e+00  -2.7106e-05  -6.0057e+00   4.0800e-02   0.0000e+00  -3.3674e-01   6.1508e-03   3.5000e+00
El     76    CPS4                                    CONC                                    ISOD           ISODAMAGE     91     97     98     92
   3.1577   0.1577  -9.6526e-05   1.8047e-05   0.0000e+00   2.5292e-07  -2.9000e+00  -3.9256e-02   0.0000e+00   3.1576e-03   1.2391e-03   3.5000e+00
   3.1577   0.0423  -7.4580e-05   1.8047e-05   0.0000e+00  -8.8774e-07  -2.2152e+00   9.7738e-02   0.0000e+00  -1.1083e-02   1.2002e-03   3.5000e+00
   3.0423   0.1577  -9.6526e-05   1.6907e-05   0.0000e+00   2.2198e-05  -2.9071e+00  -7.4856e-02   0.0000e+00   2.7713e-01   1.2628e-03   3.5000e+00
   3.0423   0.0423  -7.4580e-05   1.6907e-05   0.0000e+00   2.1058e-05  -2.2223e+00   6.2135e-02   0.0000e+00   2.6291e-01   1.1980e-03   3.5000e+00
El     77    CPS4                                    CONC                                    ISOD           ISODAMAGE     92     98     99     93
   3.1577   0.3577  -1.3546e-04   2.6838e-05   0.0000e+00   2.6221e-05  -4.0546e+00  -7.9200e-03   0.0000e+00   3.2689e-01   2.6418e-03   3.5000e+00
   3.1577   0.2423  -1.1284e-04   2.6838e-05   0.0000e+00   2.5099e-05  -3.3487e+00   1.3305e-01   0.0000e+00   3.1283e-01   2.9012e-03   3.5000e+00
   3.0423   0.3577  -1.3546e-04   2.5716e-05   0.0000e+00   4.8841e-05  -4.0603e+00  -4.2868e-02   0.0000e+00   6.0871e-01   2.9558e-03   3.5000e+00
   3.0423   0.2423  -1.1284e-04   2.5716e-05   0.0000e+00   4.7719e-05  -3.3542e+00   9.8054e-02   0.0000e+00   5.9449e-01   3.3534e-03   3.5000e+00
El     78    CPS4                                    CONC                                    ISOD           ISODAMAGE     93     99    100     94
   3.1577   0.5577  -1.7326e-04   3.0030e-05   0.0000e+00   4.7533e-05  -5.1578e+00  -1.4253e-01   0.0000e+00   5.8634e-01   1.3168e-02   3.5000e+00
   3.1577   0.4423  -1.5165e-04   3.0030e-05   0.0000e+00   5.6142e-05  -4.5077e+00  -9.2858e-03   0.0000e+00   6.9506e-01   9.5711e-03   3.5000e+00
   3.0423   0.5577  -1.7326e-04   3.8638e-05   0.0000e+00   6.9142e-05  -5.1281e+00   1.2351e-01   0.0000e+00   8.5681e-01   8.6455e-03   3.5000e+00
   3.0423   0.4423  -1.5165e-04   3.8638e-05   0.0000e+00   7.7751e-05  -4.4472e+00   2.5673e-01   0.0000e+00   9.6101e-01   1.1189e-02   3.5000e+00
El     79    CPS4                                    CONC                                    ISOD           ISODAMAGE     94    100    101     95
   3.1577   0.7577  -2.1121e-04   4.8702e-05   0.0000e+00  -1.0228e-04  -6.1904e+00   1.9851e-01   0.0000e+00  -1.2571e+00   1.6755e-02   3.5000e+00
   3.1577   0.6423  -1.8922e-04   4.8702e-05   0.0000e+00  -1.1495e-04  -5.4335e+00   3.2875e-01   0.0000e+00  -1.3920e+00   3.1225e-02   3.5000e+00
   3.0423   0.7577  -2.1121e-04   3.6035e-05   0.0000e+00  -8.0288e-05  -6.3242e+00  -1.9242e-01   0.0000e+00  -9.9560e-01   7.9738e-03   3.5000e+00
   3.0423   0.6423  -1.8922e-04   3.6035e-05   0.0000e+00  -9.2956e-05  -5.6253e+00  -5.5892e-02   0.0000e+00  -1.1492e+00   1.0987e-02   3.5000e+00
El     80    CPS4                                    CONC                                    ISOD           ISODAMAGE     95    101    102     96
   3.1577   0.9577  -2.4862e-04   4.9718e-05   0.0000e+00  -4.1729e-05  -7.3926e+00  -1.9203e-04   0.0000e+00  -5.1698e-01   8.8697e-03   3.5000e+00
   3.1577   0.8423  -2.2713e-04   4.9718e-05   0.0000e+00  -4.5074e-05  -6.7234e+00   1.3290e-01   0.0000e+00  -5.5815e-01   9.3625e-03   3.5000e+00
   3.0423   0.9577  -2.4862e-04   4.6373e-05   0.0000e+00  -2.0232e-05  -7.4181e+00  -1.0388e-01   0.0000e+00  -2.5083e-01   8.2210e-03   3.5000e+00
   3.0423   0.8423  -2.2713e-04   4.6373e-05   0.0000e+00  -2.3578e-05  -6.7570e+00   2.9388e-02   0.0000e+00  -2.9252e-01   7.4662e-03   3.5000e+00
El     81    CPS4                                    CONC                                    ISOD           ISODAMAGE     97    103    104     98
   3.3577   0.1577  -1.0660e-04   2.0014e-05   0.0000e+00  -3.1769e-06  -3.2012e+00  -4.0739e-02   0.0000e+00  -3.9651e-02   1.5131e-03   3.5000e+00
   3.3577   0.0423  -8.2385e-05   2.0014e-05   0.0000e+00  -4.3106e-06  -2.4458e+00   1.1036e-01   0.0000e+00  -5.3802e-02   1.4872e-03   3.5000e+00
   3.2423   0.1577  -1.0660e-04   1.8880e-05   0.0000e+00   2.1035e-05  -3.2082e+00  -7.6113e-02   0.0000e+00   2.6253e-01   1.5301e-03   3.5000e+00
   3.2423   0.0423  -8.2385e-05   1.8880e-05   0.0000e+00   1.9901e-05  -2.4530e+00   7.4986e-02   0.0000e+00   2.4841e-01   1.4373e-03   3.5000e+00
El     82    CPS4                                    CONC                                    ISOD           ISODAMAGE     98    104    105     99
   3.3577   0.3577  -1.5019e-04   3.0890e-05   0.0000e+00   2.2998e-05  -4.4848e+00   2.6576e-02   0.0000e+00   2.8649e-01   3.4242e-03   3.5000e+00
   3.3577   0.2423  -1.2476e-04   3.0890e-05   0.0000e+00   2.0332e-05  -3.6919e+00   1.8486e-01   0.0000e+00   2.5319e-01   3.7541e-03   3.5000e+00
   3.2423   0.3577  -1.5019e-04   2.8224e-05   0.0000e+00   4.8420e-05  -4.5017e+00  -5.6463e-02   0.0000e+00   6.0321e-01   3.3622e-03   3.5000e+00
   3.2423   0.2423  -1.2476e-04   2.8224e-05   0.0000e+00   4.5754e-05  -3.7086e+00   1.0185e-01   0.0000e+00   5.6980e-01   3.7093e-03   3.5000e+00
El     83    CPS4                                    CONC                                    ISOD           ISODAMAGE     99    105    106    100
   3.3577   0.5577  -1.9336e-04   4.7079e-05   0.0000e+00   7.8064e-05  -5.6229e+00   2.5700e-01   0.0000e+00   9.5453e-01   2.1805e-02   3.5000e+00
   3.3577   0.4423  -1.6857e-04   4.7079e-05   0.0000e+00   6.3276e-05  -4.8979e+00   4.1136e-01   0.0000e+00   7.7895e-01   1.5178e-02   3.5000e+00
   3.2423   0.5577  -1.9336e-04   3.2291e-05   0.0000e+00   1.0286e-04  -5.7795e+00  -1.9730e-01   0.0000e+00   1.2723e+00   1.0473e-02   3.5000e+00
   3.2423   0.4423  -1.6857e-04   3.2291e-05   0.0000e+00   8.8070e-05  -5.0145e+00  -4.3978e-02   0.0000e+00   1.0897e+00   1.0136e-02   3.5000e+00
El     84    CPS4                                    CONC                                    ISOD           ISODAMAGE    100    106    107    101
   3.3577   0.7577  -2.3277e-04   4.1970e-05   0.0000e+00  -8.8463e-05  -6.9290e+00  -1.4155e-01   0.0000e+00  -1.0928e+00   1.1789e-02   3.5000e+00
   3.3577   0.6423  -2.1056e-04   4.1970e-05   0.0000e+00  -8.0141e-05  -6.1934e+00  -4.3634e-03   0.0000e+00  -9.8203e-01   1.9691e-02   3.5000e+00
   3.2423   0.7577  -2.3277e-04   5.0293e-05   0.0000e+00  -6.6258e-05  -6.8873e+00   1.1563e-01   0.0000e+00  -8.1961e-01   1.0402e-02   3.5000e+00
   3.2423   0.6423  -2.1056e-04   5.0293e-05   0.0000e+00  -5.7935e-05  -6.1987e+00   2.5289e-01   0.0000e+00  -7.1644e-01   1.0705e-02   3.5000e+00
El     85    CPS4                                    CONC                                    ISOD           ISODAMAGE    101    107    108    102
   3.3577   0.9577  -2.7513e-04   5.4433e-05   0.0000e+00  -4.0391e-05  -8.1713e+00  -1.8325e-02   0.0000e+00  -4.9962e-01   1.0436e-02   3.5000e+00
   3.3577   0.8423  -2.5007e-04   5.4433e-05   0.0000e+00  -4.2946e-05  -7.3926e+00   1.3659e-01   0.0000e+00  -5.3094e-01   1.0953e-02   3.5000e+00
   3.2423   0.9577  -2.7513e-04   5.1878e-05   0.0000e+00  -1.5332e-05  -8.1902e+00  -9.7367e-02   0.0000e+00  -1.8972e-01   1.0060e-02   3.5000e+00
   3.2423   0.8423  -2.5007e-04   5.1878e-05   0.0000e+00  -1.7887e-05  -7.4210e+00   5.7721e-02   0.0000e+00  -2.2151e-01   9.2654e-03   3.5000e+00
El     86    CPS4                                    CONC                                    ISOD           ISODAMAGE    103    109    110    104
   3.5577   0.1577  -1.1548e-04   2.1323e-05   0.0000e+00  -8.8006e-06  -3.4692e+00  -5.5299e-02   0.0000e+00  -1.0981e-01   1.7745e-03   3.5000e+00
   3.5577   0.0423  -8.7630e-05   2.1323e-05   0.0000e+00  -9.4551e-06  -2.6007e+00   1.1844e-01   0.0000e+00  -1.1799e-01   1.7203e-03   3.5000e+00
   3.4423   0.1577  -1.1548e-04   2.0668e-05   0.0000e+00   1.9046e-05  -3.4733e+00  -7.5714e-02   0.0000e+00   2.3765e-01   1.7864e-03   3.5000e+00
   3.4423   0.0423  -8.7630e-05   2.0668e-05   0.0000e+00   1.8392e-05  -2.6048e+00   9.8027e-02   0.0000e+00   2.2951e-01   1.6960e-03   3.5000e+00
El     87    CPS4                                    CONC                                    ISOD           ISODAMAGE    104    110    111    105
   3.5577   0.3577  -1.6603e-04   3.4643e-05   0.0000e+00   1.3567e-05  -4.9513e+00   4.4698e-02   0.0000e+00   1.6889e-01   4.1654e-03   3.5000e+00
   3.5577   0.2423  -1.3648e-04   3.4643e-05   0.0000e+00   1.1535e-05  -4.0299e+00   2.2849e-01   0.0000e+00   1.4352e-01   4.6149e-03   3.5000e+00
   3.4423   0.3577  -1.6603e-04   3.2610e-05   0.0000e+00   4.3115e-05  -4.9639e+00  -1.8549e-02   0.0000e+00   5.3669e-01   4.1608e-03   3.5000e+00
   3.4423   0.2423  -1.3648e-04   3.2610e-05   0.0000e+00   4.1082e-05  -4.0425e+00   1.6527e-01   0.0000e+00   5.1114e-01   4.6462e-03   3.5000e+00
El     88    CPS4                                    CONC                                    ISOD           ISODAMAGE    105    111    112    106
   3.5577   0.5577  -2.1347e-04   4.1834e-05   0.0000e+00   4.1506e-05  -6.2997e+00  -2.6450e-02   0.0000e+00   5.0993e-01   1.7157e-02   3.5000e+00
   3.5577   0.4423  -1.8666e-04   4.1834e-05   0.0000e+00   4.9309e-05  -5.4994e+00   1.3885e-01   0.0000e+00   6.0836e-01   1.2974e-02   3.5000e+00
   3.4423   0.5577  -2.1347e-04   4.9636e-05   0.0000e+00   6.8320e-05  -6.2918e+00   2.1456e-01   0.0000e+00   8.4473e-01   1.0852e-02   3.5000e+00
   3.4423   0.4423  -1.8666e-04   4.9636e-05   0.0000e+00   7.6122e-05  -5.4499e+00   3.7942e-01   0.0000e+00   9.3894e-01   1.3227e-02   3.5000e+00
El     89    CPS4                                    CONC                                    ISOD           ISODAMAGE    106    112    113    107
   3.5577   0.7577  -2.5638e-04   6.2748e-05   0.0000e+00  -9.3616e-05  -7.4775e+00   3.5178e-01   0.0000e+00  -1.1483e+00   1.8678e-02   3.5000e+00
   3.5577   0.6423  -2.3216e-04   6.2748e-05   0.0000e+00  -1.1106e-04  -6.6623e+00   4.9501e-01   0.0000e+00  -1.3477e+00   2.9198e-02   3.5000e+00
   3.4423   0.7577  -2.5638e-04   4.5307e-05   0.0000e+00  -6.9389e-05  -7.6593e+00  -1.8486e-01   0.0000e+00  -8.5955e-01   9.0005e-03   3.5000e+00
   3.4423   0.6423  -2.3216e-04   4.5307e-05   0.0000e+00  -8.6829e-05  -6.8984e+00  -3.4751e-02   0.0000e+00  -1.0739e+00   1.0523e-02   3.5000e+00
El     90    CPS4                                    CONC                                    ISOD           ISODAMAGE    107    113    114    108
   3.5577   0.9577  -2.9851e-04   6.0757e-05   0.0000e+00  -3.5424e-05  -8.8336e+00   3.2532e-02   0.0000e+00  -4.3710e-01   1.2866e-02   3.5000e+00
   3.5577   0.8423  -2.7416e-04   6.0757e-05   0.0000e+00  -3.9369e-05  -8.0776e+00   1.8263e-01   0.0000e+00  -4.8548e-01   1.3473e-02   3.5000e+00
   3.4423   0.9577  -2.9851e-04   5.6812e-05   0.0000e+00  -1.1076e-05  -8.8671e+00  -8.9251e-02   0.0000e+00  -1.3681e-01   1.1844e-02   3.5000e+00
   3.4423   0.8423  -2.7416e-04   5.6812e-05   0.0000e+00  -1.5021e-05  -8.1218e+00   6.1167e-02   0.0000e+00  -1.8569e-01   1.1044e-02   3.5000e+00
El     91    CPS4                                    CONC                                    ISOD           ISODAMAGE    109    115    116    110
   3.7577   0.1577  -1.2127e-04   2.1561e-05   0.0000e+00  -1.4414e-05  -3.6478e+00  -8.3985e-02   0.0000e+00  -1.7983e-01   1.9514e-03   3.5000e+00
   3.7577   0.0423  -8.9848e-05   2.1561e-05   0.0000e+00  -1.4414e-05  -2.6682e+00   1.1204e-01   0.0000e+00  -1.7985e-01   1.7953e-03   3.5000e+00
   3.6423   0.1577  -1.2127e-04   2.1562e-05   0.0000e+00   1.7009e-05  -3.6478e+00  -8.3967e-02   0.0000e+00   2.1219e-01   1.9581e-03   3.5000e+00
   3.6423   0.0423  -8.9848e-05   2.1562e-05   0.0000e+00   1.7009e-05  -2.6681e+00   1.1205e-01   0.0000e+00   2.1222e-01   1.8321e-03   3.5000e+00
El     92    CPS4                                    CONC                                    ISOD           ISODAMAGE    110    116    117    111
   3.7577   0.3577  -1.8269e-04   3.6748e-05   0.0000e+00  -1.3131e-06  -5.4543e+00   6.5430e-03   0.0000e+00  -1.6339e-02   4.5601e-03   3.5000e+00
   3.7577   0.2423  -1.4615e-04   3.6748e-05   0.0000e+00  -2.3095e-06  -4.3153e+00   2.3375e-01   0.0000e+00  -2.8722e-02   5.0900e-03   3.5000e+00
   3.6423   0.3577  -1.8269e-04   3.5751e-05   0.0000e+00   3.5226e-05  -5.4599e+00  -2.4450e-02   0.0000e+00   4.3827e-01   4.6678e-03   3.5000e+00
   3.6423   0.2423  -1.4615e-04   3.5751e-05   0.0000e+00   3.4230e-05  -4.3207e+00   2.0273e-01   0.0000e+00   4.2562e-01   5.2731e-03   3.5000e+00
El     93    CPS4                                    CONC                                    ISOD           ISODAMAGE    111    117    118    112
   3.7577   0.5577  -2.4367e-04   6.5825e-05   0.0000e+00   6.7053e-05  -7.0532e+00   5.2292e-01   0.0000e+00   8.2069e-01   2.0856e-02   3.5000e+00
   3.7577   0.4423  -2.0882e-04   6.5825e-05   0.0000e+00   4.7400e-05  -5.9868e+00   7.3624e-01   0.0000e+00   5.8015e-01   2.0836e-02   3.5000e+00
   3.6423   0.5577  -2.4367e-04   4.6171e-05   0.0000e+00   1.0191e-04  -7.2438e+00  -7.9202e-02   0.0000e+00   1.2595e+00   1.1253e-02   3.5000e+00
   3.6423   0.4423  -2.0882e-04   4.6171e-05   0.0000e+00   8.2255e-05  -6.1565e+00   1.3596e-01   0.0000e+00   1.0149e+00   1.2907e-02   3.5000e+00
El     94    CPS4                                    CONC                                    ISOD           ISODAMAGE    112    118    119    113
   3.7577   0.7577  -2.8107e-04   6.1198e-05   0.0000e+00  -6.5852e-05  -8.2725e+00   1.5340e-01   0.0000e+00  -8.1057e-01   1.5277e-02   3.5000e+00
   3.7577   0.6423  -2.6303e-04   6.1198e-05   0.0000e+00  -6.0044e-05  -7.6978e+00   2.6372e-01   0.0000e+00  -7.3720e-01   1.7796e-02   3.5000e+00
   3.6423   0.7577  -2.8107e-04   6.7006e-05   0.0000e+00  -4.7818e-05  -8.2202e+00   3.3145e-01   0.0000e+00  -5.8741e-01   1.7253e-02   3.5000e+00
   3.6423   0.6423  -2.6303e-04   6.7006e-05   0.0000e+00  -4.2010e-05  -7.6620e+00   4.4197e-01   0.0000e+00  -5.1577e-01   1.7812e-02   3.5000e+00
El     95    CPS4                                    CONC                                    ISOD           ISODAMAGE    113    119    120    114
   3.7577   0.9577  -3.1466e-04   6.3506e-05   0.0000e+00  -2.2657e-05  -9.3068e+00   1.7677e-02   0.0000e+00  -2.7932e-01   1.3732e-02   3.5000e+00
   3.7577   0.8423  -2.9490e-04   6.3506e-05   0.0000e+00  -2.3613e-05  -8.6945e+00   1.3944e-01   0.0000e+00  -2.9100e-01   1.4091e-02   3.5000e+00
   3.6423   0.9577  -3.1466e-04   6.2550e-05   0.0000e+00  -2.8947e-06  -9.3170e+00  -1.1788e-02   0.0000e+00  -3.5703e-02   1.3273e-02   3.5000e+00
   3.6423   0.8423  -2.9490e-04   6.2550e-05   0.0000e+00  -3.8505e-06  -8.7065e+00   1.1007e-01   0.0000e+00  -4.7486e-02   1.3403e-02   3.5000e+00
El     96    CPS4                                    CONC                                    ISOD           ISODAMAGE    115    121    122    116
   3.9577   0.1577  -1.2398e-04   2.1371e-05   0.0000e+00  -1.7070e-05  -3.7331e+00  -1.0680e-01   0.0000e+00  -2.1294e-01   2.0328e-03   3.5000e+00
   3.9577   0.0423  -9.0086e-05   2.1371e-05   0.0000e+00  -1.6930e-05  -2.6768e+00   1.0461e-01   0.0000e+00  -2.1125e-01   1.7869e-03   3.5000e+00
   3.8423   0.1577  -1.2398e-04   2.1510e-05   0.0000e+00   1.6821e-05  -3.7322e+00  -1.0245e-01   0.0000e+00   2.0984e-01   2.0347e-03   3.5000e+00
   3.8423   0.0423  -9.0086e-05   2.1510e-05   0.0000e+00   1.6961e-05  -2.6759e+00   1.0896e-01   0.0000e+00   2.1162e-01   1.8169e-03   3.5000e+00
El     97    CPS4                                    CONC                                    ISOD           ISODAMAGE    116    122    123    117
   3.9577   0.3577  -1.9046e-04   3.5453e-05   0.0000e+00  -1.6694e-05  -5.7026e+00  -8.2049e-02   0.0000e+00  -2.0767e-01   4.8338e-03   3.5000e+00
   3.9577   0.2423  -1.5087e-04   3.5453e-05   0.0000e+00  -1.5480e-05  -4.4723e+00   1.6421e-01   0.0000e+00  -1.9260e-01   4.6443e-03   3.5000e+00
   3.8423   0.3577  -1.9046e-04   3.6668e-05   0.0000e+00   2.2893e-05  -5.6947e+00  -4.4281e-02   0.0000e+00   2.8477e-01   4.8903e-03   3.5000e+00
   3.8423   0.2423  -1.5087e-04   3.6668e-05   0.0000e+00   2.4108e-05  -4.4622e+00   2.0186e-01   0.0000e+00   2.9977e-01   5.2183e-03   3.5000e+00
El     98    CPS4                                    CONC                                    ISOD           ISODAMAGE    117    123    124    118
   3.9577   0.5577  -2.9197e-04   6.0178e-05   0.0000e+00  -2.1152e-05  -8.6393e+00   5.5050e-02   0.0000e+00  -2.6111e-01   1.2423e-02   3.5000e+00
   3.9577   0.4423  -2.2827e-04   6.0178e-05   0.0000e+00  -1.1752e-05  -6.6588e+00   4.4728e-01   0.0000e+00  -1.4476e-01   1.4562e-02   3.5000e+00
   3.8423   0.5577  -2.9197e-04   6.9578e-05   0.0000e+00   4.2552e-05  -8.5302e+00   3.4309e-01   0.0000e+00   5.2217e-01   1.8301e-02   3.5000e+00
   3.8423   0.4423  -2.2827e-04   6.9578e-05   0.0000e+00   5.1952e-05  -6.5464e+00   7.3067e-01   0.0000e+00   6.3466e-01   2.2697e-02   3.5000e+00
El     99    CPS4                                    CONC                                    ISOD           ISODAMAGE    118    124    125    119
   3.9577   0.7577  -3.0293e-04   8.2679e-05   0.0000e+00  -2.7615e-05  -8.7046e+00   6.7150e-01   0.0000e+00  -3.3573e-01   2.7398e-02   3.5000e+00
   3.9577   0.6423  -3.1198e-04   8.2679e-05   0.0000e+00  -4.4896e-05  -8.9791e+00   6.1647e-01   0.0000e+00  -5.4580e-01   2.7448e-02   3.5000e+00
   3.8423   0.7577  -3.0293e-04   6.5398e-05   0.0000e+00  -3.6662e-05  -8.9199e+00   1.4809e-01   0.0000e+00  -4.5129e-01   1.5224e-02   3.5000e+00
   3.8423   0.6423  -3.1198e-04   6.5398e-05   0.0000e+00  -5.3943e-05  -9.1951e+00   9.2374e-02   0.0000e+00  -6.6379e-01   1.5570e-02   3.5000e+00
El    100    CPS4                                    CONC                                    ISOD           ISODAMAGE    119    125    126    120
   3.9577   0.9577  -3.2147e-04   6.4268e-05   0.0000e+00  -1.1709e-05  -9.5104e+00  -8.2643e-04   0.0000e+00  -1.4433e-01   1.3898e-02   3.5000e+00
   3.9577   0.8423  -3.0547e-04   6.4268e-05   0.0000e+00  -1.2011e-05  -9.0151e+00   9.7760e-02   0.0000e+00  -1.4802e-01   1.4143e-02   3.5000e+00
   3.8423   0.9577  -3.2147e-04   6.3967e-05   0.0000e+00   4.2906e-06  -9.5127e+00  -1.0122e-02   0.0000e+00   5.2889e-02   1.3854e-02   3.5000e+00
   3.8423   0.8423  -3.0547e-04   6.3967e-05   0.0000e+00   3.9890e-06  -9.0188e+00   8.8485e-02   0.0000e+00   4.9167e-02   1.3944e-02   3.5000e+00
El    101   T2D2I                                STEELBAR                                   STEEL             ELASTIC    127    128
   0.0282   0.6000   1.5922e-06   3.1844e+00
   0.1052   0.6000   1.5922e-06   3.1844e+00
El    102   T2D2I                                STEELBAR                                   STEEL             ELASTIC    128    129
   0.1615   0.6000   4.9229e-06   9.8458e+00
   0.2385   0.6000   4.9229e-06   9.8458e+00
El    103   T2D2I                                STEELBAR                                   STEEL             ELASTIC    129    130
   0.2948   0.6000   8.7154e-06   1.7431e+01
   0.3718   0.6000   8.7154e-06   1.7431e+01
El    104   T2D2I                                STEELBAR                                   STEEL             ELASTIC    130    131
   0.4282   0.6000   1.3331e-05   2.6662e+01
   0.5052   0.6000   1.3331e-05   2.6662e+01
El    105   T2D2I                                STEELBAR                                   STEEL             ELASTIC    131    132
   0.5615   0.6000   1.9205e-05   3.8409e+01
   0.6385   0.6000   1.9205e-05   3.8409e+01
El    106   T2D2I                                STEELBAR                                   STEEL             ELASTIC    132    133
   0.6948   0.6000   2.6891e-05   5.3781e+01
   0.7718   0.6000   2.6891e-05   5.3781e+01
El    107   T2D2I                                STEELBAR                                   STEEL             ELASTIC    133    134
   0.8282   0.6000   3.7130e-05   7.4259e+01
   0.9052   0.6000   3.7130e-05   7.4259e+01
El    108   T2D2I                                STEELBAR                                   STEEL             ELASTIC    134    135
   0.9615   0.6000   5.0940e-05   1.0188e+02
   1.0385   0.6000   5.0940e-05   1.0188e+02
El    109   T2D2I                                STEELBAR                                   STEEL             ELASTIC    135    136
   1.0948   0.6000   6.9719e-05   1.3944e+02
   1.1718   0.6000   6.9719e-05   1.3944e+02
El    110   T2D2I                                STEELBAR                                   STEEL             ELASTIC    136    137
   1.2282   0.6000   9.5446e-05   1.9089e+02
   1.3052   0.6000   9.5446e-05   1.9089e+02
El    111   T2D2I                                STEELBAR                                   STEEL             ELASTIC    137    138
   1.3615   0.6000   1.3097e-04   2.6193e+02
   1.4385   0.6000   1.3097e-04   2.6193e+02
El    112   T2D2I                                STEELBAR                                   STEEL             ELASTIC    138    139
   1.4948   0.6000   1.8037e-04   3.6074e+02
   1.5718   0.6000   1.8037e-04   3.6074e+02
El    113   T2D2I                                STEELBAR                                   STEEL             ELASTIC    139    140
   1.6282   0.6000   2.4969e-04   4.9938e+02
   1.7052   0.6000   2.4969e-04   4.9938e+02
El    114   T2D2I                                STEELBAR                                   STEEL             ELASTIC    140    141
   1.7615   0.6000   3.4785e-04   6.9571e+02
   1.8385   0.6000   3.4785e-04   6.9571e+02
El    115   T2D2I                                STEELBAR                                   STEEL             ELASTIC    141    142
   1.8948   0.6000   4.8756e-04   9.7512e+02
   1.9718   0.6000   4.8756e-04   9.7512e+02
El    116   T2D2I                                STEELBAR                                   STEEL             ELASTIC    142    143
   2.0282   0.6000   6.8513e-04   1.3703e+03
   2.1052   0.6000   6.8513e-04   1.3703e+03
El    117   T2D2I                                STEELBAR                                   STEEL             ELASTIC    143    144
   2.1615   0.6000   9.5429e-04   1.9086e+03
   2.2385   0.6000   9.5429e-04   1.9086e+03
El    118   T2D2I                                STEELBAR                                   STEEL             ELASTIC    144    145
   2.2948   0.6000   1.2762e-03   2.5524e+03
   2.3718   0.6000   1.2762e-03   2.5524e+03
El    119   T2D2I                                STEELBAR                                   STEEL             ELASTIC    145    146
   2.4282   0.6000   1.5672e-03   3.1344e+03
   2.5052   0.6000   1.5672e-03   3.1344e+03
El    120   T2D2I                                STEELBAR                                   STEEL             ELASTIC    146    147
   2.5615   0.6000   1.7677e-03   3.5353e+03
   2.6385   0.6000   1.7677e-03   3.5353e+03
El    121   T2D2I                                STEELBAR                                   STEEL             ELASTIC    147    148
   2.6948   0.6000   1.9353e-03   3.8706e+03
   2.7718   0.6000   1.9353e-03   3.8706e+03
El    122   T2D2I                                STEELBAR                                   STEEL             ELASTIC    148    149
   2.8282   0.6000   2.1020e-03   4.2040e+03
   2.9052   0.6000   2.1020e-03   4.2040e+03
El    123   T2D2I                                STEELBAR                                   STEEL             ELASTIC    149    150
   2.9615   0.6000   2.2686e-03   4.5373e+03
   3.0385   0.6000   2.2686e-03   4.5373e+03
El    124   T2D2I                                STEELBAR                                   STEEL             ELASTIC    150    151
   3.0948   0.6000   2.4353e-03   4.8706e+03
   3.1718   0.6000   2.4353e-03   4.8706e+03
El    125   T2D2I                                STEELBAR                                   STEEL             ELASTIC    151    152
   3.2282   0.6000   2.6020e-03   5.2040e+03
   3.3052   0.6000   2.6020e-03   5.2040e+03
El    126   T2D2I                                STEELBAR                                   STEEL             ELASTIC    152    153
   3.3615   0.6000   2.7686e-03   5.5373e+03
   3.4385   0.6000   2.7686e-03   5.5373e+03
El    127   T2D2I                                STEELBAR                                   STEEL             ELASTIC    153    154
   3.4948   0.6000   2.9353e-03   5.8706e+03
   3.5718   0.6000   2.9353e-03   5.8706e+03
El    128   T2D2I                                STEELBAR                                   STEEL             ELASTIC    154    155
   3.6282   0.6000   3.1020e-03   6.2040e+03
   3.7052   0.6000   3.1020e-03   6.2040e+03
El    129   T2D2I                                STEELBAR                                   STEEL             ELASTIC    155    156
   3.7615   0.6000   3.2686e-03   6.5373e+03
   3.8385   0.6000   3.2686e-03   6.5373e+03
El    130   T2D2I                                STEELBAR                                   STEEL             ELASTIC    156    157
   3.8948   0.6000   3.4353e-03   6.8706e+03
   3.9718   0.6000   3.4353e-03   6.8706e+03
El      0 Bond2D2                                STEELBAR                                    BOND                BOND    127    128      3      9     10      4
   0.0000   0.0000   4.7065e-06  -2.6317e-12   1.9002e-01  -1.5790e-02
El      0 Bond2D2                                STEELBAR                                    BOND                BOND    127    128      3      9     10      4
   0.0000   0.0000   4.8282e-06   9.8218e-12   1.9497e-01   5.8931e-02
El      0 Bond2D2                                STEELBAR                                    BOND                BOND    128    129      3      9     10      4
   0.0000   0.0000   5.0111e-06  -6.5194e-12   2.0243e-01  -3.9116e-02
El      0 Bond2D2                                STEELBAR                                    BOND                BOND    128    129     10     16     17     11
   0.0000   0.0000   5.3968e-06  -9.6932e-12   2.1818e-01  -5.8159e-02
El      0 Bond2D2                                STEELBAR                                    BOND                BOND    129    130     10     16     17     11
   0.0000   0.0000   5.7916e-06   8.9714e-12   2.3431e-01   5.3828e-02
El      0 Bond2D2                                STEELBAR                                    BOND                BOND    129    130     10     16     17     11
   0.0000   0.0000   6.4768e-06   9.2130e-12   2.6239e-01   5.5278e-02
El      0 Bond2D2                                STEELBAR                                    BOND                BOND    130    131     15     21     22     16
   0.0000   0.0000   7.1090e-06  -2.4039e-12   2.8834e-01  -1.4423e-02
El      0 Bond2D2                                STEELBAR                                    BOND                BOND    130    131     15     21     22     16
   0.0000   0.0000   8.1507e-06  -3.4384e-11   3.3126e-01  -2.0630e-01
El      0 Bond2D2                                STEELBAR                                    BOND                BOND    131    132     15     21     22     16
   0.0000   0.0000   9.0788e-06   2.9384e-11   3.6962e-01   1.7631e-01
El      0 Bond2D2                                STEELBAR                                    BOND                BOND    131    132     21     27     28     22
   0.0000   0.0000   1.0566e-05   2.1061e-11   4.3137e-01   1.2637e-01
El      0 Bond2D2                                STEELBAR                                    BOND                BOND    132    133     21     27     28     22
   0.0000   0.0000   1.1865e-05  -3.6614e-11   4.8561e-01  -2.1968e-01
El      0 Bond2D2                                STEELBAR                                    BOND                BOND    132    133     21     27     28     22
   0.0000   0.0000   1.3937e-05   2.8660e-11   5.7258e-01   1.7196e-01
El      0 Bond2D2                                STEELBAR                                    BOND                BOND    133    134     27     33     34     28
   0.0000   0.0000   1.5740e-05   9.8106e-12   6.4878e-01   5.8864e-02
El      0 Bond2D2                                STEELBAR                                    BOND                BOND    133    134     27     33     34     28
   0.0000   0.0000   1.8593e-05  -1.0696e-10   7.7036e-01  -6.4176e-01
El      0 Bond2D2                                STEELBAR                                    BOND                BOND    134    135     27     33     34     28
   0.0000   0.0000   2.1072e-05   8.7286e-11   8.7689e-01   5.2371e-01
El      0 Bond2D2                                STEELBAR                                    BOND                BOND    134    135     33     39     40     34
   0.0000   0.0000   2.4963e-05   6.3614e-11   1.0459e+00   3.8168e-01
El      0 Bond2D2                                STEELBAR                                    BOND                BOND    135    136     33     39     40     34
   0.0000   0.0000   2.8322e-05  -1.1330e-10   1.1934e+00  -6.7982e-01
El      0 Bond2D2                                STEELBAR                                    BOND                BOND    135    136     33     39     40     34
   0.0000   0.0000   3.3633e-05   9.8156e-11   1.4297e+00   5.8893e-01
El      0 Bond2D2                                STEELBAR                                    BOND                BOND    136    137     39     45     46     40
   0.0000   0.0000   3.8229e-05   3.0359e-11   1.6371e+00   1.8216e-01
El      0 Bond2D2                                STEELBAR                                    BOND                BOND    136    137     39     45     46     40
   0.0000   0.0000   4.5476e-05  -3.6632e-10   1.9694e+00  -2.1979e+00
El      0 Bond2D2                                STEELBAR                                    BOND                BOND    137    138     39     45     46     40
   0.0000   0.0000   5.1782e-05   2.9766e-10   2.2636e+00   1.7860e+00
El      0 Bond2D2                                STEELBAR                                    BOND                BOND    137    138     45     51     52     46
   0.0000   0.0000   6.1691e-05   2.2587e-10   2.7345e+00   1.3552e+00
El      0 Bond2D2                                STEELBAR                                    BOND                BOND    138    139     45     51     52     46
   0.0000   0.0000   7.0283e-05  -3.8556e-10   3.1510e+00  -2.3134e+00
El      0 Bond2D2                                STEELBAR                                    BOND                BOND    138    139     45     51     52     46
   0.0000   0.0000   8.3922e-05   2.9830e-10   3.8258e+00   1.7898e+00
El      0 Bond2D2                                STEELBAR                                    BOND                BOND    139    140     51     57     58     52
   0.0000   0.0000   9.5863e-05   1.0331e-10   4.4288e+00   6.1986e-01
El      0 Bond2D2                                STEELBAR                                    BOND                BOND    139    140     51     57     58     52
   0.0000   0.0000   1.1485e-04  -1.1133e-09   5.4068e+00  -6.6796e+00
El      0 Bond2D2                                STEELBAR                                    BOND                BOND    140    141     51     57     58     52
   0.0000   0.0000   1.3151e-04   8.8078e-10   6.2802e+00   5.2847e+00
El      0 Bond2D2                                STEELBAR                                    BOND                BOND    140    141     58     64     65     59
   0.0000   0.0000   1.5817e-04   7.6437e-10   7.6953e+00   4.5862e+00
El      0 Bond2D2                                STEELBAR                                    BOND                BOND    141    142     58     64     65     59
   0.0000   0.0000   1.8171e-04  -1.1445e-09   8.9501e+00  -6.8668e+00
El      0 Bond2D2                                STEELBAR                                    BOND                BOND    141    142     58     64     65     59
   0.0000   0.0000   2.1925e-04   5.3774e-10   1.0929e+01   3.2264e+00
El      0 Bond2D2                                STEELBAR                                    BOND                BOND    142    143     63     69     70     64
   0.0000   0.0000   2.5307e-04   3.0666e-10   1.2653e+01   1.8399e+00
El      0 Bond2D2                                STEELBAR                                    BOND                BOND    142    143     63     69     70     64
   0.0000   0.0000   3.0794e-04  -2.0069e-09   1.5232e+01  -1.2041e+01
El      0 Bond2D2                                STEELBAR                                    BOND                BOND    143    144     63     69     70     64
   0.0000   0.0000   3.5569e-04   1.5475e-09   1.7149e+01   9.2850e+00
El      0 Bond2D2                                STEELBAR                                    BOND                BOND    143    144     69     75     76     70
   0.0000   0.0000   4.3368e-04   1.4077e-09   1.9343e+01   8.4464e+00
El      0 Bond2D2                                STEELBAR                                    BOND                BOND    144    145     69     75     76     70
   0.0000   0.0000   5.0160e-04  -2.0443e-09   2.0000e+01  -1.2266e+01
El      0 Bond2D2                                STEELBAR                                    BOND                BOND    144    145     69     75     76     70
   0.0000   0.0000   6.0677e-04   8.2827e-10   1.8827e+01   4.9696e+00
El      0 Bond2D2                                STEELBAR                                    BOND                BOND    145    146     75     81     82     76
   0.0000   0.0000   6.9364e-04   5.4778e-10   1.6662e+01   3.2867e+00
El      0 Bond2D2                                STEELBAR                                    BOND                BOND    145    146     75     81     82     76
   0.0000   0.0000   8.2581e-04  -3.0912e-09   1.2795e+01  -1.8547e+01
El      0 Bond2D2                                STEELBAR                                    BOND                BOND    146    147     75     81     82     76
   0.0000   0.0000   9.2822e-04   2.3593e-09   1.0559e+01   1.4156e+01
El      0 Bond2D2                                STEELBAR                                    BOND                BOND    146    147     81     87     88     82
   0.0000   0.0000   1.0760e-03   2.1837e-09   1.0000e+01   1.3102e+01
El      0 Bond2D2                                STEELBAR                                    BOND                BOND    147    148     81     87     88     82
   0.0000   0.0000   1.1890e-03  -3.1382e-09   1.0000e+01  -1.8829e+01
El      0 Bond2D2                                STEELBAR                                    BOND                BOND    147    148     81     87     88     82
   0.0000   0.0000   1.3498e-03   1.2030e-09   1.0000e+01   7.2178e+00
El      0 Bond2D2                                STEELBAR                                    BOND                BOND    148    149     87     93     94     88
   0.0000   0.0000   1.4725e-03   8.4088e-10   1.0000e+01   5.0453e+00
El      0 Bond2D2                                STEELBAR                                    BOND                BOND    148    149     87     93     94     88
   0.0000   0.0000   1.6472e-03  -4.4895e-09   1.0000e+01  -2.6937e+01
El      0 Bond2D2                                STEELBAR                                    BOND                BOND    149    150     87     93     94     88
   0.0000   0.0000   1.7797e-03   3.4007e-09   1.0000e+01   2.0404e+01
El      0 Bond2D2                                STEELBAR                                    BOND                BOND    149    150     93     99    100     94
   0.0000   0.0000   1.9677e-03   3.2228e-09   1.0000e+01   1.9337e+01
El      0 Bond2D2                                STEELBAR                                    BOND                BOND    150    151     93     99    100     94
   0.0000   0.0000   2.1105e-03  -4.5372e-09   1.0000e+01  -2.7223e+01
El      0 Bond2D2                                STEELBAR                                    BOND                BOND    150    151     93     99    100     94
   0.0000   0.0000   2.3119e-03   1.5047e-09   1.0000e+01   9.0284e+00
El      0 Bond2D2                                STEELBAR                                    BOND                BOND    151    152     99    105    106    100
   0.0000   0.0000   2.4646e-03   1.2157e-09   1.0000e+01   7.2944e+00
El      0 Bond2D2                                STEELBAR                                    BOND                BOND    151    152     99    105    106    100
   0.0000   0.0000   2.6805e-03  -5.6157e-09   1.0000e+01  -3.3694e+01
El      0 Bond2D2                                STEELBAR                                    BOND                BOND    152    153     99    105    106    100
   0.0000   0.0000   2.8432e-03   4.1947e-09   1.0000e+01   2.5168e+01
El      0 Bond2D2                                STEELBAR                                    BOND                BOND    152    153    106    112    113    107
   0.0000   0.0000   3.0728e-03   4.0875e-09   1.0000e+01   2.4525e+01
El      0 Bond2D2                                STEELBAR                                    BOND                BOND    153    154    106    112    113    107
   0.0000   0.0000   3.2461e-03  -5.6445e-09   1.0000e+01  -3.3867e+01
El      0 Bond2D2                                STEELBAR                                    BOND                BOND    153    154    106    112    113    107
   0.0000   0.0000   3.4892e-03   1.6159e-09   1.0000e+01   9.6952e+00
El      0 Bond2D2                                STEELBAR                                    BOND                BOND    154    155    111    117    118    112
   0.0000   0.0000   3.6728e-03   1.5124e-09   1.0000e+01   9.0746e+00
El      0 Bond2D2                                STEELBAR                                    BOND                BOND    154    155    111    117    118    112
   0.0000   0.0000   3.9314e-03  -6.0305e-09   1.0000e+01  -3.6183e+01
El      0 Bond2D2                                STEELBAR                                    BOND                BOND    155    156    111    117    118    112
   0.0000   0.0000   4.1253e-03   4.4425e-09   1.0000e+01   2.6655e+01
El      0 Bond2D2                                STEELBAR                                    BOND                BOND    155    156    117    123    124    118
   0.0000   0.0000   4.3989e-03   4.4142e-09   1.0000e+01   2.6485e+01
El      0 Bond2D2                                STEELBAR                                    BOND                BOND    156    157    117    123    124    118
   0.0000   0.0000   4.6056e-03  -6.0381e-09   1.0000e+01  -3.6229e+01
El      0 Bond2D2                                STEELBAR                                    BOND                BOND    156    157    117    123    124    118
   0.0000   0.0000   4.8943e-03   1.6179e-09   1.0000e+01   9.7074e+00
