  1.0000
    1   0.0000   0.0000   0.0000  1.2946e-04  1.1623e-03 -8.0743e-17 -1.5464e-16
    2   0.0000   0.2000   0.0000  2.0342e-04  1.1623e-03 -7.5359e-17 -5.4979e-16
    3   0.0000   0.4000   0.0000  2.7748e-04  1.1622e-03  1.8206e-16  4.6675e-17
    4   0.0000   0.6000   0.0000  3.5161e-04  1.1620e-03 -6.0163e-14  3.4777e-12
    5   0.0000   0.8000   0.0000  4.2499e-04  1.1617e-03  2.4582e-16  4.5726e-17
    6   0.0000   1.0000   0.0000  4.9847e-04  1.1617e-03 -8.2745e-17 -2.8855e-16
    7   0.2000   0.0000   0.0000  1.2946e-04  1.0883e-03 -2.9298e-16  1.2679e-16
    8   0.2000   0.2000   0.0000  2.0340e-04  1.0883e-03  1.6751e-17 -1.0631e-15
    9   0.2000   0.4000   0.0000  2.7747e-04  1.0883e-03  3.2943e-16  1.0782e-16
   10   0.2000   0.6000   0.0000  3.5162e-04  1.0882e-03 -1.4171e-13  5.2936e-12
   11   0.2000   0.8000   0.0000  4.2495e-04  1.0881e-03  1.3239e-16 -4.5731e-16
   12   0.2000   1.0000   0.0000  4.9845e-04  1.0881e-03 -2.0901e-16  3.5584e-16
   13   0.4000   0.0000   0.0000  1.2944e-04  1.0145e-03 -1.8610e-16 -7.3056e-16
   14   0.4000   0.2000   0.0000  2.0332e-04  1.0145e-03  2.0597e-16  2.0751e-15
   15   0.4000   0.4000   0.0000  2.7738e-04  1.0145e-03 -1.2441e-17 -4.4452e-18
   16   0.4000   0.6000   0.0000  3.5158e-04  1.0144e-03 -2.5218e-13 -2.4257e-12
   17   0.4000   0.8000   0.0000  4.2478e-04  1.0144e-03 -4.8651e-16 -3.5945e-17
   18   0.4000   1.0000   0.0000  4.9829e-04  1.0144e-03  2.6075e-16 -4.5504e-16
   19   0.6000   0.0000   0.0000  1.2934e-04  9.4076e-04  2.4460e-16 -4.2921e-16
   20   0.6000   0.2000   0.0000  2.0314e-04  9.4079e-04  1.0809e-16  6.8847e-18
   21   0.6000   0.4000   0.0000  2.7722e-04  9.4078e-04 -4.8686e-16  1.4658e-16
   22   0.6000   0.6000   0.0000  3.5154e-04  9.4067e-04 -5.0354e-13  3.6542e-12
   23   0.6000   0.8000   0.0000  4.2447e-04  9.4058e-04  7.4680e-16  5.4134e-16
   24   0.6000   1.0000   0.0000  4.9789e-04  9.4065e-04 -1.0647e-16 -1.7228e-16
   25   0.8000   0.0000   0.0000  1.2911e-04  8.6718e-04  9.1073e-18  4.1178e-16
   26   0.8000   0.2000   0.0000  2.0283e-04  8.6723e-04  5.6107e-17 -7.1265e-16
   27   0.8000   0.4000   0.0000  2.7699e-04  8.6719e-04  1.4160e-16  8.2399e-16
   28   0.8000   0.6000   0.0000  3.5154e-04  8.6694e-04 -1.1711e-12 -1.7214e-12
   29   0.8000   0.8000   0.0000  4.2395e-04  8.6681e-04  1.6567e-15 -6.5269e-17
   30   0.8000   1.0000   0.0000  4.9713e-04  8.6692e-04  1.7651e-16 -7.7423e-16
   31   1.0000   0.0000   0.0000  1.2870e-04  7.9379e-04 -2.3527e-16 -2.9729e-16
   32   1.0000   0.2000   0.0000  2.0231e-04  7.9387e-04  3.8760e-16  7.3314e-16
   33   1.0000   0.4000   0.0000  2.7665e-04  7.9379e-04  2.8914e-15  2.5316e-16
   34   1.0000   0.6000   0.0000  3.5155e-04  7.9342e-04 -2.5916e-12  8.9145e-13
   35   1.0000   0.8000   0.0000  4.2311e-04  7.9310e-04  8.2096e-15 -5.4533e-15
   36   1.0000   1.0000   0.0000  4.9585e-04  7.9328e-04 -1.5456e-15 -4.7813e-16
   37   1.2000   0.0000   0.0000  1.2794e-04  7.2069e-04 -6.9389e-16  2.2248e-16
   38   1.2000   0.2000   0.0000  2.0148e-04  7.2083e-04  3.0640e-16  2.3649e-15
   39   1.2000   0.4000   0.0000  2.7616e-04  7.2068e-04  2.0121e-14  1.3363e-14
   40   1.2000   0.6000   0.0000  3.5169e-04  7.1991e-04 -6.1236e-12  3.3484e-12
   41   1.2000   0.8000   0.0000  4.2172e-04  7.1951e-04  3.3659e-14 -5.9419e-15
   42   1.2000   1.0000   0.0000  4.9370e-04  7.1981e-04 -7.1314e-15 -2.4562e-15
   43   1.4000   0.0000   0.0000  1.2662e-04  6.4796e-04 -1.7252e-15 -1.7130e-17
   44   1.4000   0.2000   0.0000  2.0012e-04  6.4822e-04 -4.6881e-16  8.0296e-15
   45   1.4000   0.4000   0.0000  2.7541e-04  6.4803e-04  9.3389e-14  3.6852e-14
   46   1.4000   0.6000   0.0000  3.5195e-04  6.4710e-04 -1.2951e-11  9.8279e-13
   47   1.4000   0.8000   0.0000  4.1954e-04  6.4619e-04  1.2811e-13 -1.4385e-13
   48   1.4000   1.0000   0.0000  4.9008e-04  6.4670e-04 -2.5731e-14 -8.1172e-15
   49   1.6000   0.0000   0.0000  1.2440e-04  5.7563e-04 -7.0256e-16 -3.7297e-17
   50   1.6000   0.2000   0.0000  1.9792e-04  5.7610e-04  6.6960e-16  1.7654e-14
   51   1.6000   0.4000   0.0000  2.7415e-04  5.7603e-04  3.2641e-13  4.3824e-13
   52   1.6000   0.6000   0.0000  3.5259e-04  5.7431e-04 -2.5081e-11  6.2217e-12
   53   1.6000   0.8000   0.0000  4.1597e-04  5.7352e-04  4.3841e-13 -1.6763e-13
   54   1.6000   1.0000   0.0000  4.8412e-04  5.7441e-04 -5.8082e-14 -1.2779e-14
   55   1.8000   0.0000   0.0000  1.2099e-04  5.0366e-04 -4.3195e-16  2.1142e-16
   56   1.8000   0.2000   0.0000  1.9437e-04  5.0449e-04  1.0900e-13  5.9751e-14
   57   1.8000   0.4000   0.0000  2.7173e-04  5.0491e-04  1.3002e-12  5.6363e-13
   58   1.8000   0.6000   0.0000  3.5321e-04  5.0381e-04 -1.0826e-11 -3.1255e-14
   59   1.8000   0.8000   0.0000  4.1028e-04  5.0230e-04  6.8619e-13 -5.5878e-13
   60   1.8000   1.0000   0.0000  4.7450e-04  5.0390e-04 -1.2414e-14 -9.8272e-15
   61   2.0000   0.0000   0.0000  1.1632e-04  4.3223e-04  1.2976e-15 -2.0296e-16
   62   2.0000   0.2000   0.0000  1.8890e-04  4.3345e-04  2.4653e-13 -7.4232e-14
   63   2.0000   0.4000   0.0000  2.6686e-04  4.3467e-04  1.0246e-11  3.1050e-12
   64   2.0000   0.6000   0.0000  3.5320e-04  4.3335e-04  2.8901e-10  4.0448e-13
   65   2.0000   0.8000   0.0000  4.0076e-04  4.3375e-04  6.8317e-12 -2.8362e-12
   66   2.0000   1.0000   0.0000  4.6009e-04  4.3656e-04  1.1137e-13 -6.4133e-15
   67   2.2000   0.0000   0.0000  1.1055e-04  3.6217e-04 -8.8818e-16  1.5491e-15
   68   2.2000   0.2000   0.0000  1.8108e-04  3.6369e-04  5.3658e-14 -3.4504e-15
   69   2.2000   0.4000   0.0000  2.5778e-04  3.6569e-04  1.0764e-11 -5.4798e-12
   70   2.2000   0.6000   0.0000  3.4767e-04  3.6796e-04  1.4597e-09  3.3558e-13
   71   2.2000   0.8000   0.0000  3.8574e-04  3.6941e-04  9.3847e-12  6.2925e-12
   72   2.2000   1.0000   0.0000  4.4026e-04  3.7344e-04 -6.3483e-13 -4.1710e-14
   73   2.4000   0.0000   0.0000  1.0380e-04  2.9505e-04  2.6368e-15  3.9812e-16
   74   2.4000   0.2000   0.0000  1.7067e-04  2.9686e-04 -2.1980e-13  8.2295e-15
   75   2.4000   0.4000   0.0000  2.4387e-04  2.9927e-04  9.8579e-13 -1.4614e-12
   76   2.4000   0.6000   0.0000  3.2967e-04  3.0263e-04  8.6839e-10  2.5223e-12
   77   2.4000   0.8000   0.0000  3.6399e-04  3.0891e-04  2.5591e-12  3.6263e-13
   78   2.4000   1.0000   0.0000  4.1489e-04  3.1410e-04  5.0286e-13 -1.2276e-13
   79   2.6000   0.0000   0.0000  9.5848e-05  2.3273e-04 -1.2088e-14  3.7210e-15
   80   2.6000   0.2000   0.0000  1.5750e-04  2.3498e-04 -2.0782e-14  1.4816e-13
   81   2.6000   0.4000   0.0000  2.2523e-04  2.3841e-04 -1.7779e-13 -4.9870e-14
   82   2.6000   0.6000   0.0000  2.9973e-04  2.4551e-04 -5.3581e-10  2.4519e-13
   83   2.6000   0.8000   0.0000  3.3601e-04  2.5136e-04  1.3443e-12  5.1289e-13
   84   2.6000   1.0000   0.0000  3.8320e-04  2.5794e-04  1.3926e-13 -2.0056e-13
   85   2.8000   0.0000   0.0000  8.6229e-05  1.7647e-04  8.7638e-15  3.7474e-15
   86   2.8000   0.2000   0.0000  1.4155e-04  1.7927e-04  9.3141e-14  1.3261e-13
   87   2.8000   0.4000   0.0000  2.0225e-04  1.8364e-04 -2.5960e-13 -2.9282e-14
   88   2.8000   0.6000   0.0000  2.6900e-04  1.8848e-04  2.4199e-16 -7.7065e-13
   89   2.8000   0.8000   0.0000  3.0155e-04  1.9742e-04 -7.9547e-14  1.7103e-13
   90   2.8000   1.0000   0.0000  3.4479e-04  2.0556e-04  2.3377e-13 -1.4213e-14
   91   3.0000   0.0000   0.0000  7.4707e-05  1.2690e-04 -6.8001e-15  8.6407e-15
   92   3.0000   0.2000   0.0000  1.2297e-04  1.3020e-04  3.1717e-13 -1.0412e-14
   93   3.0000   0.4000   0.0000  1.7622e-04  1.3526e-04  3.3459e-14 -1.3776e-13
   94   3.0000   0.6000   0.0000  2.3572e-04  1.4361e-04 -2.3592e-16 -1.8238e-13
   95   3.0000   0.8000   0.0000  2.6254e-04  1.4989e-04 -8.8568e-14  8.1823e-14
   96   3.0000   1.0000   0.0000  2.9949e-04  1.5892e-04  4.0856e-14 -3.9829e-15
   97   3.2000   0.0000   0.0000  6.1397e-05  8.4372e-05  1.3954e-14 -1.7052e-15
   98   3.2000   0.2000   0.0000  1.0206e-04  8.8065e-05  1.6785e-13 -7.4246e-16
   99   3.2000   0.4000   0.0000  1.4747e-04  9.3514e-05  5.6288e-14 -6.6690e-14
  100   3.2000   0.6000   0.0000  1.9949e-04  9.8890e-05 -3.0093e-13 -2.0792e-13
  101   3.2000   0.8000   0.0000  2.1869e-04  1.0956e-04 -3.2102e-13 -1.3389e-14
  102   3.2000   1.0000   0.0000  2.4819e-04  1.1975e-04 -5.9952e-15 -1.5786e-16
  103   3.4000   0.0000   0.0000  4.6693e-05  4.9383e-05  3.1294e-15 -1.4723e-16
  104   3.4000   0.2000   0.0000  7.8965e-05  5.3468e-05  7.8909e-14 -6.8522e-16
  105   3.4000   0.4000   0.0000  1.1557e-04  5.9842e-05  6.9666e-15 -1.6459e-14
  106   3.4000   0.6000   0.0000  1.5900e-04  7.0340e-05 -7.0083e-16 -5.1773e-13
  107   3.4000   0.8000   0.0000  1.7051e-04  7.8125e-05 -1.5220e-13 -6.5769e-15
  108   3.4000   1.0000   0.0000  1.9133e-04  8.9198e-05 -4.5047e-14 -5.5511e-16
  109   3.6000   0.0000   0.0000  3.1206e-05  2.2780e-05  1.7972e-15 -1.1948e-16
  110   3.6000   0.2000   0.0000  5.3831e-05  2.7092e-05  2.5507e-14 -4.2501e-17
  111   3.6000   0.4000   0.0000  8.0202e-05  3.4170e-05 -7.2706e-14 -1.7243e-15
  112   3.6000   0.6000   0.0000  1.1434e-04  4.1965e-05 -6.9124e-14 -5.4623e-14
  113   3.6000   0.8000   0.0000  1.1746e-04  5.5791e-05  6.3796e-14  1.0962e-14
  114   3.6000   1.0000   0.0000  1.2985e-04  6.8232e-05 -1.9151e-14  1.5352e-16
  115   3.8000   0.0000   0.0000  1.5536e-05  5.8568e-06  7.4246e-16 -1.1319e-16
  116   3.8000   0.2000   0.0000  2.7276e-05  1.0169e-05  4.7184e-15  1.9949e-17
  117   3.8000   0.4000   0.0000  4.0990e-05  1.7591e-05 -7.0249e-14  2.3169e-14
  118   3.8000   0.6000   0.0000  6.3058e-05  3.2195e-05 -4.8268e-13 -1.9699e-13
  119   3.8000   0.8000   0.0000  5.9924e-05  4.4010e-05 -2.2909e-13 -1.6169e-14
  120   3.8000   1.0000   0.0000  6.5466e-05  5.6781e-05 -6.1340e-15  5.1825e-17
  121   4.0000   0.0000   0.0000  0.0000e+00  0.0000e+00 -5.5537e-02 -8.6519e-17
  122   4.0000   0.2000   0.0000  0.0000e+00  4.2639e-06 -1.6527e-01 -2.8384e-16
  123   4.0000   0.4000   0.0000  0.0000e+00  1.1266e-05 -2.5036e-01 -4.5788e-15
  124   4.0000   0.6000   0.0000  0.0000e+00  2.2613e-05 -3.8648e-01  9.4365e-14
  125   4.0000   0.8000   0.0000  0.0000e+00  4.0414e-05 -3.6705e-01 -2.8684e-15
  126   4.0000   1.0000   0.0000  0.0000e+00  5.3290e-05 -1.9023e-01 -2.0580e-16
  127   0.0000   0.6000   0.0000  3.5628e-04  1.1620e-03  3.8429e-14 -2.5918e-12
  128   0.1333   0.6000   0.0000  3.5649e-04  1.1128e-03  8.3934e-14 -3.7270e-12
  129   0.2667   0.6000   0.0000  3.5715e-04  1.0636e-03  1.0878e-13 -3.1403e-12
  130   0.4000   0.6000   0.0000  3.5831e-04  1.0144e-03  1.6005e-13  2.9968e-12
  131   0.5333   0.6000   0.0000  3.6008e-04  9.6525e-04  2.5619e-13 -6.8895e-13
  132   0.6667   0.6000   0.0000  3.6265e-04  9.1609e-04  4.2887e-13 -3.7531e-12
  133   0.8000   0.6000   0.0000  3.6623e-04  8.6694e-04  7.3629e-13  2.5917e-12
  134   0.9333   0.6000   0.0000  3.7118e-04  8.1793e-04  1.2784e-12 -4.6856e-14
  135   1.0667   0.6000   0.0000  3.7797e-04  7.6891e-04  2.2184e-12 -1.1753e-12
  136   1.2000   0.6000   0.0000  3.8727e-04  7.1991e-04  3.8171e-12 -2.8015e-12
  137   1.3333   0.6000   0.0000  4.0000e-04  6.7137e-04  6.4406e-12 -8.6897e-13
  138   1.4667   0.6000   0.0000  4.1746e-04  6.2283e-04  1.0411e-11 -7.3778e-13
  139   1.6000   0.6000   0.0000  4.4151e-04  5.7431e-04  1.5197e-11 -5.2444e-12
  140   1.7333   0.6000   0.0000  4.7480e-04  5.2731e-04  1.5986e-11 -7.2457e-13
  141   1.8667   0.6000   0.0000  5.2118e-04  4.8032e-04 -1.0051e-11  1.5479e-13
  142   2.0000   0.6000   0.0000  5.8619e-04  4.3335e-04 -1.4915e-10  1.5553e-12
  143   2.1333   0.6000   0.0000  6.7754e-04  3.8976e-04 -6.4689e-10  1.2330e-13
  144   2.2667   0.6000   0.0000  8.0478e-04  3.4618e-04 -1.3623e-09 -3.8448e-12
  145   2.4000   0.6000   0.0000  9.7494e-04  3.0264e-04 -6.4871e-10 -1.8702e-12
  146   2.5333   0.6000   0.0000  1.1839e-03  2.6455e-04  5.7724e-10 -8.6739e-13
  147   2.6667   0.6000   0.0000  1.4196e-03  2.2649e-04  1.1400e-10  1.3105e-12
  148   2.8000   0.6000   0.0000  1.6776e-03  1.8848e-04  1.2343e-15  3.4614e-13
  149   2.9333   0.6000   0.0000  1.9579e-03  1.5856e-04 -1.6523e-15  2.0830e-13
  150   3.0667   0.6000   0.0000  2.2604e-03  1.2870e-04  1.2343e-15 -1.9981e-14
  151   3.2000   0.6000   0.0000  2.5851e-03  9.8894e-05 -5.4210e-16  1.9734e-13
  152   3.3333   0.6000   0.0000  2.9320e-03  7.9849e-05  7.9017e-16  2.4963e-13
  153   3.4667   0.6000   0.0000  3.3012e-03  6.0873e-05 -1.2082e-15  4.7311e-13
  154   3.6000   0.6000   0.0000  3.6925e-03  4.1969e-05  1.2403e-16 -6.8768e-14
  155   3.7333   0.6000   0.0000  4.1061e-03  3.5443e-05  1.9004e-15  6.8286e-14
  156   3.8667   0.6000   0.0000  4.5420e-03  2.8992e-05 -3.2066e-15  1.3647e-13
  157   4.0000   0.6000   0.0000  5.0000e-03  2.2618e-05  1.4149e+00 -8.9234e-14
