ConFem  ../_DataBond/Pullout
symmetric system False, used LinAlg2 True, used ConFemMatC True, used CaeFemElemC True
ndofs 314, elems 190, active nodes 157, abs.size 6.05 MItems, rel.size 0.0628 (abs.size/(ndofs**2)
used element CP*4 [char. length, scaling type, scaling factor] span from el 1,0.200,-1,1.000 to el 100,0.200,-1,1.000
used material STEEL, spec. inertial mass 0.00e+00, type ELASTIC
used material ISOD, spec. inertial mass 0.00e+00, type ISODAMAGE, fct 3.50, DStrength 0.3935, reg.type 0, spec.cr.en 6.73e-04, cr.bw 0.00
0 step starts, solution type NR
0   1 1.000 0.00000 iter 0 0.000000e+00 1.000000e+00    0.000000e+00
0   1 1.000 0.05000 iter 1 1.825274e-02 1.000000e+00    4.291507e-04
0   1 1.000 0.05000 iter 2 2.511090e-05 4.669519e-06    4.214316e-04
0   1 1.000 0.05000 iter 3 2.144851e-10 1.054357e-13    4.214170e-04
0   2 1.000 0.05000 iter 0 2.144851e-10 1.000000e+00    0.000000e+00
0   2 1.000 0.10000 iter 1 1.003651e-02 1.000000e+00    4.171515e-04
0   2 1.000 0.10000 iter 2 2.022483e-06 7.290396e-08    4.180941e-04
0   2 1.000 0.10000 iter 3 1.666219e-13 1.720854e-18    4.180945e-04
0   3 1.000 0.10000 iter 0 1.666219e-13 1.000000e+00    0.000000e+00
0   3 1.000 0.15000 iter 1 3.518801e-02 1.000000e+00    4.215556e-04
0   3 1.000 0.15000 iter 2 1.440941e-04 3.666850e-05    4.312819e-04
0   3 1.000 0.15000 iter 3 3.909073e-09 5.374429e-12    4.313404e-04
0   4 1.000 0.15000 iter 0 3.909073e-09 1.000000e+00    0.000000e+00
0   4 1.000 0.20000 iter 1 4.205229e-02 1.000000e+00    4.454645e-04
0   4 1.000 0.20000 iter 2 5.504382e-04 4.209838e-04    4.668370e-04
0   4 1.000 0.20000 iter 3 1.514307e-07 1.955622e-09    4.672080e-04
0   5 1.000 0.20000 iter 0 1.514307e-07 1.000000e+00    0.000000e+00
0   5 1.000 0.25000 iter 1 4.195307e-02 1.000000e+00    4.928431e-04
0   5 1.000 0.25000 iter 2 7.045871e-04 1.491645e-03    5.172847e-04
0   5 1.000 0.25000 iter 3 4.264609e-07 2.270050e-08    5.179547e-04
0   6 1.000 0.25000 iter 0 4.264609e-07 1.000000e+00    0.000000e+00
0   6 1.000 0.30000 iter 1 4.704339e-02 1.000000e+00    5.427357e-04
0   6 1.000 0.30000 iter 2 6.154920e-04 3.726749e-03    5.637823e-04
0   6 1.000 0.30000 iter 3 5.225611e-07 8.353528e-08    5.645892e-04
0   7 1.000 0.30000 iter 0 5.225611e-07 1.000000e+00    0.000000e+00
0   7 1.000 0.35000 iter 1 4.509899e-02 1.000000e+00    5.862602e-04
0   7 1.000 0.35000 iter 2 5.350702e-04 3.352585e-03    6.038339e-04
0   7 1.000 0.35000 iter 3 5.848980e-07 9.724068e-08    6.047437e-04
0   8 1.000 0.35000 iter 0 5.848980e-07 1.000000e+00    0.000000e+00
0   8 1.000 0.40000 iter 1 4.107001e-02 1.000000e+00    6.235453e-04
0   8 1.000 0.40000 iter 2 5.036212e-04 2.888733e-03    6.386698e-04
0   8 1.000 0.40000 iter 3 8.024719e-07 1.037193e-07    6.396771e-04
0   9 1.000 0.40000 iter 0 8.024719e-07 1.000000e+00    0.000000e+00
0   9 1.000 0.45000 iter 1 4.086712e-02 1.000000e+00    6.562621e-04
0   9 1.000 0.45000 iter 2 4.439303e-04 2.508175e-03    6.698093e-04
0   9 1.000 0.45000 iter 3 6.730614e-07 1.083431e-07    6.708877e-04
0  10 1.000 0.45000 iter 0 6.730614e-07 1.000000e+00    0.000000e+00
0  10 1.000 0.50000 iter 1 3.800640e-02 1.000000e+00    6.852823e-04
0  10 1.000 0.50000 iter 2 3.971198e-04 2.159744e-03    6.981740e-04
0  10 1.000 0.50000 iter 3 6.727325e-07 1.069047e-07    6.992833e-04
0  11 1.000 0.50000 iter 0 6.727325e-07 1.000000e+00    0.000000e+00
0  11 1.000 0.55000 iter 1 3.430419e-02 1.000000e+00    7.070301e-04
0  11 1.000 0.55000 iter 2 4.792377e-04 2.159913e-03    7.239666e-04
0  11 1.000 0.55000 iter 3 9.310661e-07 8.463975e-08    7.252646e-04
0  12 1.000 0.55000 iter 0 9.310661e-07 1.000000e+00    0.000000e+00
0  12 1.000 0.60000 iter 1 3.491835e-02 1.000000e+00    7.318764e-04
0  12 1.000 0.60000 iter 2 4.024701e-04 1.941915e-03    7.459385e-04
0  12 1.000 0.60000 iter 3 9.023151e-07 9.614751e-08    7.473111e-04
0  13 1.000 0.60000 iter 0 9.023151e-07 1.000000e+00    0.000000e+00
0  13 1.000 0.65000 iter 1 3.628282e-02 1.000000e+00    7.662889e-04
0  13 1.000 0.65000 iter 2 2.094803e-04 1.161164e-03    7.671799e-04
0  13 1.000 0.65000 iter 3 3.379086e-07 3.760166e-08    7.680568e-04
0  14 1.000 0.65000 iter 0 3.379086e-07 1.000000e+00    0.000000e+00
0  14 1.000 0.70000 iter 1 3.868868e-02 1.000000e+00    7.895835e-04
0  14 1.000 0.70000 iter 2 1.559548e-04 8.622498e-04    7.873048e-04
0  14 1.000 0.70000 iter 3 1.834975e-07 2.230561e-08    7.880227e-04
0  15 1.000 0.70000 iter 0 1.834975e-07 1.000000e+00    0.000000e+00
0  15 1.000 0.75000 iter 1 3.212293e-02 1.000000e+00    7.983518e-04
0  15 1.000 0.75000 iter 2 2.889592e-04 1.353667e-03    8.079645e-04
0  15 1.000 0.75000 iter 3 7.026263e-07 5.042035e-08    8.092293e-04
0  16 1.000 0.75000 iter 0 7.026263e-07 1.000000e+00    0.000000e+00
0  16 1.000 0.80000 iter 1 2.919807e-02 1.000000e+00    8.114897e-04
0  16 1.000 0.80000 iter 2 3.285263e-04 1.422631e-03    8.241337e-04
0  16 1.000 0.80000 iter 3 8.440407e-07 1.077334e-07    8.256466e-04
0  17 1.000 0.80000 iter 0 8.440407e-07 1.000000e+00    0.000000e+00
0  17 1.000 0.85000 iter 1 2.880009e-02 1.000000e+00    8.340779e-04
0  17 1.000 0.85000 iter 2 2.565703e-04 1.178428e-03    8.430631e-04
0  17 1.000 0.85000 iter 3 6.554587e-07 2.960090e-08    8.443291e-04
0  18 1.000 0.85000 iter 0 6.554587e-07 1.000000e+00    0.000000e+00
0  18 1.000 0.90000 iter 1 2.737382e-02 1.000000e+00    8.435840e-04
0  18 1.000 0.90000 iter 2 2.769600e-04 1.148251e-03    8.540053e-04
0  18 1.000 0.90000 iter 3 7.465436e-07 7.270475e-08    8.554698e-04
0  19 1.000 0.90000 iter 0 7.465436e-07 1.000000e+00    0.000000e+00
0  19 1.000 0.95000 iter 1 3.268212e-02 1.000000e+00    8.799502e-04
0  19 1.000 0.95000 iter 2 6.482775e-05 2.501970e-04    8.693160e-04
0  19 1.000 0.95000 iter 3 4.749138e-08 2.988909e-09    8.697206e-04
0  20 1.000 0.95000 iter 0 4.749138e-08 1.000000e+00    0.000000e+00
0  20 1.000 1.00000 iter 1 2.598314e-02 1.000000e+00    8.737416e-04
0  20 1.000 1.00000 iter 2 2.906593e-04 1.225761e-03    8.877125e-04
0  20 1.000 1.00000 iter 3 8.172312e-07 7.861848e-08    8.893148e-04
Element data written 1.000000
Nodal data written 1.000000
Restart data written 1.000000
total comp time 4 seconds
