Time   1.0000
El      1    CPS4                                    CONC                                    ISOD           ISODAMAGE      1      7      8      2
   0.1577   0.1577   2.4254e-04  -1.2239e-03   0.0000e+00  -3.6540e-07  -5.7361e-02  -3.0014e+01   0.0000e+00  -3.7321e-03   1.8290e-01   3.5000e+00
   0.1577   0.0423   2.4283e-04  -1.2239e-03   0.0000e+00   6.5281e-06  -4.9887e-02  -3.0010e+01   0.0000e+00   6.6672e-02   1.8295e-01   3.5000e+00
   0.0423   0.1577   2.4254e-04  -1.2170e-03   0.0000e+00  -7.2781e-08  -2.2202e-02  -2.9897e+01   0.0000e+00  -7.4485e-04   1.8127e-01   3.5000e+00
   0.0423   0.0423   2.4283e-04  -1.2170e-03   0.0000e+00   6.8207e-06  -1.4714e-02  -2.9894e+01   0.0000e+00   6.9800e-02   1.8132e-01   3.5000e+00
El      2    CPS4                                    CONC                                    ISOD           ISODAMAGE      2      8      9      3
   0.1577   0.3577   2.3778e-04  -1.2245e-03   0.0000e+00   1.8344e-05  -1.8189e-01  -3.0075e+01   0.0000e+00   1.8750e-01   1.8230e-01   3.5000e+00
   0.1577   0.2423   2.4119e-04  -1.2245e-03   0.0000e+00   1.4496e-05  -9.4806e-02  -3.0037e+01   0.0000e+00   1.4807e-01   1.8284e-01   3.5000e+00
   0.0423   0.3577   2.3778e-04  -1.2283e-03   0.0000e+00   2.1749e-05  -2.0133e-01  -3.0139e+01   0.0000e+00   2.2206e-01   1.8322e-01   3.5000e+00
   0.0423   0.2423   2.4119e-04  -1.2283e-03   0.0000e+00   1.7901e-05  -1.1433e-01  -3.0102e+01   0.0000e+00   1.8264e-01   1.8376e-01   3.5000e+00
El      3    CPS4                                    CONC                                    ISOD           ISODAMAGE      3      9     10      4
   0.1577   0.5577   2.3649e-04  -1.2240e-03   0.0000e+00   8.1672e-06  -2.1266e-01  -3.0082e+01   0.0000e+00   8.3513e-02   1.8197e-01   3.5000e+00
   0.1577   0.4423   2.3652e-04  -1.2240e-03   0.0000e+00  -6.2172e-06  -2.1180e-01  -3.0081e+01   0.0000e+00  -6.3573e-02   1.8197e-01   3.5000e+00
   0.0423   0.5577   2.3649e-04  -1.2384e-03   0.0000e+00   8.2009e-06  -2.8500e-01  -3.0322e+01   0.0000e+00   8.3506e-02   1.8540e-01   3.5000e+00
   0.0423   0.4423   2.3652e-04  -1.2384e-03   0.0000e+00  -6.1835e-06  -2.8414e-01  -3.0321e+01   0.0000e+00  -6.2963e-02   1.8540e-01   3.5000e+00
El      4    CPS4                                    CONC                                    ISOD           ISODAMAGE      4     10     11      5
   0.1577   0.7577   2.4139e-04  -1.2244e-03   0.0000e+00  -1.0161e-05  -8.9213e-02  -3.0034e+01   0.0000e+00  -1.0379e-01   1.8285e-01   3.5000e+00
   0.1577   0.6423   2.3779e-04  -1.2244e-03   0.0000e+00  -1.7099e-05  -1.8126e-01  -3.0074e+01   0.0000e+00  -1.7478e-01   1.8228e-01   3.5000e+00
   0.0423   0.7577   2.4139e-04  -1.2314e-03   0.0000e+00  -1.3761e-05  -1.2440e-01  -3.0150e+01   0.0000e+00  -1.4027e-01   1.8451e-01   3.5000e+00
   0.0423   0.6423   2.3779e-04  -1.2314e-03   0.0000e+00  -2.0699e-05  -2.1628e-01  -3.0189e+01   0.0000e+00  -2.1114e-01   1.8395e-01   3.5000e+00
El      5    CPS4                                    CONC                                    ISOD           ISODAMAGE      5     11     12      6
   0.1577   0.9577   2.4493e-04  -1.2249e-03   0.0000e+00   1.6731e-07  -1.3959e-03  -3.0004e+01   0.0000e+00   1.7075e-03   1.8352e-01   3.5000e+00
   0.1577   0.8423   2.4331e-04  -1.2249e-03   0.0000e+00   6.3917e-07  -4.2783e-02  -3.0022e+01   0.0000e+00   6.5254e-03   1.8326e-01   3.5000e+00
   0.0423   0.9577   2.4493e-04  -1.2244e-03   0.0000e+00  -1.4542e-06   1.0120e-03  -2.9994e+01   0.0000e+00  -1.4843e-02   1.8346e-01   3.5000e+00
   0.0423   0.8423   2.4331e-04  -1.2244e-03   0.0000e+00  -9.8235e-07  -4.0379e-02  -3.0014e+01   0.0000e+00  -1.0030e-02   1.8315e-01   3.5000e+00
El      6    CPS4                                    CONC                                    ISOD           ISODAMAGE      7     13     14      8
   0.3577   0.1577   2.3799e-04  -1.2266e-03   0.0000e+00   5.8392e-06  -1.8723e-01  -3.0109e+01   0.0000e+00   5.9646e-02   1.8282e-01   3.5000e+00
   0.3577   0.0423   2.4014e-04  -1.2266e-03   0.0000e+00   5.9625e-06  -1.3228e-01  -3.0085e+01   0.0000e+00   6.0880e-02   1.8316e-01   3.5000e+00
   0.2423   0.1577   2.3799e-04  -1.2265e-03   0.0000e+00   7.9888e-06  -1.8660e-01  -3.0107e+01   0.0000e+00   8.1607e-02   1.8279e-01   3.5000e+00
   0.2423   0.0423   2.4014e-04  -1.2265e-03   0.0000e+00   8.1122e-06  -1.3165e-01  -3.0083e+01   0.0000e+00   8.2832e-02   1.8314e-01   3.5000e+00
El      7    CPS4                                    CONC                                    ISOD           ISODAMAGE      8     14     15      9
   0.3577   0.3577   2.2837e-04  -1.2199e-03   0.0000e+00   1.7912e-05  -4.0011e-01  -3.0100e+01   0.0000e+00   1.8366e-01   1.7972e-01   3.5000e+00
   0.3577   0.2423   2.3484e-04  -1.2199e-03   0.0000e+00   1.5585e-05  -2.3406e-01  -3.0030e+01   0.0000e+00   1.5960e-01   1.8074e-01   3.5000e+00
   0.2423   0.3577   2.2837e-04  -1.2222e-03   0.0000e+00   2.4379e-05  -4.1176e-01  -3.0139e+01   0.0000e+00   2.4979e-01   1.8029e-01   3.5000e+00
   0.2423   0.2423   2.3484e-04  -1.2222e-03   0.0000e+00   2.2051e-05  -2.4580e-01  -3.0068e+01   0.0000e+00   2.2567e-01   1.8130e-01   3.5000e+00
El      8    CPS4                                    CONC                                    ISOD           ISODAMAGE      9     15     16     10
   0.3577   0.5577   2.2538e-04  -1.2135e-03   0.0000e+00   2.1926e-06  -4.4542e-01  -3.0025e+01   0.0000e+00   2.2537e-02   1.7773e-01   3.5000e+00
   0.3577   0.4423   2.2584e-04  -1.2135e-03   0.0000e+00  -1.6340e-06  -4.3352e-01  -3.0020e+01   0.0000e+00  -1.6793e-02   1.7780e-01   3.5000e+00
   0.2423   0.5577   2.2538e-04  -1.2174e-03   0.0000e+00   2.6545e-06  -4.6458e-01  -3.0090e+01   0.0000e+00   2.7254e-02   1.7863e-01   3.5000e+00
   0.2423   0.4423   2.2584e-04  -1.2174e-03   0.0000e+00  -1.1721e-06  -4.5268e-01  -3.0085e+01   0.0000e+00  -1.2033e-02   1.7870e-01   3.5000e+00
El      9    CPS4                                    CONC                                    ISOD           ISODAMAGE     10     16     17     11
   0.3577   0.7577   2.3357e-04  -1.2160e-03   0.0000e+00  -1.3234e-05  -2.4675e-01  -2.9977e+01   0.0000e+00  -1.3572e-01   1.7960e-01   3.5000e+00
   0.3577   0.6423   2.2745e-04  -1.2160e-03   0.0000e+00  -1.7566e-05  -4.0422e-01  -3.0043e+01   0.0000e+00  -1.8035e-01   1.7865e-01   3.5000e+00
   0.2423   0.7577   2.3357e-04  -1.2203e-03   0.0000e+00  -1.9358e-05  -2.6863e-01  -3.0050e+01   0.0000e+00  -1.9826e-01   1.8064e-01   3.5000e+00
   0.2423   0.6423   2.2745e-04  -1.2203e-03   0.0000e+00  -2.3690e-05  -4.2592e-01  -3.0116e+01   0.0000e+00  -2.4291e-01   1.7969e-01   3.5000e+00
El     10    CPS4                                    CONC                                    ISOD           ISODAMAGE     11     17     18     12
   0.3577   0.9577   2.4240e-04  -1.2211e-03   0.0000e+00  -1.7769e-06  -4.6677e-02  -2.9968e+01   0.0000e+00  -1.8164e-02   1.8222e-01   3.5000e+00
   0.3577   0.8423   2.3758e-04  -1.2211e-03   0.0000e+00  -4.6603e-06  -1.7010e-01  -3.0021e+01   0.0000e+00  -4.7684e-02   1.8145e-01   3.5000e+00
   0.2423   0.9577   2.4240e-04  -1.2240e-03   0.0000e+00  -6.6001e-06  -6.1363e-02  -3.0017e+01   0.0000e+00  -6.7411e-02   1.8291e-01   3.5000e+00
   0.2423   0.8423   2.3758e-04  -1.2240e-03   0.0000e+00  -9.4835e-06  -1.8469e-01  -3.0069e+01   0.0000e+00  -9.6953e-02   1.8214e-01   3.5000e+00
El     11    CPS4                                    CONC                                    ISOD           ISODAMAGE     13     19     20     14
   0.5577   0.1577   2.3301e-04  -1.2240e-03   0.0000e+00   5.3702e-06  -3.0137e-01  -3.0118e+01   0.0000e+00   5.4951e-02   1.8139e-01   3.5000e+00
   0.5577   0.0423   2.3489e-04  -1.2240e-03   0.0000e+00   3.3816e-06  -2.5320e-01  -3.0098e+01   0.0000e+00   3.4590e-02   1.8169e-01   3.5000e+00
   0.4423   0.1577   2.3301e-04  -1.2259e-03   0.0000e+00   7.2495e-06  -3.1136e-01  -3.0152e+01   0.0000e+00   7.4138e-02   1.8187e-01   3.5000e+00
   0.4423   0.0423   2.3489e-04  -1.2259e-03   0.0000e+00   5.2609e-06  -2.6322e-01  -3.0131e+01   0.0000e+00   5.3782e-02   1.8216e-01   3.5000e+00
El     12    CPS4                                    CONC                                    ISOD           ISODAMAGE     14     20     21     15
   0.5577   0.3577   2.2592e-04  -1.2178e-03   0.0000e+00   1.0896e-05  -4.5253e-01  -3.0091e+01   0.0000e+00   1.1185e-01   1.7882e-01   3.5000e+00
   0.5577   0.2423   2.3061e-04  -1.2178e-03   0.0000e+00   9.9651e-06  -3.3201e-01  -3.0040e+01   0.0000e+00   1.0220e-01   1.7955e-01   3.5000e+00
   0.4423   0.3577   2.2592e-04  -1.2187e-03   0.0000e+00   1.5581e-05  -4.5718e-01  -3.0107e+01   0.0000e+00   1.5989e-01   1.7905e-01   3.5000e+00
   0.4423   0.2423   2.3061e-04  -1.2187e-03   0.0000e+00   1.4650e-05  -3.3669e-01  -3.0056e+01   0.0000e+00   1.5020e-01   1.7978e-01   3.5000e+00
El     13    CPS4                                    CONC                                    ISOD           ISODAMAGE     15     21     22     16
   0.5577   0.5577   2.2320e-04  -1.2118e-03   0.0000e+00  -2.6309e-06  -4.9291e-01  -3.0019e+01   0.0000e+00  -2.7067e-02   1.7698e-01   3.5000e+00
   0.5577   0.4423   2.2394e-04  -1.2118e-03   0.0000e+00  -2.8837e-06  -4.7378e-01  -3.0011e+01   0.0000e+00  -2.9663e-02   1.7709e-01   3.5000e+00
   0.4423   0.5577   2.2320e-04  -1.2121e-03   0.0000e+00  -1.8896e-06  -4.9417e-01  -3.0023e+01   0.0000e+00  -1.9438e-02   1.7704e-01   3.5000e+00
   0.4423   0.4423   2.2394e-04  -1.2121e-03   0.0000e+00  -2.1424e-06  -4.7504e-01  -3.0015e+01   0.0000e+00  -2.2036e-02   1.7715e-01   3.5000e+00
El     14    CPS4                                    CONC                                    ISOD           ISODAMAGE     16     22     23     17
   0.5577   0.7577   2.2855e-04  -1.2124e-03   0.0000e+00  -1.4232e-05  -3.5786e-01  -2.9970e+01   0.0000e+00  -1.4624e-01   1.7796e-01   3.5000e+00
   0.5577   0.6423   2.2443e-04  -1.2124e-03   0.0000e+00  -1.5700e-05  -4.6396e-01  -3.0015e+01   0.0000e+00  -1.6145e-01   1.7732e-01   3.5000e+00
   0.4423   0.7577   2.2855e-04  -1.2139e-03   0.0000e+00  -1.8348e-05  -3.6524e-01  -2.9995e+01   0.0000e+00  -1.8845e-01   1.7832e-01   3.5000e+00
   0.4423   0.6423   2.2443e-04  -1.2139e-03   0.0000e+00  -1.9816e-05  -4.7131e-01  -3.0040e+01   0.0000e+00  -2.0369e-01   1.7768e-01   3.5000e+00
El     15    CPS4                                    CONC                                    ISOD           ISODAMAGE     17     23     24     18
   0.5577   0.9577   2.3606e-04  -1.2164e-03   0.0000e+00  -4.2171e-06  -1.8522e-01  -2.9958e+01   0.0000e+00  -4.3221e-02   1.8009e-01   3.5000e+00
   0.5577   0.8423   2.3166e-04  -1.2164e-03   0.0000e+00  -6.8798e-06  -2.9813e-01  -3.0006e+01   0.0000e+00  -7.0570e-02   1.7940e-01   3.5000e+00
   0.4423   0.9577   2.3606e-04  -1.2191e-03   0.0000e+00  -8.6142e-06  -1.9871e-01  -3.0003e+01   0.0000e+00  -8.8217e-02   1.8073e-01   3.5000e+00
   0.4423   0.8423   2.3166e-04  -1.2191e-03   0.0000e+00  -1.1277e-05  -3.1154e-01  -3.0051e+01   0.0000e+00  -1.1558e-01   1.8004e-01   3.5000e+00
El     16    CPS4                                    CONC                                    ISOD           ISODAMAGE     19     25     26     20
   0.7577   0.1577   2.2982e-04  -1.2205e-03   0.0000e+00   3.2069e-06  -3.6581e-01  -3.0095e+01   0.0000e+00   3.2868e-02   1.8007e-01   3.5000e+00
   0.7577   0.0423   2.3092e-04  -1.2205e-03   0.0000e+00   1.2029e-06  -3.3767e-01  -3.0083e+01   0.0000e+00   1.2326e-02   1.8024e-01   3.5000e+00
   0.6423   0.1577   2.2982e-04  -1.2225e-03   0.0000e+00   4.3023e-06  -3.7586e-01  -3.0129e+01   0.0000e+00   4.4069e-02   1.8054e-01   3.5000e+00
   0.6423   0.0423   2.3092e-04  -1.2225e-03   0.0000e+00   2.2984e-06  -3.4773e-01  -3.0117e+01   0.0000e+00   2.3538e-02   1.8071e-01   3.5000e+00
El     17    CPS4                                    CONC                                    ISOD           ISODAMAGE     20     26     27     21
   0.7577   0.3577   2.2593e-04  -1.2170e-03   0.0000e+00   4.9010e-06  -4.4827e-01  -3.0078e+01   0.0000e+00   5.0319e-02   1.7863e-01   3.5000e+00
   0.7577   0.2423   2.2849e-04  -1.2170e-03   0.0000e+00   4.5709e-06  -3.8258e-01  -3.0050e+01   0.0000e+00   4.6907e-02   1.7903e-01   3.5000e+00
   0.6423   0.3577   2.2593e-04  -1.2173e-03   0.0000e+00   7.4529e-06  -4.4992e-01  -3.0083e+01   0.0000e+00   7.6512e-02   1.7871e-01   3.5000e+00
   0.6423   0.2423   2.2849e-04  -1.2173e-03   0.0000e+00   7.1228e-06  -3.8424e-01  -3.0056e+01   0.0000e+00   7.3088e-02   1.7911e-01   3.5000e+00
El     18    CPS4                                    CONC                                    ISOD           ISODAMAGE     21     27     28     22
   0.7577   0.5577   2.2368e-04  -1.2130e-03   0.0000e+00  -6.8686e-06  -4.8646e-01  -3.0034e+01   0.0000e+00  -7.0632e-02   1.7733e-01   3.5000e+00
   0.7577   0.4423   2.2465e-04  -1.2130e-03   0.0000e+00  -5.9305e-06  -4.6144e-01  -3.0023e+01   0.0000e+00  -6.0974e-02   1.7748e-01   3.5000e+00
   0.6423   0.5577   2.2368e-04  -1.2121e-03   0.0000e+00  -5.8987e-06  -4.8177e-01  -3.0018e+01   0.0000e+00  -6.0675e-02   1.7711e-01   3.5000e+00
   0.6423   0.4423   2.2465e-04  -1.2121e-03   0.0000e+00  -4.9606e-06  -4.5675e-01  -3.0007e+01   0.0000e+00  -5.1016e-02   1.7726e-01   3.5000e+00
El     19    CPS4                                    CONC                                    ISOD           ISODAMAGE     22     28     29     23
   0.7577   0.7577   2.2531e-04  -1.2116e-03   0.0000e+00  -1.5611e-05  -4.3756e-01  -2.9993e+01   0.0000e+00  -1.6054e-01   1.7728e-01   3.5000e+00
   0.7577   0.6423   2.2385e-04  -1.2116e-03   0.0000e+00  -1.5763e-05  -4.7513e-01  -3.0008e+01   0.0000e+00  -1.6215e-01   1.7706e-01   3.5000e+00
   0.6423   0.7577   2.2531e-04  -1.2118e-03   0.0000e+00  -1.7067e-05  -4.3831e-01  -2.9995e+01   0.0000e+00  -1.7551e-01   1.7732e-01   3.5000e+00
   0.6423   0.6423   2.2385e-04  -1.2118e-03   0.0000e+00  -1.7219e-05  -4.7588e-01  -3.0011e+01   0.0000e+00  -1.7712e-01   1.7710e-01   3.5000e+00
El     20    CPS4                                    CONC                                    ISOD           ISODAMAGE     23     29     30     24
   0.7577   0.9577   2.2879e-04  -1.2125e-03   0.0000e+00  -5.6953e-06  -3.5213e-01  -2.9970e+01   0.0000e+00  -5.8518e-02   1.7802e-01   3.5000e+00
   0.7577   0.8423   2.2663e-04  -1.2125e-03   0.0000e+00  -7.8588e-06  -4.0780e-01  -2.9994e+01   0.0000e+00  -8.0781e-02   1.7768e-01   3.5000e+00
   0.6423   0.9577   2.2879e-04  -1.2147e-03   0.0000e+00  -7.8561e-06  -3.6302e-01  -3.0007e+01   0.0000e+00  -8.0669e-02   1.7853e-01   3.5000e+00
   0.6423   0.8423   2.2663e-04  -1.2147e-03   0.0000e+00  -1.0020e-05  -4.1866e-01  -3.0031e+01   0.0000e+00  -1.0293e-01   1.7820e-01   3.5000e+00
El     21    CPS4                                    CONC                                    ISOD           ISODAMAGE     25     31     32     26
   0.9577   0.1577   2.2811e-04  -1.2171e-03   0.0000e+00   2.1713e-06  -3.9266e-01  -3.0056e+01   0.0000e+00   2.2283e-02   1.7899e-01   3.5000e+00
   0.9577   0.0423   2.2853e-04  -1.2171e-03   0.0000e+00   2.2064e-07  -3.8208e-01  -3.0051e+01   0.0000e+00   2.2641e-03   1.7906e-01   3.5000e+00
   0.8423   0.1577   2.2811e-04  -1.2190e-03   0.0000e+00   2.5826e-06  -4.0244e-01  -3.0089e+01   0.0000e+00   2.6489e-02   1.7946e-01   3.5000e+00
   0.8423   0.0423   2.2853e-04  -1.2190e-03   0.0000e+00   6.3192e-07  -3.9186e-01  -3.0084e+01   0.0000e+00   6.4809e-03   1.7952e-01   3.5000e+00
El     22    CPS4                                    CONC                                    ISOD           ISODAMAGE     26     32     33     27
   0.9577   0.3577   2.2656e-04  -1.2167e-03   0.0000e+00   2.1443e-06  -4.3097e-01  -3.0067e+01   0.0000e+00   2.2015e-02   1.7867e-01   3.5000e+00
   0.9577   0.2423   2.2759e-04  -1.2167e-03   0.0000e+00   2.0525e-06  -4.0450e-01  -3.0056e+01   0.0000e+00   2.1069e-02   1.7883e-01   3.5000e+00
   0.8423   0.3577   2.2656e-04  -1.2168e-03   0.0000e+00   3.1727e-06  -4.3143e-01  -3.0068e+01   0.0000e+00   3.2572e-02   1.7869e-01   3.5000e+00
   0.8423   0.2423   2.2759e-04  -1.2168e-03   0.0000e+00   3.0809e-06  -4.0496e-01  -3.0057e+01   0.0000e+00   3.1623e-02   1.7885e-01   3.5000e+00
El     23    CPS4                                    CONC                                    ISOD           ISODAMAGE     27     33     34     28
   0.9577   0.5577   2.2433e-04  -1.2152e-03   0.0000e+00  -1.0152e-05  -4.8064e-01  -3.0064e+01   0.0000e+00  -1.0432e-01   1.7796e-01   3.5000e+00
   0.9577   0.4423   2.2569e-04  -1.2152e-03   0.0000e+00  -8.7985e-06  -4.4563e-01  -3.0049e+01   0.0000e+00  -9.0386e-02   1.7817e-01   3.5000e+00
   0.8423   0.5577   2.2433e-04  -1.2138e-03   0.0000e+00  -8.7934e-06  -4.7387e-01  -3.0041e+01   0.0000e+00  -9.0392e-02   1.7764e-01   3.5000e+00
   0.8423   0.4423   2.2569e-04  -1.2138e-03   0.0000e+00  -7.4399e-06  -4.3885e-01  -3.0026e+01   0.0000e+00  -7.6459e-02   1.7785e-01   3.5000e+00
El     24    CPS4                                    CONC                                    ISOD           ISODAMAGE     28     34     35     29
   0.9577   0.7577   2.2228e-04  -1.2119e-03   0.0000e+00  -1.8354e-05  -5.1690e-01  -3.0029e+01   0.0000e+00  -1.8884e-01   1.7688e-01   3.5000e+00
   0.9577   0.6423   2.2341e-04  -1.2119e-03   0.0000e+00  -1.8136e-05  -4.8766e-01  -3.0017e+01   0.0000e+00  -1.8656e-01   1.7705e-01   3.5000e+00
   0.8423   0.7577   2.2228e-04  -1.2117e-03   0.0000e+00  -1.7221e-05  -5.1581e-01  -3.0026e+01   0.0000e+00  -1.7720e-01   1.7682e-01   3.5000e+00
   0.8423   0.6423   2.2341e-04  -1.2117e-03   0.0000e+00  -1.7004e-05  -4.8658e-01  -3.0013e+01   0.0000e+00  -1.7493e-01   1.7700e-01   3.5000e+00
El     25    CPS4                                    CONC                                    ISOD           ISODAMAGE     29     35     36     30
   0.9577   0.9577   2.2144e-04  -1.2089e-03   0.0000e+00  -7.3101e-06  -5.2360e-01  -2.9988e+01   0.0000e+00  -7.5292e-02   1.7602e-01   3.5000e+00
   0.9577   0.8423   2.2175e-04  -1.2089e-03   0.0000e+00  -9.3883e-06  -5.1556e-01  -2.9984e+01   0.0000e+00  -9.6691e-02   1.7607e-01   3.5000e+00
   0.8423   0.9577   2.2144e-04  -1.2110e-03   0.0000e+00  -6.9989e-06  -5.3398e-01  -3.0023e+01   0.0000e+00  -7.2044e-02   1.7651e-01   3.5000e+00
   0.8423   0.8423   2.2175e-04  -1.2110e-03   0.0000e+00  -9.0771e-06  -5.2594e-01  -3.0020e+01   0.0000e+00  -9.3430e-02   1.7656e-01   3.5000e+00
El     26    CPS4                                    CONC                                    ISOD           ISODAMAGE     31     37     38     32
   1.1577   0.1577   2.2656e-04  -1.2125e-03   0.0000e+00   3.5844e-06  -4.0972e-01  -2.9995e+01   0.0000e+00   3.6844e-02   1.7767e-01   3.5000e+00
   1.1577   0.0423   2.2628e-04  -1.2125e-03   0.0000e+00   7.6860e-07  -4.1692e-01  -2.9998e+01   0.0000e+00   7.9010e-03   1.7763e-01   3.5000e+00
   1.0423   0.1577   2.2656e-04  -1.2153e-03   0.0000e+00   3.3048e-06  -4.2385e-01  -3.0043e+01   0.0000e+00   3.3943e-02   1.7834e-01   3.5000e+00
   1.0423   0.0423   2.2628e-04  -1.2153e-03   0.0000e+00   4.8907e-07  -4.3105e-01  -3.0046e+01   0.0000e+00   5.0234e-03   1.7829e-01   3.5000e+00
El     27    CPS4                                    CONC                                    ISOD           ISODAMAGE     32     38     39     33
   1.1577   0.3577   2.2760e-04  -1.2163e-03   0.0000e+00   4.4629e-06  -4.0207e-01  -3.0048e+01   0.0000e+00   4.5816e-02   1.7873e-01   3.5000e+00
   1.1577   0.2423   2.2692e-04  -1.2163e-03   0.0000e+00   4.1792e-06  -4.1968e-01  -3.0056e+01   0.0000e+00   4.2909e-02   1.7863e-01   3.5000e+00
   1.0423   0.3577   2.2760e-04  -1.2166e-03   0.0000e+00   3.7789e-06  -4.0349e-01  -3.0053e+01   0.0000e+00   3.8790e-02   1.7880e-01   3.5000e+00
   1.0423   0.2423   2.2692e-04  -1.2166e-03   0.0000e+00   3.4952e-06  -4.2110e-01  -3.0061e+01   0.0000e+00   3.5883e-02   1.7869e-01   3.5000e+00
El     28    CPS4                                    CONC                                    ISOD           ISODAMAGE     33     39     40     34
   1.1577   0.5577   2.2527e-04  -1.2180e-03   0.0000e+00  -1.1887e-05  -4.7041e-01  -3.0102e+01   0.0000e+00  -1.2203e-01   1.7878e-01   3.5000e+00
   1.1577   0.4423   2.2716e-04  -1.2180e-03   0.0000e+00  -1.0173e-05  -4.2187e-01  -3.0082e+01   0.0000e+00  -1.0439e-01   1.7907e-01   3.5000e+00
   1.0423   0.5577   2.2527e-04  -1.2163e-03   0.0000e+00  -1.0002e-05  -4.6184e-01  -3.0073e+01   0.0000e+00  -1.0272e-01   1.7837e-01   3.5000e+00
   1.0423   0.4423   2.2716e-04  -1.2163e-03   0.0000e+00  -8.2871e-06  -4.1328e-01  -3.0053e+01   0.0000e+00  -8.5082e-02   1.7866e-01   3.5000e+00
El     29    CPS4                                    CONC                                    ISOD           ISODAMAGE     34     40     41     35
   1.1577   0.7577   2.1883e-04  -1.2125e-03   0.0000e+00  -2.3549e-05  -6.0913e-01  -3.0076e+01   0.0000e+00  -2.4241e-01   1.7650e-01   3.5000e+00
   1.1577   0.6423   2.2304e-04  -1.2125e-03   0.0000e+00  -2.3162e-05  -5.0033e-01  -3.0031e+01   0.0000e+00  -2.3823e-01   1.7715e-01   3.5000e+00
   1.0423   0.7577   2.1883e-04  -1.2121e-03   0.0000e+00  -1.9336e-05  -6.0722e-01  -3.0070e+01   0.0000e+00  -1.9907e-01   1.7640e-01   3.5000e+00
   1.0423   0.6423   2.2304e-04  -1.2121e-03   0.0000e+00  -1.8949e-05  -4.9840e-01  -3.0025e+01   0.0000e+00  -1.9493e-01   1.7705e-01   3.5000e+00
El     30    CPS4                                    CONC                                    ISOD           ISODAMAGE     35     41     42     36
   1.1577   0.9577   2.1327e-04  -1.2049e-03   0.0000e+00  -1.0091e-05  -7.1514e-01  -3.0006e+01   0.0000e+00  -1.0422e-01   1.7382e-01   3.5000e+00
   1.1577   0.8423   2.1621e-04  -1.2049e-03   0.0000e+00  -1.2489e-05  -6.3888e-01  -2.9974e+01   0.0000e+00  -1.2891e-01   1.7427e-01   3.5000e+00
   1.0423   0.9577   2.1327e-04  -1.2072e-03   0.0000e+00  -7.1513e-06  -7.2703e-01  -3.0047e+01   0.0000e+00  -7.3803e-02   1.7438e-01   3.5000e+00
   1.0423   0.8423   2.1621e-04  -1.2072e-03   0.0000e+00  -9.5493e-06  -6.5082e-01  -3.0016e+01   0.0000e+00  -9.8497e-02   1.7483e-01   3.5000e+00
El     31    CPS4                                    CONC                                    ISOD           ISODAMAGE     37     43     44     38
   1.3577   0.1577   2.2333e-04  -1.2047e-03   0.0000e+00   8.5637e-06  -4.5396e-01  -2.9895e+01   0.0000e+00   8.8277e-02   1.7533e-01   3.5000e+00
   1.3577   0.0423   2.2191e-04  -1.2047e-03   0.0000e+00   3.5953e-06  -4.9062e-01  -2.9911e+01   0.0000e+00   3.7072e-02   1.7511e-01   3.5000e+00
   1.2423   0.1577   2.2333e-04  -1.2097e-03   0.0000e+00   7.1461e-06  -4.7888e-01  -2.9981e+01   0.0000e+00   7.3560e-02   1.7650e-01   3.5000e+00
   1.2423   0.0423   2.2191e-04  -1.2097e-03   0.0000e+00   2.1777e-06  -5.1550e-01  -2.9996e+01   0.0000e+00   2.2423e-02   1.7628e-01   3.5000e+00
El     32    CPS4                                    CONC                                    ISOD           ISODAMAGE     38     44     45     39
   1.3577   0.3577   2.2838e-04  -1.2146e-03   0.0000e+00   1.4203e-05  -3.7341e-01  -3.0010e+01   0.0000e+00   1.4585e-01   1.7846e-01   3.5000e+00
   1.3577   0.2423   2.2506e-04  -1.2146e-03   0.0000e+00   1.3017e-05  -4.5883e-01  -3.0046e+01   0.0000e+00   1.3376e-01   1.7794e-01   3.5000e+00
   1.2423   0.3577   2.2838e-04  -1.2158e-03   0.0000e+00   1.0887e-05  -3.7937e-01  -3.0031e+01   0.0000e+00   1.1177e-01   1.7873e-01   3.5000e+00
   1.2423   0.2423   2.2506e-04  -1.2158e-03   0.0000e+00   9.7018e-06  -4.6476e-01  -3.0067e+01   0.0000e+00   9.9660e-02   1.7821e-01   3.5000e+00
El     33    CPS4                                    CONC                                    ISOD           ISODAMAGE     39     45     46     40
   1.3577   0.5577   2.2657e-04  -1.2216e-03   0.0000e+00  -1.0955e-05  -4.5513e-01  -3.0149e+01   0.0000e+00  -1.1231e-01   1.7984e-01   3.5000e+00
   1.3577   0.4423   2.2878e-04  -1.2216e-03   0.0000e+00  -8.7657e-06  -3.9830e-01  -3.0125e+01   0.0000e+00  -8.9828e-02   1.8018e-01   3.5000e+00
   1.2423   0.5577   2.2657e-04  -1.2194e-03   0.0000e+00  -8.7441e-06  -4.4419e-01  -3.0112e+01   0.0000e+00  -8.9702e-02   1.7931e-01   3.5000e+00
   1.2423   0.4423   2.2878e-04  -1.2194e-03   0.0000e+00  -6.5552e-06  -3.8734e-01  -3.0088e+01   0.0000e+00  -6.7219e-02   1.7966e-01   3.5000e+00
El     34    CPS4                                    CONC                                    ISOD           ISODAMAGE     40     46     47     41
   1.3577   0.7577   2.1469e-04  -1.2135e-03   0.0000e+00  -3.2015e-05  -7.2107e-01  -3.0137e+01   0.0000e+00  -3.2970e-01   1.7614e-01   3.5000e+00
   1.3577   0.6423   2.2279e-04  -1.2135e-03   0.0000e+00  -3.1392e-05  -5.1165e-01  -3.0050e+01   0.0000e+00  -3.2280e-01   1.7738e-01   3.5000e+00
   1.2423   0.7577   2.1469e-04  -1.2129e-03   0.0000e+00  -2.3911e-05  -7.1802e-01  -3.0127e+01   0.0000e+00  -2.4629e-01   1.7596e-01   3.5000e+00
   1.2423   0.6423   2.2279e-04  -1.2129e-03   0.0000e+00  -2.3288e-05  -5.0855e-01  -3.0040e+01   0.0000e+00  -2.3951e-01   1.7720e-01   3.5000e+00
El     35    CPS4                                    CONC                                    ISOD           ISODAMAGE     41     47     48     42
   1.3577   0.9577   2.0284e-04  -1.1996e-03   0.0000e+00  -1.4884e-05  -9.6057e-01  -3.0025e+01   0.0000e+00  -1.5423e-01   1.7103e-01   3.5000e+00
   1.3577   0.8423   2.0934e-04  -1.1996e-03   0.0000e+00  -1.8094e-05  -7.9111e-01  -2.9956e+01   0.0000e+00  -1.8727e-01   1.7201e-01   3.5000e+00
   1.2423   0.9577   2.0284e-04  -1.2028e-03   0.0000e+00  -8.3787e-06  -9.7633e-01  -3.0081e+01   0.0000e+00  -8.6744e-02   1.7177e-01   3.5000e+00
   1.2423   0.8423   2.0934e-04  -1.2028e-03   0.0000e+00  -1.1589e-05  -8.0700e-01  -3.0012e+01   0.0000e+00  -1.1984e-01   1.7275e-01   3.5000e+00
El     36    CPS4                                    CONC                                    ISOD           ISODAMAGE     43     49     50     44
   1.5577   0.1577   2.1589e-04  -1.1918e-03   0.0000e+00   1.7920e-05  -5.8231e-01  -2.9751e+01   0.0000e+00   1.8566e-01   1.7119e-01   3.5000e+00
   1.5577   0.0423   2.1254e-04  -1.1918e-03   0.0000e+00   9.8257e-06  -6.6933e-01  -2.9787e+01   0.0000e+00   1.0186e-01   1.7066e-01   3.5000e+00
   1.4423   0.1577   2.1589e-04  -1.1999e-03   0.0000e+00   1.4577e-05  -6.2282e-01  -2.9892e+01   0.0000e+00   1.5068e-01   1.7307e-01   3.5000e+00
   1.4423   0.0423   2.1254e-04  -1.1999e-03   0.0000e+00   6.4822e-06  -7.0966e-01  -2.9928e+01   0.0000e+00   6.7046e-02   1.7255e-01   3.5000e+00
El     37    CPS4                                    CONC                                    ISOD           ISODAMAGE     44     50     51     45
   1.5577   0.3577   2.2871e-04  -1.2107e-03   0.0000e+00   3.4280e-05  -3.4510e-01  -2.9937e+01   0.0000e+00   3.5238e-01   1.7766e-01   3.5000e+00
   1.5577   0.2423   2.2022e-04  -1.2107e-03   0.0000e+00   3.1744e-05  -5.6430e-01  -3.0030e+01   0.0000e+00   3.2683e-01   1.7633e-01   3.5000e+00
   1.4423   0.3577   2.2871e-04  -1.2132e-03   0.0000e+00   2.5786e-05  -3.5789e-01  -2.9982e+01   0.0000e+00   2.6488e-01   1.7822e-01   3.5000e+00
   1.4423   0.2423   2.2022e-04  -1.2132e-03   0.0000e+00   2.3250e-05  -5.7696e-01  -3.0074e+01   0.0000e+00   2.3921e-01   1.7689e-01   3.5000e+00
El     38    CPS4                                    CONC                                    ISOD           ISODAMAGE     45     51     52     46
   1.5577   0.5577   2.2900e-04  -1.2253e-03   0.0000e+00  -6.7260e-06  -4.1110e-01  -3.0185e+01   0.0000e+00  -6.8850e-02   1.8109e-01   3.5000e+00
   1.5577   0.4423   2.3107e-04  -1.2253e-03   0.0000e+00  -4.6130e-06  -3.5812e-01  -3.0163e+01   0.0000e+00  -4.7202e-02   1.8141e-01   3.5000e+00
   1.4423   0.5577   2.2900e-04  -1.2232e-03   0.0000e+00  -4.6612e-06  -4.0053e-01  -3.0150e+01   0.0000e+00  -4.7743e-02   1.8058e-01   3.5000e+00
   1.4423   0.4423   2.3107e-04  -1.2232e-03   0.0000e+00  -2.5482e-06  -3.4752e-01  -3.0127e+01   0.0000e+00  -2.6090e-02   1.8091e-01   3.5000e+00
El     39    CPS4                                    CONC                                    ISOD           ISODAMAGE     46     52     53     47
   1.5577   0.7577   2.0929e-04  -1.2135e-03   0.0000e+00  -4.5008e-05  -8.6098e-01  -3.0193e+01   0.0000e+00  -4.6392e-01   1.7539e-01   3.5000e+00
   1.5577   0.6423   2.2317e-04  -1.2135e-03   0.0000e+00  -4.5145e-05  -5.0219e-01  -3.0044e+01   0.0000e+00  -4.6414e-01   1.7752e-01   3.5000e+00
   1.4423   0.7577   2.0929e-04  -1.2137e-03   0.0000e+00  -3.1135e-05  -8.6173e-01  -3.0198e+01   0.0000e+00  -3.2094e-01   1.7535e-01   3.5000e+00
   1.4423   0.6423   2.2317e-04  -1.2137e-03   0.0000e+00  -3.1272e-05  -5.0292e-01  -3.0049e+01   0.0000e+00  -3.2152e-01   1.7748e-01   3.5000e+00
El     40    CPS4                                    CONC                                    ISOD           ISODAMAGE     47     53     54     48
   1.5577   0.9577   1.8855e-04  -1.1920e-03   0.0000e+00  -2.1745e-05  -1.2975e+00  -3.0042e+01   0.0000e+00  -2.2637e-01   1.6719e-01   3.5000e+00
   1.5577   0.8423   2.0002e-04  -1.1920e-03   0.0000e+00  -2.6404e-05  -9.9708e-01  -2.9921e+01   0.0000e+00  -2.7432e-01   1.6888e-01   3.5000e+00
   1.4423   0.9577   1.8855e-04  -1.1967e-03   0.0000e+00  -1.0280e-05  -1.3201e+00  -3.0125e+01   0.0000e+00  -1.0688e-01   1.6825e-01   3.5000e+00
   1.4423   0.8423   2.0002e-04  -1.1967e-03   0.0000e+00  -1.4939e-05  -1.0200e+00  -3.0004e+01   0.0000e+00  -1.5501e-01   1.6993e-01   3.5000e+00
El     41    CPS4                                    CONC                                    ISOD           ISODAMAGE     49     55     56     50
   1.7577   0.1577   2.0145e-04  -1.1743e-03   0.0000e+00   3.0986e-05  -8.7194e-01  -2.9591e+01   0.0000e+00   3.2342e-01   1.6499e-01   3.5000e+00
   1.7577   0.0423   1.9535e-04  -1.1743e-03   0.0000e+00   2.0322e-05  -1.0323e+00  -2.9656e+01   0.0000e+00   2.1235e-01   1.6406e-01   3.5000e+00
   1.6423   0.1577   2.0145e-04  -1.1850e-03   0.0000e+00   2.4886e-05  -9.2487e-01  -2.9782e+01   0.0000e+00   2.5899e-01   1.6744e-01   3.5000e+00
   1.6423   0.0423   1.9535e-04  -1.1850e-03   0.0000e+00   1.4222e-05  -1.0848e+00  -2.9847e+01   0.0000e+00   1.4818e-01   1.6651e-01   3.5000e+00
El     42    CPS4                                    CONC                                    ISOD           ISODAMAGE     50     56     57     51
   1.7577   0.3577   2.2610e-04  -1.2027e-03   0.0000e+00   6.7892e-05  -3.7196e-01  -2.9819e+01   0.0000e+00   6.9963e-01   1.7559e-01   3.5000e+00
   1.7577   0.2423   2.0969e-04  -1.2027e-03   0.0000e+00   6.2695e-05  -7.9724e-01  -2.9997e+01   0.0000e+00   6.4809e-01   1.7303e-01   3.5000e+00
   1.6423   0.3577   2.2610e-04  -1.2079e-03   0.0000e+00   5.1480e-05  -3.9821e-01  -2.9914e+01   0.0000e+00   5.2981e-01   1.7668e-01   3.5000e+00
   1.6423   0.2423   2.0969e-04  -1.2079e-03   0.0000e+00   4.6284e-05  -8.2301e-01  -3.0091e+01   0.0000e+00   4.7781e-01   1.7413e-01   3.5000e+00
El     43    CPS4                                    CONC                                    ISOD           ISODAMAGE     51     57     58     52
   1.7577   0.5577   2.3019e-04  -1.2261e-03   0.0000e+00   2.5515e-06  -3.8436e-01  -3.0185e+01   0.0000e+00   2.6107e-02   1.8146e-01   3.5000e+00
   1.7577   0.4423   2.3159e-04  -1.2261e-03   0.0000e+00   2.5511e-06  -3.4848e-01  -3.0170e+01   0.0000e+00   2.6095e-02   1.8168e-01   3.5000e+00
   1.6423   0.5577   2.3019e-04  -1.2261e-03   0.0000e+00   3.9506e-06  -3.8436e-01  -3.0185e+01   0.0000e+00   4.0422e-02   1.8146e-01   3.5000e+00
   1.6423   0.4423   2.3159e-04  -1.2261e-03   0.0000e+00   3.9502e-06  -3.4848e-01  -3.0170e+01   0.0000e+00   4.0407e-02   1.8168e-01   3.5000e+00
El     44    CPS4                                    CONC                                    ISOD           ISODAMAGE     52     58     59     53
   1.7577   0.7577   2.0070e-04  -1.2094e-03   0.0000e+00  -6.2505e-05  -1.0642e+00  -3.0209e+01   0.0000e+00  -6.4593e-01   1.7327e-01   3.5000e+00
   1.7577   0.6423   2.2192e-04  -1.2094e-03   0.0000e+00  -6.5458e-05  -5.1400e-01  -2.9982e+01   0.0000e+00  -6.7379e-01   1.7651e-01   3.5000e+00
   1.6423   0.7577   2.0070e-04  -1.2124e-03   0.0000e+00  -4.1288e-05  -1.0787e+00  -3.0266e+01   0.0000e+00  -4.2639e-01   1.7382e-01   3.5000e+00
   1.6423   0.6423   2.2192e-04  -1.2124e-03   0.0000e+00  -4.4240e-05  -5.2885e-01  -3.0038e+01   0.0000e+00  -4.5509e-01   1.7705e-01   3.5000e+00
El     45    CPS4                                    CONC                                    ISOD           ISODAMAGE     53     59     60     54
   1.7577   0.9577   1.6962e-04  -1.1809e-03   0.0000e+00  -2.8541e-05  -1.7429e+00  -3.0038e+01   0.0000e+00  -2.9899e-01   1.6193e-01   3.5000e+00
   1.7577   0.8423   1.8669e-04  -1.1809e-03   0.0000e+00  -3.5480e-05  -1.2922e+00  -2.9861e+01   0.0000e+00  -3.7059e-01   1.6438e-01   3.5000e+00
   1.6423   0.9577   1.6962e-04  -1.1878e-03   0.0000e+00  -1.1479e-05  -1.7759e+00  -3.0163e+01   0.0000e+00  -1.2003e-01   1.6349e-01   3.5000e+00
   1.6423   0.8423   1.8669e-04  -1.1878e-03   0.0000e+00  -1.8417e-05  -1.3260e+00  -2.9987e+01   0.0000e+00  -1.9202e-01   1.6592e-01   3.5000e+00
El     46    CPS4                                    CONC                                    ISOD           ISODAMAGE     55     61     62     56
   1.9577   0.1577   1.7741e-04  -1.1579e-03   0.0000e+00   4.1233e-05  -1.4257e+00  -2.9541e+01   0.0000e+00   4.3407e-01   1.5782e-01   3.5000e+00
   1.9577   0.0423   1.7001e-04  -1.1579e-03   0.0000e+00   3.2107e-05  -1.6227e+00  -2.9618e+01   0.0000e+00   3.3843e-01   1.5674e-01   3.5000e+00
   1.8423   0.1577   1.7741e-04  -1.1671e-03   0.0000e+00   3.3828e-05  -1.4702e+00  -2.9709e+01   0.0000e+00   3.5525e-01   1.5987e-01   3.5000e+00
   1.8423   0.0423   1.7001e-04  -1.1671e-03   0.0000e+00   2.4702e-05  -1.6667e+00  -2.9785e+01   0.0000e+00   2.5974e-01   1.5880e-01   3.5000e+00
El     47    CPS4                                    CONC                                    ISOD           ISODAMAGE     56     62     63     57
   1.9577   0.3577   2.1623e-04  -1.1889e-03   0.0000e+00   1.1216e-04  -5.5775e-01  -2.9665e+01   0.0000e+00   1.1617e+00   1.7139e-01   3.5000e+00
   1.9577   0.2423   1.8980e-04  -1.1889e-03   0.0000e+00   1.0344e-04  -1.2483e+00  -2.9948e+01   0.0000e+00   1.0766e+00   1.6733e-01   3.5000e+00
   1.8423   0.3577   2.1623e-04  -1.1976e-03   0.0000e+00   8.5727e-05  -6.0170e-01  -2.9830e+01   0.0000e+00   8.8613e-01   1.7306e-01   3.5000e+00
   1.8423   0.2423   1.8980e-04  -1.1976e-03   0.0000e+00   7.7004e-05  -1.2910e+00  -3.0113e+01   0.0000e+00   7.9985e-01   1.6903e-01   3.5000e+00
El     48    CPS4                                    CONC                                    ISOD           ISODAMAGE     57     63     64     58
   1.9577   0.5577   2.2497e-04  -1.2152e-03   0.0000e+00   1.5443e-05  -4.6423e-01  -3.0057e+01   0.0000e+00   1.5866e-01   1.7807e-01   3.5000e+00
   1.9577   0.4423   2.2566e-04  -1.2152e-03   0.0000e+00   7.4615e-06  -4.4646e-01  -3.0050e+01   0.0000e+00   7.6652e-02   1.7816e-01   3.5000e+00
   1.8423   0.5577   2.2497e-04  -1.2232e-03   0.0000e+00   1.6133e-05  -5.0406e-01  -3.0192e+01   0.0000e+00   1.6537e-01   1.7996e-01   3.5000e+00
   1.8423   0.4423   2.2566e-04  -1.2232e-03   0.0000e+00   8.1513e-06  -4.8633e-01  -3.0185e+01   0.0000e+00   8.3545e-02   1.8006e-01   3.5000e+00
El     49    CPS4                                    CONC                                    ISOD           ISODAMAGE     58     64     65     59
   1.9577   0.7577   1.8428e-04  -1.1953e-03   0.0000e+00  -8.4387e-05  -1.4246e+00  -3.0127e+01   0.0000e+00  -8.7786e-01   1.6778e-01   3.5000e+00
   1.9577   0.6423   2.1388e-04  -1.1953e-03   0.0000e+00  -9.3964e-05  -6.5125e-01  -2.9811e+01   0.0000e+00  -9.7221e-01   1.7227e-01   3.5000e+00
   1.8423   0.7577   1.8428e-04  -1.2049e-03   0.0000e+00  -5.4788e-05  -1.4709e+00  -3.0305e+01   0.0000e+00  -5.6861e-01   1.6973e-01   3.5000e+00
   1.8423   0.6423   2.1388e-04  -1.2049e-03   0.0000e+00  -6.4366e-05  -6.9917e-01  -2.9989e+01   0.0000e+00  -6.6442e-01   1.7419e-01   3.5000e+00
El     50    CPS4                                    CONC                                    ISOD           ISODAMAGE     59     65     66     60
   1.9577   0.9577   1.4835e-04  -1.1667e-03   0.0000e+00  -2.8989e-05  -2.2421e+00  -2.9996e+01   0.0000e+00  -3.0590e-01   1.5579e-01   3.5000e+00
   1.9577   0.8423   1.6672e-04  -1.1667e-03   0.0000e+00  -3.7501e-05  -1.7522e+00  -2.9810e+01   0.0000e+00  -3.9455e-01   1.5832e-01   3.5000e+00
   1.8423   0.9577   1.4835e-04  -1.1752e-03   0.0000e+00  -1.0618e-05  -2.2819e+00  -3.0153e+01   0.0000e+00  -1.1180e-01   1.5769e-01   3.5000e+00
   1.8423   0.8423   1.6672e-04  -1.1752e-03   0.0000e+00  -1.9131e-05  -1.7930e+00  -2.9967e+01   0.0000e+00  -2.0083e-01   1.6020e-01   3.5000e+00
El     51    CPS4                                    CONC                                    ISOD           ISODAMAGE     61     67     68     62
   2.1577   0.1577   1.4524e-04  -1.1522e-03   0.0000e+00   3.9339e-05  -2.2575e+00  -2.9759e+01   0.0000e+00   4.1692e-01   1.5215e-01   3.5000e+00
   2.1577   0.0423   1.4122e-04  -1.1522e-03   0.0000e+00   3.7607e-05  -2.3656e+00  -2.9799e+01   0.0000e+00   3.9881e-01   1.5161e-01   3.5000e+00
   2.0423   0.1577   1.4524e-04  -1.1540e-03   0.0000e+00   3.5316e-05  -2.2657e+00  -2.9792e+01   0.0000e+00   3.7412e-01   1.5252e-01   3.5000e+00
   2.0423   0.0423   1.4122e-04  -1.1540e-03   0.0000e+00   3.3584e-05  -2.3737e+00  -2.9832e+01   0.0000e+00   3.5599e-01   1.5198e-01   3.5000e+00
El     52    CPS4                                    CONC                                    ISOD           ISODAMAGE     62     68     69     63
   2.1577   0.3577   1.8127e-04  -1.1683e-03   0.0000e+00   1.4908e-04  -1.3714e+00  -2.9639e+01   0.0000e+00   1.5614e+00   1.6214e-01   3.5000e+00
   2.1577   0.2423   1.5598e-04  -1.1683e-03   0.0000e+00   1.3634e-04  -2.0429e+00  -2.9905e+01   0.0000e+00   1.4343e+00   1.5839e-01   3.5000e+00
   2.0423   0.3577   1.8127e-04  -1.1810e-03   0.0000e+00   1.2378e-04  -1.4339e+00  -2.9885e+01   0.0000e+00   1.2926e+00   1.6460e-01   3.5000e+00
   2.0423   0.2423   1.5598e-04  -1.1810e-03   0.0000e+00   1.1104e-04  -2.1037e+00  -3.0151e+01   0.0000e+00   1.1647e+00   1.6088e-01   3.5000e+00
El     53    CPS4                                    CONC                                    ISOD           ISODAMAGE     63     69     70     64
   2.1577   0.5577   1.8999e-04  -1.1800e-03   0.0000e+00   3.0159e-05  -1.2012e+00  -2.9813e+01   0.0000e+00   3.1492e-01   1.6463e-01   3.5000e+00
   2.1577   0.4423   1.9039e-04  -1.1800e-03   0.0000e+00   6.5491e-06  -1.1908e+00  -2.9811e+01   0.0000e+00   6.8386e-02   1.6463e-01   3.5000e+00
   2.0423   0.5577   1.8999e-04  -1.2036e-03   0.0000e+00   3.0556e-05  -1.3157e+00  -3.0229e+01   0.0000e+00   3.1697e-01   1.7013e-01   3.5000e+00
   2.0423   0.4423   1.9039e-04  -1.2036e-03   0.0000e+00   6.9466e-06  -1.3054e+00  -3.0227e+01   0.0000e+00   7.2060e-02   1.7013e-01   3.5000e+00
El     54    CPS4                                    CONC                                    ISOD           ISODAMAGE     64     70     71     65
   2.1577   0.7577   1.5355e-04  -1.1695e-03   0.0000e+00  -1.0111e-04  -2.1149e+00  -2.9973e+01   0.0000e+00  -1.0645e+00   1.5778e-01   3.5000e+00
   2.1577   0.6423   1.8012e-04  -1.1695e-03   0.0000e+00  -1.1740e-04  -1.4090e+00  -2.9695e+01   0.0000e+00  -1.2303e+00   1.6169e-01   3.5000e+00
   2.0423   0.7577   1.5355e-04  -1.1858e-03   0.0000e+00  -7.4545e-05  -2.1917e+00  -3.0278e+01   0.0000e+00  -7.8161e-01   1.6120e-01   3.5000e+00
   2.0423   0.6423   1.8012e-04  -1.1858e-03   0.0000e+00  -9.0834e-05  -1.4883e+00  -3.0000e+01   0.0000e+00  -9.4802e-01   1.6506e-01   3.5000e+00
El     55    CPS4                                    CONC                                    ISOD           ISODAMAGE     65     71     72     66
   2.1577   0.9577   1.3060e-04  -1.1553e-03   0.0000e+00  -1.9410e-05  -2.6657e+00  -2.9963e+01   0.0000e+00  -2.0602e-01   1.5086e-01   3.5000e+00
   2.1577   0.8423   1.4028e-04  -1.1553e-03   0.0000e+00  -2.5490e-05  -2.4051e+00  -2.9867e+01   0.0000e+00  -2.7015e-01   1.5213e-01   3.5000e+00
   2.0423   0.9577   1.3060e-04  -1.1614e-03   0.0000e+00  -9.7236e-06  -2.6937e+00  -3.0076e+01   0.0000e+00  -1.0304e-01   1.5222e-01   3.5000e+00
   2.0423   0.8423   1.4028e-04  -1.1614e-03   0.0000e+00  -1.5804e-05  -2.4335e+00  -2.9980e+01   0.0000e+00  -1.6723e-01   1.5348e-01   3.5000e+00
El     56    CPS4                                    CONC                                    ISOD           ISODAMAGE     67     73     74     68
   2.3577   0.1577   1.1205e-04  -1.1552e-03   0.0000e+00   3.2302e-05  -3.1657e+00  -3.0139e+01   0.0000e+00   3.4379e-01   1.4857e-01   3.5000e+00
   2.3577   0.0423   1.1395e-04  -1.1552e-03   0.0000e+00   3.4904e-05  -3.1144e+00  -3.0120e+01   0.0000e+00   3.7137e-01   1.4881e-01   3.5000e+00
   2.2423   0.1577   1.1205e-04  -1.1526e-03   0.0000e+00   3.4198e-05  -3.1540e+00  -3.0090e+01   0.0000e+00   3.6421e-01   1.4799e-01   3.5000e+00
   2.2423   0.0423   1.1395e-04  -1.1526e-03   0.0000e+00   3.6799e-05  -3.1026e+00  -3.0071e+01   0.0000e+00   3.9180e-01   1.4824e-01   3.5000e+00
El     57    CPS4                                    CONC                                    ISOD           ISODAMAGE     68     74     75     69
   2.3577   0.3577   1.0373e-04  -1.1443e-03   0.0000e+00   1.4509e-04  -3.3374e+00  -2.9967e+01   0.0000e+00   1.5479e+00   1.4651e-01   3.5000e+00
   2.3577   0.2423   1.0931e-04  -1.1443e-03   0.0000e+00   1.3097e-04  -3.1870e+00  -2.9923e+01   0.0000e+00   1.3966e+00   1.4691e-01   3.5000e+00
   2.2423   0.3577   1.0373e-04  -1.1584e-03   0.0000e+00   1.5068e-04  -3.3996e+00  -3.0227e+01   0.0000e+00   1.6013e+00   1.4978e-01   3.5000e+00
   2.2423   0.2423   1.0931e-04  -1.1584e-03   0.0000e+00   1.3655e-04  -3.2498e+00  -3.0184e+01   0.0000e+00   1.4506e+00   1.5018e-01   3.5000e+00
El     58    CPS4                                    CONC                                    ISOD           ISODAMAGE     69     75     76     70
   2.3577   0.5577   1.0141e-04  -1.1289e-03   0.0000e+00   3.4823e-05  -3.3370e+00  -2.9744e+01   0.0000e+00   3.7372e-01   1.4145e-01   3.5000e+00
   2.3577   0.4423   1.0161e-04  -1.1289e-03   0.0000e+00   3.7385e-06  -3.3317e+00  -2.9745e+01   0.0000e+00   4.0124e-02   1.4139e-01   3.5000e+00
   2.2423   0.5577   1.0141e-04  -1.1600e-03   0.0000e+00   3.5029e-05  -3.4755e+00  -3.0331e+01   0.0000e+00   3.7289e-01   1.4839e-01   3.5000e+00
   2.2423   0.4423   1.0161e-04  -1.1600e-03   0.0000e+00   3.9445e-06  -3.4703e+00  -3.0332e+01   0.0000e+00   4.1993e-02   1.4833e-01   3.5000e+00
El     59    CPS4                                    CONC                                    ISOD           ISODAMAGE     70     76     77     71
   2.3577   0.7577   1.0945e-04  -1.1392e-03   0.0000e+00  -9.2794e-05  -3.1626e+00  -2.9846e+01   0.0000e+00  -9.9150e-01   1.4520e-01   3.5000e+00
   2.3577   0.6423   1.0351e-04  -1.1392e-03   0.0000e+00  -1.1062e-04  -3.3231e+00  -2.9894e+01   0.0000e+00  -1.1826e+00   1.4474e-01   3.5000e+00
   2.2423   0.7577   1.0945e-04  -1.1570e-03   0.0000e+00  -9.8737e-05  -3.2423e+00  -3.0178e+01   0.0000e+00  -1.0500e+00   1.4927e-01   3.5000e+00
   2.2423   0.6423   1.0351e-04  -1.1570e-03   0.0000e+00  -1.1656e-04  -3.4021e+00  -3.0226e+01   0.0000e+00  -1.2402e+00   1.4882e-01   3.5000e+00
El     60    CPS4                                    CONC                                    ISOD           ISODAMAGE     71     77     78     72
   2.3577   0.9577   1.1821e-04  -1.1491e-03   0.0000e+00  -1.0266e-05  -2.9720e+00  -2.9969e+01   0.0000e+00  -1.0934e-01   1.4791e-01   3.5000e+00
   2.3577   0.8423   1.1339e-04  -1.1491e-03   0.0000e+00  -1.3132e-05  -3.1026e+00  -3.0016e+01   0.0000e+00  -1.3996e-01   1.4732e-01   3.5000e+00
   2.2423   0.9577   1.1821e-04  -1.1520e-03   0.0000e+00  -1.5090e-05  -2.9850e+00  -3.0023e+01   0.0000e+00  -1.6061e-01   1.4856e-01   3.5000e+00
   2.2423   0.8423   1.1339e-04  -1.1520e-03   0.0000e+00  -1.7956e-05  -3.1155e+00  -3.0069e+01   0.0000e+00  -1.9124e-01   1.4798e-01   3.5000e+00
El     61    CPS4                                    CONC                                    ISOD           ISODAMAGE     73     79     80     74
   2.5577   0.1577   8.1375e-05  -1.1483e-03   0.0000e+00   3.6557e-05  -3.9693e+00  -3.0302e+01   0.0000e+00   3.9140e-01   1.4345e-01   3.5000e+00
   2.5577   0.0423   8.6052e-05  -1.1483e-03   0.0000e+00   3.0859e-05  -3.8418e+00  -3.0259e+01   0.0000e+00   3.3020e-01   1.4396e-01   3.5000e+00
   2.4423   0.1577   8.1375e-05  -1.1540e-03   0.0000e+00   4.1234e-05  -3.9937e+00  -3.0408e+01   0.0000e+00   4.4082e-01   1.4475e-01   3.5000e+00
   2.4423   0.0423   8.6052e-05  -1.1540e-03   0.0000e+00   3.5536e-05  -3.8664e+00  -3.0365e+01   0.0000e+00   3.7968e-01   1.4525e-01   3.5000e+00
El     62    CPS4                                    CONC                                    ISOD           ISODAMAGE     74     80     81     75
   2.5577   0.3577   2.8230e-05  -1.1237e-03   0.0000e+00   1.0216e-04  -5.3236e+00  -3.0289e+01   0.0000e+00   1.1071e+00   1.3306e-01   3.5000e+00
   2.5577   0.2423   6.5881e-05  -1.1237e-03   0.0000e+00   9.0840e-05  -4.2851e+00  -2.9956e+01   0.0000e+00   9.8020e-01   1.3677e-01   3.5000e+00
   2.4423   0.3577   2.8230e-05  -1.1350e-03   0.0000e+00   1.3981e-04  -5.3658e+00  -3.0487e+01   0.0000e+00   1.5097e+00   1.3614e-01   3.5000e+00
   2.4423   0.2423   6.5881e-05  -1.1350e-03   0.0000e+00   1.2849e-04  -4.3309e+00  -3.0155e+01   0.0000e+00   1.3816e+00   1.3982e-01   3.5000e+00
El     63    CPS4                                    CONC                                    ISOD           ISODAMAGE     75     81     82     76
   2.5577   0.5577   1.4836e-05  -1.0984e-03   0.0000e+00   2.1362e-05  -5.5967e+00  -2.9929e+01   0.0000e+00   2.3346e-01   1.2569e-01   3.5000e+00
   2.5577   0.4423   1.4552e-05  -1.0984e-03   0.0000e+00   7.3288e-06  -5.6048e+00  -2.9932e+01   0.0000e+00   8.0101e-02   1.2563e-01   3.5000e+00
   2.4423   0.5577   1.4836e-05  -1.1124e-03   0.0000e+00   2.1078e-05  -5.6539e+00  -3.0209e+01   0.0000e+00   2.2957e-01   1.2868e-01   3.5000e+00
   2.4423   0.4423   1.4552e-05  -1.1124e-03   0.0000e+00   7.0452e-06  -5.6620e+00  -3.0212e+01   0.0000e+00   7.6737e-02   1.2863e-01   3.5000e+00
El     64    CPS4                                    CONC                                    ISOD           ISODAMAGE     76     82     83     77
   2.5577   0.7577   6.9062e-05  -1.1158e-03   0.0000e+00  -6.4022e-05  -4.1651e+00  -2.9785e+01   0.0000e+00  -6.9213e-01   1.3512e-01   3.5000e+00
   2.5577   0.6423   2.9442e-05  -1.1158e-03   0.0000e+00  -7.6351e-05  -5.2598e+00  -3.0136e+01   0.0000e+00  -8.2919e-01   1.3118e-01   3.5000e+00
   2.4423   0.7577   6.9062e-05  -1.1282e-03   0.0000e+00  -1.0364e-04  -4.2163e+00  -3.0008e+01   0.0000e+00  -1.1164e+00   1.3828e-01   3.5000e+00
   2.4423   0.6423   2.9442e-05  -1.1282e-03   0.0000e+00  -1.1597e-04  -5.3072e+00  -3.0359e+01   0.0000e+00  -1.2549e+00   1.3437e-01   3.5000e+00
El     65    CPS4                                    CONC                                    ISOD           ISODAMAGE     77     83     84     78
   2.5577   0.9577   1.0285e-04  -1.1384e-03   0.0000e+00  -1.3004e-05  -3.3407e+00  -2.9915e+01   0.0000e+00  -1.3920e-01   1.4366e-01   3.5000e+00
   2.5577   0.8423   8.8731e-05  -1.1384e-03   0.0000e+00  -2.0076e-05  -3.7256e+00  -3.0047e+01   0.0000e+00  -2.1531e-01   1.4203e-01   3.5000e+00
   2.4423   0.9577   1.0285e-04  -1.1455e-03   0.0000e+00  -2.7123e-05  -3.3721e+00  -3.0047e+01   0.0000e+00  -2.8979e-01   1.4528e-01   3.5000e+00
   2.4423   0.8423   8.8731e-05  -1.1455e-03   0.0000e+00  -3.4195e-05  -3.7564e+00  -3.0180e+01   0.0000e+00  -3.6604e-01   1.4365e-01   3.5000e+00
El     66    CPS4                                    CONC                                    ISOD           ISODAMAGE     79     85     86     80
   2.7577   0.1577   5.0000e-05  -1.1287e-03   0.0000e+00   3.4959e-05  -4.7464e+00  -3.0214e+01   0.0000e+00   3.7768e-01   1.3571e-01   3.5000e+00
   2.7577   0.0423   5.7081e-05  -1.1287e-03   0.0000e+00   2.2096e-05  -4.5515e+00  -3.0152e+01   0.0000e+00   2.3853e-01   1.3640e-01   3.5000e+00
   2.6423   0.1577   5.0000e-05  -1.1415e-03   0.0000e+00   4.2040e-05  -4.7999e+00  -3.0460e+01   0.0000e+00   4.5268e-01   1.3857e-01   3.5000e+00
   2.6423   0.0423   5.7081e-05  -1.1415e-03   0.0000e+00   2.9177e-05  -4.6057e+00  -3.0398e+01   0.0000e+00   3.1393e-01   1.3925e-01   3.5000e+00
El     67    CPS4                                    CONC                                    ISOD           ISODAMAGE     80     86     87     81
   2.7577   0.3577   2.4296e-05  -1.1103e-03   0.0000e+00   7.1478e-05  -5.3800e+00  -3.0073e+01   0.0000e+00   7.7783e-01   1.2943e-01   3.5000e+00
   2.7577   0.2423   4.1215e-05  -1.1103e-03   0.0000e+00   6.4695e-05  -4.9107e+00  -2.9926e+01   0.0000e+00   7.0273e-01   1.3102e-01   3.5000e+00
   2.6423   0.3577   2.4296e-05  -1.1170e-03   0.0000e+00   8.8397e-05  -5.4067e+00  -3.0200e+01   0.0000e+00   9.6013e-01   1.3107e-01   3.5000e+00
   2.6423   0.2423   4.1215e-05  -1.1170e-03   0.0000e+00   8.1614e-05  -4.9382e+00  -3.0053e+01   0.0000e+00   8.8485e-01   1.3266e-01   3.5000e+00
El     68    CPS4                                    CONC                                    ISOD           ISODAMAGE     81     87     88     82
   2.7577   0.5577   1.9648e-05  -1.0951e-03   0.0000e+00   6.5171e-06  -5.4491e+00  -2.9823e+01   0.0000e+00   7.1247e-02   1.2541e-01   3.5000e+00
   2.7577   0.4423   1.8517e-05  -1.0951e-03   0.0000e+00   7.8893e-06  -5.4806e+00  -2.9833e+01   0.0000e+00   8.6259e-02   1.2531e-01   3.5000e+00
   2.6423   0.5577   1.9648e-05  -1.0937e-03   0.0000e+00   5.3855e-06  -5.4434e+00  -2.9795e+01   0.0000e+00   5.8896e-02   1.2512e-01   3.5000e+00
   2.6423   0.4423   1.8517e-05  -1.0937e-03   0.0000e+00   6.7577e-06  -5.4750e+00  -2.9805e+01   0.0000e+00   7.3911e-02   1.2501e-01   3.5000e+00
El     69    CPS4                                    CONC                                    ISOD           ISODAMAGE     82     88     89     83
   2.7577   0.7577   4.8250e-05  -1.1054e-03   0.0000e+00  -5.4334e-05  -4.6954e+00  -2.9769e+01   0.0000e+00  -5.9048e-01   1.3059e-01   3.5000e+00
   2.7577   0.6423   2.7615e-05  -1.1054e-03   0.0000e+00  -5.8707e-05  -5.2681e+00  -2.9950e+01   0.0000e+00  -6.3947e-01   1.2858e-01   3.5000e+00
   2.6423   0.7577   4.8250e-05  -1.1097e-03   0.0000e+00  -7.4969e-05  -4.7130e+00  -2.9849e+01   0.0000e+00  -8.1367e-01   1.3172e-01   3.5000e+00
   2.6423   0.6423   2.7615e-05  -1.1097e-03   0.0000e+00  -7.9341e-05  -5.2851e+00  -3.0030e+01   0.0000e+00  -8.6312e-01   1.2972e-01   3.5000e+00
El     70    CPS4                                    CONC                                    ISOD           ISODAMAGE     83     89     90     84
   2.7577   0.9577   7.9667e-05  -1.1235e-03   0.0000e+00  -1.7230e-05  -3.9083e+00  -2.9846e+01   0.0000e+00  -1.8572e-01   1.3771e-01   3.5000e+00
   2.7577   0.8423   6.2197e-05  -1.1235e-03   0.0000e+00  -2.6246e-05  -4.3886e+00  -3.0005e+01   0.0000e+00  -2.8352e-01   1.3583e-01   3.5000e+00
   2.6423   0.9577   7.9667e-05  -1.1325e-03   0.0000e+00  -3.4700e-05  -3.9475e+00  -3.0017e+01   0.0000e+00  -3.7313e-01   1.3975e-01   3.5000e+00
   2.6423   0.8423   6.2197e-05  -1.1325e-03   0.0000e+00  -4.3716e-05  -4.4267e+00  -3.0176e+01   0.0000e+00  -4.7110e-01   1.3789e-01   3.5000e+00
El     71    CPS4                                    CONC                                    ISOD           ISODAMAGE     85     91     92     86
   2.9577   0.1577   2.9950e-05  -1.1104e-03   0.0000e+00   2.4201e-05  -5.2252e+00  -3.0036e+01   0.0000e+00   2.6328e-01   1.2969e-01   3.5000e+00
   2.9577   0.0423   3.3020e-05  -1.1104e-03   0.0000e+00   1.4246e-05  -5.1401e+00  -3.0010e+01   0.0000e+00   1.5493e-01   1.2996e-01   3.5000e+00
   2.8423   0.1577   2.9950e-05  -1.1203e-03   0.0000e+00   2.7271e-05  -5.2662e+00  -3.0231e+01   0.0000e+00   2.9595e-01   1.3185e-01   3.5000e+00
   2.8423   0.0423   3.3020e-05  -1.1203e-03   0.0000e+00   1.7316e-05  -5.1813e+00  -3.0205e+01   0.0000e+00   1.8786e-01   1.3212e-01   3.5000e+00
El     72    CPS4                                    CONC                                    ISOD           ISODAMAGE     86     92     93     87
   2.9577   0.3577   2.2109e-05  -1.1024e-03   0.0000e+00   4.9678e-05  -5.4094e+00  -2.9941e+01   0.0000e+00   5.4190e-01   1.2735e-01   3.5000e+00
   2.9577   0.2423   2.7026e-05  -1.1024e-03   0.0000e+00   4.5716e-05  -5.2726e+00  -2.9899e+01   0.0000e+00   4.9842e-01   1.2779e-01   3.5000e+00
   2.8423   0.3577   2.2109e-05  -1.1063e-03   0.0000e+00   5.4596e-05  -5.4255e+00  -3.0019e+01   0.0000e+00   5.9493e-01   1.2823e-01   3.5000e+00
   2.8423   0.2423   2.7026e-05  -1.1063e-03   0.0000e+00   5.0634e-05  -5.2889e+00  -2.9977e+01   0.0000e+00   5.5148e-01   1.2867e-01   3.5000e+00
El     73    CPS4                                    CONC                                    ISOD           ISODAMAGE     87     93     94     88
   2.9577   0.5577   2.3127e-05  -1.0968e-03   0.0000e+00   5.2330e-07  -5.3590e+00  -2.9827e+01   0.0000e+00   5.7165e-03   1.2609e-01   3.5000e+00
   2.9577   0.4423   2.1064e-05  -1.0968e-03   0.0000e+00   1.3865e-06  -5.4165e+00  -2.9845e+01   0.0000e+00   1.5149e-02   1.2590e-01   3.5000e+00
   2.8423   0.5577   2.3127e-05  -1.0959e-03   0.0000e+00  -1.5396e-06  -5.3554e+00  -2.9809e+01   0.0000e+00  -1.6822e-02   1.2591e-01   3.5000e+00
   2.8423   0.4423   2.1064e-05  -1.0959e-03   0.0000e+00  -6.7644e-07  -5.4130e+00  -2.9827e+01   0.0000e+00  -7.3925e-03   1.2571e-01   3.5000e+00
El     74    CPS4                                    CONC                                    ISOD           ISODAMAGE     88     94     95     89
   2.9577   0.7577   3.7448e-05  -1.1026e-03   0.0000e+00  -4.7094e-05  -4.9839e+00  -2.9813e+01   0.0000e+00  -5.1281e-01   1.2887e-01   3.5000e+00
   2.9577   0.6423   2.7517e-05  -1.1026e-03   0.0000e+00  -4.7924e-05  -5.2600e+00  -2.9900e+01   0.0000e+00  -5.2243e-01   1.2791e-01   3.5000e+00
   2.8423   0.7577   3.7448e-05  -1.1035e-03   0.0000e+00  -5.7025e-05  -4.9870e+00  -2.9827e+01   0.0000e+00  -6.2077e-01   1.2912e-01   3.5000e+00
   2.8423   0.6423   2.7517e-05  -1.1035e-03   0.0000e+00  -5.7855e-05  -5.2630e+00  -2.9914e+01   0.0000e+00  -6.3051e-01   1.2816e-01   3.5000e+00
El     75    CPS4                                    CONC                                    ISOD           ISODAMAGE     89     95     96     90
   2.9577   0.9577   5.5274e-05  -1.1136e-03   0.0000e+00  -1.7483e-05  -4.5370e+00  -2.9874e+01   0.0000e+00  -1.8949e-01   1.3291e-01   3.5000e+00
   2.9577   0.8423   4.4885e-05  -1.1136e-03   0.0000e+00  -2.2353e-05  -4.8244e+00  -2.9967e+01   0.0000e+00  -2.4257e-01   1.3185e-01   3.5000e+00
   2.8423   0.9577   5.5274e-05  -1.1184e-03   0.0000e+00  -2.7872e-05  -4.5577e+00  -2.9969e+01   0.0000e+00  -3.0171e-01   1.3400e-01   3.5000e+00
   2.8423   0.8423   4.4885e-05  -1.1184e-03   0.0000e+00  -3.2742e-05  -4.8447e+00  -3.0061e+01   0.0000e+00  -3.5486e-01   1.3295e-01   3.5000e+00
El     76    CPS4                                    CONC                                    ISOD           ISODAMAGE     91     97     98     92
   3.1577   0.1577   1.6508e-05  -1.0987e-03   0.0000e+00   1.6673e-05  -5.5513e+00  -2.9921e+01   0.0000e+00   1.8218e-01   1.2589e-01   3.5000e+00
   3.1577   0.0423   1.7125e-05  -1.0987e-03   0.0000e+00   1.0790e-05  -5.5342e+00  -2.9916e+01   0.0000e+00   1.1788e-01   1.2594e-01   3.5000e+00
   3.0423   0.1577   1.6508e-05  -1.1046e-03   0.0000e+00   1.7290e-05  -5.5755e+00  -3.0039e+01   0.0000e+00   1.8865e-01   1.2715e-01   3.5000e+00
   3.0423   0.0423   1.7125e-05  -1.1046e-03   0.0000e+00   1.1406e-05  -5.5583e+00  -3.0034e+01   0.0000e+00   1.2444e-01   1.2719e-01   3.5000e+00
El     77    CPS4                                    CONC                                    ISOD           ISODAMAGE     92     98     99     93
   3.1577   0.3577   1.6193e-05  -1.0964e-03   0.0000e+00   3.9845e-05  -5.5501e+00  -2.9875e+01   0.0000e+00   4.3557e-01   1.2547e-01   3.5000e+00
   3.1577   0.2423   1.6258e-05  -1.0964e-03   0.0000e+00   3.6536e-05  -5.5484e+00  -2.9875e+01   0.0000e+00   3.9940e-01   1.2546e-01   3.5000e+00
   3.0423   0.3577   1.6193e-05  -1.0997e-03   0.0000e+00   3.9911e-05  -5.5637e+00  -2.9941e+01   0.0000e+00   4.3594e-01   1.2617e-01   3.5000e+00
   3.0423   0.2423   1.6258e-05  -1.0997e-03   0.0000e+00   3.6601e-05  -5.5620e+00  -2.9941e+01   0.0000e+00   3.9980e-01   1.2616e-01   3.5000e+00
El     78    CPS4                                    CONC                                    ISOD           ISODAMAGE     93     99    100     94
   3.1577   0.5577   1.9817e-05  -1.0959e-03   0.0000e+00  -8.3497e-07  -5.4475e+00  -2.9837e+01   0.0000e+00  -9.1264e-03   1.2558e-01   3.5000e+00
   3.1577   0.4423   1.7146e-05  -1.0959e-03   0.0000e+00  -1.7443e-06  -5.5221e+00  -2.9860e+01   0.0000e+00  -1.9070e-02   1.2534e-01   3.5000e+00
   3.0423   0.5577   1.9817e-05  -1.0968e-03   0.0000e+00  -3.5056e-06  -5.4513e+00  -2.9855e+01   0.0000e+00  -3.8308e-02   1.2578e-01   3.5000e+00
   3.0423   0.4423   1.7146e-05  -1.0968e-03   0.0000e+00  -4.4148e-06  -5.5258e+00  -2.9878e+01   0.0000e+00  -4.8258e-02   1.2553e-01   3.5000e+00
El     79    CPS4                                    CONC                                    ISOD           ISODAMAGE     94    100    101     95
   3.1577   0.7577   2.8210e-05  -1.1008e-03   0.0000e+00  -4.0809e-05  -5.2335e+00  -2.9859e+01   0.0000e+00  -4.4505e-01   1.2755e-01   3.5000e+00
   3.1577   0.6423   2.2781e-05  -1.1008e-03   0.0000e+00  -4.1893e-05  -5.3847e+00  -2.9906e+01   0.0000e+00  -4.5714e-01   1.2704e-01   3.5000e+00
   3.0423   0.7577   2.8210e-05  -1.1019e-03   0.0000e+00  -4.6238e-05  -5.2378e+00  -2.9880e+01   0.0000e+00  -5.0410e-01   1.2782e-01   3.5000e+00
   3.0423   0.6423   2.2781e-05  -1.1019e-03   0.0000e+00  -4.7322e-05  -5.3890e+00  -2.9927e+01   0.0000e+00  -5.1622e-01   1.2731e-01   3.5000e+00
El     80    CPS4                                    CONC                                    ISOD           ISODAMAGE     95    101    102     96
   3.1577   0.9577   3.6718e-05  -1.1074e-03   0.0000e+00  -1.4144e-05  -5.0252e+00  -2.9919e+01   0.0000e+00  -1.5386e-01   1.2970e-01   3.5000e+00
   3.1577   0.8423   3.1945e-05  -1.1074e-03   0.0000e+00  -1.7322e-05  -5.1578e+00  -2.9961e+01   0.0000e+00  -1.8854e-01   1.2923e-01   3.5000e+00
   3.0423   0.9577   3.6718e-05  -1.1106e-03   0.0000e+00  -1.8917e-05  -5.0385e+00  -2.9982e+01   0.0000e+00  -2.0563e-01   1.3039e-01   3.5000e+00
   3.0423   0.8423   3.1945e-05  -1.1106e-03   0.0000e+00  -2.2096e-05  -5.1709e+00  -3.0024e+01   0.0000e+00  -2.4031e-01   1.2993e-01   3.5000e+00
El     81    CPS4                                    CONC                                    ISOD           ISODAMAGE     97    103    104     98
   3.3577   0.1577   6.1403e-06  -1.0922e-03   0.0000e+00   1.2899e-05  -5.8146e+00  -2.9880e+01   0.0000e+00   1.4131e-01   1.2357e-01   3.5000e+00
   3.3577   0.0423   6.0038e-06  -1.0922e-03   0.0000e+00   9.7494e-06  -5.8185e+00  -2.9882e+01   0.0000e+00   1.0681e-01   1.2356e-01   3.5000e+00
   3.2423   0.1577   6.1403e-06  -1.0954e-03   0.0000e+00   1.2762e-05  -5.8275e+00  -2.9944e+01   0.0000e+00   1.3971e-01   1.2424e-01   3.5000e+00
   3.2423   0.0423   6.0038e-06  -1.0954e-03   0.0000e+00   9.6129e-06  -5.8313e+00  -2.9945e+01   0.0000e+00   1.0523e-01   1.2422e-01   3.5000e+00
El     82    CPS4                                    CONC                                    ISOD           ISODAMAGE     98    104    105     99
   3.3577   0.3577   7.2505e-06  -1.0914e-03   0.0000e+00   3.5394e-05  -5.7798e+00  -2.9852e+01   0.0000e+00   3.8776e-01   1.2358e-01   3.5000e+00
   3.3577   0.2423   6.4744e-06  -1.0914e-03   0.0000e+00   3.2635e-05  -5.8016e+00  -2.9859e+01   0.0000e+00   3.5756e-01   1.2349e-01   3.5000e+00
   3.2423   0.3577   7.2505e-06  -1.0942e-03   0.0000e+00   3.4618e-05  -5.7910e+00  -2.9908e+01   0.0000e+00   3.7900e-01   1.2416e-01   3.5000e+00
   3.2423   0.2423   6.4744e-06  -1.0942e-03   0.0000e+00   3.1859e-05  -5.8128e+00  -2.9915e+01   0.0000e+00   3.4882e-01   1.2407e-01   3.5000e+00
El     83    CPS4                                    CONC                                    ISOD           ISODAMAGE     99    105    106    100
   3.3577   0.5577   1.1372e-05  -1.0923e-03   0.0000e+00   2.9803e-07  -5.6686e+00  -2.9837e+01   0.0000e+00   3.2632e-03   1.2405e-01   3.5000e+00
   3.3577   0.4423   8.5628e-06  -1.0923e-03   0.0000e+00  -2.0795e-06  -5.7472e+00  -2.9861e+01   0.0000e+00  -2.2776e-02   1.2379e-01   3.5000e+00
   3.2423   0.5577   1.1372e-05  -1.0947e-03   0.0000e+00  -2.5114e-06  -5.6784e+00  -2.9885e+01   0.0000e+00  -2.7482e-02   1.2455e-01   3.5000e+00
   3.2423   0.4423   8.5628e-06  -1.0947e-03   0.0000e+00  -4.8889e-06  -5.7569e+00  -2.9909e+01   0.0000e+00  -5.3515e-02   1.2430e-01   3.5000e+00
El     84    CPS4                                    CONC                                    ISOD           ISODAMAGE    100    106    107    101
   3.3577   0.7577   1.8327e-05  -1.0972e-03   0.0000e+00  -3.4255e-05  -5.4940e+00  -2.9873e+01   0.0000e+00  -3.7432e-01   1.2580e-01   3.5000e+00
   3.3577   0.6423   1.3989e-05  -1.0972e-03   0.0000e+00  -3.6646e-05  -5.6150e+00  -2.9910e+01   0.0000e+00  -4.0062e-01   1.2541e-01   3.5000e+00
   3.2423   0.7577   1.8327e-05  -1.0996e-03   0.0000e+00  -3.8593e-05  -5.5037e+00  -2.9920e+01   0.0000e+00  -4.2147e-01   1.2633e-01   3.5000e+00
   3.2423   0.6423   1.3989e-05  -1.0996e-03   0.0000e+00  -4.0984e-05  -5.6247e+00  -2.9957e+01   0.0000e+00  -4.4778e-01   1.2595e-01   3.5000e+00
El     85    CPS4                                    CONC                                    ISOD           ISODAMAGE    101    107    108    102
   3.3577   0.9577   2.3563e-05  -1.1027e-03   0.0000e+00  -1.0365e-05  -5.3712e+00  -2.9940e+01   0.0000e+00  -1.1306e-01   1.2739e-01   3.5000e+00
   3.3577   0.8423   2.0893e-05  -1.1027e-03   0.0000e+00  -1.3005e-05  -5.4456e+00  -2.9963e+01   0.0000e+00  -1.4190e-01   1.2715e-01   3.5000e+00
   3.2423   0.9577   2.3563e-05  -1.1053e-03   0.0000e+00  -1.3035e-05  -5.3821e+00  -2.9993e+01   0.0000e+00  -1.4209e-01   1.2796e-01   3.5000e+00
   3.2423   0.8423   2.0893e-05  -1.1053e-03   0.0000e+00  -1.5676e-05  -5.4564e+00  -3.0016e+01   0.0000e+00  -1.7092e-01   1.2772e-01   3.5000e+00
El     86    CPS4                                    CONC                                    ISOD           ISODAMAGE    103    109    110    104
   3.5577   0.1577  -2.8581e-06  -1.0897e-03   0.0000e+00   9.4753e-06  -6.0564e+00  -2.9906e+01   0.0000e+00   1.0396e-01   1.2225e-01   3.5000e+00
   3.5577   0.0423  -2.4607e-06  -1.0897e-03   0.0000e+00   8.4713e-06  -6.0453e+00  -2.9903e+01   0.0000e+00   9.2944e-02   1.2228e-01   3.5000e+00
   3.4423   0.1577  -2.8581e-06  -1.0907e-03   0.0000e+00   9.8727e-06  -6.0605e+00  -2.9926e+01   0.0000e+00   1.0830e-01   1.2246e-01   3.5000e+00
   3.4423   0.0423  -2.4607e-06  -1.0907e-03   0.0000e+00   8.8687e-06  -6.0494e+00  -2.9923e+01   0.0000e+00   9.7279e-02   1.2249e-01   3.5000e+00
El     87    CPS4                                    CONC                                    ISOD           ISODAMAGE    104    110    111    105
   3.5577   0.3577  -2.6085e-06  -1.0869e-03   0.0000e+00   3.2110e-05  -6.0376e+00  -2.9844e+01   0.0000e+00   3.5251e-01   1.2174e-01   3.5000e+00
   3.5577   0.2423  -2.8977e-06  -1.0869e-03   0.0000e+00   2.9531e-05  -6.0458e+00  -2.9847e+01   0.0000e+00   3.2422e-01   1.2170e-01   3.5000e+00
   3.4423   0.3577  -2.6085e-06  -1.0895e-03   0.0000e+00   3.1821e-05  -6.0480e+00  -2.9897e+01   0.0000e+00   3.4912e-01   1.2228e-01   3.5000e+00
   3.4423   0.2423  -2.8977e-06  -1.0895e-03   0.0000e+00   2.9242e-05  -6.0562e+00  -2.9899e+01   0.0000e+00   3.2085e-01   1.2224e-01   3.5000e+00
El     88    CPS4                                    CONC                                    ISOD           ISODAMAGE    105    111    112    106
   3.5577   0.5577   1.0596e-06  -1.0864e-03   0.0000e+00   2.5955e-06  -5.9334e+00  -2.9807e+01   0.0000e+00   2.8489e-02   1.2189e-01   3.5000e+00
   3.5577   0.4423  -1.5482e-06  -1.0864e-03   0.0000e+00  -1.0535e-06  -6.0065e+00  -2.9829e+01   0.0000e+00  -1.1567e-02   1.2167e-01   3.5000e+00
   3.4423   0.5577   1.0596e-06  -1.0901e-03   0.0000e+00  -1.2286e-08  -5.9483e+00  -2.9881e+01   0.0000e+00  -1.3473e-04   1.2266e-01   3.5000e+00
   3.4423   0.4423  -1.5482e-06  -1.0901e-03   0.0000e+00  -3.6613e-06  -6.0213e+00  -2.9903e+01   0.0000e+00  -4.0163e-02   1.2243e-01   3.5000e+00
El     89    CPS4                                    CONC                                    ISOD           ISODAMAGE    106    112    113    107
   3.5577   0.7577   8.1962e-06  -1.0918e-03   0.0000e+00  -2.7105e-05  -5.7552e+00  -2.9854e+01   0.0000e+00  -2.9689e-01   1.2371e-01   3.5000e+00
   3.5577   0.6423   3.6706e-06  -1.0918e-03   0.0000e+00  -3.0380e-05  -5.8818e+00  -2.9892e+01   0.0000e+00  -3.3292e-01   1.2332e-01   3.5000e+00
   3.4423   0.7577   8.1962e-06  -1.0951e-03   0.0000e+00  -3.1630e-05  -5.7685e+00  -2.9919e+01   0.0000e+00  -3.4618e-01   1.2442e-01   3.5000e+00
   3.4423   0.6423   3.6706e-06  -1.0951e-03   0.0000e+00  -3.4905e-05  -5.8950e+00  -2.9957e+01   0.0000e+00  -3.8220e-01   1.2403e-01   3.5000e+00
El     90    CPS4                                    CONC                                    ISOD           ISODAMAGE    107    113    114    108
   3.5577   0.9577   1.4643e-05  -1.0988e-03   0.0000e+00  -5.6155e-06  -5.6041e+00  -2.9941e+01   0.0000e+00  -6.1368e-02   1.2574e-01   3.5000e+00
   3.5577   0.8423   1.1136e-05  -1.0988e-03   0.0000e+00  -7.7276e-06  -5.7020e+00  -2.9971e+01   0.0000e+00  -8.4481e-02   1.2542e-01   3.5000e+00
   3.4423   0.9577   1.4643e-05  -1.1009e-03   0.0000e+00  -9.1221e-06  -5.6127e+00  -2.9983e+01   0.0000e+00  -9.9637e-02   1.2619e-01   3.5000e+00
   3.4423   0.8423   1.1136e-05  -1.1009e-03   0.0000e+00  -1.1234e-05  -5.7105e+00  -3.0013e+01   0.0000e+00  -1.2275e-01   1.2587e-01   3.5000e+00
El     91    CPS4                                    CONC                                    ISOD           ISODAMAGE    109    115    116    110
   3.7577   0.1577  -9.9159e-06  -1.0908e-03   0.0000e+00   3.9129e-06  -6.2587e+00  -2.9987e+01   0.0000e+00   4.2951e-02   1.2186e-01   3.5000e+00
   3.7577   0.0423  -8.0068e-06  -1.0908e-03   0.0000e+00   4.9654e-06  -6.2051e+00  -2.9971e+01   0.0000e+00   5.4493e-02   1.2202e-01   3.5000e+00
   3.6423   0.1577  -9.9159e-06  -1.0897e-03   0.0000e+00   5.8220e-06  -6.2544e+00  -2.9966e+01   0.0000e+00   6.3923e-02   1.2164e-01   3.5000e+00
   3.6423   0.0423  -8.0068e-06  -1.0897e-03   0.0000e+00   6.8744e-06  -6.2009e+00  -2.9950e+01   0.0000e+00   7.5464e-02   1.2180e-01   3.5000e+00
El     92    CPS4                                    CONC                                    ISOD           ISODAMAGE    110    116    117    111
   3.7577   0.3577  -1.5283e-05  -1.0832e-03   0.0000e+00   2.3226e-05  -6.3788e+00  -2.9876e+01   0.0000e+00   2.5553e-01   1.1985e-01   3.5000e+00
   3.7577   0.2423  -1.1865e-05  -1.0832e-03   0.0000e+00   2.1204e-05  -6.2828e+00  -2.9848e+01   0.0000e+00   2.3321e-01   1.2013e-01   3.5000e+00
   3.6423   0.3577  -1.5283e-05  -1.0852e-03   0.0000e+00   2.6644e-05  -6.3867e+00  -2.9917e+01   0.0000e+00   2.9298e-01   1.2029e-01   3.5000e+00
   3.6423   0.2423  -1.1865e-05  -1.0852e-03   0.0000e+00   2.4621e-05  -6.2908e+00  -2.9889e+01   0.0000e+00   2.7066e-01   1.2057e-01   3.5000e+00
El     93    CPS4                                    CONC                                    ISOD           ISODAMAGE    111    117    118    112
   3.7577   0.5577  -1.3378e-05  -1.0782e-03   0.0000e+00   4.1229e-06  -6.3054e+00  -2.9759e+01   0.0000e+00   4.5407e-02   1.1893e-01   3.5000e+00
   3.7577   0.4423  -1.5688e-05  -1.0782e-03   0.0000e+00  -9.4787e-07  -6.3704e+00  -2.9778e+01   0.0000e+00  -1.0441e-02   1.1874e-01   3.5000e+00
   3.6423   0.5577  -1.3378e-05  -1.0832e-03   0.0000e+00   1.8129e-06  -6.3258e+00  -2.9863e+01   0.0000e+00   1.9943e-02   1.1999e-01   3.5000e+00
   3.6423   0.4423  -1.5688e-05  -1.0832e-03   0.0000e+00  -3.2578e-06  -6.3907e+00  -2.9882e+01   0.0000e+00  -3.5844e-02   1.1980e-01   3.5000e+00
El     94    CPS4                                    CONC                                    ISOD           ISODAMAGE    112    118    119    113
   3.7577   0.7577  -1.6399e-06  -1.0863e-03   0.0000e+00  -1.6752e-05  -6.0084e+00  -2.9826e+01   0.0000e+00  -1.8392e-01   1.2165e-01   3.5000e+00
   3.7577   0.6423  -9.6139e-06  -1.0863e-03   0.0000e+00  -1.9929e-05  -6.2321e+00  -2.9893e+01   0.0000e+00  -2.1897e-01   1.2097e-01   3.5000e+00
   3.6423   0.7577  -1.6399e-06  -1.0895e-03   0.0000e+00  -2.4726e-05  -6.0211e+00  -2.9890e+01   0.0000e+00  -2.7126e-01   1.2234e-01   3.5000e+00
   3.6423   0.6423  -9.6139e-06  -1.0895e-03   0.0000e+00  -2.7903e-05  -6.2446e+00  -2.9956e+01   0.0000e+00  -3.0635e-01   1.2166e-01   3.5000e+00
El     95    CPS4                                    CONC                                    ISOD           ISODAMAGE    113    119    120    114
   3.7577   0.9577   9.9457e-06  -1.0972e-03   0.0000e+00   9.9584e-08  -5.7285e+00  -2.9948e+01   0.0000e+00   1.0893e-03   1.2495e-01   3.5000e+00
   3.7577   0.8423   3.6011e-06  -1.0972e-03   0.0000e+00  -5.4594e-07  -5.9058e+00  -3.0002e+01   0.0000e+00  -5.9755e-03   1.2438e-01   3.5000e+00
   3.6423   0.9577   9.9457e-06  -1.0978e-03   0.0000e+00  -6.2450e-06  -5.7311e+00  -2.9961e+01   0.0000e+00  -6.8298e-02   1.2509e-01   3.5000e+00
   3.6423   0.8423   3.6011e-06  -1.0978e-03   0.0000e+00  -6.8906e-06  -5.9084e+00  -3.0015e+01   0.0000e+00  -7.5407e-02   1.2452e-01   3.5000e+00
El     96    CPS4                                    CONC                                    ISOD           ISODAMAGE    115    121    122    116
   3.9577   0.1577  -1.3045e-05  -1.0925e-03   0.0000e+00  -3.8343e-07  -6.3534e+00  -3.0049e+01   0.0000e+00  -4.2084e-03   1.2196e-01   3.5000e+00
   3.9577   0.0423  -1.0359e-05  -1.0925e-03   0.0000e+00   6.1690e-07  -6.2781e+00  -3.0026e+01   0.0000e+00   6.7690e-03   1.2219e-01   3.5000e+00
   3.8423   0.1577  -1.3045e-05  -1.0915e-03   0.0000e+00   2.3023e-06  -6.3494e+00  -3.0029e+01   0.0000e+00   2.5275e-02   1.2175e-01   3.5000e+00
   3.8423   0.0423  -1.0359e-05  -1.0915e-03   0.0000e+00   3.3026e-06  -6.2741e+00  -3.0006e+01   0.0000e+00   3.6247e-02   1.2198e-01   3.5000e+00
El     97    CPS4                                    CONC                                    ISOD           ISODAMAGE    116    122    123    117
   3.9577   0.3577  -3.0618e-05  -1.0813e-03   0.0000e+00   3.8870e-06  -6.8029e+00  -2.9965e+01   0.0000e+00   4.2846e-02   1.1818e-01   3.5000e+00
   3.9577   0.2423  -1.8473e-05  -1.0813e-03   0.0000e+00   3.0274e-06  -6.4611e+00  -2.9865e+01   0.0000e+00   3.3333e-02   1.1916e-01   3.5000e+00
   3.8423   0.3577  -3.0618e-05  -1.0821e-03   0.0000e+00   1.6032e-05  -6.8062e+00  -2.9982e+01   0.0000e+00   1.7668e-01   1.1837e-01   3.5000e+00
   3.8423   0.2423  -1.8473e-05  -1.0821e-03   0.0000e+00   1.5172e-05  -6.4644e+00  -2.9882e+01   0.0000e+00   1.6702e-01   1.1935e-01   3.5000e+00
El     98    CPS4                                    CONC                                    ISOD           ISODAMAGE    117    123    124    118
   3.9577   0.5577  -3.2194e-05  -1.0724e-03   0.0000e+00   2.8947e-06  -6.8126e+00  -2.9795e+01   0.0000e+00   3.1978e-02   1.1623e-01   3.5000e+00
   3.9577   0.4423  -3.4295e-05  -1.0724e-03   0.0000e+00   3.4353e-08  -6.8719e+00  -2.9812e+01   0.0000e+00   3.7958e-04   1.1606e-01   3.5000e+00
   3.8423   0.5577  -3.2194e-05  -1.0753e-03   0.0000e+00   7.9400e-07  -6.8239e+00  -2.9854e+01   0.0000e+00   8.7656e-03   1.1682e-01   3.5000e+00
   3.8423   0.4423  -3.4295e-05  -1.0753e-03   0.0000e+00  -2.0663e-06  -6.8831e+00  -2.9872e+01   0.0000e+00  -2.2816e-02   1.1665e-01   3.5000e+00
El     99    CPS4                                    CONC                                    ISOD           ISODAMAGE    118    124    125    119
   3.9577   0.7577  -8.8407e-06  -1.0834e-03   0.0000e+00   4.2949e-07  -6.1988e+00  -2.9827e+01   0.0000e+00   4.7223e-03   1.2040e-01   3.5000e+00
   3.9577   0.6423  -2.5374e-05  -1.0834e-03   0.0000e+00  -8.6655e-07  -6.6635e+00  -2.9965e+01   0.0000e+00  -9.5426e-03   1.1903e-01   3.5000e+00
   3.8423   0.7577  -8.8407e-06  -1.0846e-03   0.0000e+00  -1.6103e-05  -6.2039e+00  -2.9853e+01   0.0000e+00  -1.7700e-01   1.2068e-01   3.5000e+00
   3.8423   0.6423  -2.5374e-05  -1.0846e-03   0.0000e+00  -1.7400e-05  -6.6685e+00  -2.9990e+01   0.0000e+00  -1.9154e-01   1.1932e-01   3.5000e+00
El    100    CPS4                                    CONC                                    ISOD           ISODAMAGE    119    125    126    120
   3.9577   0.9577   8.5880e-06  -1.0972e-03   0.0000e+00   3.6418e-06  -5.7665e+00  -2.9960e+01   0.0000e+00   3.9839e-02   1.2484e-01   3.5000e+00
   3.9577   0.8423   2.5926e-07  -1.0972e-03   0.0000e+00   3.8358e-06  -5.9994e+00  -3.0031e+01   0.0000e+00   4.1998e-02   1.2409e-01   3.5000e+00
   3.8423   0.9577   8.5880e-06  -1.0970e-03   0.0000e+00  -4.6869e-06  -5.7657e+00  -2.9956e+01   0.0000e+00  -5.1275e-02   1.2480e-01   3.5000e+00
   3.8423   0.8423   2.5926e-07  -1.0970e-03   0.0000e+00  -4.4929e-06  -5.9986e+00  -3.0027e+01   0.0000e+00  -4.9194e-02   1.2405e-01   3.5000e+00
El    101   T2D2I                         STEELBAR_bonded                                   STEEL             ELASTIC    127    128
   0.0282   0.5000   4.2597e-05   8.5194e+01
   0.1052   0.5000   4.2597e-05   8.5194e+01
El    102   T2D2I                         STEELBAR_bonded                                   STEEL             ELASTIC    128    129
   0.1615   0.5000   1.0641e-04   2.1283e+02
   0.2385   0.5000   1.0641e-04   2.1283e+02
El    103   T2D2I                         STEELBAR_bonded                                   STEEL             ELASTIC    129    130
   0.2948   0.5000   1.4787e-04   2.9574e+02
   0.3718   0.5000   1.4787e-04   2.9574e+02
El    104   T2D2I                         STEELBAR_bonded                                   STEEL             ELASTIC    130    131
   0.4282   0.5000   1.7595e-04   3.5191e+02
   0.5052   0.5000   1.7595e-04   3.5191e+02
El    105   T2D2I                         STEELBAR_bonded                                   STEEL             ELASTIC    131    132
   0.5615   0.5000   1.9602e-04   3.9204e+02
   0.6385   0.5000   1.9602e-04   3.9204e+02
El    106   T2D2I                         STEELBAR_bonded                                   STEEL             ELASTIC    132    133
   0.6948   0.5000   2.1152e-04   4.2304e+02
   0.7718   0.5000   2.1152e-04   4.2304e+02
El    107   T2D2I                         STEELBAR_bonded                                   STEEL             ELASTIC    133    134
   0.8282   0.5000   2.2495e-04   4.4990e+02
   0.9052   0.5000   2.2495e-04   4.4990e+02
El    108   T2D2I                         STEELBAR_bonded                                   STEEL             ELASTIC    134    135
   0.9615   0.5000   2.3839e-04   4.7678e+02
   1.0385   0.5000   2.3839e-04   4.7678e+02
El    109   T2D2I                         STEELBAR_bonded                                   STEEL             ELASTIC    135    136
   1.0948   0.5000   2.5391e-04   5.0781e+02
   1.1718   0.5000   2.5391e-04   5.0781e+02
El    110   T2D2I                         STEELBAR_bonded                                   STEEL             ELASTIC    136    137
   1.2282   0.5000   2.7394e-04   5.4788e+02
   1.3052   0.5000   2.7394e-04   5.4788e+02
El    111   T2D2I                         STEELBAR_bonded                                   STEEL             ELASTIC    137    138
   1.3615   0.5000   3.0174e-04   6.0347e+02
   1.4385   0.5000   3.0174e-04   6.0347e+02
El    112   T2D2I                         STEELBAR_bonded                                   STEEL             ELASTIC    138    139
   1.4948   0.5000   3.4205e-04   6.8410e+02
   1.5718   0.5000   3.4205e-04   6.8410e+02
El    113   T2D2I                         STEELBAR_bonded                                   STEEL             ELASTIC    139    140
   1.6282   0.5000   4.0232e-04   8.0465e+02
   1.7052   0.5000   4.0232e-04   8.0465e+02
El    114   T2D2I                         STEELBAR_bonded                                   STEEL             ELASTIC    140    141
   1.7615   0.5000   4.9469e-04   9.8938e+02
   1.8385   0.5000   4.9469e-04   9.8938e+02
El    115   T2D2I                         STEELBAR_bonded                                   STEEL             ELASTIC    141    142
   1.8948   0.5000   6.3956e-04   1.2791e+03
   1.9718   0.5000   6.3956e-04   1.2791e+03
El    116   T2D2I                         STEELBAR_bonded                                   STEEL             ELASTIC    142    143
   2.0282   0.5000   8.7057e-04   1.7411e+03
   2.1052   0.5000   8.7057e-04   1.7411e+03
El    117   T2D2I                         STEELBAR_bonded                                   STEEL             ELASTIC    143    144
   2.1615   0.5000   1.2349e-03   2.4698e+03
   2.2385   0.5000   1.2349e-03   2.4698e+03
El    118   T2D2I                         STEELBAR_bonded                                   STEEL             ELASTIC    144    145
   2.2948   0.5000   1.7463e-03   3.4927e+03
   2.3718   0.5000   1.7463e-03   3.4927e+03
El    119   T2D2I                         STEELBAR_bonded                                   STEEL             ELASTIC    145    146
   2.4282   0.5000   2.2052e-03   4.4103e+03
   2.5052   0.5000   2.2052e-03   4.4103e+03
El    120   T2D2I                         STEELBAR_bonded                                   STEEL             ELASTIC    146    147
   2.5615   0.5000   2.3698e-03   4.7397e+03
   2.6385   0.5000   2.3698e-03   4.7397e+03
El    121   T2D2I                         STEELBAR_bonded                                   STEEL             ELASTIC    147    148
   2.6948   0.5000   2.4548e-03   4.9096e+03
   2.7718   0.5000   2.4548e-03   4.9096e+03
El    122   T2D2I                         STEELBAR_bonded                                   STEEL             ELASTIC    148    149
   2.8282   0.5000   2.5394e-03   5.0789e+03
   2.9052   0.5000   2.5394e-03   5.0789e+03
El    123   T2D2I                         STEELBAR_bonded                                   STEEL             ELASTIC    149    150
   2.9615   0.5000   2.6240e-03   5.2481e+03
   3.0385   0.5000   2.6240e-03   5.2481e+03
El    124   T2D2I                         STEELBAR_bonded                                   STEEL             ELASTIC    150    151
   3.0948   0.5000   2.7087e-03   5.4174e+03
   3.1718   0.5000   2.7087e-03   5.4174e+03
El    125   T2D2I                         STEELBAR_bonded                                   STEEL             ELASTIC    151    152
   3.2282   0.5000   2.7933e-03   5.5866e+03
   3.3052   0.5000   2.7933e-03   5.5866e+03
El    126   T2D2I                         STEELBAR_bonded                                   STEEL             ELASTIC    152    153
   3.3615   0.5000   2.8780e-03   5.7559e+03
   3.4385   0.5000   2.8780e-03   5.7559e+03
El    127   T2D2I                         STEELBAR_bonded                                   STEEL             ELASTIC    153    154
   3.4948   0.5000   2.9626e-03   5.9252e+03
   3.5718   0.5000   2.9626e-03   5.9252e+03
El    128   T2D2I                         STEELBAR_bonded                                   STEEL             ELASTIC    154    155
   3.6282   0.5000   3.0472e-03   6.0945e+03
   3.7052   0.5000   3.0472e-03   6.0945e+03
El    129   T2D2I                         STEELBAR_bonded                                   STEEL             ELASTIC    155    156
   3.7615   0.5000   3.1318e-03   6.2636e+03
   3.8385   0.5000   3.1318e-03   6.2636e+03
El    130   T2D2I                         STEELBAR_bonded                                   STEEL             ELASTIC    156    157
   3.8948   0.5000   3.2164e-03   6.4329e+03
   3.9718   0.5000   3.2164e-03   6.4329e+03
El      0 Bond2D2                         STEELBAR_bonded                                    BOND                BOND    127    128      3      9     10      4
   0.0000   0.0000   7.0460e-05  -2.1816e-11   5.3711e+00  -1.3090e-04
El      0 Bond2D2                         STEELBAR_bonded                                    BOND                BOND    127    128      3      9     10      4
   0.0000   0.0000   5.5533e-05   8.1420e-11   4.1432e+00   4.8852e-04
El      0 Bond2D2                         STEELBAR_bonded                                    BOND                BOND    128    129      3      9     10      4
   0.0000   0.0000   4.6404e-05  -2.6396e-10   3.4128e+00  -1.5837e-03
El      0 Bond2D2                         STEELBAR_bonded                                    BOND                BOND    128    129      9     15     16     10
   0.0000   0.0000   3.6809e-05   7.0305e-10   2.6676e+00   4.2183e-03
El      0 Bond2D2                         STEELBAR_bonded                                    BOND                BOND    129    130      9     15     16     10
   0.0000   0.0000   3.1260e-05   3.4053e-10   2.2445e+00   2.0432e-03
El      0 Bond2D2                         STEELBAR_bonded                                    BOND                BOND    129    130      9     15     16     10
   0.0000   0.0000   2.5276e-05  -3.6307e-09   1.7960e+00  -2.1784e-02
El      0 Bond2D2                         STEELBAR_bonded                                    BOND                BOND    130    131     15     21     22     16
   0.0000   0.0000   2.1744e-05  -9.1244e-11   1.5356e+00  -5.4746e-04
El      0 Bond2D2                         STEELBAR_bonded                                    BOND                BOND    130    131     15     21     22     16
   0.0000   0.0000   1.8079e-05   1.3550e-08   1.2685e+00   8.1300e-02
El      0 Bond2D2                         STEELBAR_bonded                                    BOND                BOND    131    132     15     21     22     16
   0.0000   0.0000   1.5961e-05  -1.0526e-08   1.1156e+00  -6.3156e-02
El      0 Bond2D2                         STEELBAR_bonded                                    BOND                BOND    131    132     21     27     28     22
   0.0000   0.0000   1.3817e-05  -1.1194e-08   9.6198e-01  -6.7166e-02
El      0 Bond2D2                         STEELBAR_bonded                                    BOND                BOND    132    133     21     27     28     22
   0.0000   0.0000   1.2668e-05   1.3371e-08   8.8017e-01   8.0226e-02
El      0 Bond2D2                         STEELBAR_bonded                                    BOND                BOND    132    133     21     27     28     22
   0.0000   0.0000   1.1695e-05   2.4031e-09   8.1117e-01   1.4419e-02
El      0 Bond2D2                         STEELBAR_bonded                                    BOND                BOND    133    134     27     33     34     28
   0.0000   0.0000   1.1338e-05  -3.5827e-09   7.8583e-01  -2.1496e-02
El      0 Bond2D2                         STEELBAR_bonded                                    BOND                BOND    133    134     27     33     34     28
   0.0000   0.0000   1.1333e-05  -8.9684e-09   7.8563e-01  -5.3811e-02
El      0 Bond2D2                         STEELBAR_bonded                                    BOND                BOND    134    135     27     33     34     28
   0.0000   0.0000   1.1709e-05   8.7893e-09   8.1231e-01   5.2736e-02
El      0 Bond2D2                         STEELBAR_bonded                                    BOND                BOND    134    135     33     39     40     34
   0.0000   0.0000   1.2692e-05   4.2514e-09   8.8219e-01   2.5508e-02
El      0 Bond2D2                         STEELBAR_bonded                                    BOND                BOND    135    136     33     39     40     34
   0.0000   0.0000   1.3816e-05  -1.0184e-08   9.6237e-01  -6.1106e-02
El      0 Bond2D2                         STEELBAR_bonded                                    BOND                BOND    135    136     33     39     40     34
   0.0000   0.0000   1.5947e-05   1.3353e-08   1.1154e+00   8.0117e-02
El      0 Bond2D2                         STEELBAR_bonded                                    BOND                BOND    136    137     39     45     46     40
   0.0000   0.0000   1.8031e-05   2.7289e-09   1.2659e+00   1.6373e-02
El      0 Bond2D2                         STEELBAR_bonded                                    BOND                BOND    136    137     39     45     46     40
   0.0000   0.0000   2.1592e-05  -4.9833e-08   1.5259e+00  -2.9900e-01
El      0 Bond2D2                         STEELBAR_bonded                                    BOND                BOND    137    138     39     45     46     40
   0.0000   0.0000   2.4983e-05   3.9595e-08   1.7761e+00   2.3757e-01
El      0 Bond2D2                         STEELBAR_bonded                                    BOND                BOND    137    138     45     51     52     46
   0.0000   0.0000   3.0593e-05   3.5479e-08   2.1957e+00   2.1288e-01
El      0 Bond2D2                         STEELBAR_bonded                                    BOND                BOND    138    139     45     51     52     46
   0.0000   0.0000   3.5770e-05  -5.0936e-08   2.5894e+00  -3.0562e-01
El      0 Bond2D2                         STEELBAR_bonded                                    BOND                BOND    138    139     45     51     52     46
   0.0000   0.0000   4.4393e-05   1.8091e-08   3.2580e+00   1.0854e-01
El      0 Bond2D2                         STEELBAR_bonded                                    BOND                BOND    139    140     51     57     58     52
   0.0000   0.0000   5.2380e-05   1.3648e-08   3.8899e+00   8.1890e-02
El      0 Bond2D2                         STEELBAR_bonded                                    BOND                BOND    139    140     51     57     58     52
   0.0000   0.0000   6.5576e-05  -6.7516e-08   4.9597e+00  -4.0509e-01
El      0 Bond2D2                         STEELBAR_bonded                                    BOND                BOND    140    141     51     57     58     52
   0.0000   0.0000   7.7840e-05   4.9742e-08   5.9797e+00   2.9845e-01
El      0 Bond2D2                         STEELBAR_bonded                                    BOND                BOND    140    141     57     63     64     58
   0.0000   0.0000   9.8362e-05   5.2685e-08   7.7347e+00   3.1611e-01
El      0 Bond2D2                         STEELBAR_bonded                                    BOND                BOND    141    142     57     63     64     58
   0.0000   0.0000   1.1762e-04  -6.6727e-08   9.4189e+00  -4.0036e-01
El      0 Bond2D2                         STEELBAR_bonded                                    BOND                BOND    141    142     57     63     64     58
   0.0000   0.0000   1.4951e-04   2.6636e-09   1.2264e+01   1.5981e-02
El      0 Bond2D2                         STEELBAR_bonded                                    BOND                BOND    142    143     63     69     70     64
   0.0000   0.0000   1.8036e-04   1.7879e-08   1.5082e+01   1.0728e-01
El      0 Bond2D2                         STEELBAR_bonded                                    BOND                BOND    142    143     63     69     70     64
   0.0000   0.0000   2.3273e-04  -9.9406e-09   1.9703e+01  -5.9643e-02
El      0 Bond2D2                         STEELBAR_bonded                                    BOND                BOND    143    144     63     69     70     64
   0.0000   0.0000   2.8134e-04   2.1895e-09   2.3723e+01   1.3137e-02
El      0 Bond2D2                         STEELBAR_bonded                                    BOND                BOND    143    144     69     75     76     70
   0.0000   0.0000   3.6517e-04   1.1048e-08   2.9721e+01   6.6287e-02
El      0 Bond2D2                         STEELBAR_bonded                                    BOND                BOND    144    145     69     75     76     70
   0.0000   0.0000   4.4345e-04  -7.5670e-09   3.3096e+01  -4.5402e-02
El      0 Bond2D2                         STEELBAR_bonded                                    BOND                BOND    144    145     69     75     76     70
   0.0000   0.0000   5.7007e-04  -1.5180e-08   3.2264e+01  -9.1082e-02
El      0 Bond2D2                         STEELBAR_bonded                                    BOND                BOND    145    146     75     81     82     76
   0.0000   0.0000   6.7814e-04   2.0276e-09   2.5584e+01   1.2165e-02
El      0 Bond2D2                         STEELBAR_bonded                                    BOND                BOND    145    146     75     81     82     76
   0.0000   0.0000   8.4676e-04   5.6654e-08   1.1550e+01   3.3992e-01
El      0 Bond2D2                         STEELBAR_bonded                                    BOND                BOND    146    147     75     81     82     76
   0.0000   0.0000   9.7484e-04  -4.5879e-08   5.2923e+00  -2.7527e-01
El      0 Bond2D2                         STEELBAR_bonded                                    BOND                BOND    146    147     81     87     88     82
   0.0000   0.0000   1.1560e-03  -4.2241e-08   5.0754e+00  -2.5344e-01
El      0 Bond2D2                         STEELBAR_bonded                                    BOND                BOND    147    148     81     87     88     82
   0.0000   0.0000   1.2908e-03   5.7629e-08   5.0760e+00   3.4577e-01
El      0 Bond2D2                         STEELBAR_bonded                                    BOND                BOND    147    148     81     87     88     82
   0.0000   0.0000   1.4783e-03  -1.1550e-08   5.0768e+00  -6.9301e-02
El      0 Bond2D2                         STEELBAR_bonded                                    BOND                BOND    148    149     87     93     94     88
   0.0000   0.0000   1.6179e-03  -1.5442e-08   5.0762e+00  -9.2649e-02
El      0 Bond2D2                         STEELBAR_bonded                                    BOND                BOND    148    149     87     93     94     88
   0.0000   0.0000   1.8117e-03   4.3106e-08   5.0767e+00   2.5864e-01
El      0 Bond2D2                         STEELBAR_bonded                                    BOND                BOND    149    150     87     93     94     88
   0.0000   0.0000   1.9559e-03  -3.0142e-08   5.0771e+00  -1.8085e-01
El      0 Bond2D2                         STEELBAR_bonded                                    BOND                BOND    149    150     93     99    100     94
   0.0000   0.0000   2.1564e-03  -3.2939e-08   5.0784e+00  -1.9763e-01
El      0 Bond2D2                         STEELBAR_bonded                                    BOND                BOND    150    151     93     99    100     94
   0.0000   0.0000   2.3056e-03   4.2357e-08   5.0780e+00   2.5414e-01
El      0 Bond2D2                         STEELBAR_bonded                                    BOND                BOND    150    151     93     99    100     94
   0.0000   0.0000   2.5127e-03  -5.0044e-09   5.0775e+00  -3.0026e-02
El      0 Bond2D2                         STEELBAR_bonded                                    BOND                BOND    151    152     99    105    106    100
   0.0000   0.0000   2.6669e-03  -1.1349e-08   5.0800e+00  -6.8097e-02
El      0 Bond2D2                         STEELBAR_bonded                                    BOND                BOND    151    152     99    105    106    100
   0.0000   0.0000   2.8812e-03   1.8677e-08   5.0786e+00   1.1206e-01
El      0 Bond2D2                         STEELBAR_bonded                                    BOND                BOND    152    153     99    105    106    100
   0.0000   0.0000   3.0404e-03  -1.2062e-08   5.0776e+00  -7.2374e-02
El      0 Bond2D2                         STEELBAR_bonded                                    BOND                BOND    152    153    105    111    112    106
   0.0000   0.0000   3.2616e-03  -1.3336e-08   5.0796e+00  -8.0015e-02
El      0 Bond2D2                         STEELBAR_bonded                                    BOND                BOND    153    154    105    111    112    106
   0.0000   0.0000   3.4261e-03   1.8335e-08   5.0780e+00   1.1001e-01
El      0 Bond2D2                         STEELBAR_bonded                                    BOND                BOND    153    154    105    111    112    106
   0.0000   0.0000   3.6542e-03  -6.5967e-09   5.0758e+00  -3.9580e-02
El      0 Bond2D2                         STEELBAR_bonded                                    BOND                BOND    154    155    111    117    118    112
   0.0000   0.0000   3.8240e-03  -4.9130e-09   5.0792e+00  -2.9478e-02
El      0 Bond2D2                         STEELBAR_bonded                                    BOND                BOND    154    155    111    117    118    112
   0.0000   0.0000   4.0597e-03   2.4619e-08   5.0762e+00   1.4771e-01
El      0 Bond2D2                         STEELBAR_bonded                                    BOND                BOND    155    156    111    117    118    112
   0.0000   0.0000   4.2346e-03  -1.8475e-08   5.0739e+00  -1.1085e-01
El      0 Bond2D2                         STEELBAR_bonded                                    BOND                BOND    155    156    117    123    124    118
   0.0000   0.0000   4.4775e-03  -1.8015e-08   5.0783e+00  -1.0809e-01
El      0 Bond2D2                         STEELBAR_bonded                                    BOND                BOND    156    157    117    123    124    118
   0.0000   0.0000   4.6583e-03   2.4742e-08   5.0771e+00   1.4845e-01
El      0 Bond2D2                         STEELBAR_bonded                                    BOND                BOND    156    157    117    123    124    118
   0.0000   0.0000   4.9084e-03  -6.6297e-09   5.0753e+00  -3.9778e-02
