Time,   0.5000
     1, CONC,     CONCEL,   CAX4,   0,     0.1683,    0.1577,  5.839298e-05, -3.503285e-05,  9.149297e-05,  1.966011e-06,  2.416934e+00,  8.128802e-02,  3.244433e+00,  2.457514e-02,
     1, CONC,     CONCEL,   CAX4,   1,     0.1683,    0.0423,  4.400824e-05, -3.503285e-05,  6.628369e-05,  6.933062e-07,  1.727365e+00, -2.486622e-01,  2.284251e+00,  8.666328e-03,
     1, CONC,     CONCEL,   CAX4,   2,     0.0817,    0.1577,  5.839298e-05, -3.598737e-05,  1.265797e-04, -8.822543e-06,  2.701369e+00,  3.418600e-01,  4.406037e+00, -1.102818e-01,
     1, CONC,     CONCEL,   CAX4,   3,     0.0817,    0.0423,  4.400824e-05, -3.598737e-05,  8.989617e-05, -1.009525e-05,  1.916181e+00, -8.370905e-02,  3.063380e+00, -1.261906e-01,
     2, CONC,     CONCEL,   CAX4,   0,     0.1683,    0.3577,  8.704224e-05, -5.335184e-05,  1.344384e-04,  7.049228e-07,  3.577130e+00,  6.727776e-02,  4.762035e+00,  8.811535e-03,
     2, CONC,     CONCEL,   CAX4,   1,     0.1683,    0.2423,  6.992390e-05, -5.335184e-05,  1.097550e-04,  1.408079e-06,  2.800823e+00, -2.810705e-01,  3.796600e+00,  1.760099e-02,
     2, CONC,     CONCEL,   CAX4,   2,     0.0817,    0.3577,  8.704224e-05, -5.282447e-05,  1.846795e-04, -1.213383e-05,  4.000200e+00,  5.035323e-01,  6.441132e+00, -1.516729e-01,
     2, CONC,     CONCEL,   CAX4,   3,     0.0817,    0.2423,  6.992390e-05, -5.282447e-05,  1.519768e-04, -1.143067e-05,  3.157067e+00,  8.835722e-02,  5.208390e+00, -1.428834e-01,
     3, CONC,     CONCEL,   CAX4,   0,     0.1683,    0.5577,  1.147514e-04, -8.045243e-05,  1.887238e-04,  5.535036e-06,  4.727307e+00, -1.527879e-01,  6.576618e+00,  6.918795e-02,
     3, CONC,     CONCEL,   CAX4,   1,     0.1683,    0.4423,  9.905372e-05, -8.045243e-05,  1.555981e-04,  1.081854e-05,  3.928004e+00, -5.596493e-01,  5.341613e+00,  1.352318e-01,
     3, CONC,     CONCEL,   CAX4,   2,     0.0817,    0.5577,  1.147514e-04, -7.648980e-05,  2.671363e-04, -6.238190e-06,  5.413766e+00,  6.327375e-01,  9.223391e+00, -7.797738e-02,
     3, CONC,     CONCEL,   CAX4,   3,     0.0817,    0.4423,  9.905372e-05, -7.648980e-05,  2.155364e-04, -9.546847e-07,  4.460512e+00,  7.192441e-02,  7.372580e+00, -1.193356e-02,
     4, CONC,     CONCEL,   CAX4,   0,     0.1683,    0.7577,  1.350449e-04, -9.425345e-05,  2.160048e-04, -1.030876e-05,  5.516091e+00, -2.163675e-01,  7.540089e+00, -1.288595e-01,
     4, CONC,     CONCEL,   CAX4,   1,     0.1683,    0.6423,  1.243952e-04, -9.425345e-05,  2.049098e-04, -2.363246e-05,  5.068641e+00, -3.975742e-01,  7.081506e+00, -2.954057e-01,
     4, CONC,     CONCEL,   CAX4,   2,     0.0817,    0.7577,  1.350449e-04, -1.042462e-04,  3.018242e-04, -1.829606e-05,  6.147980e+00,  1.657017e-01,  1.031746e+01, -2.287007e-01,
     4, CONC,     CONCEL,   CAX4,   3,     0.0817,    0.6423,  1.243952e-04, -1.042462e-04,  2.902571e-04, -3.161976e-05,  5.696596e+00, -1.943878e-02,  9.843144e+00, -3.952469e-01,
     5, CONC,     CONCEL,   CAX4,   0,     0.1683,    0.9577,  1.581103e-04, -1.047775e-04,  2.461399e-04,  1.189531e-05,  6.448364e+00, -1.238314e-01,  8.649104e+00,  1.486914e-01,
     5, CONC,     CONCEL,   CAX4,   1,     0.1683,    0.8423,  1.440788e-04, -1.047775e-04,  2.270524e-04,  7.738696e-06,  5.821585e+00, -3.998228e-01,  7.895925e+00,  9.673370e-02,
     5, CONC,     CONCEL,   CAX4,   2,     0.0817,    0.9577,  1.581103e-04, -1.078950e-04,  3.394533e-04,  1.371697e-06,  7.199997e+00,  5.498649e-01,  1.173357e+01,  1.714621e-02,
     5, CONC,     CONCEL,   CAX4,   3,     0.0817,    0.8423,  1.440788e-04, -1.078950e-04,  3.150063e-04, -2.784916e-06,  6.528556e+00,  2.292110e-01,  1.080174e+01, -3.481145e-02,
     6, CONC,     CONCEL,   CAX4,   0,     0.3577,    0.1577,  7.784228e-05, -3.532154e-05,  8.254104e-05,  6.929923e-06,  2.988238e+00,  1.591428e-01,  3.105707e+00,  8.662404e-02,
     6, CONC,     CONCEL,   CAX4,   1,     0.3577,    0.0423,  5.920147e-05, -3.532154e-05,  6.118713e-05,  7.397029e-06,  2.188929e+00, -1.741465e-01,  2.238570e+00,  9.246286e-02,
     6, CONC,     CONCEL,   CAX4,   2,     0.2423,    0.1577,  7.784228e-05, -3.485444e-05,  8.478059e-05, -1.171088e-05,  3.010794e+00,  1.933760e-01,  3.184252e+00, -1.463860e-01,
     6, CONC,     CONCEL,   CAX4,   3,     0.2423,    0.0423,  5.920147e-05, -3.485444e-05,  6.213355e-05, -1.124378e-05,  2.200708e+00, -1.506894e-01,  2.274010e+00, -1.405472e-01,
     7, CONC,     CONCEL,   CAX4,   0,     0.3577,    0.3577,  1.112724e-04, -5.355427e-05,  1.200242e-04,  7.876888e-06,  4.262996e+00,  1.423292e-01,  4.481790e+00,  9.846110e-02,
     7, CONC,     CONCEL,   CAX4,   1,     0.3577,    0.2423,  9.179464e-05, -5.355427e-05,  9.830637e-05,  7.883771e-06,  3.432756e+00, -2.009672e-01,  3.595549e+00,  9.854714e-02,
     7, CONC,     CONCEL,   CAX4,   2,     0.2423,    0.3577,  1.112724e-04, -5.354739e-05,  1.241955e-04, -1.160088e-05,  4.297815e+00,  1.773196e-01,  4.620891e+00, -1.450111e-01,
     7, CONC,     CONCEL,   CAX4,   3,     0.2423,    0.2423,  9.179464e-05, -5.354739e-05,  1.014100e-04, -1.159400e-05,  3.458677e+00, -1.748739e-01,  3.699062e+00, -1.449250e-01,
     8, CONC,     CONCEL,   CAX4,   0,     0.3577,    0.5577,  1.445359e-04, -7.055872e-05,  1.626855e-04,  3.066037e-05,  5.585586e+00,  2.082211e-01,  6.039327e+00,  3.832546e-01,
     8, CONC,     CONCEL,   CAX4,   1,     0.3577,    0.4423,  1.254044e-04, -7.055872e-05,  1.372745e-04,  2.235588e-05,  4.736111e+00, -1.629665e-01,  5.032864e+00,  2.794486e-01,
     8, CONC,     CONCEL,   CAX4,   2,     0.2423,    0.5577,  1.445359e-04, -7.886320e-05,  1.713361e-04,  1.152887e-05,  5.588471e+00,  3.493295e-03,  6.258476e+00,  1.441108e-01,
     8, CONC,     CONCEL,   CAX4,   3,     0.2423,    0.4423,  1.254044e-04, -7.886320e-05,  1.429321e-04,  3.224384e-06,  4.714054e+00, -3.926358e-01,  5.152247e+00,  4.030480e-02,
     9, CONC,     CONCEL,   CAX4,   0,     0.3577,    0.7577,  1.760416e-04, -9.514171e-05,  1.912101e-04, -5.973015e-06,  6.668624e+00, -1.109591e-01,  7.047837e+00, -7.466268e-02,
     9, CONC,     CONCEL,   CAX4,   1,     0.3577,    0.6423,  1.581041e-04, -9.514171e-05,  1.771375e-04, -2.645208e-06,  5.953435e+00, -3.777103e-01,  6.429270e+00, -3.306510e-02,
     9, CONC,     CONCEL,   CAX4,   2,     0.2423,    0.7577,  1.760416e-04, -9.181391e-05,  1.984399e-04, -2.391053e-05,  6.756604e+00,  6.021555e-02,  7.316560e+00, -2.988817e-01,
     9, CONC,     CONCEL,   CAX4,   3,     0.2423,    0.6423,  1.581041e-04, -9.181391e-05,  1.862094e-04, -2.058273e-05,  6.056765e+00, -1.911847e-01,  6.759397e+00, -2.572841e-01,
    10, CONC,     CONCEL,   CAX4,   0,     0.3577,    0.9577,  2.060018e-04, -1.033315e-04,  2.206417e-04,  4.582932e-06,  7.844311e+00,  1.109797e-01,  8.210308e+00,  5.728665e-02,
    10, CONC,     CONCEL,   CAX4,   1,     0.3577,    0.8423,  1.888758e-04, -1.033315e-04,  2.028670e-04,  4.359688e-06,  7.125322e+00, -1.798590e-01,  7.475104e+00,  5.449611e-02,
    10, CONC,     CONCEL,   CAX4,   2,     0.2423,    0.9577,  2.060018e-04, -1.035547e-04,  2.276194e-04, -1.254309e-05,  7.900599e+00,  1.616863e-01,  8.441040e+00, -1.567887e-01,
    10, CONC,     CONCEL,   CAX4,   3,     0.2423,    0.8423,  1.888758e-04, -1.035547e-04,  2.095357e-04, -1.276634e-05,  7.179033e+00, -1.317285e-01,  7.695531e+00, -1.595792e-01,
    11, CONC,     CONCEL,   CAX4,   0,     0.5577,    0.1577,  7.962449e-05, -3.560721e-05,  8.136013e-05,  8.422804e-06,  3.035424e+00,  1.546315e-01,  3.078815e+00,  1.052851e-01,
    11, CONC,     CONCEL,   CAX4,   1,     0.5577,    0.0423,  6.112777e-05, -3.560721e-05,  6.101987e-05,  8.506766e-06,  2.249364e+00, -1.690100e-01,  2.246667e+00,  1.063346e-01,
    11, CONC,     CONCEL,   CAX4,   2,     0.4423,    0.1577,  7.962449e-05, -3.552325e-05,  8.181328e-05, -1.007392e-05,  3.039900e+00,  1.612065e-01,  3.094620e+00, -1.259240e-01,
    11, CONC,     CONCEL,   CAX4,   3,     0.4423,    0.0423,  6.112777e-05, -3.552325e-05,  6.099170e-05, -9.989959e-06,  2.249829e+00, -1.664460e-01,  2.246428e+00, -1.248745e-01,
    12, CONC,     CONCEL,   CAX4,   0,     0.5577,    0.3577,  1.130202e-04, -5.367205e-05,  1.173802e-04,  1.106897e-05,  4.298242e+00,  1.309349e-01,  4.407240e+00,  1.383621e-01,
    12, CONC,     CONCEL,   CAX4,   1,     0.5577,    0.2423,  9.352904e-05, -5.367205e-05,  9.646182e-05,  1.115335e-05,  3.474216e+00, -2.058111e-01,  3.547536e+00,  1.394168e-01,
    12, CONC,     CONCEL,   CAX4,   2,     0.4423,    0.3577,  1.130202e-04, -5.358767e-05,  1.185185e-04, -8.422221e-06,  4.308431e+00,  1.432334e-01,  4.445887e+00, -1.052778e-01,
    12, CONC,     CONCEL,   CAX4,   3,     0.4423,    0.2423,  9.352904e-05, -5.358767e-05,  9.722753e-05, -8.337845e-06,  3.481300e+00, -1.966177e-01,  3.573762e+00, -1.042231e-01,
    13, CONC,     CONCEL,   CAX4,   0,     0.5577,    0.5577,  1.431763e-04, -7.640943e-05,  1.557927e-04,  9.859184e-06,  5.434071e+00, -5.557301e-02,  5.749480e+00,  1.232398e-01,
    13, CONC,     CONCEL,   CAX4,   1,     0.5577,    0.4423,  1.263232e-04, -7.640943e-05,  1.332778e-04,  1.636739e-05,  4.684676e+00, -3.836397e-01,  4.858541e+00,  2.045923e-01,
    13, CONC,     CONCEL,   CAX4,   2,     0.4423,    0.5577,  1.431763e-04, -6.990123e-05,  1.590866e-04, -6.993949e-06,  5.515755e+00,  1.888169e-01,  5.913514e+00, -8.742437e-02,
    13, CONC,     CONCEL,   CAX4,   3,     0.4423,    0.4423,  1.263232e-04, -6.990123e-05,  1.350936e-04, -4.857477e-07,  4.754042e+00, -1.515682e-01,  4.973302e+00, -6.071847e-03,
    14, CONC,     CONCEL,   CAX4,   0,     0.5577,    0.7577,  1.755169e-04, -8.321104e-05,  1.856224e-04, -1.178829e-05,  6.703993e+00,  2.357934e-01,  6.956630e+00, -1.473537e-01,
    14, CONC,     CONCEL,   CAX4,   1,     0.5577,    0.6423,  1.563577e-04, -8.321104e-05,  1.698184e-04, -2.141384e-05,  5.933652e+00, -5.556709e-02,  6.270168e+00, -2.676729e-01,
    14, CONC,     CONCEL,   CAX4,   2,     0.4423,    0.7577,  1.755169e-04, -9.283658e-05,  1.882608e-04, -3.094749e-05,  6.645767e+00, -6.307114e-02,  6.964365e+00, -3.868437e-01,
    14, CONC,     CONCEL,   CAX4,   3,     0.4423,    0.6423,  1.563577e-04, -9.283658e-05,  1.733328e-04, -4.057304e-05,  5.882726e+00, -3.471318e-01,  6.307102e+00, -5.071630e-01,
    15, CONC,     CONCEL,   CAX4,   0,     0.5577,    0.9577,  2.083765e-04, -1.015814e-04,  2.160635e-04,  4.250191e-06,  7.899902e+00,  1.509546e-01,  8.092077e+00,  5.312739e-02,
    15, CONC,     CONCEL,   CAX4,   1,     0.5577,    0.8423,  1.894553e-04, -1.015814e-04,  1.980138e-04,  3.028850e-06,  7.118781e+00, -1.571366e-01,  7.332742e+00,  3.786063e-02,
    15, CONC,     CONCEL,   CAX4,   2,     0.4423,    0.9577,  2.083765e-04, -1.028027e-04,  2.180705e-04, -1.467101e-05,  7.906449e+00,  1.269680e-01,  8.148798e+00, -1.833876e-01,
    15, CONC,     CONCEL,   CAX4,   3,     0.4423,    0.8423,  1.894553e-04, -1.028027e-04,  2.002483e-04, -1.589235e-05,  7.127224e+00, -1.792270e-01,  7.397048e+00, -1.986544e-01,
    16, CONC,     CONCEL,   CAX4,   0,     0.7577,    0.1577,  7.948812e-05, -3.545213e-05,  8.087363e-05,  9.535066e-06,  3.028116e+00,  1.546103e-01,  3.062754e+00,  1.191883e-01,
    16, CONC,     CONCEL,   CAX4,   1,     0.7577,    0.0423,  6.131769e-05, -3.545213e-05,  6.108788e-05,  9.399042e-06,  2.257554e+00, -1.616911e-01,  2.251809e+00,  1.174880e-01,
    16, CONC,     CONCEL,   CAX4,   2,     0.6423,    0.1577,  7.948812e-05, -3.558815e-05,  8.112272e-05, -8.635358e-06,  3.029059e+00,  1.521519e-01,  3.069924e+00, -1.079420e-01,
    16, CONC,     CONCEL,   CAX4,   3,     0.6423,    0.0423,  6.131769e-05, -3.558815e-05,  6.104657e-05, -8.771383e-06,  2.256077e+00, -1.665696e-01,  2.249298e+00, -1.096423e-01,
    17, CONC,     CONCEL,   CAX4,   0,     0.7577,    0.3577,  1.108001e-04, -5.230505e-05,  1.157672e-04,  1.397882e-05,  4.222189e+00,  1.445598e-01,  4.346367e+00,  1.747353e-01,
    17, CONC,     CONCEL,   CAX4,   1,     0.7577,    0.2423,  9.274690e-05, -5.230505e-05,  9.552491e-05,  1.295550e-05,  3.451729e+00, -1.745698e-01,  3.521179e+00,  1.619437e-01,
    17, CONC,     CONCEL,   CAX4,   2,     0.6423,    0.3577,  1.108001e-04, -5.332837e-05,  1.166602e-04, -4.074419e-06,  4.221104e+00,  1.178908e-01,  4.367606e+00, -5.093023e-02,
    17, CONC,     CONCEL,   CAX4,   3,     0.6423,    0.2423,  9.274690e-05, -5.332837e-05,  9.602436e-05, -5.097742e-06,  3.447363e+00, -2.045185e-01,  3.529300e+00, -6.372177e-02,
    18, CONC,     CONCEL,   CAX4,   0,     0.7577,    0.5577,  1.416244e-04, -6.574252e-05,  1.521396e-04,  3.370342e-05,  5.440788e+00,  2.566155e-01,  5.703668e+00,  4.212928e-01,
    18, CONC,     CONCEL,   CAX4,   1,     0.7577,    0.4423,  1.238968e-04, -6.574252e-05,  1.309371e-04,  2.415083e-05,  4.673182e+00, -6.780161e-02,  4.849188e+00,  3.018854e-01,
    18, CONC,     CONCEL,   CAX4,   2,     0.6423,    0.5577,  1.416244e-04, -7.529511e-05,  1.540301e-04,  1.597588e-05,  5.376937e+00, -4.605012e-02,  5.687079e+00,  1.996985e-01,
    18, CONC,     CONCEL,   CAX4,   3,     0.6423,    0.4423,  1.238968e-04, -7.529511e-05,  1.322028e-04,  6.423289e-06,  4.604125e+00, -3.756734e-01,  4.811775e+00,  8.029112e-02,
    19, CONC,     CONCEL,   CAX4,   0,     0.7577,    0.7577,  1.745477e-04, -9.012295e-05,  1.827534e-04, -2.586779e-06,  6.590178e+00, -2.658897e-02,  6.795319e+00, -3.233474e-02,
    19, CONC,     CONCEL,   CAX4,   1,     0.7577,    0.6423,  1.551962e-04, -9.012295e-05,  1.660237e-04,  5.052248e-06,  5.805714e+00, -3.272654e-01,  6.076401e+00,  6.315310e-02,
    19, CONC,     CONCEL,   CAX4,   2,     0.6423,    0.7577,  1.745477e-04, -8.248392e-05,  1.842286e-04, -2.193829e-05,  6.666131e+00,  2.403391e-01,  6.908153e+00, -2.742286e-01,
    19, CONC,     CONCEL,   CAX4,   3,     0.6423,    0.6423,  1.551962e-04, -8.248392e-05,  1.679704e-04, -1.429926e-05,  5.885595e+00, -5.640927e-02,  6.204948e+00, -1.787408e-01,
    20, CONC,     CONCEL,   CAX4,   0,     0.7577,    0.9577,  2.067458e-04, -1.008588e-04,  2.136951e-04,  4.332669e-06,  7.831828e+00,  1.417128e-01,  8.005562e+00,  5.415836e-02,
    20, CONC,     CONCEL,   CAX4,   1,     0.7577,    0.8423,  1.883604e-04, -1.008588e-04,  1.955269e-04,  4.130992e-06,  7.067581e+00, -1.629004e-01,  7.246743e+00,  5.163740e-02,
    20, CONC,     CONCEL,   CAX4,   2,     0.6423,    0.9577,  2.067458e-04, -1.010605e-04,  2.149445e-04, -1.405271e-05,  7.840559e+00,  1.454018e-01,  8.045527e+00, -1.756588e-01,
    20, CONC,     CONCEL,   CAX4,   3,     0.6423,    0.8423,  1.883604e-04, -1.010605e-04,  1.968153e-04, -1.425438e-05,  7.076637e+00, -1.588861e-01,  7.288010e+00, -1.781798e-01,
    21, CONC,     CONCEL,   CAX4,   0,     0.9577,    0.1577,  7.862042e-05, -3.518545e-05,  8.044139e-05,  9.978938e-06,  2.997813e+00,  1.526668e-01,  3.043338e+00,  1.247367e-01,
    21, CONC,     CONCEL,   CAX4,   1,     0.9577,    0.0423,  6.084324e-05, -3.518545e-05,  6.105773e-05,  9.820161e-06,  2.243710e+00, -1.570068e-01,  2.249073e+00,  1.227520e-01,
    21, CONC,     CONCEL,   CAX4,   2,     0.8423,    0.1577,  7.862042e-05, -3.534422e-05,  8.069104e-05, -7.798240e-06,  2.998571e+00,  1.494546e-01,  3.050336e+00, -9.747801e-02,
    21, CONC,     CONCEL,   CAX4,   3,     0.8423,    0.0423,  6.084324e-05, -3.534422e-05,  6.108714e-05, -7.957017e-06,  2.242632e+00, -1.620543e-01,  2.248730e+00, -9.946271e-02,
    22, CONC,     CONCEL,   CAX4,   0,     0.9577,    0.3577,  1.099479e-04, -5.203924e-05,  1.145896e-04,  1.341803e-05,  4.186184e+00,  1.365049e-01,  4.302226e+00,  1.677254e-01,
    22, CONC,     CONCEL,   CAX4,   1,     0.9577,    0.2423,  9.177798e-05, -5.203924e-05,  9.478521e-05,  1.349764e-05,  3.415482e+00, -1.799481e-01,  3.490663e+00,  1.687206e-01,
    22, CONC,     CONCEL,   CAX4,   2,     0.8423,    0.3577,  1.099479e-04, -5.195963e-05,  1.152260e-04, -4.751927e-06,  4.192151e+00,  1.444616e-01,  4.324101e+00, -5.939909e-02,
    22, CONC,     CONCEL,   CAX4,   3,     0.8423,    0.2423,  9.177798e-05, -5.195963e-05,  9.519749e-05, -4.672311e-06,  3.419582e+00, -1.738586e-01,  3.505069e+00, -5.840388e-02,
    23, CONC,     CONCEL,   CAX4,   0,     0.9577,    0.5577,  1.403353e-04, -7.309960e-05,  1.497314e-04,  7.633147e-06,  5.316442e+00, -1.943065e-02,  5.551345e+00,  9.541434e-02,
    23, CONC,     CONCEL,   CAX4,   1,     0.9577,    0.4423,  1.229588e-04, -7.309960e-05,  1.293124e-04,  1.557851e-05,  4.567068e+00, -3.343931e-01,  4.725907e+00,  1.947314e-01,
    23, CONC,     CONCEL,   CAX4,   2,     0.8423,    0.5577,  1.403353e-04, -6.515424e-05,  1.510196e-04, -9.743328e-06,  5.393388e+00,  2.561496e-01,  5.660495e+00, -1.217916e-01,
    23, CONC,     CONCEL,   CAX4,   3,     0.8423,    0.4423,  1.229588e-04, -6.515424e-05,  1.301834e-04, -1.797962e-06,  4.640538e+00, -6.228891e-02,  4.821153e+00, -2.247452e-02,
    24, CONC,     CONCEL,   CAX4,   0,     0.9577,    0.7577,  1.721431e-04, -8.058712e-05,  1.806438e-04, -9.989480e-06,  6.571909e+00,  2.536533e-01,  6.784426e+00, -1.248685e-01,
    24, CONC,     CONCEL,   CAX4,   1,     0.9577,    0.6423,  1.535142e-04, -8.058712e-05,  1.634856e-04, -1.901706e-05,  5.807961e+00, -4.457222e-02,  6.057247e+00, -2.377133e-01,
    24, CONC,     CONCEL,   CAX4,   2,     0.8423,    0.7577,  1.721431e-04, -8.961471e-05,  1.818092e-04, -2.861838e-05,  6.506391e+00, -3.755442e-02,  6.748043e+00, -3.577298e-01,
    24, CONC,     CONCEL,   CAX4,   3,     0.8423,    0.6423,  1.535142e-04, -8.961471e-05,  1.648527e-04, -3.764596e-05,  5.744123e+00, -3.340997e-01,  6.027585e+00, -4.705745e-01,
    25, CONC,     CONCEL,   CAX4,   0,     0.9577,    0.9577,  2.042583e-04, -9.931442e-05,  2.118342e-04,  3.720885e-06,  7.746276e+00,  1.569574e-01,  7.935674e+00,  4.651107e-02,
    25, CONC,     CONCEL,   CAX4,   1,     0.9577,    0.8423,  1.857399e-04, -9.931442e-05,  1.935988e-04,  2.644332e-06,  6.977034e+00, -1.493247e-01,  7.173505e+00,  3.305415e-02,
    25, CONC,     CONCEL,   CAX4,   2,     0.8423,    0.9577,  2.042583e-04, -1.003910e-04,  2.128729e-04, -1.479751e-05,  7.745960e+00,  1.297275e-01,  7.961323e+00, -1.849688e-01,
    25, CONC,     CONCEL,   CAX4,   3,     0.8423,    0.8423,  1.857399e-04, -1.003910e-04,  1.946762e-04, -1.587406e-05,  6.977041e+00, -1.762315e-01,  7.200447e+00, -1.984257e-01,
    26, CONC,     CONCEL,   CAX4,   0,     1.1577,    0.1577,  7.770352e-05, -3.486815e-05,  8.000189e-05,  1.036164e-05,  2.966232e+00,  1.519402e-01,  3.023691e+00,  1.295205e-01,
    26, CONC,     CONCEL,   CAX4,   1,     1.1577,    0.0423,  6.003636e-05, -3.486815e-05,  6.091075e-05,  1.017191e-05,  2.218234e+00, -1.543790e-01,  2.240093e+00,  1.271488e-01,
    26, CONC,     CONCEL,   CAX4,   2,     1.0423,    0.1577,  7.770352e-05, -3.505788e-05,  8.025652e-05, -7.305514e-06,  2.966773e+00,  1.477376e-01,  3.030598e+00, -9.131892e-02,
    26, CONC,     CONCEL,   CAX4,   3,     1.0423,    0.0423,  6.003636e-05, -3.505788e-05,  6.100762e-05, -7.495250e-06,  2.217460e+00, -1.598962e-01,  2.241741e+00, -9.369063e-02,
    27, CONC,     CONCEL,   CAX4,   0,     1.1577,    0.3577,  1.084814e-04, -5.120873e-05,  1.135880e-04,  1.510173e-05,  4.135874e+00,  1.436204e-01,  4.263538e+00,  1.887716e-01,
    27, CONC,     CONCEL,   CAX4,   1,     1.1577,    0.2423,  9.068434e-05, -5.120873e-05,  9.411671e-05,  1.447242e-05,  3.380378e+00, -1.669490e-01,  3.466187e+00,  1.809052e-01,
    27, CONC,     CONCEL,   CAX4,   2,     1.0423,    0.3577,  1.084814e-04, -5.183804e-05,  1.141537e-04, -2.695358e-06,  4.135344e+00,  1.273580e-01,  4.277151e+00, -3.369198e-02,
    27, CONC,     CONCEL,   CAX4,   3,     1.0423,    0.2423,  9.068434e-05, -5.183804e-05,  9.449697e-05, -3.324667e-06,  3.378302e+00, -1.847571e-01,  3.473618e+00, -4.155834e-02,
    28, CONC,     CONCEL,   CAX4,   0,     1.1577,    0.5577,  1.396844e-04, -6.447584e-05,  1.480196e-04,  3.204899e-05,  5.352345e+00,  2.483385e-01,  5.560724e+00,  4.006123e-01,
    28, CONC,     CONCEL,   CAX4,   1,     1.1577,    0.4423,  1.216110e-04, -6.447584e-05,  1.280312e-04,  2.360700e-05,  4.583326e+00, -6.884356e-02,  4.743832e+00,  2.950875e-01,
    28, CONC,     CONCEL,   CAX4,   2,     1.0423,    0.5577,  1.396844e-04, -7.291783e-05,  1.489430e-04,  1.397552e-05,  5.289690e+00, -2.536584e-02,  5.521155e+00,  1.746940e-01,
    28, CONC,     CONCEL,   CAX4,   3,     1.0423,    0.4423,  1.216110e-04, -7.291783e-05,  1.287425e-04,  5.533529e-06,  4.518904e+00, -3.443158e-01,  4.697191e+00,  6.916912e-02,
    29, CONC,     CONCEL,   CAX4,   0,     1.1577,    0.7577,  1.705401e-04, -8.818351e-05,  1.789569e-04, -2.798135e-06,  6.441115e+00, -2.697531e-02,  6.651535e+00, -3.497669e-02,
    29, CONC,     CONCEL,   CAX4,   1,     1.1577,    0.6423,  1.527949e-04, -8.818351e-05,  1.616651e-04,  5.181737e-06,  5.705511e+00, -3.189502e-01,  5.927264e+00,  6.477172e-02,
    29, CONC,     CONCEL,   CAX4,   2,     1.0423,    0.7577,  1.705401e-04, -8.020363e-05,  1.798894e-04, -2.054329e-05,  6.515384e+00,  2.467911e-01,  6.749116e+00, -2.567911e-01,
    29, CONC,     CONCEL,   CAX4,   3,     1.0423,    0.6423,  1.527949e-04, -8.020363e-05,  1.626478e-04, -1.256342e-05,  5.780199e+00, -4.476524e-02,  6.026520e+00, -1.570427e-01,
    30, CONC,     CONCEL,   CAX4,   0,     1.1577,    0.9577,  2.013315e-04, -9.862995e-05,  2.101267e-04,  3.522350e-06,  7.640190e+00,  1.411536e-01,  7.860071e+00,  4.402938e-02,
    30, CONC,     CONCEL,   CAX4,   1,     1.1577,    0.8423,  1.835454e-04, -9.862995e-05,  1.919422e-04,  3.309748e-06,  6.895783e+00, -1.586019e-01,  7.105701e+00,  4.137185e-02,
    30, CONC,     CONCEL,   CAX4,   2,     1.0423,    0.9577,  2.013315e-04, -9.884256e-05,  2.111011e-04, -1.426373e-05,  7.646539e+00,  1.421868e-01,  7.890779e+00, -1.782967e-01,
    30, CONC,     CONCEL,   CAX4,   3,     1.0423,    0.8423,  1.835454e-04, -9.884256e-05,  1.928724e-04, -1.447633e-05,  6.901763e+00, -1.579365e-01,  7.134938e+00, -1.809542e-01,
    31, CONC,     CONCEL,   CAX4,   0,     1.3577,    0.1577,  7.649082e-05, -3.455070e-05,  7.952245e-05,  1.069975e-05,  2.924459e+00,  1.484206e-01,  3.000249e+00,  1.337469e-01,
    31, CONC,     CONCEL,   CAX4,   1,     1.3577,    0.0423,  5.900324e-05, -3.455070e-05,  6.066192e-05,  1.051820e-05,  2.184368e+00, -1.544803e-01,  2.225835e+00,  1.314775e-01,
    31, CONC,     CONCEL,   CAX4,   2,     1.2423,    0.1577,  7.649082e-05, -3.473225e-05,  7.980424e-05, -6.787833e-06,  2.925294e+00,  1.447173e-01,  3.008129e+00, -8.484792e-02,
    31, CONC,     CONCEL,   CAX4,   3,     1.2423,    0.0423,  5.900324e-05, -3.473225e-05,  6.081610e-05, -6.969381e-06,  2.184140e+00, -1.592471e-01,  2.229462e+00, -8.711727e-02,
    32, CONC,     CONCEL,   CAX4,   0,     1.3577,    0.3577,  1.076761e-04, -5.140560e-05,  1.127422e-04,  1.509345e-05,  4.100342e+00,  1.232993e-01,  4.226994e+00,  1.886682e-01,
    32, CONC,     CONCEL,   CAX4,   1,     1.3577,    0.2423,  8.953268e-05, -5.140560e-05,  9.347731e-05,  1.540619e-05,  3.335020e+00, -1.884367e-01,  3.433636e+00,  1.925774e-01,
    32, CONC,     CONCEL,   CAX4,   2,     1.2423,    0.3577,  1.076761e-04, -5.109286e-05,  1.132131e-04, -3.049991e-06,  4.106873e+00,  1.376481e-01,  4.245297e+00, -3.812489e-02,
    32, CONC,     CONCEL,   CAX4,   3,     1.2423,    0.2423,  8.953268e-05, -5.109286e-05,  9.384397e-05, -2.737251e-06,  3.340682e+00, -1.749565e-01,  3.448464e+00, -3.421564e-02,
    33, CONC,     CONCEL,   CAX4,   0,     1.3577,    0.5577,  1.389201e-04, -7.273674e-05,  1.467030e-04,  8.732775e-06,  5.247054e+00, -4.436614e-02,  5.441626e+00,  1.091597e-01,
    33, CONC,     CONCEL,   CAX4,   1,     1.3577,    0.4423,  1.209094e-04, -7.273674e-05,  1.270040e-04,  1.704220e-05,  4.482541e+00, -3.586131e-01,  4.634904e+00,  2.130274e-01,
    33, CONC,     CONCEL,   CAX4,   2,     1.2423,    0.5577,  1.389201e-04, -6.442732e-05,  1.474264e-04, -9.277848e-06,  5.322327e+00,  2.386431e-01,  5.534986e+00, -1.159731e-01,
    33, CONC,     CONCEL,   CAX4,   3,     1.2423,    0.4423,  1.209094e-04, -6.442732e-05,  1.275704e-04, -9.684278e-07,  4.556507e+00, -7.691159e-02,  4.723033e+00, -1.210535e-02,
    34, CONC,     CONCEL,   CAX4,   0,     1.3577,    0.7577,  1.682410e-04, -7.986381e-05,  1.774500e-04, -1.209913e-05,  6.421250e+00,  2.186305e-01,  6.651475e+00, -1.512391e-01,
    34, CONC,     CONCEL,   CAX4,   1,     1.3577,    0.6423,  1.516025e-04, -7.986381e-05,  1.602199e-04, -2.032777e-05,  5.723051e+00, -6.360692e-02,  5.938487e+00, -2.540971e-01,
    34, CONC,     CONCEL,   CAX4,   2,     1.2423,    0.7577,  1.682410e-04, -8.809245e-05,  1.783059e-04, -2.873759e-05,  6.359811e+00, -4.852421e-02,  6.611436e+00, -3.592199e-01,
    34, CONC,     CONCEL,   CAX4,   3,     1.2423,    0.6423,  1.516025e-04, -8.809245e-05,  1.610209e-04, -3.696623e-05,  5.661154e+00, -3.312199e-01,  5.896615e+00, -4.620779e-01,
    35, CONC,     CONCEL,   CAX4,   0,     1.3577,    0.9577,  1.979685e-04, -9.714332e-05,  2.084405e-04,  2.196349e-06,  7.526426e+00,  1.486307e-01,  7.788225e+00,  2.745436e-02,
    35, CONC,     CONCEL,   CAX4,   1,     1.3577,    0.8423,  1.806647e-04, -9.714332e-05,  1.903706e-04,  1.165023e-06,  6.799050e+00, -1.461498e-01,  7.041699e+00,  1.456279e-02,
    35, CONC,     CONCEL,   CAX4,   2,     1.2423,    0.9577,  1.979685e-04, -9.817464e-05,  2.094138e-04, -1.510746e-05,  7.525943e+00,  1.223647e-01,  7.812077e+00, -1.888433e-01,
    35, CONC,     CONCEL,   CAX4,   3,     1.2423,    0.8423,  1.806647e-04, -9.817464e-05,  1.912728e-04, -1.613879e-05,  6.797974e+00, -1.730092e-01,  7.063177e+00, -2.017349e-01,
    36, CONC,     CONCEL,   CAX4,   0,     1.5577,    0.1577,  7.499978e-05, -3.411206e-05,  7.898223e-05,  1.154026e-05,  2.873911e+00,  1.461148e-01,  2.973472e+00,  1.442533e-01,
    36, CONC,     CONCEL,   CAX4,   1,     1.5577,    0.0423,  5.755863e-05, -3.411206e-05,  6.030268e-05,  1.126780e-05,  2.136876e+00, -1.548910e-01,  2.205477e+00,  1.408475e-01,
    36, CONC,     CONCEL,   CAX4,   2,     1.4423,    0.1577,  7.499978e-05, -3.438452e-05,  7.930107e-05, -5.900886e-06,  2.874297e+00,  1.396898e-01,  2.981830e+00, -7.376108e-02,
    36, CONC,     CONCEL,   CAX4,   3,     1.4423,    0.0423,  5.755863e-05, -3.438452e-05,  6.052237e-05, -6.173348e-06,  2.136436e+00, -1.621423e-01,  2.210530e+00, -7.716685e-02,
    37, CONC,     CONCEL,   CAX4,   0,     1.5577,    0.3577,  1.062475e-04, -5.093571e-05,  1.119471e-04,  1.825765e-05,  4.050012e+00,  1.204312e-01,  4.192501e+00,  2.282206e-01,
    37, CONC,     CONCEL,   CAX4,   1,     1.5577,    0.2423,  8.804592e-05, -5.093571e-05,  9.282031e-05,  1.782987e-05,  3.283902e+00, -1.906385e-01,  3.403262e+00,  2.228734e-01,
    37, CONC,     CONCEL,   CAX4,   2,     1.4423,    0.3577,  1.062475e-04, -5.136349e-05,  1.124034e-04,  5.606323e-08,  4.050250e+00,  1.099746e-01,  4.204147e+00,  7.007904e-04,
    37, CONC,     CONCEL,   CAX4,   3,     1.4423,    0.2423,  8.804592e-05, -5.136349e-05,  9.320255e-05, -3.717147e-07,  3.283523e+00, -2.017124e-01,  3.412439e+00, -4.646433e-03,
    38, CONC,     CONCEL,   CAX4,   0,     1.5577,    0.5577,  1.387402e-04, -6.547755e-05,  1.456855e-04,  3.473753e-05,  5.293072e+00,  1.876289e-01,  5.466705e+00,  4.342192e-01,
    38, CONC,     CONCEL,   CAX4,   1,     1.5577,    0.4423,  1.198310e-04, -6.547755e-05,  1.261123e-04,  2.719694e-05,  4.499656e+00, -1.330579e-01,  4.656688e+00,  3.399617e-01,
    38, CONC,     CONCEL,   CAX4,   2,     1.4423,    0.5577,  1.387402e-04, -7.301815e-05,  1.462415e-04,  1.582834e-05,  5.234868e+00, -5.909051e-02,  5.422402e+00,  1.978543e-01,
    38, CONC,     CONCEL,   CAX4,   3,     1.4423,    0.4423,  1.198310e-04, -7.301815e-05,  1.266152e-04,  8.287747e-06,  4.441008e+00, -3.802203e-01,  4.610612e+00,  1.035968e-01,
    39, CONC,     CONCEL,   CAX4,   0,     1.5577,    0.7577,  1.661267e-04, -8.800644e-05,  1.760535e-04, -8.555331e-06,  6.271282e+00, -8.204628e-02,  6.519453e+00, -1.069416e-01,
    39, CONC,     CONCEL,   CAX4,   1,     1.5577,    0.6423,  1.511451e-04, -8.800644e-05,  1.590672e-04, -3.896558e-07,  5.630343e+00, -3.484457e-01,  5.828396e+00, -4.870697e-03,
    39, CONC,     CONCEL,   CAX4,   2,     1.4423,    0.7577,  1.661267e-04, -7.984077e-05,  1.768483e-04, -2.353695e-05,  6.345953e+00,  1.967659e-01,  6.613992e+00, -2.942118e-01,
    39, CONC,     CONCEL,   CAX4,   3,     1.4423,    0.6423,  1.511451e-04, -7.984077e-05,  1.597015e-04, -1.537127e-05,  5.703675e+00, -7.097101e-02,  5.917585e+00, -1.921409e-01,
    40, CONC,     CONCEL,   CAX4,   0,     1.5577,    0.9577,  1.938275e-04, -9.635330e-05,  2.066766e-04,  7.385173e-07,  7.380277e+00,  1.257575e-01,  7.701506e+00,  9.231466e-03,
    40, CONC,     CONCEL,   CAX4,   1,     1.5577,    0.8423,  1.775634e-04, -9.635330e-05,  1.888104e-04,  4.365290e-07,  6.689257e+00, -1.586615e-01,  6.970432e+00,  5.456613e-03,
    40, CONC,     CONCEL,   CAX4,   2,     1.4423,    0.9577,  1.938275e-04, -9.665529e-05,  2.077054e-04, -1.552555e-05,  7.386333e+00,  1.242639e-01,  7.733280e+00, -1.940694e-01,
    40, CONC,     CONCEL,   CAX4,   3,     1.4423,    0.8423,  1.775634e-04, -9.665529e-05,  1.897109e-04, -1.582754e-05,  6.694244e+00, -1.612240e-01,  6.997930e+00, -1.978442e-01,
    41, CONC,     CONCEL,   CAX4,   0,     1.7577,    0.1577,  7.283484e-05, -3.351527e-05,  7.833482e-05,  1.284585e-05,  2.801324e+00,  1.425714e-01,  2.938824e+00,  1.605731e-01,
    41, CONC,     CONCEL,   CAX4,   1,     1.7577,    0.0423,  5.540980e-05, -3.351527e-05,  5.979762e-05,  1.248198e-05,  2.066013e+00, -1.571139e-01,  2.175709e+00,  1.560247e-01,
    41, CONC,     CONCEL,   CAX4,   2,     1.6423,    0.1577,  7.283484e-05, -3.387914e-05,  7.872153e-05, -4.579192e-06,  2.801515e+00,  1.336650e-01,  2.948682e+00, -5.723991e-02,
    41, CONC,     CONCEL,   CAX4,   3,     1.6423,    0.0423,  5.540980e-05, -3.387914e-05,  6.010614e-05, -4.943063e-06,  2.065552e+00, -1.666720e-01,  2.182960e+00, -6.178828e-02,
    42, CONC,     CONCEL,   CAX4,   0,     1.7577,    0.3577,  1.049908e-04, -5.135328e-05,  1.111858e-04,  2.069144e-05,  3.998298e+00,  8.969571e-02,  4.153173e+00,  2.586431e-01,
    42, CONC,     CONCEL,   CAX4,   1,     1.7577,    0.2423,  8.612003e-05, -5.135328e-05,  9.210424e-05,  2.111175e-05,  3.210259e+00, -2.265738e-01,  3.359864e+00,  2.638968e-01,
    42, CONC,     CONCEL,   CAX4,   2,     1.6423,    0.3577,  1.049908e-04, -5.093298e-05,  1.116214e-04,  1.820666e-06,  4.005430e+00,  1.073356e-01,  4.171194e+00,  2.275833e-02,
    42, CONC,     CONCEL,   CAX4,   3,     1.6423,    0.2423,  8.612003e-05, -5.093298e-05,  9.252500e-05,  2.240969e-06,  3.217268e+00, -2.090573e-01,  3.377392e+00,  2.801212e-02,
    43, CONC,     CONCEL,   CAX4,   0,     1.7577,    0.5577,  1.383359e-04, -7.443792e-05,  1.448590e-04,  1.575881e-05,  5.198039e+00, -1.213069e-01,  5.361115e+00,  1.969851e-01,
    43, CONC,     CONCEL,   CAX4,   1,     1.7577,    0.4423,  1.189820e-04, -7.443792e-05,  1.253214e-04,  2.433875e-05,  4.390096e+00, -4.454025e-01,  4.548580e+00,  3.042343e-01,
    43, CONC,     CONCEL,   CAX4,   2,     1.6423,    0.5577,  1.383359e-04, -6.585798e-05,  1.453176e-04, -3.595094e-06,  5.273361e+00,  1.685132e-01,  5.447903e+00, -4.493867e-02,
    43, CONC,     CONCEL,   CAX4,   3,     1.6423,    0.4423,  1.189820e-04, -6.585798e-05,  1.257671e-04,  4.984847e-06,  4.465310e+00, -1.556900e-01,  4.634937e+00,  6.231059e-02,
    44, CONC,     CONCEL,   CAX4,   0,     1.7577,    0.7577,  1.630470e-04, -8.096997e-05,  1.746477e-04, -2.250316e-05,  6.215549e+00,  1.151234e-01,  6.505564e+00, -2.812894e-01,
    44, CONC,     CONCEL,   CAX4,   1,     1.7577,    0.6423,  1.501431e-04, -8.096997e-05,  1.580759e-04, -2.984220e-05,  5.647319e+00, -1.305075e-01,  5.845639e+00, -3.730275e-01,
    44, CONC,     CONCEL,   CAX4,   2,     1.6423,    0.7577,  1.630470e-04, -8.830901e-05,  1.754633e-04, -3.540709e-05,  6.161187e+00, -1.227142e-01,  6.471594e+00, -4.425886e-01,
    44, CONC,     CONCEL,   CAX4,   3,     1.6423,    0.6423,  1.501431e-04, -8.830901e-05,  1.586337e-04, -4.274613e-05,  5.590809e+00, -3.704941e-01,  5.803073e+00, -5.343266e-01,
    45, CONC,     CONCEL,   CAX4,   0,     1.7577,    0.9577,  1.881567e-04, -9.443700e-05,  2.047057e-04, -2.912138e-06,  7.190796e+00,  1.259537e-01,  7.604522e+00, -3.640172e-02,
    45, CONC,     CONCEL,   CAX4,   1,     1.7577,    0.8423,  1.732327e-04, -9.443700e-05,  1.871421e-04, -4.234053e-06,  6.546967e+00, -1.447764e-01,  6.894701e+00, -5.292566e-02,
    45, CONC,     CONCEL,   CAX4,   2,     1.6423,    0.9577,  1.881567e-04, -9.575891e-05,  2.058693e-04, -1.783609e-05,  7.189477e+00,  9.158638e-02,  7.632292e+00, -2.229511e-01,
    45, CONC,     CONCEL,   CAX4,   3,     1.6423,    0.8423,  1.732327e-04, -9.575891e-05,  1.881201e-04, -1.915800e-05,  6.544101e+00, -1.806903e-01,  6.916284e+00, -2.394750e-01,
    46, CONC,     CONCEL,   CAX4,   0,     1.9577,    0.1577,  6.971203e-05, -3.250752e-05,  7.752134e-05,  1.499364e-05,  2.698850e+00,  1.433609e-01,  2.894082e+00,  1.874204e-01,
    46, CONC,     CONCEL,   CAX4,   1,     1.9577,    0.0423,  5.213541e-05, -3.250752e-05,  5.908555e-05,  1.435341e-05,  1.959331e+00, -1.567426e-01,  2.133084e+00,  1.794176e-01,
    46, CONC,     CONCEL,   CAX4,   2,     1.8423,    0.1577,  6.971203e-05, -3.314775e-05,  7.801082e-05, -2.582985e-06,  2.697593e+00,  1.260988e-01,  2.905063e+00, -3.228731e-02,
    46, CONC,     CONCEL,   CAX4,   3,     1.8423,    0.0423,  5.213541e-05, -3.314775e-05,  5.952117e-05, -3.223214e-06,  1.957626e+00, -1.744533e-01,  2.142270e+00, -4.029018e-02,
    47, CONC,     CONCEL,   CAX4,   0,     1.9577,    0.3577,  1.027763e-04, -5.073007e-05,  1.103745e-04,  2.744143e-05,  3.922914e+00,  8.525439e-02,  4.112869e+00,  3.430178e-01,
    47, CONC,     CONCEL,   CAX4,   1,     1.9577,    0.2423,  8.328122e-05, -5.073007e-05,  9.126418e-05,  2.687258e-05,  3.113825e+00, -2.364573e-01,  3.313399e+00,  3.359073e-01,
    47, CONC,     CONCEL,   CAX4,   2,     1.8423,    0.3577,  1.027763e-04, -5.129891e-05,  1.108507e-04,  7.946346e-06,  3.922142e+00,  7.026164e-02,  4.124003e+00,  9.932932e-02,
    47, CONC,     CONCEL,   CAX4,   3,     1.8423,    0.2423,  8.328122e-05, -5.129891e-05,  9.176453e-05,  7.377503e-06,  3.113254e+00, -2.512491e-01,  3.325337e+00,  9.221878e-02,
    48, CONC,     CONCEL,   CAX4,   0,     1.9577,    0.5577,  1.388503e-04, -6.891675e-05,  1.442340e-04,  4.573725e-05,  5.255986e+00,  6.181060e-02,  5.390580e+00,  5.717156e-01,
    48, CONC,     CONCEL,   CAX4,   1,     1.9577,    0.4423,  1.176660e-04, -6.891675e-05,  1.245677e-04,  3.939649e-05,  4.385958e+00, -2.786109e-01,  4.558501e+00,  4.924561e-01,
    48, CONC,     CONCEL,   CAX4,   2,     1.8423,    0.5577,  1.388503e-04, -7.525752e-05,  1.445715e-04,  2.455295e-05,  5.205959e+00, -1.467362e-01,  5.348988e+00,  3.069119e-01,
    48, CONC,     CONCEL,   CAX4,   3,     1.8423,    0.4423,  1.176660e-04, -7.525752e-05,  1.250003e-04,  1.821219e-05,  4.336723e+00, -4.863648e-01,  4.520081e+00,  2.276524e-01,
    49, CONC,     CONCEL,   CAX4,   0,     1.9577,    0.7577,  1.591590e-04, -8.913437e-05,  1.731493e-04, -2.668371e-05,  6.005426e+00, -2.019094e-01,  6.355182e+00, -3.335464e-01,
    49, CONC,     CONCEL,   CAX4,   1,     1.9577,    0.6423,  1.499683e-04, -8.913437e-05,  1.572514e-04, -1.874047e-05,  5.566586e+00, -4.109813e-01,  5.748663e+00, -2.342559e-01,
    49, CONC,     CONCEL,   CAX4,   2,     1.8423,    0.7577,  1.591590e-04, -8.119112e-05,  1.740262e-04, -3.587444e-05,  6.078927e+00,  7.017268e-02,  6.450605e+00, -4.484305e-01,
    49, CONC,     CONCEL,   CAX4,   3,     1.8423,    0.6423,  1.499683e-04, -8.119112e-05,  1.577079e-04, -2.793120e-05,  5.636583e+00, -1.424024e-01,  5.830073e+00, -3.491400e-01,
    50, CONC,     CONCEL,   CAX4,   0,     1.9577,    0.9577,  1.800075e-04, -9.275026e-05,  2.023585e-04, -7.620221e-06,  6.913653e+00,  9.470861e-02,  7.472428e+00, -9.525276e-02,
    50, CONC,     CONCEL,   CAX4,   1,     1.9577,    0.8423,  1.672080e-04, -9.275026e-05,  1.852357e-04, -8.500796e-06,  6.344313e+00, -1.546441e-01,  6.795005e+00, -1.062600e-01,
    50, CONC,     CONCEL,   CAX4,   2,     1.8423,    0.9577,  1.800075e-04, -9.363083e-05,  2.037594e-04, -2.041973e-05,  6.917990e+00,  7.703044e-02,  7.511787e+00, -2.552466e-01,
    50, CONC,     CONCEL,   CAX4,   3,     1.8423,    0.8423,  1.672080e-04, -9.363083e-05,  1.863657e-04, -2.130030e-05,  6.346391e+00, -1.745804e-01,  6.825332e+00, -2.662538e-01,
    51, CONC,     CONCEL,   CAX4,   0,     2.1577,    0.1577,  6.505667e-05, -3.093599e-05,  7.645718e-05,  1.729114e-05,  2.547899e+00,  1.480823e-01,  2.832912e+00,  2.161392e-01,
    51, CONC,     CONCEL,   CAX4,   1,     2.1577,    0.0423,  4.746981e-05, -3.093599e-05,  5.810028e-05,  1.631225e-05,  1.808696e+00, -1.514491e-01,  2.074458e+00,  2.039031e-01,
    51, CONC,     CONCEL,   CAX4,   2,     2.0423,    0.1577,  6.505667e-05, -3.191488e-05,  7.710177e-05, -2.957238e-07,  2.545113e+00,  1.208243e-01,  2.846241e+00, -3.696548e-03,
    51, CONC,     CONCEL,   CAX4,   3,     2.0423,    0.0423,  4.746981e-05, -3.191488e-05,  5.870133e-05, -1.274611e-06,  1.805547e+00, -1.790699e-01,  2.086335e+00, -1.593264e-02,
    52, CONC,     CONCEL,   CAX4,   0,     2.1577,    0.3577,  9.928213e-05, -4.990221e-05,  1.094148e-04,  3.417181e-05,  3.805343e+00,  7.573417e-02,  4.058659e+00,  4.271476e-01,
    52, CONC,     CONCEL,   CAX4,   1,     2.1577,    0.2423,  7.893974e-05, -4.990221e-05,  9.020687e-05,  3.371819e-05,  2.967197e+00, -2.538518e-01,  3.248875e+00,  4.214774e-01,
    52, CONC,     CONCEL,   CAX4,   2,     2.0423,    0.3577,  9.928213e-05, -5.035582e-05,  1.099877e-04,  1.382942e-05,  3.806337e+00,  6.538782e-02,  4.073976e+00,  1.728677e-01,
    52, CONC,     CONCEL,   CAX4,   3,     2.0423,    0.2423,  7.893974e-05, -5.035582e-05,  9.084391e-05,  1.337580e-05,  2.968725e+00, -2.636637e-01,  3.266330e+00,  1.671975e-01,
    53, CONC,     CONCEL,   CAX4,   0,     2.1577,    0.5577,  1.382245e-04, -7.689765e-05,  1.436892e-04,  3.778864e-05,  5.164080e+00, -2.139738e-01,  5.300699e+00,  4.723580e-01,
    53, CONC,     CONCEL,   CAX4,   1,     2.1577,    0.4423,  1.151674e-04, -7.689765e-05,  1.237454e-04,  4.533006e-05,  4.229312e+00, -5.723151e-01,  4.443760e+00,  5.666258e-01,
    53, CONC,     CONCEL,   CAX4,   2,     2.0423,    0.5577,  1.382245e-04, -6.935623e-05,  1.439982e-04,  1.473158e-05,  5.229500e+00,  3.998173e-02,  5.373843e+00,  1.841448e-01,
    53, CONC,     CONCEL,   CAX4,   3,     2.0423,    0.4423,  1.151674e-04, -6.935623e-05,  1.242304e-04,  2.227301e-05,  4.296199e+00, -3.168927e-01,  4.522772e+00,  2.784126e-01,
    54, CONC,     CONCEL,   CAX4,   0,     2.1577,    0.7577,  1.533452e-04, -8.342514e-05,  1.714275e-04, -4.945150e-05,  5.844859e+00, -7.439881e-02,  6.296918e+00, -6.181437e-01,
    54, CONC,     CONCEL,   CAX4,   1,     2.1577,    0.6423,  1.484542e-04, -8.342514e-05,  1.564656e-04, -5.575933e-05,  5.557144e+00, -2.398393e-01,  5.757430e+00, -6.969916e-01,
    54, CONC,     CONCEL,   CAX4,   2,     2.0423,    0.7577,  1.533452e-04, -8.973297e-05,  1.724499e-04, -5.434248e-05,  5.800813e+00, -2.761400e-01,  6.278432e+00, -6.792810e-01,
    54, CONC,     CONCEL,   CAX4,   3,     2.0423,    0.6423,  1.484542e-04, -8.973297e-05,  1.569186e-04, -6.065031e-05,  5.508353e+00, -4.463256e-01,  5.719964e+00, -7.581289e-01,
    55, CONC,     CONCEL,   CAX4,   0,     2.1577,    0.9577,  1.680147e-04, -8.917950e-05,  1.994101e-04, -1.560720e-05,  6.519078e+00,  8.922316e-02,  7.303964e+00, -1.950900e-01,
    55, CONC,     CONCEL,   CAX4,   1,     2.1577,    0.8423,  1.585864e-04, -8.917950e-05,  1.829345e-04, -1.798523e-05,  6.067504e+00, -1.266431e-01,  6.676206e+00, -2.248153e-01,
    55, CONC,     CONCEL,   CAX4,   2,     2.0423,    0.9577,  1.680147e-04, -9.155753e-05,  2.011852e-04, -2.503551e-05,  6.514054e+00,  2.474828e-02,  7.343317e+00, -3.129438e-01,
    55, CONC,     CONCEL,   CAX4,   3,     2.0423,    0.8423,  1.585864e-04, -9.155753e-05,  1.843111e-04, -2.741353e-05,  6.059159e+00, -1.944385e-01,  6.702277e+00, -3.426691e-01,
    56, CONC,     CONCEL,   CAX4,   0,     2.3577,    0.1577,  5.855835e-05, -2.865382e-05,  7.505536e-05,  1.870211e-05,  2.338625e+00,  1.583204e-01,  2.751050e+00,  2.337764e-01,
    56, CONC,     CONCEL,   CAX4,   1,     2.3577,    0.0423,  4.164777e-05, -2.865382e-05,  5.680903e-05,  1.729374e-05,  1.622886e+00, -1.346540e-01,  2.001917e+00,  2.161717e-01,
    56, CONC,     CONCEL,   CAX4,   2,     2.2423,    0.1577,  5.855835e-05, -3.006219e-05,  7.590491e-05,  1.791527e-06,  2.333968e+00,  1.184541e-01,  2.767632e+00,  2.239409e-02,
    56, CONC,     CONCEL,   CAX4,   3,     2.2423,    0.0423,  4.164777e-05, -3.006219e-05,  5.758979e-05,  3.831505e-07,  1.617655e+00, -1.750935e-01,  2.016206e+00,  4.789381e-03,
    57, CONC,     CONCEL,   CAX4,   0,     2.3577,    0.3577,  9.250621e-05, -4.665553e-05,  1.081020e-04,  4.386742e-05,  3.595594e+00,  1.165502e-01,  3.985487e+00,  5.483428e-01,
    57, CONC,     CONCEL,   CAX4,   1,     2.3577,    0.2423,  7.218583e-05, -4.665553e-05,  8.879926e-05,  4.161224e-05,  2.757392e+00, -2.136420e-01,  3.172728e+00,  5.201530e-01,
    57, CONC,     CONCEL,   CAX4,   2,     2.2423,    0.3577,  9.250621e-05, -4.891072e-05,  1.089051e-04,  2.354705e-05,  3.583493e+00,  4.807022e-02,  3.993465e+00,  2.943381e-01,
    57, CONC,     CONCEL,   CAX4,   3,     2.2423,    0.2423,  7.218583e-05, -4.891072e-05,  8.965481e-05,  2.129187e-05,  2.745728e+00, -2.816853e-01,  3.182453e+00,  2.661483e-01,
    58, CONC,     CONCEL,   CAX4,   0,     2.3577,    0.5577,  1.371969e-04, -7.074888e-05,  1.431569e-04,  7.784298e-05,  5.176630e+00, -2.201390e-02,  5.325631e+00,  9.730372e-01,
    58, CONC,     CONCEL,   CAX4,   1,     2.3577,    0.4423,  1.099259e-04, -7.074888e-05,  1.226670e-04,  7.132105e-05,  4.096847e+00, -4.200215e-01,  4.415377e+00,  8.915131e-01,
    58, CONC,     CONCEL,   CAX4,   2,     2.2423,    0.5577,  1.371969e-04, -7.727081e-05,  1.434639e-04,  5.057195e-05,  5.124839e+00, -2.368539e-01,  5.281513e+00,  6.321494e-01,
    58, CONC,     CONCEL,   CAX4,   3,     2.2423,    0.4423,  1.099259e-04, -7.727081e-05,  1.233232e-04,  4.405002e-05,  4.047965e+00, -6.319515e-01,  4.382898e+00,  5.506253e-01,
    59, CONC,     CONCEL,   CAX4,   0,     2.3577,    0.7577,  1.439107e-04, -8.814318e-05,  1.692625e-04, -6.706335e-05,  5.473019e+00, -3.283291e-01,  6.106812e+00, -8.382918e-01,
    59, CONC,     CONCEL,   CAX4,   1,     2.3577,    0.6423,  1.463031e-04, -8.814318e-05,  1.556421e-04, -6.191932e-05,  5.439262e+00, -4.218954e-01,  5.672738e+00, -7.739915e-01,
    59, CONC,     CONCEL,   CAX4,   2,     2.2423,    0.7577,  1.439107e-04, -8.299915e-05,  1.705680e-04, -6.467097e-05,  5.526765e+00, -1.459822e-01,  6.193197e+00, -8.083871e-01,
    59, CONC,     CONCEL,   CAX4,   3,     2.2423,    0.6423,  1.463031e-04, -8.299915e-05,  1.561231e-04, -5.952695e-05,  5.486136e+00, -2.464202e-01,  5.731636e+00, -7.440868e-01,
    60, CONC,     CONCEL,   CAX4,   0,     2.3577,    0.9577,  1.512351e-04, -8.448563e-05,  1.956244e-04, -2.370689e-05,  5.967325e+00,  7.430736e-02,  7.077057e+00, -2.963361e-01,
    60, CONC,     CONCEL,   CAX4,   1,     2.3577,    0.8423,  1.452322e-04, -8.448563e-05,  1.799757e-04, -2.650585e-05,  5.636825e+00, -1.061217e-01,  6.505411e+00, -3.313231e-01,
    60, CONC,     CONCEL,   CAX4,   2,     2.2423,    0.9577,  1.512351e-04, -8.728460e-05,  1.979103e-04, -2.970970e-05,  5.963049e+00,  5.791615e-05,  7.129930e+00, -3.713713e-01,
    60, CONC,     CONCEL,   CAX4,   3,     2.2423,    0.8423,  1.452322e-04, -8.728460e-05,  1.817649e-04, -3.250867e-05,  5.628411e+00, -1.845106e-01,  6.541726e+00, -4.063583e-01,
    61, CONC,     CONCEL,   CAX4,   0,     2.5577,    0.1577,  5.032241e-05, -2.625360e-05,  7.325749e-05,  1.738413e-05,  2.069113e+00,  1.547126e-01,  2.642490e+00,  2.173016e-01,
    61, CONC,     CONCEL,   CAX4,   1,     2.5577,    0.0423,  3.571004e-05, -2.625360e-05,  5.525732e-05,  1.600442e-05,  1.432032e+00, -1.170585e-01,  1.920714e+00,  2.000552e-01,
    61, CONC,     CONCEL,   CAX4,   2,     2.4423,    0.1577,  5.032241e-05, -2.763331e-05,  7.434185e-05,  2.771758e-06,  2.066651e+00,  1.177586e-01,  2.667138e+00,  3.464698e-02,
    61, CONC,     CONCEL,   CAX4,   3,     2.4423,    0.0423,  3.571004e-05, -2.763331e-05,  5.618152e-05,  1.392047e-06,  1.428236e+00, -1.553473e-01,  1.940023e+00,  1.740059e-02,
    62, CONC,     CONCEL,   CAX4,   0,     2.5577,    0.3577,  8.053148e-05, -4.203037e-05,  1.061440e-04,  4.940579e-05,  3.218663e+00,  1.546163e-01,  3.858975e+00,  6.175723e-01,
    62, CONC,     CONCEL,   CAX4,   1,     2.5577,    0.2423,  6.233228e-05, -4.203037e-05,  8.689252e-05,  4.662421e-05,  2.451594e+00, -1.574725e-01,  3.065600e+00,  5.828026e-01,
    62, CONC,     CONCEL,   CAX4,   2,     2.4423,    0.3577,  8.053148e-05, -4.481195e-05,  1.073549e-04,  3.120658e-05,  3.205574e+00,  7.198839e-02,  3.876161e+00,  3.900823e-01,
    62, CONC,     CONCEL,   CAX4,   3,     2.4423,    0.2423,  6.233228e-05, -4.481195e-05,  8.805373e-05,  2.842501e-05,  2.438091e+00, -2.405150e-01,  3.081127e+00,  3.553126e-01,
    63, CONC,     CONCEL,   CAX4,   0,     2.5577,    0.5577,  1.270620e-04, -7.071028e-05,  1.420659e-04,  8.986897e-05,  4.830030e+00, -1.142769e-01,  5.205127e+00,  1.123362e+00,
    63, CONC,     CONCEL,   CAX4,   1,     2.5577,    0.4423,  9.787576e-05, -7.071028e-05,  1.209276e-04,  9.158826e-05,  3.681003e+00, -5.336476e-01,  4.257300e+00,  1.144853e+00,
    63, CONC,     CONCEL,   CAX4,   2,     2.4423,    0.5577,  1.270620e-04, -6.899099e-05,  1.427753e-04,  6.068274e-05,  4.850269e+00, -5.105576e-02,  5.243100e+00,  7.585343e-01,
    63, CONC,     CONCEL,   CAX4,   3,     2.4423,    0.4423,  9.787576e-05, -6.899099e-05,  1.220175e-04,  6.240203e-05,  3.704413e+00, -4.672555e-01,  4.307957e+00,  7.800254e-01,
    64, CONC,     CONCEL,   CAX4,   0,     2.5577,    0.7577,  1.279025e-04, -7.783347e-05,  1.662929e-04, -9.940353e-05,  5.000578e+00, -1.428207e-01,  5.960338e+00, -1.242544e+00,
    64, CONC,     CONCEL,   CAX4,   1,     2.5577,    0.6423,  1.351076e-04, -7.783347e-05,  1.542215e-04, -1.083291e-04,  5.140154e+00, -1.833731e-01,  5.618000e+00, -1.354114e+00,
    64, CONC,     CONCEL,   CAX4,   2,     2.4423,    0.7577,  1.279025e-04, -8.675904e-05,  1.681080e-04, -9.219839e-05,  4.941324e+00, -4.252140e-01,  5.946462e+00, -1.152480e+00,
    64, CONC,     CONCEL,   CAX4,   3,     2.4423,    0.6423,  1.351076e-04, -8.675904e-05,  1.551252e-04, -1.011240e-04,  5.073305e+00, -4.733613e-01,  5.573744e+00, -1.264049e+00,
    65, CONC,     CONCEL,   CAX4,   0,     2.5577,    0.9577,  1.300300e-04, -7.695854e-05,  1.908457e-04, -3.053808e-05,  5.283391e+00,  1.086789e-01,  6.803784e+00, -3.817260e-01,
    65, CONC,     CONCEL,   CAX4,   1,     2.5577,    0.8423,  1.265419e-04, -7.695854e-05,  1.761063e-04, -3.529831e-05,  5.044296e+00, -4.321590e-02,  6.283405e+00, -4.412289e-01,
    65, CONC,     CONCEL,   CAX4,   2,     2.4423,    0.9577,  1.300300e-04, -8.171877e-05,  1.937210e-04, -3.402612e-05,  5.267684e+00, -2.603431e-02,  6.859960e+00, -4.253265e-01,
    65, CONC,     CONCEL,   CAX4,   3,     2.4423,    0.8423,  1.265419e-04, -8.171877e-05,  1.784497e-04, -3.878635e-05,  5.024155e+00, -1.823621e-01,  6.321850e+00, -4.848294e-01,
    66, CONC,     CONCEL,   CAX4,   0,     2.7577,    0.1577,  4.164746e-05, -2.429164e-05,  7.109797e-05,  1.468514e-05,  1.778302e+00,  1.298240e-01,  2.514564e+00,  1.835642e-01,
    66, CONC,     CONCEL,   CAX4,   1,     2.7577,    0.0423,  3.056035e-05, -2.429164e-05,  5.354514e-05,  1.361858e-05,  1.262458e+00, -1.088422e-01,  1.837077e+00,  1.702322e-01,
    66, CONC,     CONCEL,   CAX4,   2,     2.6423,    0.1577,  4.164746e-05, -2.535820e-05,  7.238500e-05,  3.598025e-06,  1.780139e+00,  1.049972e-01,  2.548577e+00,  4.497531e-02,
    66, CONC,     CONCEL,   CAX4,   3,     2.6423,    0.0423,  3.056035e-05, -2.535820e-05,  5.454960e-05,  2.531465e-06,  1.261940e+00, -1.360236e-01,  1.861671e+00,  3.164331e-02,
    67, CONC,     CONCEL,   CAX4,   0,     2.7577,    0.3577,  6.280827e-05, -3.758172e-05,  1.032728e-04,  4.949324e-05,  2.641034e+00,  1.312847e-01,  3.652646e+00,  6.186655e-01,
    67, CONC,     CONCEL,   CAX4,   1,     2.7577,    0.2423,  5.028827e-05, -3.758172e-05,  8.442245e-05,  4.698191e-05,  2.066615e+00, -1.301346e-01,  2.919970e+00,  5.872739e-01,
    67, CONC,     CONCEL,   CAX4,   2,     2.6423,    0.3577,  6.280827e-05, -4.009304e-05,  1.050411e-04,  3.697323e-05,  2.634843e+00,  6.231012e-02,  3.690664e+00,  4.621654e-01,
    67, CONC,     CONCEL,   CAX4,   3,     2.6423,    0.2423,  5.028827e-05, -4.009304e-05,  8.591415e-05,  3.446191e-05,  2.058118e+00, -2.014145e-01,  2.948765e+00,  4.307739e-01,
    68, CONC,     CONCEL,   CAX4,   0,     2.7577,    0.5577,  1.021212e-04, -5.521801e-05,  1.395512e-04,  1.299768e-04,  4.106817e+00,  1.733365e-01,  5.042567e+00,  1.624711e+00,
    68, CONC,     CONCEL,   CAX4,   1,     2.7577,    0.4423,  7.669686e-05, -5.521801e-05,  1.180445e-04,  1.181750e-04,  3.080116e+00, -2.177559e-01,  4.113806e+00,  1.477188e+00,
    68, CONC,     CONCEL,   CAX4,   2,     2.6423,    0.5577,  1.021212e-04, -6.701982e-05,  1.411869e-04,  1.045525e-04,  4.022099e+00, -2.064261e-01,  4.998743e+00,  1.306906e+00,
    68, CONC,     CONCEL,   CAX4,   3,     2.6423,    0.4423,  7.669686e-05, -6.701982e-05,  1.198514e-04,  9.275070e-05,  2.996825e+00, -5.960917e-01,  4.075689e+00,  1.159384e+00,
    69, CONC,     CONCEL,   CAX4,   0,     2.7577,    0.7577,  1.015042e-04, -6.921197e-05,  1.619988e-04, -1.191581e-04,  4.156697e+00, -1.112075e-01,  5.669061e+00, -1.489476e+00,
    69, CONC,     CONCEL,   CAX4,   1,     2.7577,    0.6423,  1.087683e-04, -6.921197e-05,  1.513287e-04, -1.230778e-04,  4.309917e+00, -1.395904e-01,  5.373927e+00, -1.538473e+00,
    69, CONC,     CONCEL,   CAX4,   2,     2.6423,    0.7577,  1.015042e-04, -7.313174e-05,  1.646425e-04, -1.118939e-04,  4.146062e+00, -2.198359e-01,  5.724519e+00, -1.398674e+00,
    69, CONC,     CONCEL,   CAX4,   3,     2.6423,    0.6423,  1.087683e-04, -7.313174e-05,  1.531887e-04, -1.158137e-04,  4.292751e+00, -2.547500e-01,  5.403260e+00, -1.447672e+00,
    70, CONC,     CONCEL,   CAX4,   0,     2.7577,    0.9577,  1.072096e-04, -6.953918e-05,  1.851298e-04, -3.074930e-05,  4.536908e+00,  1.181890e-01,  6.484914e+00, -3.843663e-01,
    70, CONC,     CONCEL,   CAX4,   1,     2.7577,    0.8423,  1.010865e-04, -6.953918e-05,  1.710558e-04, -3.490515e-05,  4.215523e+00, -5.012020e-02,  5.964753e+00, -4.363143e-01,
    70, CONC,     CONCEL,   CAX4,   2,     2.6423,    0.9577,  1.072096e-04, -7.369502e-05,  1.885350e-04, -3.687234e-05,  4.530652e+00,  8.037600e-03,  6.563789e+00, -4.609042e-01,
    70, CONC,     CONCEL,   CAX4,   3,     2.6423,    0.8423,  1.010865e-04, -7.369502e-05,  1.741135e-04, -4.102818e-05,  4.206372e+00, -1.631672e-01,  6.032046e+00, -5.128523e-01,
    71, CONC,     CONCEL,   CAX4,   0,     2.9577,    0.1577,  3.274090e-05, -2.242937e-05,  6.863157e-05,  1.359047e-05,  1.476382e+00,  9.712498e-02,  2.373648e+00,  1.698809e-01,
    71, CONC,     CONCEL,   CAX4,   1,     2.9577,    0.0423,  2.562526e-05, -2.242937e-05,  5.172774e-05,  1.251298e-05,  1.098329e+00, -1.030372e-01,  1.750890e+00,  1.564123e-01,
    71, CONC,     CONCEL,   CAX4,   2,     2.8423,    0.1577,  3.274090e-05, -2.350686e-05,  7.008966e-05,  6.474833e-06,  1.479554e+00,  7.335938e-02,  2.413272e+00,  8.093541e-02,
    71, CONC,     CONCEL,   CAX4,   3,     2.8423,    0.0423,  2.562526e-05, -2.350686e-05,  5.278818e-05,  5.397341e-06,  1.098186e+00, -1.301166e-01,  1.777259e+00,  6.746676e-02,
    72, CONC,     CONCEL,   CAX4,   0,     2.9577,    0.3577,  4.535073e-05, -3.473760e-05,  9.960557e-05,  4.770661e-05,  2.052257e+00,  5.004919e-02,  3.408628e+00,  5.963326e-01,
    72, CONC,     CONCEL,   CAX4,   1,     2.9577,    0.2423,  3.802633e-05, -3.473760e-05,  8.146039e-05,  4.629747e-05,  1.656901e+00, -1.621973e-01,  2.742753e+00,  5.787184e-01,
    72, CONC,     CONCEL,   CAX4,   2,     2.8423,    0.3577,  4.535073e-05, -3.614673e-05,  1.018097e-04,  4.038220e-05,  2.058883e+00,  2.144616e-02,  3.470358e+00,  5.047775e-01,
    72, CONC,     CONCEL,   CAX4,   3,     2.8423,    0.2423,  3.802633e-05, -3.614673e-05,  8.322495e-05,  3.897307e-05,  1.659863e+00, -1.944637e-01,  2.789828e+00,  4.871634e-01,
    73, CONC,     CONCEL,   CAX4,   0,     2.9577,    0.5577,  4.818938e-05, -4.464331e-05,  1.341440e-04,  1.127959e-04,  2.352152e+00,  3.133494e-02,  4.501019e+00,  1.409948e+00,
    73, CONC,     CONCEL,   CAX4,   1,     2.9577,    0.4423,  4.807391e-05, -4.464331e-05,  1.137221e-04,  1.082169e-04,  2.178120e+00, -1.398101e-01,  3.819325e+00,  1.352712e+00,
    73, CONC,     CONCEL,   CAX4,   2,     2.8423,    0.5577,  4.818938e-05, -4.922224e-05,  1.376360e-04,  1.126804e-04,  2.343094e+00, -9.219610e-02,  4.579261e+00,  1.408505e+00,
    73, CONC,     CONCEL,   CAX4,   3,     2.8423,    0.4423,  4.807391e-05, -4.922224e-05,  1.163891e-04,  1.081015e-04,  2.162188e+00, -2.702159e-01,  3.870069e+00,  1.351268e+00,
    74, CONC,     CONCEL,   CAX4,   0,     2.9577,    0.7577,  6.779440e-05, -5.045172e-05,  1.561105e-04, -1.195716e-04,  3.140303e+00,  1.841497e-01,  5.348204e+00, -1.494645e+00,
    74, CONC,     CONCEL,   CAX4,   1,     2.9577,    0.6423,  5.347347e-05, -5.045172e-05,  1.455020e-04, -1.322547e-04,  2.574534e+00, -2.359544e-02,  4.875247e+00, -1.653184e+00,
    74, CONC,     CONCEL,   CAX4,   2,     2.8423,    0.7577,  6.779440e-05, -6.313488e-05,  1.596984e-04, -1.338925e-04,  3.064509e+00, -2.087227e-01,  5.362109e+00, -1.673656e+00,
    74, CONC,     CONCEL,   CAX4,   3,     2.8423,    0.6423,  5.347347e-05, -6.313488e-05,  1.492407e-04, -1.465757e-04,  2.499998e+00, -4.152110e-01,  4.894179e+00, -1.832196e+00,
    75, CONC,     CONCEL,   CAX4,   0,     2.9577,    0.9577,  8.424586e-05, -6.226925e-05,  1.786363e-04, -3.133648e-05,  3.777921e+00,  1.150427e-01,  6.137681e+00, -3.917060e-01,
    75, CONC,     CONCEL,   CAX4,   1,     2.9577,    0.8423,  7.603984e-05, -6.226925e-05,  1.649888e-04, -3.554488e-05,  3.390657e+00, -6.707010e-02,  5.614380e+00, -4.443110e-01,
    75, CONC,     CONCEL,   CAX4,   2,     2.8423,    0.9577,  8.424586e-05, -6.647765e-05,  1.824710e-04, -3.954250e-05,  3.774806e+00,  6.718617e-03,  6.230435e+00, -4.942813e-01,
    75, CONC,     CONCEL,   CAX4,   3,     2.8423,    0.8423,  7.603984e-05, -6.647765e-05,  1.686024e-04, -4.375090e-05,  3.385701e+00, -1.772364e-01,  5.699765e+00, -5.468863e-01,
    76, CONC,     CONCEL,   CAX4,   0,     3.1577,    0.1577,  2.335279e-05, -1.986797e-05,  6.588942e-05,  1.540786e-05,  1.161939e+00,  8.141954e-02,  2.225354e+00,  1.925982e-01,
    76, CONC,     CONCEL,   CAX4,   1,     3.1577,    0.0423,  1.915243e-05, -1.986797e-05,  4.975117e-05,  1.382149e-05,  8.874410e-01, -8.806894e-02,  1.652409e+00,  1.727687e-01,
    76, CONC,     CONCEL,   CAX4,   2,     3.0423,    0.1577,  2.335279e-05, -2.145433e-05,  6.750391e-05,  1.120749e-05,  1.162173e+00,  4.199488e-02,  2.265951e+00,  1.400937e-01,
    76, CONC,     CONCEL,   CAX4,   3,     3.0423,    0.0423,  1.915243e-05, -2.145433e-05,  5.091255e-05,  9.621130e-06,  8.838995e-01, -1.312695e-01,  1.677903e+00,  1.202641e-01,
    77, CONC,     CONCEL,   CAX4,   0,     3.1577,    0.3577,  2.932182e-05, -3.007928e-05,  9.536858e-05,  5.069807e-05,  1.521471e+00,  3.644395e-02,  3.172640e+00,  6.337259e-01,
    77, CONC,     CONCEL,   CAX4,   1,     3.1577,    0.2423,  2.607767e-05, -3.007928e-05,  7.811257e-05,  4.766552e-05,  1.269533e+00, -1.343907e-01,  2.570406e+00,  5.958190e-01,
    77, CONC,     CONCEL,   CAX4,   2,     3.0423,    0.3577,  2.932182e-05, -3.311183e-05,  9.787540e-05,  4.745393e-05,  1.517090e+00, -4.375086e-02,  3.230930e+00,  5.931741e-01,
    77, CONC,     CONCEL,   CAX4,   3,     3.0423,    0.2423,  2.607767e-05, -3.311183e-05,  8.008757e-05,  4.442138e-05,  1.260720e+00, -2.190174e-01,  2.610968e+00,  5.552672e-01,
    78, CONC,     CONCEL,   CAX4,   0,     3.1577,    0.5577,  1.530150e-05, -3.412696e-05,  1.270572e-04,  9.668897e-05,  1.284468e+00,  4.875694e-02,  4.078360e+00,  1.208612e+00,
    78, CONC,     CONCEL,   CAX4,   1,     3.1577,    0.4423,  2.643435e-05, -3.412696e-05,  1.084832e-04,  9.021738e-05,  1.500781e+00, -1.325196e-02,  3.552003e+00,  1.127717e+00,
    78, CONC,     CONCEL,   CAX4,   2,     3.0423,    0.5577,  1.530150e-05, -4.059854e-05,  1.312989e-04,  1.078218e-04,  1.265886e+00, -1.316148e-01,  4.165821e+00,  1.347773e+00,
    78, CONC,     CONCEL,   CAX4,   3,     3.0423,    0.4423,  2.643435e-05, -4.059854e-05,  1.115974e-04,  1.013502e-04,  1.472803e+00, -2.030198e-01,  3.601880e+00,  1.266878e+00,
    79, CONC,     CONCEL,   CAX4,   0,     3.1577,    0.7577,  3.974164e-05, -4.310423e-05,  1.491155e-04, -1.006837e-04,  2.208149e+00,  1.370020e-01,  4.942496e+00, -1.258547e+00,
    79, CONC,     CONCEL,   CAX4,   1,     3.1577,    0.6423,  1.886718e-05, -4.310423e-05,  1.379445e-04, -1.026640e-04,  1.419242e+00, -1.300433e-01,  4.396176e+00, -1.283300e+00,
    79, CONC,     CONCEL,   CAX4,   2,     3.0423,    0.7577,  3.974164e-05, -4.508453e-05,  1.532668e-04, -1.215582e-04,  2.226241e+00,  1.055865e-01,  5.064371e+00, -1.519477e+00,
    79, CONC,     CONCEL,   CAX4,   3,     3.0423,    0.6423,  1.886718e-05, -4.508453e-05,  1.424642e-04, -1.235385e-04,  1.440403e+00, -1.583897e-01,  4.530328e+00, -1.544231e+00,
    80, CONC,     CONCEL,   CAX4,   0,     3.1577,    0.9577,  5.994626e-05, -5.411839e-05,  1.714441e-04, -3.369368e-05,  2.975923e+00,  1.243066e-01,  5.763369e+00, -4.211711e-01,
    80, CONC,     CONCEL,   CAX4,   1,     3.1577,    0.8423,  5.074875e-05, -5.411839e-05,  1.580917e-04, -3.853289e-05,  2.558069e+00, -6.360926e-02,  5.241643e+00, -4.816611e-01,
    80, CONC,     CONCEL,   CAX4,   2,     3.0423,    0.9577,  5.994626e-05, -5.895760e-05,  1.756760e-04, -4.289120e-05,  2.970862e+00, -1.734176e-03,  5.864107e+00, -5.361400e-01,
    80, CONC,     CONCEL,   CAX4,   3,     3.0423,    0.8423,  5.074875e-05, -5.895760e-05,  1.621659e-04, -4.773040e-05,  2.551694e+00, -1.909642e-01,  5.337124e+00, -5.966300e-01,
    81, CONC,     CONCEL,   CAX4,   0,     3.3577,    0.1577,  1.353499e-05, -1.651939e-05,  6.289457e-05,  1.819636e-05,  8.376262e-01,  8.626667e-02,  2.071616e+00,  2.274545e-01,
    81, CONC,     CONCEL,   CAX4,   1,     3.3577,    0.0423,  1.024180e-05, -1.651939e-05,  4.751000e-05,  1.617009e-05,  5.996483e-01, -6.938139e-02,  1.531353e+00,  2.021262e-01,
    81, CONC,     CONCEL,   CAX4,   2,     3.2423,    0.1577,  1.353499e-05, -1.854565e-05,  6.465246e-05,  1.490316e-05,  8.353898e-01,  3.337361e-02,  2.113326e+00,  1.862895e-01,
    81, CONC,     CONCEL,   CAX4,   3,     3.2423,    0.0423,  1.024180e-05, -1.854565e-05,  4.883727e-05,  1.287690e-05,  5.938233e-01, -1.258630e-01,  1.558710e+00,  1.609612e-01,
    82, CONC,     CONCEL,   CAX4,   0,     3.3577,    0.3577,  1.623910e-05, -2.505842e-05,  9.081999e-05,  5.006605e-05,  1.089316e+00,  5.687854e-02,  2.953839e+00,  6.258256e-01,
    82, CONC,     CONCEL,   CAX4,   1,     3.3577,    0.2423,  1.514197e-05, -2.505842e-05,  7.449944e-05,  4.720309e-05,  9.167407e-01, -8.826882e-02,  2.400678e+00,  5.900386e-01,
    82, CONC,     CONCEL,   CAX4,   2,     3.2423,    0.3577,  1.623910e-05, -2.792138e-05,  9.347612e-05,  4.896891e-05,  1.087593e+00, -1.641903e-02,  3.018518e+00,  6.121114e-01,
    82, CONC,     CONCEL,   CAX4,   3,     3.2423,    0.2423,  1.514197e-05, -2.792138e-05,  7.661340e-05,  4.610596e-05,  9.104991e-01, -1.660844e-01,  2.447285e+00,  5.763245e-01,
    83, CONC,     CONCEL,   CAX4,   0,     3.3577,    0.5577,  1.283848e-05, -3.216996e-05,  1.202848e-04,  7.617949e-05,  1.162240e+00,  3.702888e-02,  3.848399e+00,  9.522436e-01,
    83, CONC,     CONCEL,   CAX4,   1,     3.3577,    0.4423,  1.562188e-05, -3.216996e-05,  1.030882e-04,  7.648092e-05,  1.111714e+00, -8.308184e-02,  3.298371e+00,  9.560115e-01,
    83, CONC,     CONCEL,   CAX4,   2,     3.2423,    0.5577,  1.283848e-05, -3.186853e-05,  1.241114e-04,  7.896289e-05,  1.196640e+00,  7.896505e-02,  3.978464e+00,  9.870362e-01,
    83, CONC,     CONCEL,   CAX4,   3,     3.2423,    0.4423,  1.562188e-05, -3.186853e-05,  1.062032e-04,  7.926433e-05,  1.140185e+00, -4.707543e-02,  3.404717e+00,  9.908041e-01,
    84, CONC,     CONCEL,   CAX4,   0,     3.3577,    0.7577,  2.362810e-05, -3.865390e-05,  1.418438e-04, -9.532583e-05,  1.647519e+00,  9.046941e-02,  4.602913e+00, -1.191573e+00,
    84, CONC,     CONCEL,   CAX4,   1,     3.3577,    0.6423,  1.498374e-05, -3.865390e-05,  1.306694e-04, -9.805308e-05,  1.266254e+00, -7.468721e-02,  4.158395e+00, -1.225664e+00,
    84, CONC,     CONCEL,   CAX4,   2,     3.2423,    0.7577,  2.362810e-05, -4.138115e-05,  1.460540e-04, -1.039702e-04,  1.659877e+00,  3.464556e-02,  4.720523e+00, -1.299627e+00,
    84, CONC,     CONCEL,   CAX4,   3,     3.2423,    0.6423,  1.498374e-05, -4.138115e-05,  1.347894e-04, -1.066974e-04,  1.277860e+00, -1.312620e-01,  4.273002e+00, -1.333718e+00,
    85, CONC,     CONCEL,   CAX4,   0,     3.3577,    0.9577,  3.402706e-05, -4.571617e-05,  1.635853e-04, -3.688950e-05,  2.116478e+00,  1.228969e-01,  5.355432e+00, -4.611187e-01,
    85, CONC,     CONCEL,   CAX4,   1,     3.3577,    0.8423,  2.873075e-05, -4.571617e-05,  1.506636e-04, -4.174369e-05,  1.832253e+00, -2.891943e-02,  4.880575e+00, -5.217961e-01,
    85, CONC,     CONCEL,   CAX4,   2,     3.2423,    0.9577,  3.402706e-05, -5.057036e-05,  1.681993e-04, -4.218581e-05,  2.114477e+00, -4.587263e-04,  5.468784e+00, -5.273226e-01,
    85, CONC,     CONCEL,   CAX4,   3,     3.2423,    0.8423,  2.873075e-05, -5.057036e-05,  1.550061e-04, -4.704000e-05,  1.827990e+00, -1.545381e-01,  4.984874e+00, -5.880000e-01,
    86, CONC,     CONCEL,   CAX4,   0,     3.5577,    0.1577,  3.882096e-06, -1.234422e-05,  5.969182e-05,  1.940341e-05,  5.239665e-01,  1.183085e-01,  1.919210e+00,  2.425427e-01,
    86, CONC,     CONCEL,   CAX4,   1,     3.5577,    0.0423, -9.492636e-08, -1.234422e-05,  4.495666e-05,  1.688991e-05,  2.686061e-01, -3.762635e-02,  1.394896e+00,  2.111239e-01,
    86, CONC,     CONCEL,   CAX4,   2,     3.4423,    0.1577,  3.882096e-06, -1.485772e-05,  6.156395e-05,  1.542639e-05,  5.186217e-01,  5.012632e-02,  1.960668e+00,  1.928299e-01,
    86, CONC,     CONCEL,   CAX4,   3,     3.4423,    0.0423, -9.492636e-08, -1.485772e-05,  4.646790e-05,  1.291289e-05,  2.602540e-01, -1.088159e-01,  1.424325e+00,  1.614112e-01,
    87, CONC,     CONCEL,   CAX4,   0,     3.5577,    0.3577,  8.257652e-06, -1.992490e-05,  8.627352e-05,  4.830950e-05,  8.281602e-01,  1.235963e-01,  2.778557e+00,  6.038688e-01,
    87, CONC,     CONCEL,   CAX4,   1,     3.5577,    0.2423,  6.120162e-06, -1.992490e-05,  7.076264e-05,  4.531864e-05,  6.276532e-01, -2.347345e-02,  2.243715e+00,  5.664830e-01,
    87, CONC,     CONCEL,   CAX4,   2,     3.4423,    0.3577,  8.257652e-06, -2.291577e-05,  8.889055e-05,  4.617201e-05,  8.250449e-01,  4.570937e-02,  2.840867e+00,  5.771502e-01,
    87, CONC,     CONCEL,   CAX4,   3,     3.4423,    0.2423,  6.120162e-06, -2.291577e-05,  7.293106e-05,  4.318115e-05,  6.207995e-01, -1.050988e-01,  2.291072e+00,  5.397644e-01,
    88, CONC,     CONCEL,   CAX4,   0,     3.5577,    0.5577,  1.116511e-05, -2.876637e-05,  1.141705e-04,  7.618030e-05,  1.083871e+00,  8.558444e-02,  3.659006e+00,  9.522537e-01,
    88, CONC,     CONCEL,   CAX4,   1,     3.5577,    0.4423,  9.609442e-06, -2.876637e-05,  9.790462e-05,  7.360792e-05,  8.964668e-01, -6.292846e-02,  3.103846e+00,  9.200991e-01,
    88, CONC,     CONCEL,   CAX4,   2,     3.4423,    0.5577,  1.116511e-05, -3.133874e-05,  1.176258e-04,  7.462463e-05,  1.091229e+00,  2.863277e-02,  3.752746e+00,  9.328079e-01,
    88, CONC,     CONCEL,   CAX4,   3,     3.4423,    0.4423,  9.609442e-06, -3.133874e-05,  1.008665e-04,  7.205225e-05,  8.997124e-01, -1.239922e-01,  3.181138e+00,  9.006532e-01,
    89, CONC,     CONCEL,   CAX4,   0,     3.5577,    0.7577,  1.134005e-05, -3.441137e-05,  1.346535e-04, -9.309105e-05,  1.213352e+00,  6.956689e-02,  4.296188e+00, -1.163638e+00,
    89, CONC,     CONCEL,   CAX4,   1,     3.5577,    0.6423,  1.162883e-05, -3.441137e-05,  1.240173e-04, -9.546603e-05,  1.134344e+00, -1.666116e-02,  3.944056e+00, -1.193325e+00,
    89, CONC,     CONCEL,   CAX4,   2,     3.4423,    0.7577,  1.134005e-05, -3.678635e-05,  1.387900e-04, -9.280227e-05,  1.228032e+00,  2.487187e-02,  4.414280e+00, -1.160028e+00,
    89, CONC,     CONCEL,   CAX4,   3,     3.4423,    0.6423,  1.162883e-05, -3.678635e-05,  1.277874e-04, -9.517725e-05,  1.145969e+00, -6.441013e-02,  4.049933e+00, -1.189716e+00,
    90, CONC,     CONCEL,   CAX4,   0,     3.5577,    0.9577,  8.589651e-06, -3.857308e-05,  1.551743e-04, -3.952397e-05,  1.257998e+00,  7.893007e-02,  4.922614e+00, -4.940496e-01,
    90, CONC,     CONCEL,   CAX4,   1,     3.5577,    0.8423,  1.052571e-05, -3.857308e-05,  1.430019e-04, -4.345239e-05,  1.221097e+00, -6.372246e-03,  4.533003e+00, -5.431549e-01,
    90, CONC,     CONCEL,   CAX4,   2,     3.4423,    0.9577,  8.589651e-06, -4.250151e-05,  1.600914e-04, -3.758791e-05,  1.266238e+00, -1.104127e-02,  5.053782e+00, -4.698489e-01,
    90, CONC,     CONCEL,   CAX4,   3,     3.4423,    0.8423,  1.052571e-05, -4.250151e-05,  1.474458e-04, -4.151634e-05,  1.225393e+00, -1.002874e-01,  4.648396e+00, -5.189542e-01,
    91, CONC,     CONCEL,   CAX4,   0,     3.7577,    0.1577, -5.287721e-06, -8.152108e-06,  5.633652e-05,  1.354364e-05,  2.252794e-01,  1.536697e-01,  1.765885e+00,  1.692955e-01,
    91, CONC,     CONCEL,   CAX4,   1,     3.7577,    0.0423, -8.314520e-06, -8.152108e-06,  4.221383e-05,  1.114829e-05,  6.696988e-03,  1.075727e-02,  1.269906e+00,  1.393536e-01,
    91, CONC,     CONCEL,   CAX4,   2,     3.6423,    0.1577, -5.287721e-06, -1.054746e-05,  5.829018e-05,  1.051684e-05,  2.215986e-01,  9.010516e-02,  1.811046e+00,  1.314605e-01,
    91, CONC,     CONCEL,   CAX4,   3,     3.6423,    0.0423, -8.314520e-06, -1.054746e-05,  4.381572e-05,  8.121491e-06,  8.481652e-05, -5.573868e-02,  1.303341e+00,  1.015186e-01,
    92, CONC,     CONCEL,   CAX4,   0,     3.7577,    0.3577, -1.139906e-06, -9.632751e-06,  8.172677e-05,  4.575024e-05,  5.627866e-01,  3.504655e-01,  2.634453e+00,  5.718780e-01,
    92, CONC,     CONCEL,   CAX4,   1,     3.7577,    0.2423, -3.365289e-06, -9.632751e-06,  6.692398e-05,  3.901726e-05,  3.652506e-01,  2.085640e-01,  2.122482e+00,  4.877158e-01,
    92, CONC,     CONCEL,   CAX4,   2,     3.6423,    0.3577, -1.139906e-06, -1.636573e-05,  8.435388e-05,  4.352486e-05,  5.285710e-01,  1.479254e-01,  2.665916e+00,  5.440607e-01,
    92, CONC,     CONCEL,   CAX4,   3,     3.6423,    0.2423, -3.365289e-06, -1.636573e-05,  6.915235e-05,  3.679188e-05,  3.277121e-01,  2.701110e-03,  2.140653e+00,  4.598985e-01,
    93, CONC,     CONCEL,   CAX4,   0,     3.7577,    0.5577,  1.584779e-06, -1.631300e-05,  1.082860e-04,  8.164588e-05,  8.192680e-01,  3.718234e-01,  3.486800e+00,  1.020573e+00,
    93, CONC,     CONCEL,   CAX4,   1,     3.7577,    0.4423,  1.864609e-07, -1.631300e-05,  9.280970e-05,  7.321865e-05,  6.436878e-01,  2.312012e-01,  2.959269e+00,  9.152331e-01,
    93, CONC,     CONCEL,   CAX4,   2,     3.6423,    0.5577,  1.584779e-06, -2.474023e-05,  1.116688e-04,  8.024756e-05,  7.772305e-01,  1.191051e-01,  3.529330e+00,  1.003095e+00,
    93, CONC,     CONCEL,   CAX4,   3,     3.6423,    0.4423,  1.864609e-07, -2.474023e-05,  9.574612e-05,  7.182033e-05,  5.979311e-01, -2.523634e-02,  2.986922e+00,  8.977541e-01,
    94, CONC,     CONCEL,   CAX4,   0,     3.7577,    0.7577, -8.306157e-07, -2.527099e-05,  1.275794e-04, -8.596811e-05,  8.248830e-01,  2.138737e-01,  4.035134e+00, -1.074601e+00,
    94, CONC,     CONCEL,   CAX4,   1,     3.7577,    0.6423,  1.312254e-06, -2.527099e-05,  1.176026e-04, -9.202296e-05,  8.131716e-01,  1.485906e-01,  3.720429e+00, -1.150287e+00,
    94, CONC,     CONCEL,   CAX4,   2,     3.6423,    0.7577, -8.306157e-07, -3.132584e-05,  1.316504e-04, -8.382524e-05,  8.083506e-01,  4.596998e-02,  4.120375e+00, -1.047815e+00,
    94, CONC,     CONCEL,   CAX4,   3,     3.6423,    0.6423,  1.312254e-06, -3.132584e-05,  1.212893e-04, -8.988009e-05,  7.934372e-01, -2.251511e-02,  3.792863e+00, -1.123501e+00,
    95, CONC,     CONCEL,   CAX4,   0,     3.7577,    0.9577, -1.501414e-05, -2.800837e-05,  1.463817e-04, -3.836854e-05,  4.859733e-01,  1.611174e-01,  4.520870e+00, -4.796068e-01,
    95, CONC,     CONCEL,   CAX4,   1,     3.7577,    0.8423, -5.205260e-06, -2.800837e-05,  1.352908e-04, -4.504982e-05,  7.205113e-01,  1.504334e-01,  4.232912e+00, -5.631228e-01,
    95, CONC,     CONCEL,   CAX4,   2,     3.6423,    0.9577, -1.501414e-05, -3.468966e-05,  1.514984e-04, -2.855966e-05,  4.729351e-01, -1.895278e-02,  4.635749e+00, -3.569958e-01,
    95, CONC,     CONCEL,   CAX4,   3,     3.6423,    0.8423, -5.205260e-06, -3.468966e-05,  1.397449e-04, -3.524094e-05,  7.019516e-01, -3.515835e-02,  4.325705e+00, -4.405118e-01,
    96, CONC,     CONCEL,   CAX4,   0,     3.9577,    0.1577, -9.961074e-06, -9.253681e-06,  5.303614e-05, -6.192736e-07,  3.281806e-02,  5.050290e-02,  1.607749e+00, -7.740920e-03,
    96, CONC,     CONCEL,   CAX4,   1,     3.9577,    0.0423, -9.465299e-06, -9.253681e-06,  3.961456e-05,  8.289659e-07, -6.250260e-02, -5.721215e-02,  1.164494e+00,  1.036207e-02,
    96, CONC,     CONCEL,   CAX4,   2,     3.8423,    0.1577, -9.961074e-06, -7.805441e-06,  5.492937e-05, -1.234985e-07,  6.066364e-02,  1.145545e-01,  1.682925e+00, -1.543731e-03,
    96, CONC,     CONCEL,   CAX4,   3,     3.8423,    0.0423, -9.465299e-06, -7.805441e-06,  4.108954e-05,  1.324741e-06, -3.814246e-02,  3.353982e-03,  1.225729e+00,  1.655926e-02,
    97, CONC,     CONCEL,   CAX4,   0,     3.9577,    0.3577, -1.406731e-05, -7.228316e-06,  7.702397e-05,  1.738219e-05,  1.127202e-01,  2.836950e-01,  2.390002e+00,  2.172773e-01,
    97, CONC,     CONCEL,   CAX4,   1,     3.9577,    0.2423, -1.119418e-05, -7.228316e-06,  6.305996e-05,  1.742611e-05,  9.212445e-02,  1.912710e-01,  1.948478e+00,  2.178264e-01,
    97, CONC,     CONCEL,   CAX4,   2,     3.8423,    0.3577, -1.406731e-05, -7.184388e-06,  7.976150e-05,  2.025531e-05,  1.358990e-01,  3.079720e-01,  2.481619e+00,  2.531914e-01,
    97, CONC,     CONCEL,   CAX4,   3,     3.8423,    0.2423, -1.119418e-05, -7.184388e-06,  6.529149e-05,  2.029924e-05,  1.110866e-01,  2.113314e-01,  2.023228e+00,  2.537405e-01,
    98, CONC,     CONCEL,   CAX4,   0,     3.9577,    0.5577, -1.722196e-05,  2.027059e-05,  1.021445e-04,  7.430352e-05,  4.460601e-01,  1.383374e+00,  3.430221e+00,  9.287941e-01,
    98, CONC,     CONCEL,   CAX4,   1,     3.9577,    0.4423, -1.568245e-05,  2.027059e-05,  8.749663e-05,  4.978054e-05,  3.753120e-01,  1.274138e+00,  2.954789e+00,  6.222568e-01,
    98, CONC,     CONCEL,   CAX4,   2,     3.8423,    0.5577, -1.722196e-05, -4.252388e-06,  1.057317e-04,  7.584304e-05,  2.715959e-01,  5.958352e-01,  3.345438e+00,  9.480380e-01,
    98, CONC,     CONCEL,   CAX4,   3,     3.8423,    0.4423, -1.568245e-05, -4.252388e-06,  9.059743e-05,  5.132006e-05,  1.967938e-01,  4.825452e-01,  2.853791e+00,  6.415007e-01,
    99, CONC,     CONCEL,   CAX4,   0,     3.9577,    0.7577, -1.970141e-05,  1.565268e-05,  1.203383e-04, -5.809175e-05,  4.765440e-01,  1.360396e+00,  3.977536e+00, -7.261469e-01,
    99, CONC,     CONCEL,   CAX4,   1,     3.9577,    0.6423, -1.829884e-05,  1.565268e-05,  1.109444e-04, -8.642756e-05,  4.450139e-01,  1.293802e+00,  3.676094e+00, -1.080345e+00,
    99, CONC,     CONCEL,   CAX4,   2,     3.8423,    0.7577, -1.970141e-05, -1.268313e-05,  1.245468e-04, -5.668918e-05,  2.754835e-01,  4.509406e-01,  3.881689e+00, -7.086148e-01,
    99, CONC,     CONCEL,   CAX4,   3,     3.8423,    0.6423, -1.829884e-05, -1.268313e-05,  1.148284e-04, -8.502499e-05,  2.412496e-01,  3.816424e-01,  3.569432e+00, -1.062812e+00,
   100, CONC,     CONCEL,   CAX4,   0,     3.9577,    0.9577, -2.703968e-05, -2.168377e-05,  1.377465e-04, -1.529940e-05,  6.586670e-02,  1.997643e-01,  4.185521e+00, -1.912425e-01,
   100, CONC,     CONCEL,   CAX4,   1,     3.9577,    0.8423, -2.204351e-05, -2.168377e-05,  1.275199e-04, -1.813909e-05,  1.471836e-01,  1.561772e-01,  3.886268e+00, -2.267386e-01,
   100, CONC,     CONCEL,   CAX4,   2,     3.8423,    0.9577, -2.703968e-05, -2.452346e-05,  1.426987e-04, -1.030324e-05,  8.347142e-02,  1.463769e-01,  4.326932e+00, -1.287905e-01,
   100, CONC,     CONCEL,   CAX4,   3,     3.8423,    0.8423, -2.204351e-05, -2.452346e-05,  1.320146e-04, -1.314292e-05,  1.609760e-01,  9.897737e-02,  4.012429e+00, -1.642865e-01,
   101, STEELBAR,     STEELR,  TAX2I,   0,     0.0676,    0.6000,  1.807018e-05,  1.658956e-03,  3.614036e+01,  0.000000e+00,  9.049257e-05, -1.366758e-09,  4.156250e+00, -8.200550e+00,
   101, STEELBAR,     STEELR,  TAX2I,   1,     0.1157,    0.6000,  1.807018e-05,  9.767477e-04,  3.614036e+01,  0.000000e+00,  8.556456e-05,  2.980118e-09,  3.908055e+00,  1.788071e+01,
   102, STEELBAR,     STEELR,  TAX2I,   0,     0.1615,    0.6000,  4.599786e-05,  7.098409e-04,  9.199572e+01,  0.000000e+00,  8.166164e-05, -6.235821e-10,  3.712824e+00, -3.741493e+00,
   102, STEELBAR,     STEELR,  TAX2I,   1,     0.2385,    0.6000,  4.599786e-05,  4.955650e-04,  9.199572e+01,  0.000000e+00,  7.473190e-05, -1.554734e-09,  3.369286e+00, -9.328402e+00,
   103, STEELBAR,     STEELR,  TAX2I,   0,     0.2948,    0.6000,  7.032595e-05,  4.119643e-04,  1.406519e+02,  0.000000e+00,  6.946982e-05,  1.804542e-09,  3.111235e+00,  1.082725e+01,
   103, STEELBAR,     STEELR,  TAX2I,   1,     0.3718,    0.6000,  7.032595e-05,  3.412336e-04,  1.406519e+02,  0.000000e+00,  6.321808e-05, -1.347812e-09,  2.808021e+00, -8.086869e+00,
   104, STEELBAR,     STEELR,  TAX2I,   0,     0.4282,    0.6000,  8.884370e-05,  3.067974e-04,  1.776874e+02,  0.000000e+00,  5.922505e-05, -6.069949e-10,  2.616373e+00, -3.641969e+00,
   104, STEELBAR,     STEELR,  TAX2I,   1,     0.5052,    0.6000,  8.884370e-05,  2.735838e-04,  1.776874e+02,  0.000000e+00,  5.456766e-05,  4.569307e-09,  2.394920e+00,  2.741584e+01,
   105, STEELBAR,     STEELR,  TAX2I,   0,     0.5615,    0.6000,  1.035117e-04,  2.557793e-04,  2.070234e+02,  0.000000e+00,  5.157151e-05, -2.980739e-09,  2.253684e+00, -1.788443e+01,
   105, STEELBAR,     STEELR,  TAX2I,   1,     0.6385,    0.6000,  1.035117e-04,  2.374210e-04,  2.070234e+02,  0.000000e+00,  4.809068e-05, -3.301680e-09,  2.090849e+00, -1.981008e+01,
   106, STEELBAR,     STEELR,  TAX2I,   0,     0.6948,    0.6000,  1.156431e-04,  2.270526e-04,  2.312861e+02,  0.000000e+00,  4.591907e-05,  4.019119e-09,  1.989956e+00,  2.411471e+01,
   106, STEELBAR,     STEELR,  TAX2I,   1,     0.7718,    0.6000,  1.156431e-04,  2.159409e-04,  2.312861e+02,  0.000000e+00,  4.341952e-05, -1.141619e-09,  1.874504e+00, -6.849714e+00,
   107, STEELBAR,     STEELR,  TAX2I,   0,     0.8282,    0.6000,  1.262394e-04,  2.094766e-04,  2.524789e+02,  0.000000e+00,  4.192824e-05, -1.081896e-09,  1.805975e+00, -6.491379e+00,
   107, STEELBAR,     STEELR,  TAX2I,   1,     0.9052,    0.6000,  1.262394e-04,  2.023976e-04,  2.524789e+02,  0.000000e+00,  4.035353e-05,  4.242006e-09,  1.733900e+00,  2.545204e+01,
   108, STEELBAR,     STEELR,  TAX2I,   0,     0.9615,    0.6000,  1.361644e-04,  1.982249e-04,  2.723287e+02,  0.000000e+00,  3.948041e-05, -2.847278e-09,  1.694067e+00, -1.708367e+01,
   108, STEELBAR,     STEELR,  TAX2I,   1,     1.0385,    0.6000,  1.361644e-04,  1.936245e-04,  2.723287e+02,  0.000000e+00,  3.868496e-05, -3.097475e-09,  1.657857e+00, -1.858485e+01,
   109, STEELBAR,     STEELR,  TAX2I,   0,     1.0948,    0.6000,  1.461652e-04,  1.909244e-04,  2.923304e+02,  0.000000e+00,  3.839558e-05,  3.921661e-09,  1.644704e+00,  2.352996e+01,
   109, STEELBAR,     STEELR,  TAX2I,   1,     1.1718,    0.6000,  1.461652e-04,  1.879840e-04,  2.923304e+02,  0.000000e+00,  3.838523e-05, -1.093499e-09,  1.644234e+00, -6.560991e+00,
   110, STEELBAR,     STEELR,  TAX2I,   0,     1.2282,    0.6000,  1.570032e-04,  1.863139e-04,  3.140064e+02,  0.000000e+00,  3.870521e-05, -1.053053e-09,  1.658778e+00, -6.318317e+00,
   110, STEELBAR,     STEELR,  TAX2I,   1,     1.3052,    0.6000,  1.570032e-04,  1.845851e-04,  3.140064e+02,  0.000000e+00,  3.958977e-05,  4.072606e-09,  1.699051e+00,  2.443564e+01,
   111, STEELBAR,     STEELR,  TAX2I,   0,     1.3615,    0.6000,  1.695579e-04,  1.837033e-04,  3.391158e+02,  0.000000e+00,  4.059106e-05, -2.803923e-09,  1.744753e+00, -1.682354e+01,
   111, STEELBAR,     STEELR,  TAX2I,   1,     1.4385,    0.6000,  1.695579e-04,  1.829463e-04,  3.391158e+02,  0.000000e+00,  4.243635e-05, -2.986887e-09,  1.829294e+00, -1.792132e+01,
   112, STEELBAR,     STEELR,  TAX2I,   0,     1.4948,    0.6000,  1.848477e-04,  1.827298e-04,  3.696955e+02,  0.000000e+00,  4.421381e-05,  3.847763e-09,  1.911112e+00,  2.308658e+01,
   112, STEELBAR,     STEELR,  TAX2I,   1,     1.5718,    0.6000,  1.848477e-04,  1.828335e-04,  3.696955e+02,  0.000000e+00,  4.723037e-05, -1.026384e-09,  2.050814e+00, -6.158302e+00,
   113, STEELBAR,     STEELR,  TAX2I,   0,     1.6282,    0.6000,  2.041844e-04,  1.832378e-04,  4.083689e+02,  0.000000e+00,  4.999030e-05, -1.030820e-09,  2.179546e+00, -6.184920e+00,
   113, STEELBAR,     STEELR,  TAX2I,   1,     1.7052,    0.6000,  2.041844e-04,  1.841835e-04,  4.083689e+02,  0.000000e+00,  5.451399e-05,  3.831206e-09,  2.392381e+00,  2.298724e+01,
   114, STEELBAR,     STEELR,  TAX2I,   0,     1.7615,    0.6000,  2.293500e-04,  1.852259e-04,  4.587001e+02,  0.000000e+00,  5.853465e-05, -2.660158e-09,  2.583401e+00, -1.596095e+01,
   114, STEELBAR,     STEELR,  TAX2I,   1,     1.8385,    0.6000,  2.293500e-04,  1.870734e-04,  4.587001e+02,  0.000000e+00,  6.495000e-05, -2.836245e-09,  2.891642e+00, -1.701747e+01,
   115, STEELBAR,     STEELR,  TAX2I,   0,     1.8948,    0.6000,  2.627371e-04,  1.888272e-04,  5.254743e+02,  0.000000e+00,  7.055374e-05,  3.654010e-09,  3.164183e+00,  2.192406e+01,
   115, STEELBAR,     STEELR,  TAX2I,   1,     1.9718,    0.6000,  2.627371e-04,  1.917127e-04,  5.254743e+02,  0.000000e+00,  7.949365e-05, -8.588751e-10,  3.604911e+00, -5.153250e+00,
   116, STEELBAR,     STEELR,  TAX2I,   0,     2.0282,    0.6000,  3.077308e-04,  1.943112e-04,  6.154616e+02,  0.000000e+00,  8.730421e-05, -9.752110e-10,  3.995461e+00, -5.851266e+00,
   116, STEELBAR,     STEELR,  TAX2I,   1,     2.1052,    0.6000,  3.077308e-04,  1.984586e-04,  6.154616e+02,  0.000000e+00,  9.970314e-05,  3.219838e-09,  4.624804e+00,  1.931903e+01,
   117, STEELBAR,     STEELR,  TAX2I,   0,     2.1615,    0.6000,  3.692093e-04,  2.021089e-04,  7.384186e+02,  0.000000e+00,  1.105120e-04, -2.222649e-09,  5.181567e+00, -1.333590e+01,
   117, STEELBAR,     STEELR,  TAX2I,   1,     2.2385,    0.6000,  3.692093e-04,  2.078554e-04,  7.384186e+02,  0.000000e+00,  1.276238e-04, -2.407476e-09,  6.075383e+00, -1.444485e+01,
   118, STEELBAR,     STEELR,  TAX2I,   0,     2.2948,    0.6000,  4.540486e-04,  2.128593e-04,  9.080971e+02,  0.000000e+00,  1.425264e-04,  3.080836e-09,  6.862919e+00,  1.848502e+01,
   118, STEELBAR,     STEELR,  TAX2I,   1,     2.3718,    0.6000,  4.540486e-04,  2.206874e-04,  9.080971e+02,  0.000000e+00,  1.661493e-04, -6.193639e-10,  8.120554e+00, -3.716183e+00,
   119, STEELBAR,     STEELR,  TAX2I,   0,     2.4282,    0.6000,  5.718356e-04,  2.274701e-04,  1.143671e+03,  0.000000e+00,  1.870271e-04, -8.199361e-10,  9.232685e+00, -4.919617e+00,
   119, STEELBAR,     STEELR,  TAX2I,   1,     2.5052,    0.6000,  5.718356e-04,  2.380519e-04,  1.143671e+03,  0.000000e+00,  2.204434e-04,  2.332291e-09,  1.099136e+01,  1.399374e+01,
   120, STEELBAR,     STEELR,  TAX2I,   0,     2.5615,    0.6000,  7.348921e-04,  2.471888e-04,  1.469784e+03,  0.000000e+00,  2.495002e-04, -1.590408e-09,  1.247500e+01, -9.542450e+00,
   120, STEELBAR,     STEELR,  TAX2I,   1,     2.6385,    0.6000,  7.348921e-04,  2.614179e-04,  1.469784e+03,  0.000000e+00,  2.964816e-04, -1.747476e-09,  1.472159e+01, -1.048486e+01,
   121, STEELBAR,     STEELR,  TAX2I,   0,     2.6948,    0.6000,  9.537119e-04,  2.736069e-04,  1.907424e+03,  0.000000e+00,  3.377815e-04,  2.236085e-09,  1.647263e+01,  1.341651e+01,
   121, STEELBAR,     STEELR,  TAX2I,   1,     2.7718,    0.6000,  9.537119e-04,  2.924950e-04,  1.907424e+03,  0.000000e+00,  4.026206e-04, -4.357257e-10,  1.863051e+01, -2.614354e+00,
   122, STEELBAR,     STEELR,  TAX2I,   0,     2.8282,    0.6000,  1.219076e-03,  3.083140e-04,  2.438153e+03,  0.000000e+00,  4.593438e-04, -5.953565e-10,  1.974628e+01, -3.572139e+00,
   122, STEELBAR,     STEELR,  TAX2I,   1,     2.9052,    0.6000,  1.219076e-03,  3.324471e-04,  2.438153e+03,  0.000000e+00,  5.494755e-04,  1.640335e-09,  1.972564e+01,  9.842010e+00,
   123, STEELBAR,     STEELR,  TAX2I,   0,     2.9615,    0.6000,  1.471639e-03,  3.517214e-04,  2.943278e+03,  0.000000e+00,  6.225728e-04, -1.106256e-09,  1.849176e+01, -6.637536e+00,
   123, STEELBAR,     STEELR,  TAX2I,   1,     3.0385,    0.6000,  1.471639e-03,  3.800945e-04,  2.943278e+03,  0.000000e+00,  7.335711e-04, -1.275026e-09,  1.549216e+01, -7.650157e+00,
   124, STEELBAR,     STEELR,  TAX2I,   0,     3.0948,    0.6000,  1.641529e-03,  4.015169e-04,  3.283058e+03,  0.000000e+00,  8.206571e-04,  1.560973e-09,  1.293673e+01,  9.365841e+00,
   124, STEELBAR,     STEELR,  TAX2I,   1,     3.1718,    0.6000,  1.641529e-03,  4.316119e-04,  3.283058e+03,  0.000000e+00,  9.461578e-04, -9.290858e-11,  1.032290e+01, -5.574515e-01,
   125, STEELBAR,     STEELR,  TAX2I,   0,     3.2282,    0.6000,  1.745205e-03,  4.536380e-04,  3.490409e+03,  0.000000e+00,  1.040935e-03, -4.116217e-10,  1.000000e+01, -2.469730e+00,
   125, STEELBAR,     STEELR,  TAX2I,   1,     3.3052,    0.6000,  1.745205e-03,  4.837197e-04,  3.490409e+03,  0.000000e+00,  1.174371e-03,  3.715198e-10,  1.000000e+01,  2.229119e+00,
   126, STEELBAR,     STEELR,  TAX2I,   0,     3.3615,    0.6000,  1.840597e-03,  5.056672e-04,  3.681194e+03,  0.000000e+00,  1.274741e-03, -1.640539e-10,  1.000000e+01, -9.843232e-01,
   126, STEELBAR,     STEELR,  TAX2I,   1,     3.4385,    0.6000,  1.840597e-03,  5.355533e-04,  3.681194e+03,  0.000000e+00,  1.415524e-03, -3.477704e-10,  1.000000e+01, -2.086623e+00,
   127, STEELBAR,     STEELR,  TAX2I,   0,     3.4948,    0.6000,  1.935096e-03,  5.573586e-04,  3.870192e+03,  0.000000e+00,  1.521249e-03,  3.159186e-10,  1.000000e+01,  1.895512e+00,
   127, STEELBAR,     STEELR,  TAX2I,   1,     3.5718,    0.6000,  1.935096e-03,  5.870516e-04,  3.870192e+03,  0.000000e+00,  1.669309e-03,  2.502277e-10,  1.000000e+01,  1.501366e+00,
   128, STEELBAR,     STEELR,  TAX2I,   0,     3.6282,    0.6000,  2.028799e-03,  6.087173e-04,  4.057598e+03,  0.000000e+00,  1.780609e-03, -7.856144e-11,  1.000000e+01, -4.713687e-01,
   128, STEELBAR,     STEELR,  TAX2I,   1,     3.7052,    0.6000,  2.028799e-03,  6.382216e-04,  4.057598e+03,  0.000000e+00,  1.936624e-03, -9.111393e-10,  1.000000e+01, -5.466836e+00,
   129, STEELBAR,     STEELR,  TAX2I,   0,     3.7615,    0.6000,  2.121790e-03,  6.597512e-04,  4.243580e+03,  0.000000e+00,  2.053456e-03,  7.354838e-10,  1.000000e+01,  4.412903e+00,
   129, STEELBAR,     STEELR,  TAX2I,   1,     3.8385,    0.6000,  2.121790e-03,  6.890721e-04,  4.243580e+03,  0.000000e+00,  2.217395e-03,  6.667432e-10,  1.000000e+01,  4.000459e+00,
   130, STEELBAR,     STEELR,  TAX2I,   0,     3.8948,    0.6000,  2.214141e-03,  7.104697e-04,  4.428282e+03,  0.000000e+00,  2.340570e-03, -9.129705e-10,  1.000000e+01, -5.477823e+00,
   130, STEELBAR,     STEELR,  TAX2I,   1,     3.9718,    0.6000,  2.214141e-03,  7.396132e-04,  4.428282e+03,  0.000000e+00,  2.512383e-03,  2.398884e-10,  1.000000e+01,  1.439330e+00,
     0, STEELBAR,       BOND, BondAX2,   0,     0.0676,    0.6000,  9.049257e-05, -1.366758e-09,  4.156250e+00, -8.200550e+00,
     0, STEELBAR,       BOND, BondAX2,   0,     0.1157,    0.6000,  8.556456e-05,  2.980118e-09,  3.908055e+00,  1.788071e+01,
     0, STEELBAR,       BOND, BondAX2,   0,     0.1615,    0.6000,  8.166164e-05, -6.235821e-10,  3.712824e+00, -3.741493e+00,
     0, STEELBAR,       BOND, BondAX2,   0,     0.2385,    0.6000,  7.473190e-05, -1.554734e-09,  3.369286e+00, -9.328402e+00,
     0, STEELBAR,       BOND, BondAX2,   0,     0.2948,    0.6000,  6.946982e-05,  1.804542e-09,  3.111235e+00,  1.082725e+01,
     0, STEELBAR,       BOND, BondAX2,   0,     0.3718,    0.6000,  6.321808e-05, -1.347812e-09,  2.808021e+00, -8.086869e+00,
     0, STEELBAR,       BOND, BondAX2,   0,     0.4282,    0.6000,  5.922505e-05, -6.069949e-10,  2.616373e+00, -3.641969e+00,
     0, STEELBAR,       BOND, BondAX2,   0,     0.5052,    0.6000,  5.456766e-05,  4.569307e-09,  2.394920e+00,  2.741584e+01,
     0, STEELBAR,       BOND, BondAX2,   0,     0.5615,    0.6000,  5.157151e-05, -2.980739e-09,  2.253684e+00, -1.788443e+01,
     0, STEELBAR,       BOND, BondAX2,   0,     0.6385,    0.6000,  4.809068e-05, -3.301680e-09,  2.090849e+00, -1.981008e+01,
     0, STEELBAR,       BOND, BondAX2,   0,     0.6948,    0.6000,  4.591907e-05,  4.019119e-09,  1.989956e+00,  2.411471e+01,
     0, STEELBAR,       BOND, BondAX2,   0,     0.7718,    0.6000,  4.341952e-05, -1.141619e-09,  1.874504e+00, -6.849714e+00,
     0, STEELBAR,       BOND, BondAX2,   0,     0.8282,    0.6000,  4.192824e-05, -1.081896e-09,  1.805975e+00, -6.491379e+00,
     0, STEELBAR,       BOND, BondAX2,   0,     0.9052,    0.6000,  4.035353e-05,  4.242006e-09,  1.733900e+00,  2.545204e+01,
     0, STEELBAR,       BOND, BondAX2,   0,     0.9615,    0.6000,  3.948041e-05, -2.847278e-09,  1.694067e+00, -1.708367e+01,
     0, STEELBAR,       BOND, BondAX2,   0,     1.0385,    0.6000,  3.868496e-05, -3.097475e-09,  1.657857e+00, -1.858485e+01,
     0, STEELBAR,       BOND, BondAX2,   0,     1.0948,    0.6000,  3.839558e-05,  3.921661e-09,  1.644704e+00,  2.352996e+01,
     0, STEELBAR,       BOND, BondAX2,   0,     1.1718,    0.6000,  3.838523e-05, -1.093499e-09,  1.644234e+00, -6.560991e+00,
     0, STEELBAR,       BOND, BondAX2,   0,     1.2282,    0.6000,  3.870521e-05, -1.053053e-09,  1.658778e+00, -6.318317e+00,
     0, STEELBAR,       BOND, BondAX2,   0,     1.3052,    0.6000,  3.958977e-05,  4.072606e-09,  1.699051e+00,  2.443564e+01,
     0, STEELBAR,       BOND, BondAX2,   0,     1.3615,    0.6000,  4.059106e-05, -2.803923e-09,  1.744753e+00, -1.682354e+01,
     0, STEELBAR,       BOND, BondAX2,   0,     1.4385,    0.6000,  4.243635e-05, -2.986887e-09,  1.829294e+00, -1.792132e+01,
     0, STEELBAR,       BOND, BondAX2,   0,     1.4948,    0.6000,  4.421381e-05,  3.847763e-09,  1.911112e+00,  2.308658e+01,
     0, STEELBAR,       BOND, BondAX2,   0,     1.5718,    0.6000,  4.723037e-05, -1.026384e-09,  2.050814e+00, -6.158302e+00,
     0, STEELBAR,       BOND, BondAX2,   0,     1.6282,    0.6000,  4.999030e-05, -1.030820e-09,  2.179546e+00, -6.184920e+00,
     0, STEELBAR,       BOND, BondAX2,   0,     1.7052,    0.6000,  5.451399e-05,  3.831206e-09,  2.392381e+00,  2.298724e+01,
     0, STEELBAR,       BOND, BondAX2,   0,     1.7615,    0.6000,  5.853465e-05, -2.660158e-09,  2.583401e+00, -1.596095e+01,
     0, STEELBAR,       BOND, BondAX2,   0,     1.8385,    0.6000,  6.495000e-05, -2.836245e-09,  2.891642e+00, -1.701747e+01,
     0, STEELBAR,       BOND, BondAX2,   0,     1.8948,    0.6000,  7.055374e-05,  3.654010e-09,  3.164183e+00,  2.192406e+01,
     0, STEELBAR,       BOND, BondAX2,   0,     1.9718,    0.6000,  7.949365e-05, -8.588751e-10,  3.604911e+00, -5.153250e+00,
     0, STEELBAR,       BOND, BondAX2,   0,     2.0282,    0.6000,  8.730421e-05, -9.752110e-10,  3.995461e+00, -5.851266e+00,
     0, STEELBAR,       BOND, BondAX2,   0,     2.1052,    0.6000,  9.970314e-05,  3.219838e-09,  4.624804e+00,  1.931903e+01,
     0, STEELBAR,       BOND, BondAX2,   0,     2.1615,    0.6000,  1.105120e-04, -2.222649e-09,  5.181567e+00, -1.333590e+01,
     0, STEELBAR,       BOND, BondAX2,   0,     2.2385,    0.6000,  1.276238e-04, -2.407476e-09,  6.075383e+00, -1.444485e+01,
     0, STEELBAR,       BOND, BondAX2,   0,     2.2948,    0.6000,  1.425264e-04,  3.080836e-09,  6.862919e+00,  1.848502e+01,
     0, STEELBAR,       BOND, BondAX2,   0,     2.3718,    0.6000,  1.661493e-04, -6.193639e-10,  8.120554e+00, -3.716183e+00,
     0, STEELBAR,       BOND, BondAX2,   0,     2.4282,    0.6000,  1.870271e-04, -8.199361e-10,  9.232685e+00, -4.919617e+00,
     0, STEELBAR,       BOND, BondAX2,   0,     2.5052,    0.6000,  2.204434e-04,  2.332291e-09,  1.099136e+01,  1.399374e+01,
     0, STEELBAR,       BOND, BondAX2,   0,     2.5615,    0.6000,  2.495002e-04, -1.590408e-09,  1.247500e+01, -9.542450e+00,
     0, STEELBAR,       BOND, BondAX2,   0,     2.6385,    0.6000,  2.964816e-04, -1.747476e-09,  1.472159e+01, -1.048486e+01,
     0, STEELBAR,       BOND, BondAX2,   0,     2.6948,    0.6000,  3.377815e-04,  2.236085e-09,  1.647263e+01,  1.341651e+01,
     0, STEELBAR,       BOND, BondAX2,   0,     2.7718,    0.6000,  4.026206e-04, -4.357257e-10,  1.863051e+01, -2.614354e+00,
     0, STEELBAR,       BOND, BondAX2,   0,     2.8282,    0.6000,  4.593438e-04, -5.953565e-10,  1.974628e+01, -3.572139e+00,
     0, STEELBAR,       BOND, BondAX2,   0,     2.9052,    0.6000,  5.494755e-04,  1.640335e-09,  1.972564e+01,  9.842010e+00,
     0, STEELBAR,       BOND, BondAX2,   0,     2.9615,    0.6000,  6.225728e-04, -1.106256e-09,  1.849176e+01, -6.637536e+00,
     0, STEELBAR,       BOND, BondAX2,   0,     3.0385,    0.6000,  7.335711e-04, -1.275026e-09,  1.549216e+01, -7.650157e+00,
     0, STEELBAR,       BOND, BondAX2,   0,     3.0948,    0.6000,  8.206571e-04,  1.560973e-09,  1.293673e+01,  9.365841e+00,
     0, STEELBAR,       BOND, BondAX2,   0,     3.1718,    0.6000,  9.461578e-04, -9.290858e-11,  1.032290e+01, -5.574515e-01,
     0, STEELBAR,       BOND, BondAX2,   0,     3.2282,    0.6000,  1.040935e-03, -4.116217e-10,  1.000000e+01, -2.469730e+00,
     0, STEELBAR,       BOND, BondAX2,   0,     3.3052,    0.6000,  1.174371e-03,  3.715198e-10,  1.000000e+01,  2.229119e+00,
     0, STEELBAR,       BOND, BondAX2,   0,     3.3615,    0.6000,  1.274741e-03, -1.640539e-10,  1.000000e+01, -9.843232e-01,
     0, STEELBAR,       BOND, BondAX2,   0,     3.4385,    0.6000,  1.415524e-03, -3.477704e-10,  1.000000e+01, -2.086623e+00,
     0, STEELBAR,       BOND, BondAX2,   0,     3.4948,    0.6000,  1.521249e-03,  3.159186e-10,  1.000000e+01,  1.895512e+00,
     0, STEELBAR,       BOND, BondAX2,   0,     3.5718,    0.6000,  1.669309e-03,  2.502277e-10,  1.000000e+01,  1.501366e+00,
     0, STEELBAR,       BOND, BondAX2,   0,     3.6282,    0.6000,  1.780609e-03, -7.856144e-11,  1.000000e+01, -4.713687e-01,
     0, STEELBAR,       BOND, BondAX2,   0,     3.7052,    0.6000,  1.936624e-03, -9.111393e-10,  1.000000e+01, -5.466836e+00,
     0, STEELBAR,       BOND, BondAX2,   0,     3.7615,    0.6000,  2.053456e-03,  7.354838e-10,  1.000000e+01,  4.412903e+00,
     0, STEELBAR,       BOND, BondAX2,   0,     3.8385,    0.6000,  2.217395e-03,  6.667432e-10,  1.000000e+01,  4.000459e+00,
     0, STEELBAR,       BOND, BondAX2,   0,     3.8948,    0.6000,  2.340570e-03, -9.129705e-10,  1.000000e+01, -5.477823e+00,
     0, STEELBAR,       BOND, BondAX2,   0,     3.9718,    0.6000,  2.512383e-03,  2.398884e-10,  1.000000e+01,  1.439330e+00,
