    0.00006000  4.451993e+00  0       1
    0.00012000  9.022953e+00  0       2
    0.00018000  1.368056e+01  0       3
    0.00024000  1.839794e+01  0       4
    0.00030000  2.315166e+01  0       5
    0.00036000  2.792029e+01  0       6
    0.00042000  3.268337e+01  0       7
    0.00048000  3.742041e+01  0       8
    0.00054000  4.210999e+01  0       9
    0.00060000  4.672875e+01  0      10
    0.00066000  5.125005e+01  0      11
    0.00072000  5.564224e+01  0      12
    0.00078000  5.986595e+01  0      13
    0.00084000  6.387120e+01  0      14
    0.00090000  6.762935e+01  0      15
    0.00096000  7.110812e+01  0      16
    0.00102000  7.427119e+01  0      17
    0.00108000  7.709660e+01  0      18
    0.00114000  7.957293e+01  0      19
    0.00120000  8.170228e+01  0      20
    0.00126000  8.350042e+01  0      21
    0.00132000  8.503173e+01  0      22
    0.00138000  8.640599e+01  0      23
    0.00144000  8.776150e+01  0      24
    0.00150000  8.903111e+01  0      25
    0.00156000  9.026667e+01  0      26
    0.00162000  9.151695e+01  0      27
    0.00168000  9.274163e+01  0      28
    0.00174000  9.391215e+01  0      29
    0.00180000  9.502546e+01  0      30
    0.00186000  9.616151e+01  0      31
    0.00192000  9.726556e+01  0      32
    0.00198000  9.835840e+01  0      33
    0.00204000  9.937984e+01  0      34
    0.00210000  1.004057e+02  0      35
    0.00216000  1.014247e+02  0      36
    0.00222000  1.024336e+02  0      37
    0.00228000  1.033949e+02  0      38
    0.00234000  1.043165e+02  0      39
    0.00240000  1.052582e+02  0      40
    0.00246000  1.061748e+02  0      41
    0.00252000  1.070878e+02  0      42
    0.00258000  1.079441e+02  0      43
    0.00264000  1.087817e+02  0      44
    0.00270000  1.096346e+02  0      45
    0.00276000  1.104630e+02  0      46
    0.00282000  1.112842e+02  0      47
    0.00288000  1.120545e+02  0      48
    0.00294000  1.128195e+02  0      49
    0.00300000  1.135932e+02  0      50
