Time   0.5000
El      1    CAX4                                    CONC                                  CONCEL             ELASTIC      1      7      8      2
   0.1683   0.1577   5.8393e-05  -3.5033e-05   9.1493e-05   1.9660e-06   2.4169e+00   8.1288e-02   3.2444e+00   2.4575e-02
   0.1683   0.0423   4.4008e-05  -3.5033e-05   6.6284e-05   6.9331e-07   1.7274e+00  -2.4866e-01   2.2843e+00   8.6663e-03
   0.0817   0.1577   5.8393e-05  -3.5987e-05   1.2658e-04  -8.8225e-06   2.7014e+00   3.4186e-01   4.4060e+00  -1.1028e-01
   0.0817   0.0423   4.4008e-05  -3.5987e-05   8.9896e-05  -1.0095e-05   1.9162e+00  -8.3709e-02   3.0634e+00  -1.2619e-01
El      2    CAX4                                    CONC                                  CONCEL             ELASTIC      2      8      9      3
   0.1683   0.3577   8.7042e-05  -5.3352e-05   1.3444e-04   7.0492e-07   3.5771e+00   6.7278e-02   4.7620e+00   8.8115e-03
   0.1683   0.2423   6.9924e-05  -5.3352e-05   1.0975e-04   1.4081e-06   2.8008e+00  -2.8107e-01   3.7966e+00   1.7601e-02
   0.0817   0.3577   8.7042e-05  -5.2824e-05   1.8468e-04  -1.2134e-05   4.0002e+00   5.0353e-01   6.4411e+00  -1.5167e-01
   0.0817   0.2423   6.9924e-05  -5.2824e-05   1.5198e-04  -1.1431e-05   3.1571e+00   8.8357e-02   5.2084e+00  -1.4288e-01
El      3    CAX4                                    CONC                                  CONCEL             ELASTIC      3      9     10      4
   0.1683   0.5577   1.1475e-04  -8.0452e-05   1.8872e-04   5.5350e-06   4.7273e+00  -1.5279e-01   6.5766e+00   6.9188e-02
   0.1683   0.4423   9.9054e-05  -8.0452e-05   1.5560e-04   1.0819e-05   3.9280e+00  -5.5965e-01   5.3416e+00   1.3523e-01
   0.0817   0.5577   1.1475e-04  -7.6490e-05   2.6714e-04  -6.2382e-06   5.4138e+00   6.3274e-01   9.2234e+00  -7.7977e-02
   0.0817   0.4423   9.9054e-05  -7.6490e-05   2.1554e-04  -9.5468e-07   4.4605e+00   7.1924e-02   7.3726e+00  -1.1934e-02
El      4    CAX4                                    CONC                                  CONCEL             ELASTIC      4     10     11      5
   0.1683   0.7577   1.3504e-04  -9.4253e-05   2.1600e-04  -1.0309e-05   5.5161e+00  -2.1637e-01   7.5401e+00  -1.2886e-01
   0.1683   0.6423   1.2440e-04  -9.4253e-05   2.0491e-04  -2.3632e-05   5.0686e+00  -3.9757e-01   7.0815e+00  -2.9541e-01
   0.0817   0.7577   1.3504e-04  -1.0425e-04   3.0182e-04  -1.8296e-05   6.1480e+00   1.6570e-01   1.0317e+01  -2.2870e-01
   0.0817   0.6423   1.2440e-04  -1.0425e-04   2.9026e-04  -3.1620e-05   5.6966e+00  -1.9439e-02   9.8431e+00  -3.9525e-01
El      5    CAX4                                    CONC                                  CONCEL             ELASTIC      5     11     12      6
   0.1683   0.9577   1.5811e-04  -1.0478e-04   2.4614e-04   1.1895e-05   6.4484e+00  -1.2383e-01   8.6491e+00   1.4869e-01
   0.1683   0.8423   1.4408e-04  -1.0478e-04   2.2705e-04   7.7387e-06   5.8216e+00  -3.9982e-01   7.8959e+00   9.6734e-02
   0.0817   0.9577   1.5811e-04  -1.0789e-04   3.3945e-04   1.3717e-06   7.2000e+00   5.4986e-01   1.1734e+01   1.7146e-02
   0.0817   0.8423   1.4408e-04  -1.0789e-04   3.1501e-04  -2.7849e-06   6.5286e+00   2.2921e-01   1.0802e+01  -3.4811e-02
El      6    CAX4                                    CONC                                  CONCEL             ELASTIC      7     13     14      8
   0.3577   0.1577   7.7842e-05  -3.5322e-05   8.2541e-05   6.9299e-06   2.9882e+00   1.5914e-01   3.1057e+00   8.6624e-02
   0.3577   0.0423   5.9201e-05  -3.5322e-05   6.1187e-05   7.3970e-06   2.1889e+00  -1.7415e-01   2.2386e+00   9.2463e-02
   0.2423   0.1577   7.7842e-05  -3.4854e-05   8.4781e-05  -1.1711e-05   3.0108e+00   1.9338e-01   3.1843e+00  -1.4639e-01
   0.2423   0.0423   5.9201e-05  -3.4854e-05   6.2134e-05  -1.1244e-05   2.2007e+00  -1.5069e-01   2.2740e+00  -1.4055e-01
El      7    CAX4                                    CONC                                  CONCEL             ELASTIC      8     14     15      9
   0.3577   0.3577   1.1127e-04  -5.3554e-05   1.2002e-04   7.8769e-06   4.2630e+00   1.4233e-01   4.4818e+00   9.8461e-02
   0.3577   0.2423   9.1795e-05  -5.3554e-05   9.8306e-05   7.8838e-06   3.4328e+00  -2.0097e-01   3.5955e+00   9.8547e-02
   0.2423   0.3577   1.1127e-04  -5.3547e-05   1.2420e-04  -1.1601e-05   4.2978e+00   1.7732e-01   4.6209e+00  -1.4501e-01
   0.2423   0.2423   9.1795e-05  -5.3547e-05   1.0141e-04  -1.1594e-05   3.4587e+00  -1.7487e-01   3.6991e+00  -1.4493e-01
El      8    CAX4                                    CONC                                  CONCEL             ELASTIC      9     15     16     10
   0.3577   0.5577   1.4454e-04  -7.0559e-05   1.6269e-04   3.0660e-05   5.5856e+00   2.0822e-01   6.0393e+00   3.8325e-01
   0.3577   0.4423   1.2540e-04  -7.0559e-05   1.3727e-04   2.2356e-05   4.7361e+00  -1.6297e-01   5.0329e+00   2.7945e-01
   0.2423   0.5577   1.4454e-04  -7.8863e-05   1.7134e-04   1.1529e-05   5.5885e+00   3.4933e-03   6.2585e+00   1.4411e-01
   0.2423   0.4423   1.2540e-04  -7.8863e-05   1.4293e-04   3.2244e-06   4.7141e+00  -3.9264e-01   5.1522e+00   4.0305e-02
El      9    CAX4                                    CONC                                  CONCEL             ELASTIC     10     16     17     11
   0.3577   0.7577   1.7604e-04  -9.5142e-05   1.9121e-04  -5.9730e-06   6.6686e+00  -1.1096e-01   7.0478e+00  -7.4663e-02
   0.3577   0.6423   1.5810e-04  -9.5142e-05   1.7714e-04  -2.6452e-06   5.9534e+00  -3.7771e-01   6.4293e+00  -3.3065e-02
   0.2423   0.7577   1.7604e-04  -9.1814e-05   1.9844e-04  -2.3911e-05   6.7566e+00   6.0216e-02   7.3166e+00  -2.9888e-01
   0.2423   0.6423   1.5810e-04  -9.1814e-05   1.8621e-04  -2.0583e-05   6.0568e+00  -1.9118e-01   6.7594e+00  -2.5728e-01
El     10    CAX4                                    CONC                                  CONCEL             ELASTIC     11     17     18     12
   0.3577   0.9577   2.0600e-04  -1.0333e-04   2.2064e-04   4.5829e-06   7.8443e+00   1.1098e-01   8.2103e+00   5.7287e-02
   0.3577   0.8423   1.8888e-04  -1.0333e-04   2.0287e-04   4.3597e-06   7.1253e+00  -1.7986e-01   7.4751e+00   5.4496e-02
   0.2423   0.9577   2.0600e-04  -1.0355e-04   2.2762e-04  -1.2543e-05   7.9006e+00   1.6169e-01   8.4410e+00  -1.5679e-01
   0.2423   0.8423   1.8888e-04  -1.0355e-04   2.0954e-04  -1.2766e-05   7.1790e+00  -1.3173e-01   7.6955e+00  -1.5958e-01
El     11    CAX4                                    CONC                                  CONCEL             ELASTIC     13     19     20     14
   0.5577   0.1577   7.9624e-05  -3.5607e-05   8.1360e-05   8.4228e-06   3.0354e+00   1.5463e-01   3.0788e+00   1.0529e-01
   0.5577   0.0423   6.1128e-05  -3.5607e-05   6.1020e-05   8.5068e-06   2.2494e+00  -1.6901e-01   2.2467e+00   1.0633e-01
   0.4423   0.1577   7.9624e-05  -3.5523e-05   8.1813e-05  -1.0074e-05   3.0399e+00   1.6121e-01   3.0946e+00  -1.2592e-01
   0.4423   0.0423   6.1128e-05  -3.5523e-05   6.0992e-05  -9.9900e-06   2.2498e+00  -1.6645e-01   2.2464e+00  -1.2487e-01
El     12    CAX4                                    CONC                                  CONCEL             ELASTIC     14     20     21     15
   0.5577   0.3577   1.1302e-04  -5.3672e-05   1.1738e-04   1.1069e-05   4.2982e+00   1.3093e-01   4.4072e+00   1.3836e-01
   0.5577   0.2423   9.3529e-05  -5.3672e-05   9.6462e-05   1.1153e-05   3.4742e+00  -2.0581e-01   3.5475e+00   1.3942e-01
   0.4423   0.3577   1.1302e-04  -5.3588e-05   1.1852e-04  -8.4222e-06   4.3084e+00   1.4323e-01   4.4459e+00  -1.0528e-01
   0.4423   0.2423   9.3529e-05  -5.3588e-05   9.7228e-05  -8.3378e-06   3.4813e+00  -1.9662e-01   3.5738e+00  -1.0422e-01
El     13    CAX4                                    CONC                                  CONCEL             ELASTIC     15     21     22     16
   0.5577   0.5577   1.4318e-04  -7.6409e-05   1.5579e-04   9.8592e-06   5.4341e+00  -5.5573e-02   5.7495e+00   1.2324e-01
   0.5577   0.4423   1.2632e-04  -7.6409e-05   1.3328e-04   1.6367e-05   4.6847e+00  -3.8364e-01   4.8585e+00   2.0459e-01
   0.4423   0.5577   1.4318e-04  -6.9901e-05   1.5909e-04  -6.9939e-06   5.5158e+00   1.8882e-01   5.9135e+00  -8.7424e-02
   0.4423   0.4423   1.2632e-04  -6.9901e-05   1.3509e-04  -4.8575e-07   4.7540e+00  -1.5157e-01   4.9733e+00  -6.0718e-03
El     14    CAX4                                    CONC                                  CONCEL             ELASTIC     16     22     23     17
   0.5577   0.7577   1.7552e-04  -8.3211e-05   1.8562e-04  -1.1788e-05   6.7040e+00   2.3579e-01   6.9566e+00  -1.4735e-01
   0.5577   0.6423   1.5636e-04  -8.3211e-05   1.6982e-04  -2.1414e-05   5.9337e+00  -5.5567e-02   6.2702e+00  -2.6767e-01
   0.4423   0.7577   1.7552e-04  -9.2837e-05   1.8826e-04  -3.0947e-05   6.6458e+00  -6.3071e-02   6.9644e+00  -3.8684e-01
   0.4423   0.6423   1.5636e-04  -9.2837e-05   1.7333e-04  -4.0573e-05   5.8827e+00  -3.4713e-01   6.3071e+00  -5.0716e-01
El     15    CAX4                                    CONC                                  CONCEL             ELASTIC     17     23     24     18
   0.5577   0.9577   2.0838e-04  -1.0158e-04   2.1606e-04   4.2502e-06   7.8999e+00   1.5095e-01   8.0921e+00   5.3127e-02
   0.5577   0.8423   1.8946e-04  -1.0158e-04   1.9801e-04   3.0289e-06   7.1188e+00  -1.5714e-01   7.3327e+00   3.7861e-02
   0.4423   0.9577   2.0838e-04  -1.0280e-04   2.1807e-04  -1.4671e-05   7.9064e+00   1.2697e-01   8.1488e+00  -1.8339e-01
   0.4423   0.8423   1.8946e-04  -1.0280e-04   2.0025e-04  -1.5892e-05   7.1272e+00  -1.7923e-01   7.3970e+00  -1.9865e-01
El     16    CAX4                                    CONC                                  CONCEL             ELASTIC     19     25     26     20
   0.7577   0.1577   7.9488e-05  -3.5452e-05   8.0874e-05   9.5351e-06   3.0281e+00   1.5461e-01   3.0628e+00   1.1919e-01
   0.7577   0.0423   6.1318e-05  -3.5452e-05   6.1088e-05   9.3990e-06   2.2576e+00  -1.6169e-01   2.2518e+00   1.1749e-01
   0.6423   0.1577   7.9488e-05  -3.5588e-05   8.1123e-05  -8.6354e-06   3.0291e+00   1.5215e-01   3.0699e+00  -1.0794e-01
   0.6423   0.0423   6.1318e-05  -3.5588e-05   6.1047e-05  -8.7714e-06   2.2561e+00  -1.6657e-01   2.2493e+00  -1.0964e-01
El     17    CAX4                                    CONC                                  CONCEL             ELASTIC     20     26     27     21
   0.7577   0.3577   1.1080e-04  -5.2305e-05   1.1577e-04   1.3979e-05   4.2222e+00   1.4456e-01   4.3464e+00   1.7474e-01
   0.7577   0.2423   9.2747e-05  -5.2305e-05   9.5525e-05   1.2955e-05   3.4517e+00  -1.7457e-01   3.5212e+00   1.6194e-01
   0.6423   0.3577   1.1080e-04  -5.3328e-05   1.1666e-04  -4.0744e-06   4.2211e+00   1.1789e-01   4.3676e+00  -5.0930e-02
   0.6423   0.2423   9.2747e-05  -5.3328e-05   9.6024e-05  -5.0977e-06   3.4474e+00  -2.0452e-01   3.5293e+00  -6.3722e-02
El     18    CAX4                                    CONC                                  CONCEL             ELASTIC     21     27     28     22
   0.7577   0.5577   1.4162e-04  -6.5743e-05   1.5214e-04   3.3703e-05   5.4408e+00   2.5662e-01   5.7037e+00   4.2129e-01
   0.7577   0.4423   1.2390e-04  -6.5743e-05   1.3094e-04   2.4151e-05   4.6732e+00  -6.7802e-02   4.8492e+00   3.0189e-01
   0.6423   0.5577   1.4162e-04  -7.5295e-05   1.5403e-04   1.5976e-05   5.3769e+00  -4.6050e-02   5.6871e+00   1.9970e-01
   0.6423   0.4423   1.2390e-04  -7.5295e-05   1.3220e-04   6.4233e-06   4.6041e+00  -3.7567e-01   4.8118e+00   8.0291e-02
El     19    CAX4                                    CONC                                  CONCEL             ELASTIC     22     28     29     23
   0.7577   0.7577   1.7455e-04  -9.0123e-05   1.8275e-04  -2.5868e-06   6.5902e+00  -2.6589e-02   6.7953e+00  -3.2335e-02
   0.7577   0.6423   1.5520e-04  -9.0123e-05   1.6602e-04   5.0522e-06   5.8057e+00  -3.2727e-01   6.0764e+00   6.3153e-02
   0.6423   0.7577   1.7455e-04  -8.2484e-05   1.8423e-04  -2.1938e-05   6.6661e+00   2.4034e-01   6.9082e+00  -2.7423e-01
   0.6423   0.6423   1.5520e-04  -8.2484e-05   1.6797e-04  -1.4299e-05   5.8856e+00  -5.6409e-02   6.2049e+00  -1.7874e-01
El     20    CAX4                                    CONC                                  CONCEL             ELASTIC     23     29     30     24
   0.7577   0.9577   2.0675e-04  -1.0086e-04   2.1370e-04   4.3327e-06   7.8318e+00   1.4171e-01   8.0056e+00   5.4158e-02
   0.7577   0.8423   1.8836e-04  -1.0086e-04   1.9553e-04   4.1310e-06   7.0676e+00  -1.6290e-01   7.2467e+00   5.1637e-02
   0.6423   0.9577   2.0675e-04  -1.0106e-04   2.1494e-04  -1.4053e-05   7.8406e+00   1.4540e-01   8.0455e+00  -1.7566e-01
   0.6423   0.8423   1.8836e-04  -1.0106e-04   1.9682e-04  -1.4254e-05   7.0766e+00  -1.5889e-01   7.2880e+00  -1.7818e-01
El     21    CAX4                                    CONC                                  CONCEL             ELASTIC     25     31     32     26
   0.9577   0.1577   7.8620e-05  -3.5185e-05   8.0441e-05   9.9789e-06   2.9978e+00   1.5267e-01   3.0433e+00   1.2474e-01
   0.9577   0.0423   6.0843e-05  -3.5185e-05   6.1058e-05   9.8202e-06   2.2437e+00  -1.5701e-01   2.2491e+00   1.2275e-01
   0.8423   0.1577   7.8620e-05  -3.5344e-05   8.0691e-05  -7.7982e-06   2.9986e+00   1.4945e-01   3.0503e+00  -9.7478e-02
   0.8423   0.0423   6.0843e-05  -3.5344e-05   6.1087e-05  -7.9570e-06   2.2426e+00  -1.6205e-01   2.2487e+00  -9.9463e-02
El     22    CAX4                                    CONC                                  CONCEL             ELASTIC     26     32     33     27
   0.9577   0.3577   1.0995e-04  -5.2039e-05   1.1459e-04   1.3418e-05   4.1862e+00   1.3650e-01   4.3022e+00   1.6773e-01
   0.9577   0.2423   9.1778e-05  -5.2039e-05   9.4785e-05   1.3498e-05   3.4155e+00  -1.7995e-01   3.4907e+00   1.6872e-01
   0.8423   0.3577   1.0995e-04  -5.1960e-05   1.1523e-04  -4.7519e-06   4.1922e+00   1.4446e-01   4.3241e+00  -5.9399e-02
   0.8423   0.2423   9.1778e-05  -5.1960e-05   9.5197e-05  -4.6723e-06   3.4196e+00  -1.7386e-01   3.5051e+00  -5.8404e-02
El     23    CAX4                                    CONC                                  CONCEL             ELASTIC     27     33     34     28
   0.9577   0.5577   1.4034e-04  -7.3100e-05   1.4973e-04   7.6331e-06   5.3164e+00  -1.9431e-02   5.5513e+00   9.5414e-02
   0.9577   0.4423   1.2296e-04  -7.3100e-05   1.2931e-04   1.5579e-05   4.5671e+00  -3.3439e-01   4.7259e+00   1.9473e-01
   0.8423   0.5577   1.4034e-04  -6.5154e-05   1.5102e-04  -9.7433e-06   5.3934e+00   2.5615e-01   5.6605e+00  -1.2179e-01
   0.8423   0.4423   1.2296e-04  -6.5154e-05   1.3018e-04  -1.7980e-06   4.6405e+00  -6.2289e-02   4.8212e+00  -2.2475e-02
El     24    CAX4                                    CONC                                  CONCEL             ELASTIC     28     34     35     29
   0.9577   0.7577   1.7214e-04  -8.0587e-05   1.8064e-04  -9.9895e-06   6.5719e+00   2.5365e-01   6.7844e+00  -1.2487e-01
   0.9577   0.6423   1.5351e-04  -8.0587e-05   1.6349e-04  -1.9017e-05   5.8080e+00  -4.4572e-02   6.0572e+00  -2.3771e-01
   0.8423   0.7577   1.7214e-04  -8.9615e-05   1.8181e-04  -2.8618e-05   6.5064e+00  -3.7554e-02   6.7480e+00  -3.5773e-01
   0.8423   0.6423   1.5351e-04  -8.9615e-05   1.6485e-04  -3.7646e-05   5.7441e+00  -3.3410e-01   6.0276e+00  -4.7057e-01
El     25    CAX4                                    CONC                                  CONCEL             ELASTIC     29     35     36     30
   0.9577   0.9577   2.0426e-04  -9.9314e-05   2.1183e-04   3.7209e-06   7.7463e+00   1.5696e-01   7.9357e+00   4.6511e-02
   0.9577   0.8423   1.8574e-04  -9.9314e-05   1.9360e-04   2.6443e-06   6.9770e+00  -1.4932e-01   7.1735e+00   3.3054e-02
   0.8423   0.9577   2.0426e-04  -1.0039e-04   2.1287e-04  -1.4798e-05   7.7460e+00   1.2973e-01   7.9613e+00  -1.8497e-01
   0.8423   0.8423   1.8574e-04  -1.0039e-04   1.9468e-04  -1.5874e-05   6.9770e+00  -1.7623e-01   7.2004e+00  -1.9843e-01
El     26    CAX4                                    CONC                                  CONCEL             ELASTIC     31     37     38     32
   1.1577   0.1577   7.7704e-05  -3.4868e-05   8.0002e-05   1.0362e-05   2.9662e+00   1.5194e-01   3.0237e+00   1.2952e-01
   1.1577   0.0423   6.0036e-05  -3.4868e-05   6.0911e-05   1.0172e-05   2.2182e+00  -1.5438e-01   2.2401e+00   1.2715e-01
   1.0423   0.1577   7.7704e-05  -3.5058e-05   8.0257e-05  -7.3055e-06   2.9668e+00   1.4774e-01   3.0306e+00  -9.1319e-02
   1.0423   0.0423   6.0036e-05  -3.5058e-05   6.1008e-05  -7.4953e-06   2.2175e+00  -1.5990e-01   2.2417e+00  -9.3691e-02
El     27    CAX4                                    CONC                                  CONCEL             ELASTIC     32     38     39     33
   1.1577   0.3577   1.0848e-04  -5.1209e-05   1.1359e-04   1.5102e-05   4.1359e+00   1.4362e-01   4.2635e+00   1.8877e-01
   1.1577   0.2423   9.0684e-05  -5.1209e-05   9.4117e-05   1.4472e-05   3.3804e+00  -1.6695e-01   3.4662e+00   1.8091e-01
   1.0423   0.3577   1.0848e-04  -5.1838e-05   1.1415e-04  -2.6954e-06   4.1353e+00   1.2736e-01   4.2772e+00  -3.3692e-02
   1.0423   0.2423   9.0684e-05  -5.1838e-05   9.4497e-05  -3.3247e-06   3.3783e+00  -1.8476e-01   3.4736e+00  -4.1558e-02
El     28    CAX4                                    CONC                                  CONCEL             ELASTIC     33     39     40     34
   1.1577   0.5577   1.3968e-04  -6.4476e-05   1.4802e-04   3.2049e-05   5.3523e+00   2.4834e-01   5.5607e+00   4.0061e-01
   1.1577   0.4423   1.2161e-04  -6.4476e-05   1.2803e-04   2.3607e-05   4.5833e+00  -6.8844e-02   4.7438e+00   2.9509e-01
   1.0423   0.5577   1.3968e-04  -7.2918e-05   1.4894e-04   1.3976e-05   5.2897e+00  -2.5366e-02   5.5212e+00   1.7469e-01
   1.0423   0.4423   1.2161e-04  -7.2918e-05   1.2874e-04   5.5335e-06   4.5189e+00  -3.4432e-01   4.6972e+00   6.9169e-02
El     29    CAX4                                    CONC                                  CONCEL             ELASTIC     34     40     41     35
   1.1577   0.7577   1.7054e-04  -8.8184e-05   1.7896e-04  -2.7981e-06   6.4411e+00  -2.6975e-02   6.6515e+00  -3.4977e-02
   1.1577   0.6423   1.5279e-04  -8.8184e-05   1.6167e-04   5.1817e-06   5.7055e+00  -3.1895e-01   5.9273e+00   6.4772e-02
   1.0423   0.7577   1.7054e-04  -8.0204e-05   1.7989e-04  -2.0543e-05   6.5154e+00   2.4679e-01   6.7491e+00  -2.5679e-01
   1.0423   0.6423   1.5279e-04  -8.0204e-05   1.6265e-04  -1.2563e-05   5.7802e+00  -4.4765e-02   6.0265e+00  -1.5704e-01
El     30    CAX4                                    CONC                                  CONCEL             ELASTIC     35     41     42     36
   1.1577   0.9577   2.0133e-04  -9.8630e-05   2.1013e-04   3.5224e-06   7.6402e+00   1.4115e-01   7.8601e+00   4.4029e-02
   1.1577   0.8423   1.8355e-04  -9.8630e-05   1.9194e-04   3.3097e-06   6.8958e+00  -1.5860e-01   7.1057e+00   4.1372e-02
   1.0423   0.9577   2.0133e-04  -9.8843e-05   2.1110e-04  -1.4264e-05   7.6465e+00   1.4219e-01   7.8908e+00  -1.7830e-01
   1.0423   0.8423   1.8355e-04  -9.8843e-05   1.9287e-04  -1.4476e-05   6.9018e+00  -1.5794e-01   7.1349e+00  -1.8095e-01
El     31    CAX4                                    CONC                                  CONCEL             ELASTIC     37     43     44     38
   1.3577   0.1577   7.6491e-05  -3.4551e-05   7.9522e-05   1.0700e-05   2.9245e+00   1.4842e-01   3.0002e+00   1.3375e-01
   1.3577   0.0423   5.9003e-05  -3.4551e-05   6.0662e-05   1.0518e-05   2.1844e+00  -1.5448e-01   2.2258e+00   1.3148e-01
   1.2423   0.1577   7.6491e-05  -3.4732e-05   7.9804e-05  -6.7878e-06   2.9253e+00   1.4472e-01   3.0081e+00  -8.4848e-02
   1.2423   0.0423   5.9003e-05  -3.4732e-05   6.0816e-05  -6.9694e-06   2.1841e+00  -1.5925e-01   2.2295e+00  -8.7117e-02
El     32    CAX4                                    CONC                                  CONCEL             ELASTIC     38     44     45     39
   1.3577   0.3577   1.0768e-04  -5.1406e-05   1.1274e-04   1.5093e-05   4.1003e+00   1.2330e-01   4.2270e+00   1.8867e-01
   1.3577   0.2423   8.9533e-05  -5.1406e-05   9.3477e-05   1.5406e-05   3.3350e+00  -1.8844e-01   3.4336e+00   1.9258e-01
   1.2423   0.3577   1.0768e-04  -5.1093e-05   1.1321e-04  -3.0500e-06   4.1069e+00   1.3765e-01   4.2453e+00  -3.8125e-02
   1.2423   0.2423   8.9533e-05  -5.1093e-05   9.3844e-05  -2.7373e-06   3.3407e+00  -1.7496e-01   3.4485e+00  -3.4216e-02
El     33    CAX4                                    CONC                                  CONCEL             ELASTIC     39     45     46     40
   1.3577   0.5577   1.3892e-04  -7.2737e-05   1.4670e-04   8.7328e-06   5.2471e+00  -4.4366e-02   5.4416e+00   1.0916e-01
   1.3577   0.4423   1.2091e-04  -7.2737e-05   1.2700e-04   1.7042e-05   4.4825e+00  -3.5861e-01   4.6349e+00   2.1303e-01
   1.2423   0.5577   1.3892e-04  -6.4427e-05   1.4743e-04  -9.2778e-06   5.3223e+00   2.3864e-01   5.5350e+00  -1.1597e-01
   1.2423   0.4423   1.2091e-04  -6.4427e-05   1.2757e-04  -9.6843e-07   4.5565e+00  -7.6912e-02   4.7230e+00  -1.2105e-02
El     34    CAX4                                    CONC                                  CONCEL             ELASTIC     40     46     47     41
   1.3577   0.7577   1.6824e-04  -7.9864e-05   1.7745e-04  -1.2099e-05   6.4212e+00   2.1863e-01   6.6515e+00  -1.5124e-01
   1.3577   0.6423   1.5160e-04  -7.9864e-05   1.6022e-04  -2.0328e-05   5.7231e+00  -6.3607e-02   5.9385e+00  -2.5410e-01
   1.2423   0.7577   1.6824e-04  -8.8092e-05   1.7831e-04  -2.8738e-05   6.3598e+00  -4.8524e-02   6.6114e+00  -3.5922e-01
   1.2423   0.6423   1.5160e-04  -8.8092e-05   1.6102e-04  -3.6966e-05   5.6612e+00  -3.3122e-01   5.8966e+00  -4.6208e-01
El     35    CAX4                                    CONC                                  CONCEL             ELASTIC     41     47     48     42
   1.3577   0.9577   1.9797e-04  -9.7143e-05   2.0844e-04   2.1963e-06   7.5264e+00   1.4863e-01   7.7882e+00   2.7454e-02
   1.3577   0.8423   1.8066e-04  -9.7143e-05   1.9037e-04   1.1650e-06   6.7991e+00  -1.4615e-01   7.0417e+00   1.4563e-02
   1.2423   0.9577   1.9797e-04  -9.8175e-05   2.0941e-04  -1.5107e-05   7.5259e+00   1.2236e-01   7.8121e+00  -1.8884e-01
   1.2423   0.8423   1.8066e-04  -9.8175e-05   1.9127e-04  -1.6139e-05   6.7980e+00  -1.7301e-01   7.0632e+00  -2.0173e-01
El     36    CAX4                                    CONC                                  CONCEL             ELASTIC     43     49     50     44
   1.5577   0.1577   7.5000e-05  -3.4112e-05   7.8982e-05   1.1540e-05   2.8739e+00   1.4611e-01   2.9735e+00   1.4425e-01
   1.5577   0.0423   5.7559e-05  -3.4112e-05   6.0303e-05   1.1268e-05   2.1369e+00  -1.5489e-01   2.2055e+00   1.4085e-01
   1.4423   0.1577   7.5000e-05  -3.4385e-05   7.9301e-05  -5.9009e-06   2.8743e+00   1.3969e-01   2.9818e+00  -7.3761e-02
   1.4423   0.0423   5.7559e-05  -3.4385e-05   6.0522e-05  -6.1733e-06   2.1364e+00  -1.6214e-01   2.2105e+00  -7.7167e-02
El     37    CAX4                                    CONC                                  CONCEL             ELASTIC     44     50     51     45
   1.5577   0.3577   1.0625e-04  -5.0936e-05   1.1195e-04   1.8258e-05   4.0500e+00   1.2043e-01   4.1925e+00   2.2822e-01
   1.5577   0.2423   8.8046e-05  -5.0936e-05   9.2820e-05   1.7830e-05   3.2839e+00  -1.9064e-01   3.4033e+00   2.2287e-01
   1.4423   0.3577   1.0625e-04  -5.1363e-05   1.1240e-04   5.6063e-08   4.0502e+00   1.0997e-01   4.2041e+00   7.0079e-04
   1.4423   0.2423   8.8046e-05  -5.1363e-05   9.3203e-05  -3.7171e-07   3.2835e+00  -2.0171e-01   3.4124e+00  -4.6464e-03
El     38    CAX4                                    CONC                                  CONCEL             ELASTIC     45     51     52     46
   1.5577   0.5577   1.3874e-04  -6.5478e-05   1.4569e-04   3.4738e-05   5.2931e+00   1.8763e-01   5.4667e+00   4.3422e-01
   1.5577   0.4423   1.1983e-04  -6.5478e-05   1.2611e-04   2.7197e-05   4.4997e+00  -1.3306e-01   4.6567e+00   3.3996e-01
   1.4423   0.5577   1.3874e-04  -7.3018e-05   1.4624e-04   1.5828e-05   5.2349e+00  -5.9091e-02   5.4224e+00   1.9785e-01
   1.4423   0.4423   1.1983e-04  -7.3018e-05   1.2662e-04   8.2877e-06   4.4410e+00  -3.8022e-01   4.6106e+00   1.0360e-01
El     39    CAX4                                    CONC                                  CONCEL             ELASTIC     46     52     53     47
   1.5577   0.7577   1.6613e-04  -8.8006e-05   1.7605e-04  -8.5553e-06   6.2713e+00  -8.2046e-02   6.5195e+00  -1.0694e-01
   1.5577   0.6423   1.5115e-04  -8.8006e-05   1.5907e-04  -3.8966e-07   5.6303e+00  -3.4845e-01   5.8284e+00  -4.8707e-03
   1.4423   0.7577   1.6613e-04  -7.9841e-05   1.7685e-04  -2.3537e-05   6.3460e+00   1.9677e-01   6.6140e+00  -2.9421e-01
   1.4423   0.6423   1.5115e-04  -7.9841e-05   1.5970e-04  -1.5371e-05   5.7037e+00  -7.0971e-02   5.9176e+00  -1.9214e-01
El     40    CAX4                                    CONC                                  CONCEL             ELASTIC     47     53     54     48
   1.5577   0.9577   1.9383e-04  -9.6353e-05   2.0668e-04   7.3852e-07   7.3803e+00   1.2576e-01   7.7015e+00   9.2315e-03
   1.5577   0.8423   1.7756e-04  -9.6353e-05   1.8881e-04   4.3653e-07   6.6893e+00  -1.5866e-01   6.9704e+00   5.4566e-03
   1.4423   0.9577   1.9383e-04  -9.6655e-05   2.0771e-04  -1.5526e-05   7.3863e+00   1.2426e-01   7.7333e+00  -1.9407e-01
   1.4423   0.8423   1.7756e-04  -9.6655e-05   1.8971e-04  -1.5828e-05   6.6942e+00  -1.6122e-01   6.9979e+00  -1.9784e-01
El     41    CAX4                                    CONC                                  CONCEL             ELASTIC     49     55     56     50
   1.7577   0.1577   7.2835e-05  -3.3515e-05   7.8335e-05   1.2846e-05   2.8013e+00   1.4257e-01   2.9388e+00   1.6057e-01
   1.7577   0.0423   5.5410e-05  -3.3515e-05   5.9798e-05   1.2482e-05   2.0660e+00  -1.5711e-01   2.1757e+00   1.5602e-01
   1.6423   0.1577   7.2835e-05  -3.3879e-05   7.8722e-05  -4.5792e-06   2.8015e+00   1.3366e-01   2.9487e+00  -5.7240e-02
   1.6423   0.0423   5.5410e-05  -3.3879e-05   6.0106e-05  -4.9431e-06   2.0656e+00  -1.6667e-01   2.1830e+00  -6.1788e-02
El     42    CAX4                                    CONC                                  CONCEL             ELASTIC     50     56     57     51
   1.7577   0.3577   1.0499e-04  -5.1353e-05   1.1119e-04   2.0691e-05   3.9983e+00   8.9696e-02   4.1532e+00   2.5864e-01
   1.7577   0.2423   8.6120e-05  -5.1353e-05   9.2104e-05   2.1112e-05   3.2103e+00  -2.2657e-01   3.3599e+00   2.6390e-01
   1.6423   0.3577   1.0499e-04  -5.0933e-05   1.1162e-04   1.8207e-06   4.0054e+00   1.0734e-01   4.1712e+00   2.2758e-02
   1.6423   0.2423   8.6120e-05  -5.0933e-05   9.2525e-05   2.2410e-06   3.2173e+00  -2.0906e-01   3.3774e+00   2.8012e-02
El     43    CAX4                                    CONC                                  CONCEL             ELASTIC     51     57     58     52
   1.7577   0.5577   1.3834e-04  -7.4438e-05   1.4486e-04   1.5759e-05   5.1980e+00  -1.2131e-01   5.3611e+00   1.9699e-01
   1.7577   0.4423   1.1898e-04  -7.4438e-05   1.2532e-04   2.4339e-05   4.3901e+00  -4.4540e-01   4.5486e+00   3.0423e-01
   1.6423   0.5577   1.3834e-04  -6.5858e-05   1.4532e-04  -3.5951e-06   5.2734e+00   1.6851e-01   5.4479e+00  -4.4939e-02
   1.6423   0.4423   1.1898e-04  -6.5858e-05   1.2577e-04   4.9848e-06   4.4653e+00  -1.5569e-01   4.6349e+00   6.2311e-02
El     44    CAX4                                    CONC                                  CONCEL             ELASTIC     52     58     59     53
   1.7577   0.7577   1.6305e-04  -8.0970e-05   1.7465e-04  -2.2503e-05   6.2155e+00   1.1512e-01   6.5056e+00  -2.8129e-01
   1.7577   0.6423   1.5014e-04  -8.0970e-05   1.5808e-04  -2.9842e-05   5.6473e+00  -1.3051e-01   5.8456e+00  -3.7303e-01
   1.6423   0.7577   1.6305e-04  -8.8309e-05   1.7546e-04  -3.5407e-05   6.1612e+00  -1.2271e-01   6.4716e+00  -4.4259e-01
   1.6423   0.6423   1.5014e-04  -8.8309e-05   1.5863e-04  -4.2746e-05   5.5908e+00  -3.7049e-01   5.8031e+00  -5.3433e-01
El     45    CAX4                                    CONC                                  CONCEL             ELASTIC     53     59     60     54
   1.7577   0.9577   1.8816e-04  -9.4437e-05   2.0471e-04  -2.9121e-06   7.1908e+00   1.2595e-01   7.6045e+00  -3.6402e-02
   1.7577   0.8423   1.7323e-04  -9.4437e-05   1.8714e-04  -4.2341e-06   6.5470e+00  -1.4478e-01   6.8947e+00  -5.2926e-02
   1.6423   0.9577   1.8816e-04  -9.5759e-05   2.0587e-04  -1.7836e-05   7.1895e+00   9.1586e-02   7.6323e+00  -2.2295e-01
   1.6423   0.8423   1.7323e-04  -9.5759e-05   1.8812e-04  -1.9158e-05   6.5441e+00  -1.8069e-01   6.9163e+00  -2.3948e-01
El     46    CAX4                                    CONC                                  CONCEL             ELASTIC     55     61     62     56
   1.9577   0.1577   6.9712e-05  -3.2508e-05   7.7521e-05   1.4994e-05   2.6988e+00   1.4336e-01   2.8941e+00   1.8742e-01
   1.9577   0.0423   5.2135e-05  -3.2508e-05   5.9086e-05   1.4353e-05   1.9593e+00  -1.5674e-01   2.1331e+00   1.7942e-01
   1.8423   0.1577   6.9712e-05  -3.3148e-05   7.8011e-05  -2.5830e-06   2.6976e+00   1.2610e-01   2.9051e+00  -3.2287e-02
   1.8423   0.0423   5.2135e-05  -3.3148e-05   5.9521e-05  -3.2232e-06   1.9576e+00  -1.7445e-01   2.1423e+00  -4.0290e-02
El     47    CAX4                                    CONC                                  CONCEL             ELASTIC     56     62     63     57
   1.9577   0.3577   1.0278e-04  -5.0730e-05   1.1037e-04   2.7441e-05   3.9229e+00   8.5254e-02   4.1129e+00   3.4302e-01
   1.9577   0.2423   8.3281e-05  -5.0730e-05   9.1264e-05   2.6873e-05   3.1138e+00  -2.3646e-01   3.3134e+00   3.3591e-01
   1.8423   0.3577   1.0278e-04  -5.1299e-05   1.1085e-04   7.9463e-06   3.9221e+00   7.0262e-02   4.1240e+00   9.9329e-02
   1.8423   0.2423   8.3281e-05  -5.1299e-05   9.1765e-05   7.3775e-06   3.1133e+00  -2.5125e-01   3.3253e+00   9.2219e-02
El     48    CAX4                                    CONC                                  CONCEL             ELASTIC     57     63     64     58
   1.9577   0.5577   1.3885e-04  -6.8917e-05   1.4423e-04   4.5737e-05   5.2560e+00   6.1811e-02   5.3906e+00   5.7172e-01
   1.9577   0.4423   1.1767e-04  -6.8917e-05   1.2457e-04   3.9396e-05   4.3860e+00  -2.7861e-01   4.5585e+00   4.9246e-01
   1.8423   0.5577   1.3885e-04  -7.5258e-05   1.4457e-04   2.4553e-05   5.2060e+00  -1.4674e-01   5.3490e+00   3.0691e-01
   1.8423   0.4423   1.1767e-04  -7.5258e-05   1.2500e-04   1.8212e-05   4.3367e+00  -4.8636e-01   4.5201e+00   2.2765e-01
El     49    CAX4                                    CONC                                  CONCEL             ELASTIC     58     64     65     59
   1.9577   0.7577   1.5916e-04  -8.9134e-05   1.7315e-04  -2.6684e-05   6.0054e+00  -2.0191e-01   6.3552e+00  -3.3355e-01
   1.9577   0.6423   1.4997e-04  -8.9134e-05   1.5725e-04  -1.8740e-05   5.5666e+00  -4.1098e-01   5.7487e+00  -2.3426e-01
   1.8423   0.7577   1.5916e-04  -8.1191e-05   1.7403e-04  -3.5874e-05   6.0789e+00   7.0173e-02   6.4506e+00  -4.4843e-01
   1.8423   0.6423   1.4997e-04  -8.1191e-05   1.5771e-04  -2.7931e-05   5.6366e+00  -1.4240e-01   5.8301e+00  -3.4914e-01
El     50    CAX4                                    CONC                                  CONCEL             ELASTIC     59     65     66     60
   1.9577   0.9577   1.8001e-04  -9.2750e-05   2.0236e-04  -7.6202e-06   6.9137e+00   9.4709e-02   7.4724e+00  -9.5253e-02
   1.9577   0.8423   1.6721e-04  -9.2750e-05   1.8524e-04  -8.5008e-06   6.3443e+00  -1.5464e-01   6.7950e+00  -1.0626e-01
   1.8423   0.9577   1.8001e-04  -9.3631e-05   2.0376e-04  -2.0420e-05   6.9180e+00   7.7030e-02   7.5118e+00  -2.5525e-01
   1.8423   0.8423   1.6721e-04  -9.3631e-05   1.8637e-04  -2.1300e-05   6.3464e+00  -1.7458e-01   6.8253e+00  -2.6625e-01
El     51    CAX4                                    CONC                                  CONCEL             ELASTIC     61     67     68     62
   2.1577   0.1577   6.5057e-05  -3.0936e-05   7.6457e-05   1.7291e-05   2.5479e+00   1.4808e-01   2.8329e+00   2.1614e-01
   2.1577   0.0423   4.7470e-05  -3.0936e-05   5.8100e-05   1.6312e-05   1.8087e+00  -1.5145e-01   2.0745e+00   2.0390e-01
   2.0423   0.1577   6.5057e-05  -3.1915e-05   7.7102e-05  -2.9572e-07   2.5451e+00   1.2082e-01   2.8462e+00  -3.6965e-03
   2.0423   0.0423   4.7470e-05  -3.1915e-05   5.8701e-05  -1.2746e-06   1.8055e+00  -1.7907e-01   2.0863e+00  -1.5933e-02
El     52    CAX4                                    CONC                                  CONCEL             ELASTIC     62     68     69     63
   2.1577   0.3577   9.9282e-05  -4.9902e-05   1.0941e-04   3.4172e-05   3.8053e+00   7.5734e-02   4.0587e+00   4.2715e-01
   2.1577   0.2423   7.8940e-05  -4.9902e-05   9.0207e-05   3.3718e-05   2.9672e+00  -2.5385e-01   3.2489e+00   4.2148e-01
   2.0423   0.3577   9.9282e-05  -5.0356e-05   1.0999e-04   1.3829e-05   3.8063e+00   6.5388e-02   4.0740e+00   1.7287e-01
   2.0423   0.2423   7.8940e-05  -5.0356e-05   9.0844e-05   1.3376e-05   2.9687e+00  -2.6366e-01   3.2663e+00   1.6720e-01
El     53    CAX4                                    CONC                                  CONCEL             ELASTIC     63     69     70     64
   2.1577   0.5577   1.3822e-04  -7.6898e-05   1.4369e-04   3.7789e-05   5.1641e+00  -2.1397e-01   5.3007e+00   4.7236e-01
   2.1577   0.4423   1.1517e-04  -7.6898e-05   1.2375e-04   4.5330e-05   4.2293e+00  -5.7232e-01   4.4438e+00   5.6663e-01
   2.0423   0.5577   1.3822e-04  -6.9356e-05   1.4400e-04   1.4732e-05   5.2295e+00   3.9982e-02   5.3738e+00   1.8414e-01
   2.0423   0.4423   1.1517e-04  -6.9356e-05   1.2423e-04   2.2273e-05   4.2962e+00  -3.1689e-01   4.5228e+00   2.7841e-01
El     54    CAX4                                    CONC                                  CONCEL             ELASTIC     64     70     71     65
   2.1577   0.7577   1.5335e-04  -8.3425e-05   1.7143e-04  -4.9451e-05   5.8449e+00  -7.4399e-02   6.2969e+00  -6.1814e-01
   2.1577   0.6423   1.4845e-04  -8.3425e-05   1.5647e-04  -5.5759e-05   5.5571e+00  -2.3984e-01   5.7574e+00  -6.9699e-01
   2.0423   0.7577   1.5335e-04  -8.9733e-05   1.7245e-04  -5.4342e-05   5.8008e+00  -2.7614e-01   6.2784e+00  -6.7928e-01
   2.0423   0.6423   1.4845e-04  -8.9733e-05   1.5692e-04  -6.0650e-05   5.5084e+00  -4.4633e-01   5.7200e+00  -7.5813e-01
El     55    CAX4                                    CONC                                  CONCEL             ELASTIC     65     71     72     66
   2.1577   0.9577   1.6801e-04  -8.9180e-05   1.9941e-04  -1.5607e-05   6.5191e+00   8.9223e-02   7.3040e+00  -1.9509e-01
   2.1577   0.8423   1.5859e-04  -8.9180e-05   1.8293e-04  -1.7985e-05   6.0675e+00  -1.2664e-01   6.6762e+00  -2.2482e-01
   2.0423   0.9577   1.6801e-04  -9.1558e-05   2.0119e-04  -2.5036e-05   6.5141e+00   2.4748e-02   7.3433e+00  -3.1294e-01
   2.0423   0.8423   1.5859e-04  -9.1558e-05   1.8431e-04  -2.7414e-05   6.0592e+00  -1.9444e-01   6.7023e+00  -3.4267e-01
El     56    CAX4                                    CONC                                  CONCEL             ELASTIC     67     73     74     68
   2.3577   0.1577   5.8558e-05  -2.8654e-05   7.5055e-05   1.8702e-05   2.3386e+00   1.5832e-01   2.7510e+00   2.3378e-01
   2.3577   0.0423   4.1648e-05  -2.8654e-05   5.6809e-05   1.7294e-05   1.6229e+00  -1.3465e-01   2.0019e+00   2.1617e-01
   2.2423   0.1577   5.8558e-05  -3.0062e-05   7.5905e-05   1.7915e-06   2.3340e+00   1.1845e-01   2.7676e+00   2.2394e-02
   2.2423   0.0423   4.1648e-05  -3.0062e-05   5.7590e-05   3.8315e-07   1.6177e+00  -1.7509e-01   2.0162e+00   4.7894e-03
El     57    CAX4                                    CONC                                  CONCEL             ELASTIC     68     74     75     69
   2.3577   0.3577   9.2506e-05  -4.6656e-05   1.0810e-04   4.3867e-05   3.5956e+00   1.1655e-01   3.9855e+00   5.4834e-01
   2.3577   0.2423   7.2186e-05  -4.6656e-05   8.8799e-05   4.1612e-05   2.7574e+00  -2.1364e-01   3.1727e+00   5.2015e-01
   2.2423   0.3577   9.2506e-05  -4.8911e-05   1.0891e-04   2.3547e-05   3.5835e+00   4.8070e-02   3.9935e+00   2.9434e-01
   2.2423   0.2423   7.2186e-05  -4.8911e-05   8.9655e-05   2.1292e-05   2.7457e+00  -2.8169e-01   3.1825e+00   2.6615e-01
El     58    CAX4                                    CONC                                  CONCEL             ELASTIC     69     75     76     70
   2.3577   0.5577   1.3720e-04  -7.0749e-05   1.4316e-04   7.7843e-05   5.1766e+00  -2.2014e-02   5.3256e+00   9.7304e-01
   2.3577   0.4423   1.0993e-04  -7.0749e-05   1.2267e-04   7.1321e-05   4.0968e+00  -4.2002e-01   4.4154e+00   8.9151e-01
   2.2423   0.5577   1.3720e-04  -7.7271e-05   1.4346e-04   5.0572e-05   5.1248e+00  -2.3685e-01   5.2815e+00   6.3215e-01
   2.2423   0.4423   1.0993e-04  -7.7271e-05   1.2332e-04   4.4050e-05   4.0480e+00  -6.3195e-01   4.3829e+00   5.5063e-01
El     59    CAX4                                    CONC                                  CONCEL             ELASTIC     70     76     77     71
   2.3577   0.7577   1.4391e-04  -8.8143e-05   1.6926e-04  -6.7063e-05   5.4730e+00  -3.2833e-01   6.1068e+00  -8.3829e-01
   2.3577   0.6423   1.4630e-04  -8.8143e-05   1.5564e-04  -6.1919e-05   5.4393e+00  -4.2190e-01   5.6727e+00  -7.7399e-01
   2.2423   0.7577   1.4391e-04  -8.2999e-05   1.7057e-04  -6.4671e-05   5.5268e+00  -1.4598e-01   6.1932e+00  -8.0839e-01
   2.2423   0.6423   1.4630e-04  -8.2999e-05   1.5612e-04  -5.9527e-05   5.4861e+00  -2.4642e-01   5.7316e+00  -7.4409e-01
El     60    CAX4                                    CONC                                  CONCEL             ELASTIC     71     77     78     72
   2.3577   0.9577   1.5124e-04  -8.4486e-05   1.9562e-04  -2.3707e-05   5.9673e+00   7.4307e-02   7.0771e+00  -2.9634e-01
   2.3577   0.8423   1.4523e-04  -8.4486e-05   1.7998e-04  -2.6506e-05   5.6368e+00  -1.0612e-01   6.5054e+00  -3.3132e-01
   2.2423   0.9577   1.5124e-04  -8.7285e-05   1.9791e-04  -2.9710e-05   5.9630e+00   5.7916e-05   7.1299e+00  -3.7137e-01
   2.2423   0.8423   1.4523e-04  -8.7285e-05   1.8176e-04  -3.2509e-05   5.6284e+00  -1.8451e-01   6.5417e+00  -4.0636e-01
El     61    CAX4                                    CONC                                  CONCEL             ELASTIC     73     79     80     74
   2.5577   0.1577   5.0322e-05  -2.6254e-05   7.3257e-05   1.7384e-05   2.0691e+00   1.5471e-01   2.6425e+00   2.1730e-01
   2.5577   0.0423   3.5710e-05  -2.6254e-05   5.5257e-05   1.6004e-05   1.4320e+00  -1.1706e-01   1.9207e+00   2.0006e-01
   2.4423   0.1577   5.0322e-05  -2.7633e-05   7.4342e-05   2.7718e-06   2.0667e+00   1.1776e-01   2.6671e+00   3.4647e-02
   2.4423   0.0423   3.5710e-05  -2.7633e-05   5.6182e-05   1.3920e-06   1.4282e+00  -1.5535e-01   1.9400e+00   1.7401e-02
El     62    CAX4                                    CONC                                  CONCEL             ELASTIC     74     80     81     75
   2.5577   0.3577   8.0531e-05  -4.2030e-05   1.0614e-04   4.9406e-05   3.2187e+00   1.5462e-01   3.8590e+00   6.1757e-01
   2.5577   0.2423   6.2332e-05  -4.2030e-05   8.6893e-05   4.6624e-05   2.4516e+00  -1.5747e-01   3.0656e+00   5.8280e-01
   2.4423   0.3577   8.0531e-05  -4.4812e-05   1.0735e-04   3.1207e-05   3.2056e+00   7.1988e-02   3.8762e+00   3.9008e-01
   2.4423   0.2423   6.2332e-05  -4.4812e-05   8.8054e-05   2.8425e-05   2.4381e+00  -2.4052e-01   3.0811e+00   3.5531e-01
El     63    CAX4                                    CONC                                  CONCEL             ELASTIC     75     81     82     76
   2.5577   0.5577   1.2706e-04  -7.0710e-05   1.4207e-04   8.9869e-05   4.8300e+00  -1.1428e-01   5.2051e+00   1.1234e+00
   2.5577   0.4423   9.7876e-05  -7.0710e-05   1.2093e-04   9.1588e-05   3.6810e+00  -5.3365e-01   4.2573e+00   1.1449e+00
   2.4423   0.5577   1.2706e-04  -6.8991e-05   1.4278e-04   6.0683e-05   4.8503e+00  -5.1056e-02   5.2431e+00   7.5853e-01
   2.4423   0.4423   9.7876e-05  -6.8991e-05   1.2202e-04   6.2402e-05   3.7044e+00  -4.6726e-01   4.3080e+00   7.8003e-01
El     64    CAX4                                    CONC                                  CONCEL             ELASTIC     76     82     83     77
   2.5577   0.7577   1.2790e-04  -7.7833e-05   1.6629e-04  -9.9404e-05   5.0006e+00  -1.4282e-01   5.9603e+00  -1.2425e+00
   2.5577   0.6423   1.3511e-04  -7.7833e-05   1.5422e-04  -1.0833e-04   5.1402e+00  -1.8337e-01   5.6180e+00  -1.3541e+00
   2.4423   0.7577   1.2790e-04  -8.6759e-05   1.6811e-04  -9.2198e-05   4.9413e+00  -4.2521e-01   5.9465e+00  -1.1525e+00
   2.4423   0.6423   1.3511e-04  -8.6759e-05   1.5513e-04  -1.0112e-04   5.0733e+00  -4.7336e-01   5.5737e+00  -1.2640e+00
El     65    CAX4                                    CONC                                  CONCEL             ELASTIC     77     83     84     78
   2.5577   0.9577   1.3003e-04  -7.6959e-05   1.9085e-04  -3.0538e-05   5.2834e+00   1.0868e-01   6.8038e+00  -3.8173e-01
   2.5577   0.8423   1.2654e-04  -7.6959e-05   1.7611e-04  -3.5298e-05   5.0443e+00  -4.3216e-02   6.2834e+00  -4.4123e-01
   2.4423   0.9577   1.3003e-04  -8.1719e-05   1.9372e-04  -3.4026e-05   5.2677e+00  -2.6034e-02   6.8600e+00  -4.2533e-01
   2.4423   0.8423   1.2654e-04  -8.1719e-05   1.7845e-04  -3.8786e-05   5.0242e+00  -1.8236e-01   6.3219e+00  -4.8483e-01
El     66    CAX4                                    CONC                                  CONCEL             ELASTIC     79     85     86     80
   2.7577   0.1577   4.1647e-05  -2.4292e-05   7.1098e-05   1.4685e-05   1.7783e+00   1.2982e-01   2.5146e+00   1.8356e-01
   2.7577   0.0423   3.0560e-05  -2.4292e-05   5.3545e-05   1.3619e-05   1.2625e+00  -1.0884e-01   1.8371e+00   1.7023e-01
   2.6423   0.1577   4.1647e-05  -2.5358e-05   7.2385e-05   3.5980e-06   1.7801e+00   1.0500e-01   2.5486e+00   4.4975e-02
   2.6423   0.0423   3.0560e-05  -2.5358e-05   5.4550e-05   2.5315e-06   1.2619e+00  -1.3602e-01   1.8617e+00   3.1643e-02
El     67    CAX4                                    CONC                                  CONCEL             ELASTIC     80     86     87     81
   2.7577   0.3577   6.2808e-05  -3.7582e-05   1.0327e-04   4.9493e-05   2.6410e+00   1.3128e-01   3.6526e+00   6.1867e-01
   2.7577   0.2423   5.0288e-05  -3.7582e-05   8.4422e-05   4.6982e-05   2.0666e+00  -1.3013e-01   2.9200e+00   5.8727e-01
   2.6423   0.3577   6.2808e-05  -4.0093e-05   1.0504e-04   3.6973e-05   2.6348e+00   6.2310e-02   3.6907e+00   4.6217e-01
   2.6423   0.2423   5.0288e-05  -4.0093e-05   8.5914e-05   3.4462e-05   2.0581e+00  -2.0141e-01   2.9488e+00   4.3077e-01
El     68    CAX4                                    CONC                                  CONCEL             ELASTIC     81     87     88     82
   2.7577   0.5577   1.0212e-04  -5.5218e-05   1.3955e-04   1.2998e-04   4.1068e+00   1.7334e-01   5.0426e+00   1.6247e+00
   2.7577   0.4423   7.6697e-05  -5.5218e-05   1.1804e-04   1.1818e-04   3.0801e+00  -2.1776e-01   4.1138e+00   1.4772e+00
   2.6423   0.5577   1.0212e-04  -6.7020e-05   1.4119e-04   1.0455e-04   4.0221e+00  -2.0643e-01   4.9987e+00   1.3069e+00
   2.6423   0.4423   7.6697e-05  -6.7020e-05   1.1985e-04   9.2751e-05   2.9968e+00  -5.9609e-01   4.0757e+00   1.1594e+00
El     69    CAX4                                    CONC                                  CONCEL             ELASTIC     82     88     89     83
   2.7577   0.7577   1.0150e-04  -6.9212e-05   1.6200e-04  -1.1916e-04   4.1567e+00  -1.1121e-01   5.6691e+00  -1.4895e+00
   2.7577   0.6423   1.0877e-04  -6.9212e-05   1.5133e-04  -1.2308e-04   4.3099e+00  -1.3959e-01   5.3739e+00  -1.5385e+00
   2.6423   0.7577   1.0150e-04  -7.3132e-05   1.6464e-04  -1.1189e-04   4.1461e+00  -2.1984e-01   5.7245e+00  -1.3987e+00
   2.6423   0.6423   1.0877e-04  -7.3132e-05   1.5319e-04  -1.1581e-04   4.2928e+00  -2.5475e-01   5.4033e+00  -1.4477e+00
El     70    CAX4                                    CONC                                  CONCEL             ELASTIC     83     89     90     84
   2.7577   0.9577   1.0721e-04  -6.9539e-05   1.8513e-04  -3.0749e-05   4.5369e+00   1.1819e-01   6.4849e+00  -3.8437e-01
   2.7577   0.8423   1.0109e-04  -6.9539e-05   1.7106e-04  -3.4905e-05   4.2155e+00  -5.0120e-02   5.9648e+00  -4.3631e-01
   2.6423   0.9577   1.0721e-04  -7.3695e-05   1.8854e-04  -3.6872e-05   4.5307e+00   8.0376e-03   6.5638e+00  -4.6090e-01
   2.6423   0.8423   1.0109e-04  -7.3695e-05   1.7411e-04  -4.1028e-05   4.2064e+00  -1.6317e-01   6.0320e+00  -5.1285e-01
El     71    CAX4                                    CONC                                  CONCEL             ELASTIC     85     91     92     86
   2.9577   0.1577   3.2741e-05  -2.2429e-05   6.8632e-05   1.3590e-05   1.4764e+00   9.7125e-02   2.3736e+00   1.6988e-01
   2.9577   0.0423   2.5625e-05  -2.2429e-05   5.1728e-05   1.2513e-05   1.0983e+00  -1.0304e-01   1.7509e+00   1.5641e-01
   2.8423   0.1577   3.2741e-05  -2.3507e-05   7.0090e-05   6.4748e-06   1.4796e+00   7.3359e-02   2.4133e+00   8.0935e-02
   2.8423   0.0423   2.5625e-05  -2.3507e-05   5.2788e-05   5.3973e-06   1.0982e+00  -1.3012e-01   1.7773e+00   6.7467e-02
El     72    CAX4                                    CONC                                  CONCEL             ELASTIC     86     92     93     87
   2.9577   0.3577   4.5351e-05  -3.4738e-05   9.9606e-05   4.7707e-05   2.0523e+00   5.0049e-02   3.4086e+00   5.9633e-01
   2.9577   0.2423   3.8026e-05  -3.4738e-05   8.1460e-05   4.6297e-05   1.6569e+00  -1.6220e-01   2.7428e+00   5.7872e-01
   2.8423   0.3577   4.5351e-05  -3.6147e-05   1.0181e-04   4.0382e-05   2.0589e+00   2.1446e-02   3.4704e+00   5.0478e-01
   2.8423   0.2423   3.8026e-05  -3.6147e-05   8.3225e-05   3.8973e-05   1.6599e+00  -1.9446e-01   2.7898e+00   4.8716e-01
El     73    CAX4                                    CONC                                  CONCEL             ELASTIC     87     93     94     88
   2.9577   0.5577   4.8189e-05  -4.4643e-05   1.3414e-04   1.1280e-04   2.3522e+00   3.1335e-02   4.5010e+00   1.4099e+00
   2.9577   0.4423   4.8074e-05  -4.4643e-05   1.1372e-04   1.0822e-04   2.1781e+00  -1.3981e-01   3.8193e+00   1.3527e+00
   2.8423   0.5577   4.8189e-05  -4.9222e-05   1.3764e-04   1.1268e-04   2.3431e+00  -9.2196e-02   4.5793e+00   1.4085e+00
   2.8423   0.4423   4.8074e-05  -4.9222e-05   1.1639e-04   1.0810e-04   2.1622e+00  -2.7022e-01   3.8701e+00   1.3513e+00
El     74    CAX4                                    CONC                                  CONCEL             ELASTIC     88     94     95     89
   2.9577   0.7577   6.7794e-05  -5.0452e-05   1.5611e-04  -1.1957e-04   3.1403e+00   1.8415e-01   5.3482e+00  -1.4946e+00
   2.9577   0.6423   5.3473e-05  -5.0452e-05   1.4550e-04  -1.3225e-04   2.5745e+00  -2.3595e-02   4.8752e+00  -1.6532e+00
   2.8423   0.7577   6.7794e-05  -6.3135e-05   1.5970e-04  -1.3389e-04   3.0645e+00  -2.0872e-01   5.3621e+00  -1.6737e+00
   2.8423   0.6423   5.3473e-05  -6.3135e-05   1.4924e-04  -1.4658e-04   2.5000e+00  -4.1521e-01   4.8942e+00  -1.8322e+00
El     75    CAX4                                    CONC                                  CONCEL             ELASTIC     89     95     96     90
   2.9577   0.9577   8.4246e-05  -6.2269e-05   1.7864e-04  -3.1336e-05   3.7779e+00   1.1504e-01   6.1377e+00  -3.9171e-01
   2.9577   0.8423   7.6040e-05  -6.2269e-05   1.6499e-04  -3.5545e-05   3.3907e+00  -6.7070e-02   5.6144e+00  -4.4431e-01
   2.8423   0.9577   8.4246e-05  -6.6478e-05   1.8247e-04  -3.9543e-05   3.7748e+00   6.7186e-03   6.2304e+00  -4.9428e-01
   2.8423   0.8423   7.6040e-05  -6.6478e-05   1.6860e-04  -4.3751e-05   3.3857e+00  -1.7724e-01   5.6998e+00  -5.4689e-01
El     76    CAX4                                    CONC                                  CONCEL             ELASTIC     91     97     98     92
   3.1577   0.1577   2.3353e-05  -1.9868e-05   6.5889e-05   1.5408e-05   1.1619e+00   8.1420e-02   2.2254e+00   1.9260e-01
   3.1577   0.0423   1.9152e-05  -1.9868e-05   4.9751e-05   1.3821e-05   8.8744e-01  -8.8069e-02   1.6524e+00   1.7277e-01
   3.0423   0.1577   2.3353e-05  -2.1454e-05   6.7504e-05   1.1207e-05   1.1622e+00   4.1995e-02   2.2660e+00   1.4009e-01
   3.0423   0.0423   1.9152e-05  -2.1454e-05   5.0913e-05   9.6211e-06   8.8390e-01  -1.3127e-01   1.6779e+00   1.2026e-01
El     77    CAX4                                    CONC                                  CONCEL             ELASTIC     92     98     99     93
   3.1577   0.3577   2.9322e-05  -3.0079e-05   9.5369e-05   5.0698e-05   1.5215e+00   3.6444e-02   3.1726e+00   6.3373e-01
   3.1577   0.2423   2.6078e-05  -3.0079e-05   7.8113e-05   4.7666e-05   1.2695e+00  -1.3439e-01   2.5704e+00   5.9582e-01
   3.0423   0.3577   2.9322e-05  -3.3112e-05   9.7875e-05   4.7454e-05   1.5171e+00  -4.3751e-02   3.2309e+00   5.9317e-01
   3.0423   0.2423   2.6078e-05  -3.3112e-05   8.0088e-05   4.4421e-05   1.2607e+00  -2.1902e-01   2.6110e+00   5.5527e-01
El     78    CAX4                                    CONC                                  CONCEL             ELASTIC     93     99    100     94
   3.1577   0.5577   1.5302e-05  -3.4127e-05   1.2706e-04   9.6689e-05   1.2845e+00   4.8757e-02   4.0784e+00   1.2086e+00
   3.1577   0.4423   2.6434e-05  -3.4127e-05   1.0848e-04   9.0217e-05   1.5008e+00  -1.3252e-02   3.5520e+00   1.1277e+00
   3.0423   0.5577   1.5302e-05  -4.0599e-05   1.3130e-04   1.0782e-04   1.2659e+00  -1.3161e-01   4.1658e+00   1.3478e+00
   3.0423   0.4423   2.6434e-05  -4.0599e-05   1.1160e-04   1.0135e-04   1.4728e+00  -2.0302e-01   3.6019e+00   1.2669e+00
El     79    CAX4                                    CONC                                  CONCEL             ELASTIC     94    100    101     95
   3.1577   0.7577   3.9742e-05  -4.3104e-05   1.4912e-04  -1.0068e-04   2.2081e+00   1.3700e-01   4.9425e+00  -1.2585e+00
   3.1577   0.6423   1.8867e-05  -4.3104e-05   1.3794e-04  -1.0266e-04   1.4192e+00  -1.3004e-01   4.3962e+00  -1.2833e+00
   3.0423   0.7577   3.9742e-05  -4.5085e-05   1.5327e-04  -1.2156e-04   2.2262e+00   1.0559e-01   5.0644e+00  -1.5195e+00
   3.0423   0.6423   1.8867e-05  -4.5085e-05   1.4246e-04  -1.2354e-04   1.4404e+00  -1.5839e-01   4.5303e+00  -1.5442e+00
El     80    CAX4                                    CONC                                  CONCEL             ELASTIC     95    101    102     96
   3.1577   0.9577   5.9946e-05  -5.4118e-05   1.7144e-04  -3.3694e-05   2.9759e+00   1.2431e-01   5.7634e+00  -4.2117e-01
   3.1577   0.8423   5.0749e-05  -5.4118e-05   1.5809e-04  -3.8533e-05   2.5581e+00  -6.3609e-02   5.2416e+00  -4.8166e-01
   3.0423   0.9577   5.9946e-05  -5.8958e-05   1.7568e-04  -4.2891e-05   2.9709e+00  -1.7342e-03   5.8641e+00  -5.3614e-01
   3.0423   0.8423   5.0749e-05  -5.8958e-05   1.6217e-04  -4.7730e-05   2.5517e+00  -1.9096e-01   5.3371e+00  -5.9663e-01
El     81    CAX4                                    CONC                                  CONCEL             ELASTIC     97    103    104     98
   3.3577   0.1577   1.3535e-05  -1.6519e-05   6.2895e-05   1.8196e-05   8.3763e-01   8.6267e-02   2.0716e+00   2.2745e-01
   3.3577   0.0423   1.0242e-05  -1.6519e-05   4.7510e-05   1.6170e-05   5.9965e-01  -6.9381e-02   1.5314e+00   2.0213e-01
   3.2423   0.1577   1.3535e-05  -1.8546e-05   6.4652e-05   1.4903e-05   8.3539e-01   3.3374e-02   2.1133e+00   1.8629e-01
   3.2423   0.0423   1.0242e-05  -1.8546e-05   4.8837e-05   1.2877e-05   5.9382e-01  -1.2586e-01   1.5587e+00   1.6096e-01
El     82    CAX4                                    CONC                                  CONCEL             ELASTIC     98    104    105     99
   3.3577   0.3577   1.6239e-05  -2.5058e-05   9.0820e-05   5.0066e-05   1.0893e+00   5.6879e-02   2.9538e+00   6.2583e-01
   3.3577   0.2423   1.5142e-05  -2.5058e-05   7.4499e-05   4.7203e-05   9.1674e-01  -8.8269e-02   2.4007e+00   5.9004e-01
   3.2423   0.3577   1.6239e-05  -2.7921e-05   9.3476e-05   4.8969e-05   1.0876e+00  -1.6419e-02   3.0185e+00   6.1211e-01
   3.2423   0.2423   1.5142e-05  -2.7921e-05   7.6613e-05   4.6106e-05   9.1050e-01  -1.6608e-01   2.4473e+00   5.7632e-01
El     83    CAX4                                    CONC                                  CONCEL             ELASTIC     99    105    106    100
   3.3577   0.5577   1.2838e-05  -3.2170e-05   1.2028e-04   7.6179e-05   1.1622e+00   3.7029e-02   3.8484e+00   9.5224e-01
   3.3577   0.4423   1.5622e-05  -3.2170e-05   1.0309e-04   7.6481e-05   1.1117e+00  -8.3082e-02   3.2984e+00   9.5601e-01
   3.2423   0.5577   1.2838e-05  -3.1869e-05   1.2411e-04   7.8963e-05   1.1966e+00   7.8965e-02   3.9785e+00   9.8704e-01
   3.2423   0.4423   1.5622e-05  -3.1869e-05   1.0620e-04   7.9264e-05   1.1402e+00  -4.7075e-02   3.4047e+00   9.9080e-01
El     84    CAX4                                    CONC                                  CONCEL             ELASTIC    100    106    107    101
   3.3577   0.7577   2.3628e-05  -3.8654e-05   1.4184e-04  -9.5326e-05   1.6475e+00   9.0469e-02   4.6029e+00  -1.1916e+00
   3.3577   0.6423   1.4984e-05  -3.8654e-05   1.3067e-04  -9.8053e-05   1.2663e+00  -7.4687e-02   4.1584e+00  -1.2257e+00
   3.2423   0.7577   2.3628e-05  -4.1381e-05   1.4605e-04  -1.0397e-04   1.6599e+00   3.4646e-02   4.7205e+00  -1.2996e+00
   3.2423   0.6423   1.4984e-05  -4.1381e-05   1.3479e-04  -1.0670e-04   1.2779e+00  -1.3126e-01   4.2730e+00  -1.3337e+00
El     85    CAX4                                    CONC                                  CONCEL             ELASTIC    101    107    108    102
   3.3577   0.9577   3.4027e-05  -4.5716e-05   1.6359e-04  -3.6889e-05   2.1165e+00   1.2290e-01   5.3554e+00  -4.6112e-01
   3.3577   0.8423   2.8731e-05  -4.5716e-05   1.5066e-04  -4.1744e-05   1.8323e+00  -2.8919e-02   4.8806e+00  -5.2180e-01
   3.2423   0.9577   3.4027e-05  -5.0570e-05   1.6820e-04  -4.2186e-05   2.1145e+00  -4.5873e-04   5.4688e+00  -5.2732e-01
   3.2423   0.8423   2.8731e-05  -5.0570e-05   1.5501e-04  -4.7040e-05   1.8280e+00  -1.5454e-01   4.9849e+00  -5.8800e-01
El     86    CAX4                                    CONC                                  CONCEL             ELASTIC    103    109    110    104
   3.5577   0.1577   3.8821e-06  -1.2344e-05   5.9692e-05   1.9403e-05   5.2397e-01   1.1831e-01   1.9192e+00   2.4254e-01
   3.5577   0.0423  -9.4926e-08  -1.2344e-05   4.4957e-05   1.6890e-05   2.6861e-01  -3.7626e-02   1.3949e+00   2.1112e-01
   3.4423   0.1577   3.8821e-06  -1.4858e-05   6.1564e-05   1.5426e-05   5.1862e-01   5.0126e-02   1.9607e+00   1.9283e-01
   3.4423   0.0423  -9.4926e-08  -1.4858e-05   4.6468e-05   1.2913e-05   2.6025e-01  -1.0882e-01   1.4243e+00   1.6141e-01
El     87    CAX4                                    CONC                                  CONCEL             ELASTIC    104    110    111    105
   3.5577   0.3577   8.2577e-06  -1.9925e-05   8.6274e-05   4.8310e-05   8.2816e-01   1.2360e-01   2.7786e+00   6.0387e-01
   3.5577   0.2423   6.1202e-06  -1.9925e-05   7.0763e-05   4.5319e-05   6.2765e-01  -2.3473e-02   2.2437e+00   5.6648e-01
   3.4423   0.3577   8.2577e-06  -2.2916e-05   8.8891e-05   4.6172e-05   8.2504e-01   4.5709e-02   2.8409e+00   5.7715e-01
   3.4423   0.2423   6.1202e-06  -2.2916e-05   7.2931e-05   4.3181e-05   6.2080e-01  -1.0510e-01   2.2911e+00   5.3976e-01
El     88    CAX4                                    CONC                                  CONCEL             ELASTIC    105    111    112    106
   3.5577   0.5577   1.1165e-05  -2.8766e-05   1.1417e-04   7.6180e-05   1.0839e+00   8.5584e-02   3.6590e+00   9.5225e-01
   3.5577   0.4423   9.6094e-06  -2.8766e-05   9.7905e-05   7.3608e-05   8.9647e-01  -6.2928e-02   3.1038e+00   9.2010e-01
   3.4423   0.5577   1.1165e-05  -3.1339e-05   1.1763e-04   7.4625e-05   1.0912e+00   2.8633e-02   3.7527e+00   9.3281e-01
   3.4423   0.4423   9.6094e-06  -3.1339e-05   1.0087e-04   7.2052e-05   8.9971e-01  -1.2399e-01   3.1811e+00   9.0065e-01
El     89    CAX4                                    CONC                                  CONCEL             ELASTIC    106    112    113    107
   3.5577   0.7577   1.1340e-05  -3.4411e-05   1.3465e-04  -9.3091e-05   1.2134e+00   6.9567e-02   4.2962e+00  -1.1636e+00
   3.5577   0.6423   1.1629e-05  -3.4411e-05   1.2402e-04  -9.5466e-05   1.1343e+00  -1.6661e-02   3.9441e+00  -1.1933e+00
   3.4423   0.7577   1.1340e-05  -3.6786e-05   1.3879e-04  -9.2802e-05   1.2280e+00   2.4872e-02   4.4143e+00  -1.1600e+00
   3.4423   0.6423   1.1629e-05  -3.6786e-05   1.2779e-04  -9.5177e-05   1.1460e+00  -6.4410e-02   4.0499e+00  -1.1897e+00
El     90    CAX4                                    CONC                                  CONCEL             ELASTIC    107    113    114    108
   3.5577   0.9577   8.5897e-06  -3.8573e-05   1.5517e-04  -3.9524e-05   1.2580e+00   7.8930e-02   4.9226e+00  -4.9405e-01
   3.5577   0.8423   1.0526e-05  -3.8573e-05   1.4300e-04  -4.3452e-05   1.2211e+00  -6.3722e-03   4.5330e+00  -5.4315e-01
   3.4423   0.9577   8.5897e-06  -4.2502e-05   1.6009e-04  -3.7588e-05   1.2662e+00  -1.1041e-02   5.0538e+00  -4.6985e-01
   3.4423   0.8423   1.0526e-05  -4.2502e-05   1.4745e-04  -4.1516e-05   1.2254e+00  -1.0029e-01   4.6484e+00  -5.1895e-01
El     91    CAX4                                    CONC                                  CONCEL             ELASTIC    109    115    116    110
   3.7577   0.1577  -5.2877e-06  -8.1521e-06   5.6337e-05   1.3544e-05   2.2528e-01   1.5367e-01   1.7659e+00   1.6930e-01
   3.7577   0.0423  -8.3145e-06  -8.1521e-06   4.2214e-05   1.1148e-05   6.6970e-03   1.0757e-02   1.2699e+00   1.3935e-01
   3.6423   0.1577  -5.2877e-06  -1.0547e-05   5.8290e-05   1.0517e-05   2.2160e-01   9.0105e-02   1.8110e+00   1.3146e-01
   3.6423   0.0423  -8.3145e-06  -1.0547e-05   4.3816e-05   8.1215e-06   8.4817e-05  -5.5739e-02   1.3033e+00   1.0152e-01
El     92    CAX4                                    CONC                                  CONCEL             ELASTIC    110    116    117    111
   3.7577   0.3577  -1.1399e-06  -9.6328e-06   8.1727e-05   4.5750e-05   5.6279e-01   3.5047e-01   2.6345e+00   5.7188e-01
   3.7577   0.2423  -3.3653e-06  -9.6328e-06   6.6924e-05   3.9017e-05   3.6525e-01   2.0856e-01   2.1225e+00   4.8772e-01
   3.6423   0.3577  -1.1399e-06  -1.6366e-05   8.4354e-05   4.3525e-05   5.2857e-01   1.4793e-01   2.6659e+00   5.4406e-01
   3.6423   0.2423  -3.3653e-06  -1.6366e-05   6.9152e-05   3.6792e-05   3.2771e-01   2.7011e-03   2.1407e+00   4.5990e-01
El     93    CAX4                                    CONC                                  CONCEL             ELASTIC    111    117    118    112
   3.7577   0.5577   1.5848e-06  -1.6313e-05   1.0829e-04   8.1646e-05   8.1927e-01   3.7182e-01   3.4868e+00   1.0206e+00
   3.7577   0.4423   1.8646e-07  -1.6313e-05   9.2810e-05   7.3219e-05   6.4369e-01   2.3120e-01   2.9593e+00   9.1523e-01
   3.6423   0.5577   1.5848e-06  -2.4740e-05   1.1167e-04   8.0248e-05   7.7723e-01   1.1911e-01   3.5293e+00   1.0031e+00
   3.6423   0.4423   1.8646e-07  -2.4740e-05   9.5746e-05   7.1820e-05   5.9793e-01  -2.5236e-02   2.9869e+00   8.9775e-01
El     94    CAX4                                    CONC                                  CONCEL             ELASTIC    112    118    119    113
   3.7577   0.7577  -8.3062e-07  -2.5271e-05   1.2758e-04  -8.5968e-05   8.2488e-01   2.1387e-01   4.0351e+00  -1.0746e+00
   3.7577   0.6423   1.3123e-06  -2.5271e-05   1.1760e-04  -9.2023e-05   8.1317e-01   1.4859e-01   3.7204e+00  -1.1503e+00
   3.6423   0.7577  -8.3062e-07  -3.1326e-05   1.3165e-04  -8.3825e-05   8.0835e-01   4.5970e-02   4.1204e+00  -1.0478e+00
   3.6423   0.6423   1.3123e-06  -3.1326e-05   1.2129e-04  -8.9880e-05   7.9344e-01  -2.2515e-02   3.7929e+00  -1.1235e+00
El     95    CAX4                                    CONC                                  CONCEL             ELASTIC    113    119    120    114
   3.7577   0.9577  -1.5014e-05  -2.8008e-05   1.4638e-04  -3.8369e-05   4.8597e-01   1.6112e-01   4.5209e+00  -4.7961e-01
   3.7577   0.8423  -5.2053e-06  -2.8008e-05   1.3529e-04  -4.5050e-05   7.2051e-01   1.5043e-01   4.2329e+00  -5.6312e-01
   3.6423   0.9577  -1.5014e-05  -3.4690e-05   1.5150e-04  -2.8560e-05   4.7294e-01  -1.8953e-02   4.6357e+00  -3.5700e-01
   3.6423   0.8423  -5.2053e-06  -3.4690e-05   1.3974e-04  -3.5241e-05   7.0195e-01  -3.5158e-02   4.3257e+00  -4.4051e-01
El     96    CAX4                                    CONC                                  CONCEL             ELASTIC    115    121    122    116
   3.9577   0.1577  -9.9611e-06  -9.2537e-06   5.3036e-05  -6.1927e-07   3.2818e-02   5.0503e-02   1.6077e+00  -7.7409e-03
   3.9577   0.0423  -9.4653e-06  -9.2537e-06   3.9615e-05   8.2897e-07  -6.2503e-02  -5.7212e-02   1.1645e+00   1.0362e-02
   3.8423   0.1577  -9.9611e-06  -7.8054e-06   5.4929e-05  -1.2350e-07   6.0664e-02   1.1455e-01   1.6829e+00  -1.5437e-03
   3.8423   0.0423  -9.4653e-06  -7.8054e-06   4.1090e-05   1.3247e-06  -3.8142e-02   3.3540e-03   1.2257e+00   1.6559e-02
El     97    CAX4                                    CONC                                  CONCEL             ELASTIC    116    122    123    117
   3.9577   0.3577  -1.4067e-05  -7.2283e-06   7.7024e-05   1.7382e-05   1.1272e-01   2.8369e-01   2.3900e+00   2.1728e-01
   3.9577   0.2423  -1.1194e-05  -7.2283e-06   6.3060e-05   1.7426e-05   9.2124e-02   1.9127e-01   1.9485e+00   2.1783e-01
   3.8423   0.3577  -1.4067e-05  -7.1844e-06   7.9761e-05   2.0255e-05   1.3590e-01   3.0797e-01   2.4816e+00   2.5319e-01
   3.8423   0.2423  -1.1194e-05  -7.1844e-06   6.5291e-05   2.0299e-05   1.1109e-01   2.1133e-01   2.0232e+00   2.5374e-01
El     98    CAX4                                    CONC                                  CONCEL             ELASTIC    117    123    124    118
   3.9577   0.5577  -1.7222e-05   2.0271e-05   1.0214e-04   7.4304e-05   4.4606e-01   1.3834e+00   3.4302e+00   9.2879e-01
   3.9577   0.4423  -1.5682e-05   2.0271e-05   8.7497e-05   4.9781e-05   3.7531e-01   1.2741e+00   2.9548e+00   6.2226e-01
   3.8423   0.5577  -1.7222e-05  -4.2524e-06   1.0573e-04   7.5843e-05   2.7160e-01   5.9584e-01   3.3454e+00   9.4804e-01
   3.8423   0.4423  -1.5682e-05  -4.2524e-06   9.0597e-05   5.1320e-05   1.9679e-01   4.8255e-01   2.8538e+00   6.4150e-01
El     99    CAX4                                    CONC                                  CONCEL             ELASTIC    118    124    125    119
   3.9577   0.7577  -1.9701e-05   1.5653e-05   1.2034e-04  -5.8092e-05   4.7654e-01   1.3604e+00   3.9775e+00  -7.2615e-01
   3.9577   0.6423  -1.8299e-05   1.5653e-05   1.1094e-04  -8.6428e-05   4.4501e-01   1.2938e+00   3.6761e+00  -1.0803e+00
   3.8423   0.7577  -1.9701e-05  -1.2683e-05   1.2455e-04  -5.6689e-05   2.7548e-01   4.5094e-01   3.8817e+00  -7.0861e-01
   3.8423   0.6423  -1.8299e-05  -1.2683e-05   1.1483e-04  -8.5025e-05   2.4125e-01   3.8164e-01   3.5694e+00  -1.0628e+00
El    100    CAX4                                    CONC                                  CONCEL             ELASTIC    119    125    126    120
   3.9577   0.9577  -2.7040e-05  -2.1684e-05   1.3775e-04  -1.5299e-05   6.5867e-02   1.9976e-01   4.1855e+00  -1.9124e-01
   3.9577   0.8423  -2.2044e-05  -2.1684e-05   1.2752e-04  -1.8139e-05   1.4718e-01   1.5618e-01   3.8863e+00  -2.2674e-01
   3.8423   0.9577  -2.7040e-05  -2.4523e-05   1.4270e-04  -1.0303e-05   8.3471e-02   1.4638e-01   4.3269e+00  -1.2879e-01
   3.8423   0.8423  -2.2044e-05  -2.4523e-05   1.3201e-04  -1.3143e-05   1.6098e-01   9.8977e-02   4.0124e+00  -1.6429e-01
El    101   TAX2I                                STEELBAR                                  STEELR          ELASTIC1DR    127    128
   0.0676   0.6000   1.8070e-05   1.6590e-03   3.6140e+01   0.0000e+00
   0.1157   0.6000   1.8070e-05   9.7675e-04   3.6140e+01   0.0000e+00
El    102   TAX2I                                STEELBAR                                  STEELR          ELASTIC1DR    128    129
   0.1615   0.6000   4.5998e-05   7.0984e-04   9.1996e+01   0.0000e+00
   0.2385   0.6000   4.5998e-05   4.9557e-04   9.1996e+01   0.0000e+00
El    103   TAX2I                                STEELBAR                                  STEELR          ELASTIC1DR    129    130
   0.2948   0.6000   7.0326e-05   4.1196e-04   1.4065e+02   0.0000e+00
   0.3718   0.6000   7.0326e-05   3.4123e-04   1.4065e+02   0.0000e+00
El    104   TAX2I                                STEELBAR                                  STEELR          ELASTIC1DR    130    131
   0.4282   0.6000   8.8844e-05   3.0680e-04   1.7769e+02   0.0000e+00
   0.5052   0.6000   8.8844e-05   2.7358e-04   1.7769e+02   0.0000e+00
El    105   TAX2I                                STEELBAR                                  STEELR          ELASTIC1DR    131    132
   0.5615   0.6000   1.0351e-04   2.5578e-04   2.0702e+02   0.0000e+00
   0.6385   0.6000   1.0351e-04   2.3742e-04   2.0702e+02   0.0000e+00
El    106   TAX2I                                STEELBAR                                  STEELR          ELASTIC1DR    132    133
   0.6948   0.6000   1.1564e-04   2.2705e-04   2.3129e+02   0.0000e+00
   0.7718   0.6000   1.1564e-04   2.1594e-04   2.3129e+02   0.0000e+00
El    107   TAX2I                                STEELBAR                                  STEELR          ELASTIC1DR    133    134
   0.8282   0.6000   1.2624e-04   2.0948e-04   2.5248e+02   0.0000e+00
   0.9052   0.6000   1.2624e-04   2.0240e-04   2.5248e+02   0.0000e+00
El    108   TAX2I                                STEELBAR                                  STEELR          ELASTIC1DR    134    135
   0.9615   0.6000   1.3616e-04   1.9822e-04   2.7233e+02   0.0000e+00
   1.0385   0.6000   1.3616e-04   1.9362e-04   2.7233e+02   0.0000e+00
El    109   TAX2I                                STEELBAR                                  STEELR          ELASTIC1DR    135    136
   1.0948   0.6000   1.4617e-04   1.9092e-04   2.9233e+02   0.0000e+00
   1.1718   0.6000   1.4617e-04   1.8798e-04   2.9233e+02   0.0000e+00
El    110   TAX2I                                STEELBAR                                  STEELR          ELASTIC1DR    136    137
   1.2282   0.6000   1.5700e-04   1.8631e-04   3.1401e+02   0.0000e+00
   1.3052   0.6000   1.5700e-04   1.8459e-04   3.1401e+02   0.0000e+00
El    111   TAX2I                                STEELBAR                                  STEELR          ELASTIC1DR    137    138
   1.3615   0.6000   1.6956e-04   1.8370e-04   3.3912e+02   0.0000e+00
   1.4385   0.6000   1.6956e-04   1.8295e-04   3.3912e+02   0.0000e+00
El    112   TAX2I                                STEELBAR                                  STEELR          ELASTIC1DR    138    139
   1.4948   0.6000   1.8485e-04   1.8273e-04   3.6970e+02   0.0000e+00
   1.5718   0.6000   1.8485e-04   1.8283e-04   3.6970e+02   0.0000e+00
El    113   TAX2I                                STEELBAR                                  STEELR          ELASTIC1DR    139    140
   1.6282   0.6000   2.0418e-04   1.8324e-04   4.0837e+02   0.0000e+00
   1.7052   0.6000   2.0418e-04   1.8418e-04   4.0837e+02   0.0000e+00
El    114   TAX2I                                STEELBAR                                  STEELR          ELASTIC1DR    140    141
   1.7615   0.6000   2.2935e-04   1.8523e-04   4.5870e+02   0.0000e+00
   1.8385   0.6000   2.2935e-04   1.8707e-04   4.5870e+02   0.0000e+00
El    115   TAX2I                                STEELBAR                                  STEELR          ELASTIC1DR    141    142
   1.8948   0.6000   2.6274e-04   1.8883e-04   5.2547e+02   0.0000e+00
   1.9718   0.6000   2.6274e-04   1.9171e-04   5.2547e+02   0.0000e+00
El    116   TAX2I                                STEELBAR                                  STEELR          ELASTIC1DR    142    143
   2.0282   0.6000   3.0773e-04   1.9431e-04   6.1546e+02   0.0000e+00
   2.1052   0.6000   3.0773e-04   1.9846e-04   6.1546e+02   0.0000e+00
El    117   TAX2I                                STEELBAR                                  STEELR          ELASTIC1DR    143    144
   2.1615   0.6000   3.6921e-04   2.0211e-04   7.3842e+02   0.0000e+00
   2.2385   0.6000   3.6921e-04   2.0786e-04   7.3842e+02   0.0000e+00
El    118   TAX2I                                STEELBAR                                  STEELR          ELASTIC1DR    144    145
   2.2948   0.6000   4.5405e-04   2.1286e-04   9.0810e+02   0.0000e+00
   2.3718   0.6000   4.5405e-04   2.2069e-04   9.0810e+02   0.0000e+00
El    119   TAX2I                                STEELBAR                                  STEELR          ELASTIC1DR    145    146
   2.4282   0.6000   5.7184e-04   2.2747e-04   1.1437e+03   0.0000e+00
   2.5052   0.6000   5.7184e-04   2.3805e-04   1.1437e+03   0.0000e+00
El    120   TAX2I                                STEELBAR                                  STEELR          ELASTIC1DR    146    147
   2.5615   0.6000   7.3489e-04   2.4719e-04   1.4698e+03   0.0000e+00
   2.6385   0.6000   7.3489e-04   2.6142e-04   1.4698e+03   0.0000e+00
El    121   TAX2I                                STEELBAR                                  STEELR          ELASTIC1DR    147    148
   2.6948   0.6000   9.5371e-04   2.7361e-04   1.9074e+03   0.0000e+00
   2.7718   0.6000   9.5371e-04   2.9250e-04   1.9074e+03   0.0000e+00
El    122   TAX2I                                STEELBAR                                  STEELR          ELASTIC1DR    148    149
   2.8282   0.6000   1.2191e-03   3.0831e-04   2.4382e+03   0.0000e+00
   2.9052   0.6000   1.2191e-03   3.3245e-04   2.4382e+03   0.0000e+00
El    123   TAX2I                                STEELBAR                                  STEELR          ELASTIC1DR    149    150
   2.9615   0.6000   1.4716e-03   3.5172e-04   2.9433e+03   0.0000e+00
   3.0385   0.6000   1.4716e-03   3.8009e-04   2.9433e+03   0.0000e+00
El    124   TAX2I                                STEELBAR                                  STEELR          ELASTIC1DR    150    151
   3.0948   0.6000   1.6415e-03   4.0152e-04   3.2831e+03   0.0000e+00
   3.1718   0.6000   1.6415e-03   4.3161e-04   3.2831e+03   0.0000e+00
El    125   TAX2I                                STEELBAR                                  STEELR          ELASTIC1DR    151    152
   3.2282   0.6000   1.7452e-03   4.5364e-04   3.4904e+03   0.0000e+00
   3.3052   0.6000   1.7452e-03   4.8372e-04   3.4904e+03   0.0000e+00
El    126   TAX2I                                STEELBAR                                  STEELR          ELASTIC1DR    152    153
   3.3615   0.6000   1.8406e-03   5.0567e-04   3.6812e+03   0.0000e+00
   3.4385   0.6000   1.8406e-03   5.3555e-04   3.6812e+03   0.0000e+00
El    127   TAX2I                                STEELBAR                                  STEELR          ELASTIC1DR    153    154
   3.4948   0.6000   1.9351e-03   5.5736e-04   3.8702e+03   0.0000e+00
   3.5718   0.6000   1.9351e-03   5.8705e-04   3.8702e+03   0.0000e+00
El    128   TAX2I                                STEELBAR                                  STEELR          ELASTIC1DR    154    155
   3.6282   0.6000   2.0288e-03   6.0872e-04   4.0576e+03   0.0000e+00
   3.7052   0.6000   2.0288e-03   6.3822e-04   4.0576e+03   0.0000e+00
El    129   TAX2I                                STEELBAR                                  STEELR          ELASTIC1DR    155    156
   3.7615   0.6000   2.1218e-03   6.5975e-04   4.2436e+03   0.0000e+00
   3.8385   0.6000   2.1218e-03   6.8907e-04   4.2436e+03   0.0000e+00
El    130   TAX2I                                STEELBAR                                  STEELR          ELASTIC1DR    156    157
   3.8948   0.6000   2.2141e-03   7.1047e-04   4.4283e+03   0.0000e+00
   3.9718   0.6000   2.2141e-03   7.3961e-04   4.4283e+03   0.0000e+00
El      0 BondAX2                                STEELBAR                                    BOND                BOND    127    128      3      9     10      4
   0.0000   0.0000   9.0493e-05  -1.3668e-09   4.1562e+00  -8.2005e+00
El      0 BondAX2                                STEELBAR                                    BOND                BOND    127    128      3      9     10      4
   0.0000   0.0000   8.5565e-05   2.9801e-09   3.9081e+00   1.7881e+01
El      0 BondAX2                                STEELBAR                                    BOND                BOND    128    129      3      9     10      4
   0.0000   0.0000   8.1662e-05  -6.2358e-10   3.7128e+00  -3.7415e+00
El      0 BondAX2                                STEELBAR                                    BOND                BOND    128    129     10     16     17     11
   0.0000   0.0000   7.4732e-05  -1.5547e-09   3.3693e+00  -9.3284e+00
El      0 BondAX2                                STEELBAR                                    BOND                BOND    129    130     10     16     17     11
   0.0000   0.0000   6.9470e-05   1.8045e-09   3.1112e+00   1.0827e+01
El      0 BondAX2                                STEELBAR                                    BOND                BOND    129    130     10     16     17     11
   0.0000   0.0000   6.3218e-05  -1.3478e-09   2.8080e+00  -8.0869e+00
El      0 BondAX2                                STEELBAR                                    BOND                BOND    130    131     15     21     22     16
   0.0000   0.0000   5.9225e-05  -6.0699e-10   2.6164e+00  -3.6420e+00
El      0 BondAX2                                STEELBAR                                    BOND                BOND    130    131     15     21     22     16
   0.0000   0.0000   5.4568e-05   4.5693e-09   2.3949e+00   2.7416e+01
El      0 BondAX2                                STEELBAR                                    BOND                BOND    131    132     15     21     22     16
   0.0000   0.0000   5.1572e-05  -2.9807e-09   2.2537e+00  -1.7884e+01
El      0 BondAX2                                STEELBAR                                    BOND                BOND    131    132     21     27     28     22
   0.0000   0.0000   4.8091e-05  -3.3017e-09   2.0908e+00  -1.9810e+01
El      0 BondAX2                                STEELBAR                                    BOND                BOND    132    133     21     27     28     22
   0.0000   0.0000   4.5919e-05   4.0191e-09   1.9900e+00   2.4115e+01
El      0 BondAX2                                STEELBAR                                    BOND                BOND    132    133     21     27     28     22
   0.0000   0.0000   4.3420e-05  -1.1416e-09   1.8745e+00  -6.8497e+00
El      0 BondAX2                                STEELBAR                                    BOND                BOND    133    134     27     33     34     28
   0.0000   0.0000   4.1928e-05  -1.0819e-09   1.8060e+00  -6.4914e+00
El      0 BondAX2                                STEELBAR                                    BOND                BOND    133    134     27     33     34     28
   0.0000   0.0000   4.0354e-05   4.2420e-09   1.7339e+00   2.5452e+01
El      0 BondAX2                                STEELBAR                                    BOND                BOND    134    135     27     33     34     28
   0.0000   0.0000   3.9480e-05  -2.8473e-09   1.6941e+00  -1.7084e+01
El      0 BondAX2                                STEELBAR                                    BOND                BOND    134    135     33     39     40     34
   0.0000   0.0000   3.8685e-05  -3.0975e-09   1.6579e+00  -1.8585e+01
El      0 BondAX2                                STEELBAR                                    BOND                BOND    135    136     33     39     40     34
   0.0000   0.0000   3.8396e-05   3.9217e-09   1.6447e+00   2.3530e+01
El      0 BondAX2                                STEELBAR                                    BOND                BOND    135    136     33     39     40     34
   0.0000   0.0000   3.8385e-05  -1.0935e-09   1.6442e+00  -6.5610e+00
El      0 BondAX2                                STEELBAR                                    BOND                BOND    136    137     39     45     46     40
   0.0000   0.0000   3.8705e-05  -1.0531e-09   1.6588e+00  -6.3183e+00
El      0 BondAX2                                STEELBAR                                    BOND                BOND    136    137     39     45     46     40
   0.0000   0.0000   3.9590e-05   4.0726e-09   1.6991e+00   2.4436e+01
El      0 BondAX2                                STEELBAR                                    BOND                BOND    137    138     39     45     46     40
   0.0000   0.0000   4.0591e-05  -2.8039e-09   1.7448e+00  -1.6824e+01
El      0 BondAX2                                STEELBAR                                    BOND                BOND    137    138     45     51     52     46
   0.0000   0.0000   4.2436e-05  -2.9869e-09   1.8293e+00  -1.7921e+01
El      0 BondAX2                                STEELBAR                                    BOND                BOND    138    139     45     51     52     46
   0.0000   0.0000   4.4214e-05   3.8478e-09   1.9111e+00   2.3087e+01
El      0 BondAX2                                STEELBAR                                    BOND                BOND    138    139     45     51     52     46
   0.0000   0.0000   4.7230e-05  -1.0264e-09   2.0508e+00  -6.1583e+00
El      0 BondAX2                                STEELBAR                                    BOND                BOND    139    140     51     57     58     52
   0.0000   0.0000   4.9990e-05  -1.0308e-09   2.1795e+00  -6.1849e+00
El      0 BondAX2                                STEELBAR                                    BOND                BOND    139    140     51     57     58     52
   0.0000   0.0000   5.4514e-05   3.8312e-09   2.3924e+00   2.2987e+01
El      0 BondAX2                                STEELBAR                                    BOND                BOND    140    141     51     57     58     52
   0.0000   0.0000   5.8535e-05  -2.6602e-09   2.5834e+00  -1.5961e+01
El      0 BondAX2                                STEELBAR                                    BOND                BOND    140    141     58     64     65     59
   0.0000   0.0000   6.4950e-05  -2.8362e-09   2.8916e+00  -1.7017e+01
El      0 BondAX2                                STEELBAR                                    BOND                BOND    141    142     58     64     65     59
   0.0000   0.0000   7.0554e-05   3.6540e-09   3.1642e+00   2.1924e+01
El      0 BondAX2                                STEELBAR                                    BOND                BOND    141    142     58     64     65     59
   0.0000   0.0000   7.9494e-05  -8.5888e-10   3.6049e+00  -5.1533e+00
El      0 BondAX2                                STEELBAR                                    BOND                BOND    142    143     63     69     70     64
   0.0000   0.0000   8.7304e-05  -9.7521e-10   3.9955e+00  -5.8513e+00
El      0 BondAX2                                STEELBAR                                    BOND                BOND    142    143     63     69     70     64
   0.0000   0.0000   9.9703e-05   3.2198e-09   4.6248e+00   1.9319e+01
El      0 BondAX2                                STEELBAR                                    BOND                BOND    143    144     63     69     70     64
   0.0000   0.0000   1.1051e-04  -2.2226e-09   5.1816e+00  -1.3336e+01
El      0 BondAX2                                STEELBAR                                    BOND                BOND    143    144     69     75     76     70
   0.0000   0.0000   1.2762e-04  -2.4075e-09   6.0754e+00  -1.4445e+01
El      0 BondAX2                                STEELBAR                                    BOND                BOND    144    145     69     75     76     70
   0.0000   0.0000   1.4253e-04   3.0808e-09   6.8629e+00   1.8485e+01
El      0 BondAX2                                STEELBAR                                    BOND                BOND    144    145     69     75     76     70
   0.0000   0.0000   1.6615e-04  -6.1936e-10   8.1206e+00  -3.7162e+00
El      0 BondAX2                                STEELBAR                                    BOND                BOND    145    146     75     81     82     76
   0.0000   0.0000   1.8703e-04  -8.1994e-10   9.2327e+00  -4.9196e+00
El      0 BondAX2                                STEELBAR                                    BOND                BOND    145    146     75     81     82     76
   0.0000   0.0000   2.2044e-04   2.3323e-09   1.0991e+01   1.3994e+01
El      0 BondAX2                                STEELBAR                                    BOND                BOND    146    147     75     81     82     76
   0.0000   0.0000   2.4950e-04  -1.5904e-09   1.2475e+01  -9.5425e+00
El      0 BondAX2                                STEELBAR                                    BOND                BOND    146    147     81     87     88     82
   0.0000   0.0000   2.9648e-04  -1.7475e-09   1.4722e+01  -1.0485e+01
El      0 BondAX2                                STEELBAR                                    BOND                BOND    147    148     81     87     88     82
   0.0000   0.0000   3.3778e-04   2.2361e-09   1.6473e+01   1.3417e+01
El      0 BondAX2                                STEELBAR                                    BOND                BOND    147    148     81     87     88     82
   0.0000   0.0000   4.0262e-04  -4.3573e-10   1.8631e+01  -2.6144e+00
El      0 BondAX2                                STEELBAR                                    BOND                BOND    148    149     87     93     94     88
   0.0000   0.0000   4.5934e-04  -5.9536e-10   1.9746e+01  -3.5721e+00
El      0 BondAX2                                STEELBAR                                    BOND                BOND    148    149     87     93     94     88
   0.0000   0.0000   5.4948e-04   1.6403e-09   1.9726e+01   9.8420e+00
El      0 BondAX2                                STEELBAR                                    BOND                BOND    149    150     87     93     94     88
   0.0000   0.0000   6.2257e-04  -1.1063e-09   1.8492e+01  -6.6375e+00
El      0 BondAX2                                STEELBAR                                    BOND                BOND    149    150     93     99    100     94
   0.0000   0.0000   7.3357e-04  -1.2750e-09   1.5492e+01  -7.6502e+00
El      0 BondAX2                                STEELBAR                                    BOND                BOND    150    151     93     99    100     94
   0.0000   0.0000   8.2066e-04   1.5610e-09   1.2937e+01   9.3658e+00
El      0 BondAX2                                STEELBAR                                    BOND                BOND    150    151     93     99    100     94
   0.0000   0.0000   9.4616e-04  -9.2909e-11   1.0323e+01  -5.5745e-01
El      0 BondAX2                                STEELBAR                                    BOND                BOND    151    152     99    105    106    100
   0.0000   0.0000   1.0409e-03  -4.1162e-10   1.0000e+01  -2.4697e+00
El      0 BondAX2                                STEELBAR                                    BOND                BOND    151    152     99    105    106    100
   0.0000   0.0000   1.1744e-03   3.7152e-10   1.0000e+01   2.2291e+00
El      0 BondAX2                                STEELBAR                                    BOND                BOND    152    153     99    105    106    100
   0.0000   0.0000   1.2747e-03  -1.6405e-10   1.0000e+01  -9.8432e-01
El      0 BondAX2                                STEELBAR                                    BOND                BOND    152    153    106    112    113    107
   0.0000   0.0000   1.4155e-03  -3.4777e-10   1.0000e+01  -2.0866e+00
El      0 BondAX2                                STEELBAR                                    BOND                BOND    153    154    106    112    113    107
   0.0000   0.0000   1.5212e-03   3.1592e-10   1.0000e+01   1.8955e+00
El      0 BondAX2                                STEELBAR                                    BOND                BOND    153    154    106    112    113    107
   0.0000   0.0000   1.6693e-03   2.5023e-10   1.0000e+01   1.5014e+00
El      0 BondAX2                                STEELBAR                                    BOND                BOND    154    155    111    117    118    112
   0.0000   0.0000   1.7806e-03  -7.8561e-11   1.0000e+01  -4.7137e-01
El      0 BondAX2                                STEELBAR                                    BOND                BOND    154    155    111    117    118    112
   0.0000   0.0000   1.9366e-03  -9.1114e-10   1.0000e+01  -5.4668e+00
El      0 BondAX2                                STEELBAR                                    BOND                BOND    155    156    111    117    118    112
   0.0000   0.0000   2.0535e-03   7.3548e-10   1.0000e+01   4.4129e+00
El      0 BondAX2                                STEELBAR                                    BOND                BOND    155    156    117    123    124    118
   0.0000   0.0000   2.2174e-03   6.6674e-10   1.0000e+01   4.0005e+00
El      0 BondAX2                                STEELBAR                                    BOND                BOND    156    157    117    123    124    118
   0.0000   0.0000   2.3406e-03  -9.1297e-10   1.0000e+01  -5.4778e+00
El      0 BondAX2                                STEELBAR                                    BOND                BOND    156    157    117    123    124    118
   0.0000   0.0000   2.5124e-03   2.3989e-10   1.0000e+01   1.4393e+00
