    0.00025000  2.355293e-01  0       1
    0.00050000  4.624461e-01  0       2
    0.00075000  6.174937e-01  0       3
    0.00100000  7.035315e-01  0       4
    0.00125000  7.687611e-01  0       5
    0.00150000  8.280223e-01  0       6
    0.00175000  8.831839e-01  0       7
    0.00200000  9.352530e-01  0       8
    0.00225000  9.840528e-01  0       9
    0.00250000  1.030631e+00  0      10
    0.00275000  1.075476e+00  0      11
    0.00300000  1.118141e+00  0      12
    0.00325000  1.159288e+00  0      13
    0.00350000  1.199455e+00  0      14
    0.00375000  1.237807e+00  0      15
    0.00400000  1.275316e+00  0      16
    0.00425000  1.311474e+00  0      17
    0.00450000  1.346890e+00  0      18
    0.00475000  1.381258e+00  0      19
    0.00500000  1.414930e+00  0      20
