  1.0000
    1   0.0000   0.0000   0.0000 -5.2780e-04  0.0000e+00  1.0929e-16  5.9734e-01
    2   0.0000   0.2000   0.0000 -5.2591e-04 -2.4290e-04 -1.1709e-16  1.1102e-16
    3   0.0000   0.4000   0.0000 -5.1998e-04 -4.8885e-04  5.9916e-12 -6.5371e-16
    4   0.0000   0.6000   0.0000 -5.2121e-04 -7.3759e-04  5.9908e-12  1.2421e-17
    5   0.0000   0.8000   0.0000 -5.3005e-04 -9.8438e-04  2.8688e-16  0.0000e+00
    6   0.0000   1.0000   0.0000 -5.3666e-04 -1.2292e-03  5.0917e-17  0.0000e+00
    7   0.2000   0.0000   0.0000 -4.7922e-04  0.0000e+00 -8.8471e-17  1.2013e+00
    8   0.2000   0.2000   0.0000 -4.7743e-04 -2.4529e-04 -1.8562e-16 -4.4409e-16
    9   0.2000   0.4000   0.0000 -4.7267e-04 -4.8991e-04  1.5892e-11 -1.0623e-15
   10   0.2000   0.6000   0.0000 -4.7392e-04 -7.3366e-04  1.5892e-11 -1.1733e-15
   11   0.2000   0.8000   0.0000 -4.8151e-04 -9.7804e-04 -2.0990e-16  4.4409e-16
   12   0.2000   1.0000   0.0000 -4.8756e-04 -1.2231e-03  2.4720e-17 -6.6613e-16
   13   0.4000   0.0000   0.0000 -4.3103e-04  0.0000e+00 -6.7654e-17  1.2051e+00
   14   0.4000   0.2000   0.0000 -4.2999e-04 -2.4533e-04  2.4980e-16  7.7716e-16
   15   0.4000   0.4000   0.0000 -4.2747e-04 -4.8915e-04  9.7468e-12 -2.5384e-15
   16   0.4000   0.6000   0.0000 -4.2887e-04 -7.3158e-04  9.7463e-12 -2.6494e-15
   17   0.4000   0.8000   0.0000 -4.3435e-04 -9.7445e-04 -4.6057e-16  7.7716e-16
   18   0.4000   1.0000   0.0000 -4.3872e-04 -1.2185e-03  1.1232e-16  0.0000e+00
   19   0.6000   0.0000   0.0000 -3.8391e-04  0.0000e+00  8.4134e-17  1.2051e+00
   20   0.6000   0.2000   0.0000 -3.8352e-04 -2.4465e-04  1.7087e-16  3.3307e-16
   21   0.6000   0.4000   0.0000 -3.8263e-04 -4.8813e-04  5.1864e-12 -1.6072e-15
   22   0.6000   0.6000   0.0000 -3.8429e-04 -7.3048e-04  5.1866e-12 -1.2742e-15
   23   0.6000   0.8000   0.0000 -3.8833e-04 -9.7285e-04  4.8225e-16  4.4409e-16
   24   0.6000   1.0000   0.0000 -3.9119e-04 -1.2159e-03  2.1597e-16  0.0000e+00
   25   0.8000   0.0000   0.0000 -3.3765e-04  0.0000e+00 -1.2317e-16  1.2038e+00
   26   0.8000   0.2000   0.0000 -3.3764e-04 -2.4395e-04 -9.9747e-17 -1.1102e-16
   27   0.8000   0.4000   0.0000 -3.3763e-04 -4.8733e-04  3.5255e-12 -8.8113e-16
   28   0.8000   0.6000   0.0000 -3.3963e-04 -7.2999e-04  3.5253e-12 -5.4806e-16
   29   0.8000   0.8000   0.0000 -3.4317e-04 -9.7231e-04 -3.1225e-17 -7.7716e-16
   30   0.8000   1.0000   0.0000 -3.4527e-04 -1.2147e-03 -1.6827e-16  0.0000e+00
   31   1.0000   0.0000   0.0000 -2.9192e-04  0.0000e+00  1.4572e-16  1.2018e+00
   32   1.0000   0.2000   0.0000 -2.9204e-04 -2.4328e-04 -3.1225e-16  1.1102e-16
   33   1.0000   0.4000   0.0000 -2.9239e-04 -4.8662e-04  3.4512e-12  1.2362e-15
   34   1.0000   0.6000   0.0000 -2.9486e-04 -7.2975e-04  3.4513e-12  1.2601e-16
   35   1.0000   0.8000   0.0000 -2.9879e-04 -9.7215e-04  1.2663e-16  2.2204e-16
   36   1.0000   1.0000   0.0000 -3.0101e-04 -1.2138e-03  1.3010e-16 -2.2204e-16
   37   1.2000   0.0000   0.0000 -2.4668e-04  0.0000e+00  1.2143e-16  1.1990e+00
   38   1.2000   0.2000   0.0000 -2.4671e-04 -2.4230e-04  9.1767e-16  2.2204e-16
   39   1.2000   0.4000   0.0000 -2.4682e-04 -4.8555e-04  5.0070e-12  1.2560e-15
   40   1.2000   0.6000   0.0000 -2.4994e-04 -7.2927e-04  5.0065e-12 -9.6440e-16
   41   1.2000   0.8000   0.0000 -2.5533e-04 -9.7180e-04 -2.4286e-17 -7.7716e-16
   42   1.2000   1.0000   0.0000 -2.5857e-04 -1.2126e-03  2.9837e-16  8.8818e-16
   43   1.4000   0.0000   0.0000 -2.0240e-04  0.0000e+00  3.4521e-16  1.1948e+00
   44   1.4000   0.2000   0.0000 -2.0194e-04 -2.4058e-04  1.1683e-15  1.4433e-15
   45   1.4000   0.4000   0.0000 -2.0090e-04 -4.8341e-04  3.7230e-12  3.0566e-15
   46   1.4000   0.6000   0.0000 -2.0479e-04 -7.2790e-04  3.7220e-12  5.0308e-16
   47   1.4000   0.8000   0.0000 -2.1299e-04 -9.7064e-04  4.9960e-16 -8.8818e-16
   48   1.4000   1.0000   0.0000 -2.1848e-04 -1.2103e-03  5.2042e-16  1.7764e-15
   49   1.6000   0.0000   0.0000 -1.6014e-04  0.0000e+00  6.6613e-16  1.1894e+00
   50   1.6000   0.2000   0.0000 -1.5852e-04 -2.3778e-04  2.0092e-15  1.9984e-15
   51   1.6000   0.4000   0.0000 -1.5454e-04 -4.7973e-04 -1.9186e-11  5.5210e-15
   52   1.6000   0.6000   0.0000 -1.5914e-04 -7.2495e-04 -1.9186e-11  4.1395e-16
   53   1.6000   0.8000   0.0000 -1.7215e-04 -9.6765e-04  7.3552e-16 -1.3323e-15
   54   1.6000   1.0000   0.0000 -1.8161e-04 -1.2057e-03  1.5266e-16  3.3307e-15
   55   1.8000   0.0000   0.0000 -1.2151e-04  0.0000e+00 -4.3368e-16  1.1852e+00
   56   1.8000   0.2000   0.0000 -1.1778e-04 -2.3408e-04  1.1111e-15 -9.9920e-16
   57   1.8000   0.4000   0.0000 -1.0812e-04 -4.7424e-04 -1.5486e-10  6.1497e-15
   58   1.8000   0.6000   0.0000 -1.1320e-04 -7.1946e-04 -1.5486e-10  1.3758e-15
   59   1.8000   0.8000   0.0000 -1.3356e-04 -9.6113e-04  1.3531e-15  1.6653e-15
   60   1.8000   1.0000   0.0000 -1.4893e-04 -1.1968e-03  3.8164e-16  4.4409e-15
   61   2.0000   0.0000   0.0000 -8.8055e-05  0.0000e+00 -2.5674e-15  1.1872e+00
   62   2.0000   0.2000   0.0000 -8.1760e-05 -2.3092e-04 -8.5001e-17 -1.2212e-14
   63   2.0000   0.4000   0.0000 -6.2937e-05 -4.6805e-04 -6.8140e-10 -1.1504e-14
   64   2.0000   0.6000   0.0000 -6.8262e-05 -7.1051e-04 -6.8140e-10  1.4919e-14
   65   2.0000   0.8000   0.0000 -9.8871e-05 -9.4886e-04  3.0462e-15  1.7764e-14
   66   2.0000   1.0000   0.0000 -1.2060e-04 -1.1816e-03 -3.1919e-16  5.7732e-15
   67   2.2000   0.0000   0.0000 -6.0105e-05  0.0000e+00 -1.8457e-15  1.1977e+00
   68   2.2000   0.2000   0.0000 -5.2416e-05 -2.3032e-04  6.0785e-15 -3.6082e-14
   69   2.2000   0.4000   0.0000 -2.4830e-05 -4.6304e-04 -4.1371e-10 -8.1602e-14
   70   2.2000   0.6000   0.0000 -3.0293e-05 -6.9731e-04 -4.1371e-10  7.8936e-14
   71   2.2000   0.8000   0.0000 -7.0105e-05 -9.3003e-04  5.8148e-15  4.6629e-14
   72   2.2000   1.0000   0.0000 -9.5194e-05 -1.1606e-03 -6.2450e-17  2.2204e-15
   73   2.4000   0.0000   0.0000 -3.7177e-05  0.0000e+00  7.3552e-16  1.2098e+00
   74   2.4000   0.2000   0.0000 -3.0145e-05 -2.3122e-04  7.0777e-16 -4.6296e-14
   75   2.4000   0.4000   0.0000 -4.4927e-06 -4.5905e-04 -3.8938e-10 -6.2870e-14
   76   2.4000   0.6000   0.0000 -1.0027e-05 -6.8255e-04 -3.8939e-10  5.8144e-14
   77   2.4000   0.8000   0.0000 -4.7781e-05 -9.0909e-04 -4.2188e-15  4.4631e-14
   78   2.4000   1.0000   0.0000 -7.1199e-05 -1.1387e-03 -1.8041e-16  1.7764e-15
   79   2.6000   0.0000   0.0000 -1.9624e-05  0.0000e+00  5.6899e-16  1.2148e+00
   80   2.6000   0.2000   0.0000 -1.4212e-05 -2.2925e-04  1.1796e-15 -2.8977e-14
   81   2.6000   0.4000   0.0000 -1.6030e-06 -4.5315e-04 -3.7510e-10 -3.0970e-15
   82   2.6000   0.6000   0.0000 -7.0392e-06 -6.7180e-04 -3.7510e-10  6.1179e-15
   83   2.6000   0.8000   0.0000 -3.1068e-05 -8.9406e-04  1.3184e-15  1.8319e-14
   84   2.6000   1.0000   0.0000 -4.9595e-05 -1.1212e-03  1.3878e-17  1.3323e-15
   85   2.8000   0.0000   0.0000 -7.6898e-06  0.0000e+00  3.8858e-16  1.2105e+00
   86   2.8000   0.2000   0.0000 -4.7306e-06 -2.2479e-04 -1.6515e-15 -1.3989e-14
   87   2.8000   0.4000   0.0000  2.0175e-06 -4.4635e-04  2.5267e-11 -1.5919e-14
   88   2.8000   0.6000   0.0000 -3.0267e-06 -6.6547e-04  2.5270e-11  2.0719e-14
   89   2.8000   0.8000   0.0000 -1.9908e-05 -8.8622e-04 -3.1919e-16  1.3101e-14
   90   2.8000   1.0000   0.0000 -3.2383e-05 -1.1103e-03 -2.6368e-16  1.1102e-15
   91   3.0000   0.0000   0.0000 -8.6101e-07  0.0000e+00  1.1657e-15  1.2027e+00
   92   3.0000   0.2000   0.0000  1.0347e-06 -2.2134e-04  4.3021e-16 -7.4385e-15
   93   3.0000   0.4000   0.0000  6.0794e-06 -4.4152e-04  1.5452e-10 -8.8268e-15
   94   3.0000   0.6000   0.0000  1.7498e-06 -6.6095e-04  1.5452e-10  8.6037e-15
   95   3.0000   0.8000   0.0000 -1.1691e-05 -8.8141e-04 -6.3838e-16  1.0103e-14
   96   3.0000   1.0000   0.0000 -2.0567e-05 -1.1038e-03  5.5511e-17  2.6645e-15
   97   3.2000   0.0000   0.0000  2.6091e-06  0.0000e+00  7.0777e-16  1.1979e+00
   98   3.2000   0.2000   0.0000  4.2912e-06 -2.1930e-04  6.2450e-16 -3.4417e-15
   99   3.2000   0.4000   0.0000  9.3131e-06 -4.3834e-04  1.2240e-10 -5.7997e-15
  100   3.2000   0.6000   0.0000  5.9086e-06 -6.5745e-04  1.2240e-10  7.5062e-16
  101   3.2000   0.8000   0.0000 -5.6515e-06 -8.7753e-04 -5.5511e-16  5.2180e-15
  102   3.2000   1.0000   0.0000 -1.2874e-05 -1.0988e-03  1.1102e-16  1.9984e-15
  103   3.4000   0.0000   0.0000  3.7999e-06  0.0000e+00  2.6368e-16  1.1966e+00
  104   3.4000   0.2000   0.0000  5.5292e-06 -2.1821e-04  2.2204e-16 -7.7716e-16
  105   3.4000   0.4000   0.0000  1.0820e-05 -4.3629e-04  7.7370e-11 -2.0668e-15
  106   3.4000   0.6000   0.0000  8.3887e-06 -6.5458e-04  7.7370e-11  4.8676e-16
  107   3.4000   0.8000   0.0000 -1.6685e-06 -8.7384e-04 -2.4980e-16  3.3307e-15
  108   3.4000   1.0000   0.0000 -7.9662e-06 -1.0942e-03  1.3878e-17  3.3307e-15
  109   3.6000   0.0000   0.0000  3.3368e-06  0.0000e+00  1.3878e-16  1.1981e+00
  110   3.6000   0.2000   0.0000  4.9285e-06 -2.1787e-04 -1.3878e-17  5.5511e-16
  111   3.6000   0.4000   0.0000  1.0319e-05 -4.3505e-04  5.1110e-11  3.7312e-16
  112   3.6000   0.6000   0.0000  8.7915e-06 -6.5207e-04  5.1110e-11  9.2823e-16
  113   3.6000   0.8000   0.0000  3.0209e-07 -8.7020e-04 -2.4980e-16  9.9920e-16
  114   3.6000   1.0000   0.0000 -4.7809e-06 -1.0898e-03 -3.4694e-16  3.9968e-15
  115   3.8000   0.0000   0.0000  1.8752e-06  0.0000e+00  5.5511e-17  1.2008e+00
  116   3.8000   0.2000   0.0000  2.8056e-06 -2.1823e-04 -2.7756e-17  1.3323e-15
  117   3.8000   0.4000   0.0000  7.0127e-06 -4.3472e-04  3.7525e-11 -5.7805e-16
  118   3.8000   0.6000   0.0000  6.2850e-06 -6.4998e-04  3.7525e-11 -1.7993e-15
  119   3.8000   0.8000   0.0000  5.5785e-07 -8.6700e-04 -4.1633e-17  0.0000e+00
  120   3.8000   1.0000   0.0000 -2.3273e-06 -1.0864e-03  4.1633e-17  3.9968e-15
  121   4.0000   0.0000   0.0000  0.0000e+00  0.0000e+00 -1.2599e-01  6.0105e-01
  122   4.0000   0.2000   0.0000  0.0000e+00 -2.1858e-04 -2.5859e-01  8.8818e-16
  123   4.0000   0.4000   0.0000  0.0000e+00 -4.3476e-04 -2.8382e-01  1.2201e-15
  124   4.0000   0.6000   0.0000  0.0000e+00 -6.4904e-04 -2.7991e-01  6.6494e-16
  125   4.0000   0.8000   0.0000  0.0000e+00 -8.6561e-04 -2.4624e-01 -2.2204e-16
  126   4.0000   1.0000   0.0000  0.0000e+00 -1.0851e-03 -1.1587e-01  2.4425e-15
  127   0.0000   0.5000   0.0000 -4.4467e-04 -6.1322e-04 -5.9769e-12  9.3130e-17
  128   0.1333   0.5000   0.0000 -4.3899e-04 -6.1227e-04 -2.3295e-11  2.0754e-15
  129   0.2667   0.5000   0.0000 -4.2480e-04 -6.1131e-04 -1.9103e-11  1.3466e-15
  130   0.4000   0.5000   0.0000 -4.0509e-04 -6.1037e-04 -1.2590e-11  4.2602e-15
  131   0.5333   0.5000   0.0000 -3.8163e-04 -6.0964e-04 -8.2692e-12  1.0211e-15
  132   0.6667   0.5000   0.0000 -3.5549e-04 -6.0907e-04 -5.9032e-12  1.9820e-15
  133   0.8000   0.5000   0.0000 -3.2729e-04 -6.0866e-04 -4.4171e-12  9.1070e-16
  134   0.9333   0.5000   0.0000 -2.9729e-04 -6.0836e-04 -4.3525e-12 -1.4817e-15
  135   1.0667   0.5000   0.0000 -2.6551e-04 -6.0795e-04 -5.0334e-12  6.4669e-16
  136   1.2000   0.5000   0.0000 -2.3165e-04 -6.0739e-04 -6.8490e-12  7.0208e-16
  137   1.3333   0.5000   0.0000 -1.9513e-04 -6.0631e-04 -7.2579e-12 -1.9944e-15
  138   1.4667   0.5000   0.0000 -1.5490e-04 -6.0463e-04 -2.0761e-12 -6.9073e-16
  139   1.6000   0.5000   0.0000 -1.0929e-04 -6.0230e-04  1.2170e-11 -2.7763e-15
  140   1.7333   0.5000   0.0000 -5.5648e-05 -5.9877e-04  1.0715e-10 -3.3785e-15
  141   1.8667   0.5000   0.0000  1.0311e-05 -5.9442e-04  3.2916e-10 -1.3158e-15
  142   2.0000   0.5000   0.0000  9.5585e-05 -5.8925e-04  6.8003e-10 -2.1893e-15
  143   2.1333   0.5000   0.0000  2.1166e-04 -5.8323e-04  2.0108e-09  2.4450e-15
  144   2.2667   0.5000   0.0000  3.7631e-04 -5.7706e-04 -1.0326e-09  1.9786e-15
  145   2.4000   0.5000   0.0000  6.0916e-04 -5.7082e-04  9.6918e-10  4.3665e-15
  146   2.5333   0.5000   0.0000  9.0318e-04 -5.6517e-04  7.5486e-10  1.2276e-15
  147   2.6667   0.5000   0.0000  1.2192e-03 -5.6020e-04  3.3954e-10  8.4814e-16
  148   2.8000   0.5000   0.0000  1.5465e-03 -5.5594e-04 -9.8233e-11 -6.3187e-16
  149   2.9333   0.5000   0.0000  1.8851e-03 -5.5273e-04 -2.0890e-10 -3.0044e-15
  150   3.0667   0.5000   0.0000  2.2349e-03 -5.5006e-04 -2.1130e-10  3.0350e-15
  151   3.2000   0.5000   0.0000  2.5961e-03 -5.4792e-04 -1.5604e-10  4.5351e-15
  152   3.3333   0.5000   0.0000  2.9685e-03 -5.4622e-04 -1.1968e-10  1.2574e-15
  153   3.4667   0.5000   0.0000  3.3523e-03 -5.4478e-04 -9.1102e-11  2.0014e-15
  154   3.6000   0.5000   0.0000  3.7473e-03 -5.4358e-04 -6.5949e-11 -9.4637e-17
  155   3.7333   0.5000   0.0000  4.1536e-03 -5.4272e-04 -4.9297e-11  3.4322e-15
  156   3.8667   0.5000   0.0000  4.5711e-03 -5.4216e-04 -5.3034e-11  5.1537e-16
  157   4.0000   0.5000   0.0000  5.0000e-03 -5.4192e-04  1.3104e+00 -6.8520e-16
