ConFem  ../_DataBond/Pullout2
symmetric system False, used LinAlg2 True, used ConFemMatC True, used CaeFemElemC True
ndofs 314, elems 190, active nodes 157, abs.size 5.96 MItems, rel.size 0.0619 (abs.size/(ndofs**2)
used element CP*4 [char. length, scaling type, scaling factor] span from el 1,0.200,-1,1.000 to el 100,0.200,-1,1.000
used material STEEL, spec. inertial mass 0.00e+00, type ELASTIC
used material ISOD, spec. inertial mass 0.00e+00, type ISODAMAGE, fct 3.50, DStrength 0.3935, reg.type 0, spec.cr.en 6.73e-04, cr.bw 0.00
0 step starts, solution type NR
0   1 1.000 0.00000 iter 0 0.000000e+00 1.000000e+00    0.000000e+00
0   1 1.000 0.05000 iter 1 2.092662e-02 1.000000e+00    6.345569e-04
0   1 1.000 0.05000 iter 2 3.122426e-05 4.757266e-06    6.333385e-04
0   1 1.000 0.05000 iter 3 2.522076e-10 1.027255e-13    6.333420e-04
0   2 1.000 0.05000 iter 0 2.522076e-10 1.000000e+00    0.000000e+00
0   2 1.000 0.10000 iter 1 1.050364e-02 1.000000e+00    6.333167e-04
0   2 1.000 0.10000 iter 2 1.958297e-06 6.199513e-08    6.349592e-04
0   2 1.000 0.10000 iter 3 1.293874e-12 1.260364e-18    6.349596e-04
0   3 1.000 0.10000 iter 0 1.293874e-12 1.000000e+00    0.000000e+00
0   3 1.000 0.15000 iter 1 3.473476e-02 1.000000e+00    6.373292e-04
0   3 1.000 0.15000 iter 2 1.022151e-04 2.328094e-05    6.408300e-04
0   3 1.000 0.15000 iter 3 2.045945e-09 1.783739e-12    6.408677e-04
0   4 1.000 0.15000 iter 0 2.045945e-09 1.000000e+00    0.000000e+00
0   4 1.000 0.20000 iter 1 3.535599e-02 1.000000e+00    6.450181e-04
0   4 1.000 0.20000 iter 2 2.473637e-04 1.274812e-04    6.494421e-04
0   4 1.000 0.20000 iter 3 2.653712e-08 1.166361e-10    6.496247e-04
0   5 1.000 0.20000 iter 0 2.653712e-08 1.000000e+00    0.000000e+00
0   5 1.000 0.25000 iter 1 2.911550e-02 1.000000e+00    6.550744e-04
0   5 1.000 0.25000 iter 2 2.716256e-04 2.052616e-04    6.598287e-04
0   5 1.000 0.25000 iter 3 4.919143e-08 4.321719e-10    6.599473e-04
0   6 1.000 0.25000 iter 0 4.919143e-08 1.000000e+00    0.000000e+00
0   6 1.000 0.30000 iter 1 2.980150e-02 1.000000e+00    6.652477e-04
0   6 1.000 0.30000 iter 2 2.028206e-04 1.957577e-04    6.703530e-04
0   6 1.000 0.30000 iter 3 3.749312e-08 3.901917e-10    6.704376e-04
0   7 1.000 0.30000 iter 0 3.749312e-08 1.000000e+00    0.000000e+00
0   7 1.000 0.35000 iter 1 2.455269e-02 1.000000e+00    6.751157e-04
0   7 1.000 0.35000 iter 2 2.169836e-04 1.637637e-04    6.804450e-04
0   7 1.000 0.35000 iter 3 3.295092e-08 3.242883e-10    6.806685e-04
0   8 1.000 0.35000 iter 0 3.295092e-08 1.000000e+00    0.000000e+00
0   8 1.000 0.40000 iter 1 2.598759e-02 1.000000e+00    6.865425e-04
0   8 1.000 0.40000 iter 2 1.244362e-04 1.022939e-04    6.902204e-04
0   8 1.000 0.40000 iter 3 1.853948e-08 1.635836e-10    6.903221e-04
0   9 1.000 0.40000 iter 0 1.853948e-08 1.000000e+00    0.000000e+00
0   9 1.000 0.45000 iter 1 2.170954e-02 1.000000e+00    6.954919e-04
0   9 1.000 0.45000 iter 2 1.795716e-04 1.012740e-04    6.998210e-04
0   9 1.000 0.45000 iter 3 1.864498e-08 1.553458e-10    7.000695e-04
0  10 1.000 0.45000 iter 0 1.864498e-08 1.000000e+00    0.000000e+00
0  10 1.000 0.50000 iter 1 1.904495e-02 1.000000e+00    7.041928e-04
0  10 1.000 0.50000 iter 2 1.114915e-04 8.869063e-05    7.086698e-04
0  10 1.000 0.50000 iter 3 1.755555e-08 1.326030e-10    7.087844e-04
0  11 1.000 0.50000 iter 0 1.755555e-08 1.000000e+00    0.000000e+00
0  11 1.000 0.55000 iter 1 1.644632e-02 1.000000e+00    7.118357e-04
0  11 1.000 0.55000 iter 2 1.090913e-04 8.295687e-05    7.164947e-04
0  11 1.000 0.55000 iter 3 1.828926e-08 1.568630e-10    7.166043e-04
0  12 1.000 0.55000 iter 0 1.828926e-08 1.000000e+00    0.000000e+00
0  12 1.000 0.60000 iter 1 1.844364e-02 1.000000e+00    7.222011e-04
0  12 1.000 0.60000 iter 2 6.577995e-05 4.640145e-05    7.249222e-04
0  12 1.000 0.60000 iter 3 7.180157e-09 4.002048e-11    7.250022e-04
0  13 1.000 0.60000 iter 0 7.180157e-09 1.000000e+00    0.000000e+00
0  13 1.000 0.65000 iter 1 1.435412e-02 1.000000e+00    7.282050e-04
0  13 1.000 0.65000 iter 2 8.488191e-05 5.457115e-05    7.320731e-04
0  13 1.000 0.65000 iter 3 9.954017e-09 5.694333e-11    7.321838e-04
0  14 1.000 0.65000 iter 0 9.954017e-09 1.000000e+00    0.000000e+00
0  14 1.000 0.70000 iter 1 1.514802e-02 1.000000e+00    7.357198e-04
0  14 1.000 0.70000 iter 2 5.430798e-05 3.349704e-05    7.379667e-04
0  14 1.000 0.70000 iter 3 5.085616e-09 2.872973e-11    7.380281e-04
0  15 1.000 0.70000 iter 0 5.085616e-09 1.000000e+00    0.000000e+00
0  15 1.000 0.75000 iter 1 1.297753e-02 1.000000e+00    7.412767e-04
0  15 1.000 0.75000 iter 2 7.629533e-05 5.415965e-05    7.457935e-04
0  15 1.000 0.75000 iter 3 1.033306e-08 7.956361e-11    7.459080e-04
0  16 1.000 0.75000 iter 0 1.033306e-08 1.000000e+00    0.000000e+00
0  16 1.000 0.80000 iter 1 1.181887e-02 1.000000e+00    7.479508e-04
0  16 1.000 0.80000 iter 2 5.375454e-05 3.578185e-05    7.512523e-04
0  16 1.000 0.80000 iter 3 6.139394e-09 3.531043e-11    7.513182e-04
0  17 1.000 0.80000 iter 0 6.139394e-09 1.000000e+00    0.000000e+00
0  17 1.000 0.85000 iter 1 1.341322e-02 1.000000e+00    7.561543e-04
0  17 1.000 0.85000 iter 2 3.851716e-05 2.245958e-05    7.582137e-04
0  17 1.000 0.85000 iter 3 2.898445e-09 1.200819e-11    7.582689e-04
0  18 1.000 0.85000 iter 0 2.898445e-09 1.000000e+00    0.000000e+00
0  18 1.000 0.90000 iter 1 1.092368e-02 1.000000e+00    7.609517e-04
0  18 1.000 0.90000 iter 2 4.184955e-05 2.295316e-05    7.632920e-04
0  18 1.000 0.90000 iter 3 3.628975e-09 1.591150e-11    7.633490e-04
0  19 1.000 0.90000 iter 0 3.628975e-09 1.000000e+00    0.000000e+00
0  19 1.000 0.95000 iter 1 1.175245e-02 1.000000e+00    7.685750e-04
0  19 1.000 0.95000 iter 2 2.565729e-05 1.302866e-05    7.694675e-04
0  19 1.000 0.95000 iter 3 1.446403e-09 4.099938e-12    7.695062e-04
0  20 1.000 0.95000 iter 0 1.446403e-09 1.000000e+00    0.000000e+00
0  20 1.000 1.00000 iter 1 1.032478e-02 1.000000e+00    7.721980e-04
0  20 1.000 1.00000 iter 2 3.252324e-05 1.889657e-05    7.744847e-04
0  20 1.000 1.00000 iter 3 2.514275e-09 9.847825e-12    7.745391e-04
Element data written 1.000000
Nodal data written 1.000000
Restart data written 1.000000
last iteration data
    9, 0.4500,    3
   10, 0.5000,    3
   11, 0.5500,    3
   12, 0.6000,    3
   13, 0.6500,    3
   14, 0.7000,    3
   15, 0.7500,    3
   16, 0.8000,    3
   17, 0.8500,    3
   18, 0.9000,    3
   19, 0.9500,    3
   20, 1.0000,    3
last timeout data
    9, 0.002250, 0.98
   10, 0.002500, 1.03
   11, 0.002750, 1.08
   12, 0.003000, 1.12
   13, 0.003250, 1.16
   14, 0.003500, 1.20
   15, 0.003750, 1.24
   16, 0.004000, 1.28
   17, 0.004250, 1.31
   18, 0.004500, 1.35
   19, 0.004750, 1.38
   20, 0.005000, 1.41
reached time 1.0000
total comp time 3 seconds
