  1.0000
    1   0.0000   0.0000   0.0000  3.1335e-04  1.7508e-05 -1.5463e-17 -1.2089e-17
    2   0.0000   0.2000   0.0000  3.1402e-04  1.7464e-05  1.4364e-14 -6.7454e-15
    3   0.0000   0.4000   0.0000  3.1502e-04  1.7034e-05 -5.7876e-11  4.8608e-14
    4   0.0000   0.6000   0.0000  3.1502e-04  1.6264e-05 -5.7876e-11 -4.8627e-14
    5   0.0000   0.8000   0.0000  3.1402e-04  1.5835e-05  1.4119e-14  6.6521e-15
    6   0.0000   1.0000   0.0000  3.1335e-04  1.5790e-05  1.6789e-16 -6.8965e-17
    7   0.2000   0.0000   0.0000  3.1331e-04  1.6996e-05 -6.1133e-15  5.4677e-15
    8   0.2000   0.2000   0.0000  3.1394e-04  1.6954e-05  9.6292e-14  6.9894e-14
    9   0.2000   0.4000   0.0000  3.1502e-04  1.6775e-05 -1.3723e-10  3.7570e-13
   10   0.2000   0.6000   0.0000  3.1502e-04  1.6524e-05 -1.3723e-10 -3.7577e-13
   11   0.2000   0.8000   0.0000  3.1394e-04  1.6344e-05  9.6809e-14 -6.9867e-14
   12   0.2000   1.0000   0.0000  3.1331e-04  1.6303e-05 -6.0830e-15 -5.3852e-15
   13   0.4000   0.0000   0.0000  3.1304e-04  1.6838e-05 -4.0182e-14  2.1558e-14
   14   0.4000   0.2000   0.0000  3.1357e-04  1.6900e-05  4.8397e-13  1.7025e-13
   15   0.4000   0.4000   0.0000  3.1486e-04  1.6779e-05 -2.4437e-10  1.0882e-12
   16   0.4000   0.6000   0.0000  3.1486e-04  1.6519e-05 -2.4437e-10 -1.0881e-12
   17   0.4000   0.8000   0.0000  3.1357e-04  1.6399e-05  4.8367e-13 -1.7018e-13
   18   0.4000   1.0000   0.0000  3.1304e-04  1.6460e-05 -4.0384e-14 -2.1599e-14
   19   0.6000   0.0000   0.0000  3.1221e-04  1.6942e-05 -2.1956e-13  8.4054e-14
   20   0.6000   0.2000   0.0000  3.1284e-04  1.7086e-05  1.5861e-12  6.8631e-13
   21   0.6000   0.4000   0.0000  3.1467e-04  1.6879e-05 -4.8064e-10  3.9737e-12
   22   0.6000   0.6000   0.0000  3.1467e-04  1.6419e-05 -4.8064e-10 -3.9737e-12
   23   0.6000   0.8000   0.0000  3.1284e-04  1.6213e-05  1.5863e-12 -6.8637e-13
   24   0.6000   1.0000   0.0000  3.1221e-04  1.6356e-05 -2.1917e-13 -8.4065e-14
   25   0.8000   0.0000   0.0000  3.1054e-04  1.7149e-05 -1.0246e-12  3.2436e-13
   26   0.8000   0.2000   0.0000  3.1159e-04  1.7409e-05  4.6472e-12  3.0468e-12
   27   0.8000   0.4000   0.0000  3.1450e-04  1.7047e-05 -1.0706e-09  1.2951e-11
   28   0.8000   0.6000   0.0000  3.1450e-04  1.6252e-05 -1.0706e-09 -1.2950e-11
   29   0.8000   0.8000   0.0000  3.1159e-04  1.5890e-05  4.6471e-12 -3.0467e-12
   30   0.8000   1.0000   0.0000  3.1054e-04  1.6149e-05 -1.0247e-12 -3.2436e-13
   31   1.0000   0.0000   0.0000  3.0758e-04  1.7277e-05 -3.2361e-12  8.1071e-13
   32   1.0000   0.2000   0.0000  3.0952e-04  1.7752e-05  1.1135e-11  1.2816e-11
   33   1.0000   0.4000   0.0000  3.1427e-04  1.7245e-05 -2.1046e-09  3.2444e-11
   34   1.0000   0.6000   0.0000  3.1427e-04  1.6053e-05 -2.1046e-09 -3.2444e-11
   35   1.0000   0.8000   0.0000  3.0952e-04  1.5546e-05  1.1135e-11 -1.2816e-11
   36   1.0000   1.0000   0.0000  3.0758e-04  1.6021e-05 -3.2363e-12 -8.1068e-13
   37   1.2000   0.0000   0.0000  3.0267e-04  1.6955e-05 -5.0748e-12  8.3310e-13
   38   1.2000   0.2000   0.0000  3.0613e-04  1.7821e-05  1.8756e-11  3.1998e-11
   39   1.2000   0.4000   0.0000  3.1388e-04  1.7360e-05 -3.1304e-09  3.4795e-11
   40   1.2000   0.6000   0.0000  3.1388e-04  1.5939e-05 -3.1304e-09 -3.4795e-11
   41   1.2000   0.8000   0.0000  3.0613e-04  1.5477e-05  1.8757e-11 -3.1998e-11
   42   1.2000   1.0000   0.0000  3.0267e-04  1.6343e-05 -5.0746e-12 -8.3317e-13
   43   1.4000   0.0000   0.0000  2.9513e-04  1.5528e-05  3.9358e-12  1.6262e-12
   44   1.4000   0.2000   0.0000  3.0063e-04  1.7066e-05  1.1910e-10  4.7523e-11
   45   1.4000   0.4000   0.0000  3.1249e-04  1.7176e-05  4.9898e-09  5.9737e-11
   46   1.4000   0.6000   0.0000  3.1249e-04  1.6123e-05  4.9898e-09 -5.9737e-11
   47   1.4000   0.8000   0.0000  3.0063e-04  1.6232e-05  1.1910e-10 -4.7523e-11
   48   1.4000   1.0000   0.0000  2.9513e-04  1.7770e-05  3.9357e-12 -1.6262e-12
   49   1.6000   0.0000   0.0000  2.8472e-04  1.2470e-05  1.0286e-11 -8.0144e-16
   50   1.6000   0.2000   0.0000  2.9185e-04  1.4820e-05  2.1994e-10  7.3462e-11
   51   1.6000   0.4000   0.0000  3.0839e-04  1.6324e-05  8.2412e-08  2.1956e-11
   52   1.6000   0.6000   0.0000  3.0839e-04  1.6974e-05  8.2412e-08 -2.1956e-11
   53   1.6000   0.8000   0.0000  2.9185e-04  1.8479e-05  2.1994e-10 -7.3462e-11
   54   1.6000   1.0000   0.0000  2.8472e-04  2.0829e-05  1.0286e-11  7.9971e-16
   55   1.8000   0.0000   0.0000  2.7179e-04  8.3801e-06  5.3674e-13 -3.6277e-13
   56   1.8000   0.2000   0.0000  2.7898e-04  1.1276e-05  3.7334e-10 -1.3444e-10
   57   1.8000   0.4000   0.0000  2.9704e-04  1.4706e-05  3.0336e-07  3.2611e-11
   58   1.8000   0.6000   0.0000  2.9704e-04  1.8592e-05  3.0336e-07 -3.2611e-11
   59   1.8000   0.8000   0.0000  2.7898e-04  2.2022e-05  3.7334e-10  1.3444e-10
   60   1.8000   1.0000   0.0000  2.7179e-04  2.4918e-05  5.3670e-13  3.6279e-13
   61   2.0000   0.0000   0.0000  2.5648e-04  4.9692e-06 -8.6574e-13  2.9737e-13
   62   2.0000   0.2000   0.0000  2.6225e-04  8.3979e-06  1.5983e-10 -5.5490e-11
   63   2.0000   0.4000   0.0000  2.7534e-04  1.3407e-05 -3.9857e-08 -5.1239e-12
   64   2.0000   0.6000   0.0000  2.7534e-04  1.9891e-05 -3.9857e-08  5.1237e-12
   65   2.0000   0.8000   0.0000  2.6225e-04  2.4900e-05  1.5983e-10  5.5490e-11
   66   2.0000   1.0000   0.0000  2.5648e-04  2.8329e-05 -8.6602e-13 -2.9736e-13
   67   2.2000   0.0000   0.0000  2.3845e-04  3.4291e-06 -3.6435e-13  3.5658e-12
   68   2.2000   0.2000   0.0000  2.4210e-04  7.6562e-06  4.0598e-11 -1.1430e-11
   69   2.2000   0.4000   0.0000  2.4936e-04  1.3291e-05 -1.0061e-07 -2.5666e-11
   70   2.2000   0.6000   0.0000  2.4936e-04  2.0007e-05 -1.0061e-07  2.5666e-11
   71   2.2000   0.8000   0.0000  2.4210e-04  2.5642e-05  4.0598e-11  1.1430e-11
   72   2.2000   1.0000   0.0000  2.3845e-04  2.9869e-05 -3.6433e-13 -3.5658e-12
   73   2.4000   0.0000   0.0000  2.1751e-04  3.3541e-06 -3.0533e-12  3.1503e-12
   74   2.4000   0.2000   0.0000  2.1952e-04  8.1282e-06 -1.7839e-11 -1.4989e-12
   75   2.4000   0.4000   0.0000  2.2449e-04  1.3664e-05  1.4875e-16  5.2398e-17
   76   2.4000   0.6000   0.0000  2.2449e-04  1.9635e-05 -7.3292e-17 -3.1130e-18
   77   2.4000   0.8000   0.0000  2.1952e-04  2.5170e-05 -1.7839e-11  1.4988e-12
   78   2.4000   1.0000   0.0000  2.1751e-04  2.9944e-05 -3.0533e-12 -3.1503e-12
   79   2.6000   0.0000   0.0000  1.9415e-04  3.5960e-06  4.6279e-12 -1.6774e-13
   80   2.6000   0.2000   0.0000  1.9561e-04  8.5796e-06 -4.6480e-12 -3.6805e-12
   81   2.6000   0.4000   0.0000  1.9971e-04  1.3894e-05  4.0441e-17 -3.9418e-18
   82   2.6000   0.6000   0.0000  1.9971e-04  1.9405e-05 -2.8948e-17  6.2194e-17
   83   2.6000   0.8000   0.0000  1.9561e-04  2.4719e-05 -4.6479e-12  3.6804e-12
   84   2.6000   1.0000   0.0000  1.9415e-04  2.9702e-05  4.6278e-12  1.6776e-13
   85   2.8000   0.0000   0.0000  1.6918e-04  3.5668e-06  2.8406e-12 -8.0776e-14
   86   2.8000   0.2000   0.0000  1.7061e-04  8.7204e-06 -9.9329e-13 -1.9672e-12
   87   2.8000   0.4000   0.0000  1.7447e-04  1.3982e-05  6.3968e-17  1.1131e-16
   88   2.8000   0.6000   0.0000  1.7447e-04  1.9317e-05 -1.3032e-16  5.6879e-17
   89   2.8000   0.8000   0.0000  1.7061e-04  2.4578e-05 -9.9334e-13  1.9673e-12
   90   2.8000   1.0000   0.0000  1.6918e-04  2.9732e-05  2.8406e-12  8.0771e-14
   91   3.0000   0.0000   0.0000  1.4302e-04  3.2570e-06 -1.0386e-13  8.9611e-15
   92   3.0000   0.2000   0.0000  1.4456e-04  8.5942e-06 -1.4471e-12 -7.7489e-13
   93   3.0000   0.4000   0.0000  1.4836e-04  1.3956e-05 -2.3094e-16  1.4277e-17
   94   3.0000   0.6000   0.0000  1.4836e-04  1.9342e-05  1.8865e-17  6.3487e-18
   95   3.0000   0.8000   0.0000  1.4456e-04  2.4704e-05 -1.4471e-12  7.7488e-13
   96   3.0000   1.0000   0.0000  1.4302e-04  3.0041e-05 -1.0382e-13 -8.9900e-15
   97   3.2000   0.0000   0.0000  1.1584e-04  2.7438e-06 -2.1373e-13 -2.4481e-15
   98   3.2000   0.2000   0.0000  1.1749e-04  8.2821e-06 -8.7320e-13 -2.3893e-13
   99   3.2000   0.4000   0.0000  1.2132e-04  1.3852e-05  1.2208e-16  4.1578e-17
  100   3.2000   0.6000   0.0000  1.2132e-04  1.9447e-05  1.3596e-16  5.8004e-17
  101   3.2000   0.8000   0.0000  1.1749e-04  2.5016e-05 -8.7316e-13  2.3897e-13
  102   3.2000   1.0000   0.0000  1.1584e-04  3.0555e-05 -2.1375e-13  2.4193e-15
  103   3.4000   0.0000   0.0000  8.7712e-05  2.0517e-06 -3.2510e-13 -2.6355e-15
  104   3.4000   0.2000   0.0000  8.9421e-05  7.8059e-06 -7.8453e-13 -7.0864e-14
  105   3.4000   0.4000   0.0000  9.3161e-05  1.3677e-05 -1.4398e-16  2.7888e-17
  106   3.4000   0.6000   0.0000  9.3161e-05  1.9621e-05 -5.2042e-18  2.9081e-17
  107   3.4000   0.8000   0.0000  8.9421e-05  2.5492e-05 -7.8455e-13  7.0933e-14
  108   3.4000   1.0000   0.0000  8.7712e-05  3.1247e-05 -3.2516e-13  2.6047e-15
  109   3.6000   0.0000   0.0000  5.8811e-05  1.1866e-06 -3.0428e-13 -1.3185e-15
  110   3.6000   0.2000   0.0000  6.0355e-05  7.1533e-06 -5.7593e-13 -6.6822e-14
  111   3.6000   0.4000   0.0000  6.3828e-05  1.3427e-05  2.3419e-17  3.5785e-17
  112   3.6000   0.6000   0.0000  6.3828e-05  1.9872e-05  5.1174e-17  5.3132e-17
  113   3.6000   0.8000   0.0000  6.0355e-05  2.6145e-05 -5.7607e-13  6.6795e-14
  114   3.6000   1.0000   0.0000  5.8811e-05  3.2112e-05 -3.0426e-13  1.3198e-15
  115   3.8000   0.0000   0.0000  2.9475e-05  3.5750e-07 -5.2430e-14 -1.7244e-16
  116   3.8000   0.2000   0.0000  3.0399e-05  6.3981e-06 -2.1202e-13 -4.5615e-14
  117   3.8000   0.4000   0.0000  3.2945e-05  1.3072e-05 -7.4268e-17 -1.1794e-17
  118   3.8000   0.6000   0.0000  3.2945e-05  2.0227e-05 -8.8146e-17  5.0005e-17
  119   3.8000   0.8000   0.0000  3.0399e-05  2.6900e-05 -2.1197e-13  4.5563e-14
  120   3.8000   1.0000   0.0000  2.9475e-05  3.2941e-05 -5.2430e-14  1.8507e-16
  121   4.0000   0.0000   0.0000  0.0000e+00  0.0000e+00 -8.8952e-02 -1.2143e-17
  122   4.0000   0.2000   0.0000  0.0000e+00  6.0189e-06 -1.8366e-01 -5.0625e-15
  123   4.0000   0.4000   0.0000  0.0000e+00  1.2867e-05 -1.9988e-01 -2.5285e-17
  124   4.0000   0.6000   0.0000  0.0000e+00  2.0431e-05 -1.9988e-01  5.0727e-18
  125   4.0000   0.8000   0.0000  0.0000e+00  2.7279e-05 -1.8366e-01  5.0511e-15
  126   4.0000   1.0000   0.0000  0.0000e+00  3.3298e-05 -8.8952e-02  3.5670e-17
  127   0.0000   0.5000   0.0000  3.2818e-04  1.6649e-05  7.4211e-11  4.4858e-17
  128   0.1333   0.5000   0.0000  3.2879e-04  1.6649e-05  1.6238e-10  3.4061e-17
  129   0.2667   0.5000   0.0000  3.3067e-04  1.6649e-05  2.1030e-10 -1.7930e-17
  130   0.4000   0.5000   0.0000  3.3402e-04  1.6649e-05  3.0902e-10  1.0074e-17
  131   0.5333   0.5000   0.0000  3.3916e-04  1.6649e-05  4.9006e-10  2.8757e-18
  132   0.6667   0.5000   0.0000  3.4662e-04  1.6649e-05  8.0757e-10 -4.4858e-17
  133   0.8000   0.5000   0.0000  3.5714e-04  1.6649e-05  1.3440e-09 -1.2472e-16
  134   0.9333   0.5000   0.0000  3.7182e-04  1.6649e-05  2.1969e-09 -3.0944e-17
  135   1.0667   0.5000   0.0000  3.9224e-04  1.6649e-05  3.3658e-09 -2.2364e-17
  136   1.2000   0.5000   0.0000  4.2068e-04  1.6649e-05  4.2427e-09 -1.1520e-17
  137   1.3333   0.5000   0.0000  4.6044e-04  1.6649e-05  1.6983e-09 -3.4302e-17
  138   1.4667   0.5000   0.0000  5.1637e-04  1.6649e-05 -1.6708e-08 -6.4459e-17
  139   1.6000   0.5000   0.0000  5.9537e-04  1.6649e-05 -9.1285e-08  1.6548e-17
  140   1.7333   0.5000   0.0000  7.0651e-04  1.6649e-05 -3.1761e-07  1.1897e-16
  141   1.8667   0.5000   0.0000  8.5872e-04  1.6649e-05 -4.8442e-07  8.5153e-17
  142   2.0000   0.5000   0.0000  1.0513e-03  1.6649e-05  1.0429e-07  6.4765e-17
  143   2.1333   0.5000   0.0000  1.2666e-03  1.6649e-05  3.0275e-07  7.4838e-17
  144   2.2667   0.5000   0.0000  1.4899e-03  1.6649e-05 -4.5059e-16  1.6131e-17
  145   2.4000   0.5000   0.0000  1.7200e-03  1.6649e-05  2.1554e-16 -1.0074e-17
  146   2.5333   0.5000   0.0000  1.9566e-03  1.6649e-05 -3.3957e-16 -6.3800e-17
  147   2.6667   0.5000   0.0000  2.2000e-03  1.6649e-05 -3.3957e-16  5.2047e-18
  148   2.8000   0.5000   0.0000  2.4500e-03  1.6649e-05  1.1037e-15 -1.3072e-16
  149   2.9333   0.5000   0.0000  2.7066e-03  1.6649e-05 -6.7264e-16 -6.1889e-17
  150   3.0667   0.5000   0.0000  2.9700e-03  1.6649e-05  1.0452e-16 -2.9627e-17
  151   3.2000   0.5000   0.0000  3.2400e-03  1.6649e-05 -6.7264e-16 -7.0275e-17
  152   3.3333   0.5000   0.0000  3.5166e-03  1.6649e-05 -1.1753e-16 -3.1185e-17
  153   3.4667   0.5000   0.0000  3.8000e-03  1.6649e-05  1.9919e-15 -4.3059e-17
  154   3.6000   0.5000   0.0000  4.0900e-03  1.6649e-05 -2.6710e-15 -7.7714e-17
  155   3.7333   0.5000   0.0000  4.3867e-03  1.6649e-05  1.4368e-15  5.7515e-18
  156   3.8667   0.5000   0.0000  4.6900e-03  1.6649e-05  1.0452e-16 -1.8701e-17
  157   4.0000   0.5000   0.0000  5.0000e-03  1.6649e-05  9.4500e-01  2.9980e-17
