   -0.00074467   -0.00202080  0       1
   -0.00116160   -0.00210992  0       2
   -0.00188810   -0.00270047  0       3
   -0.00260476   -0.00342373  0       4
   -0.00332463   -0.00420531  0       5
   -0.00404308   -0.00501179  0       6
   -0.00477055   -0.00585363  0       7
   -0.00549849   -0.00669384  0       8
   -0.00622411   -0.00752150  0       9
   -0.00694746   -0.00834000  0      10
   -0.00767433   -0.00916796  0      11
   -0.00840246   -0.00999613  0      12
   -0.00913122   -0.01082175  0      13
   -0.00986048   -0.01164393  0      14
   -0.01059012   -0.01246208  0      15
   -0.01132011   -0.01327586  0      16
   -0.01205044   -0.01408508  0      17
   -0.01278108   -0.01488953  0      18
   -0.01351202   -0.01568910  0      19
   -0.01424325   -0.01648364  0      20
   -0.01497477   -0.01727309  0      21
   -0.01570658   -0.01805735  0      22
   -0.01643868   -0.01883636  0      23
   -0.01717106   -0.01961005  0      24
   -0.01790372   -0.02037834  0      25
   -0.01863667   -0.02114120  0      26
   -0.01936991   -0.02189856  0      27
   -0.02010344   -0.02265035  0      28
   -0.02083726   -0.02339653  0      29
   -0.02157137   -0.02413704  0      30
   -0.02230578   -0.02487182  0      31
   -0.02304049   -0.02560083  0      32
   -0.02377550   -0.02632400  0      33
   -0.02451081   -0.02704128  0      34
   -0.02524644   -0.02775261  0      35
   -0.02598239   -0.02845794  0      36
   -0.02671866   -0.02915721  0      37
   -0.02745525   -0.02985036  0      38
   -0.02819683   -0.03051655  0      39
   -0.02900871   -0.03076361  0      40
   -0.02983816   -0.03087283  0      41
   -0.03066918   -0.03097041  0      42
   -0.03150153   -0.03105807  0      43
   -0.03233500   -0.03113720  0      44
   -0.03316947   -0.03120889  0      45
   -0.03400482   -0.03127405  0      46
   -0.03484095   -0.03133342  0      47
   -0.03567780   -0.03138760  0      48
   -0.03651529   -0.03143711  0      49
