*HEADING
ABAQUS job
*NODE
        1,   0.0000000,  0.0
	2,   0.25,       0.0
        3,   0.5000000,  0.0
	4,   0.75,       0.0
        5,   1.0000000,  0.0
	6,   1.25,       0.0
        7,   1.5000000,  0.0
	8,   1.75,       0.0
        9,   2.0000000,  0.0
       10,   2.25,       0.0
       11,   2.5000000,  0.0
       12,   2.75,       0.0
       13,   3.0000000,  0.0
       14,   3.25,       0.0
       15,   3.5000000,  0.0
       16,   3.75,       0.0
       17,   4.0000000,  0.0
       18,   4.25,       0.0
       19,   4.5000000,  0.0
       20,   4.75,       0.0
       21,   5.0000000,  0.0
************************************************************
*ELEMENT, TYPE=B21E, ELSET=PROP1
        1,       1,    3,   2
        2,       3,    5,   4
        3,       5,    7,   6
        4,       7,    9,   8
        5,       9,    11,  10
        6,      11,    13,  12
        7,      13,    15,  14
        8,      15,    17,  16
        9,      17,    19,  18
       10,      19,    21,  20
************************************************************
*MATERIAL, NAME=MAT1
*RCBEAM
  31900.0, 21.675, -0.0023, -0.0035, 3.0, 50, 1.e-5, 0.0, 6.931471806e-3, 0.0
 200000.0, 0.2, 500.0, 540.0, 0.0500, 1.e-5, 0.0
**----------------------------------------------------------
*MATERIAL, NAME=MAT2
*ELASTIC
    31900.0, 0.2,  1.0e-05
************************************************************
***BEAM SECTION, SECTION=RECT, ELSET=PROP1, MATERIAL=MAT1, REINF=RE1
**   0.2, 0.4
*BEAM SECTION, SECTION=POLYLINE, ELSET=PROP1, MATERIAL=MAT1, REINF=RE1
   -0.2, 0.2
   -0.1, 0.2
    0.2, 0.2
************************************************************
*BEAM REINF, NAME=RE1
 0.1256637062e-2, -0.15,   0.06285, 0.0, TensionStiffening!   
** 0.6283185310e-3,  0.15,   0.03142, 0.0
************************************************************
*STEP
***CONTROLS, ITOL=1.e-4, NITER=20 
*CONTROLS, ITOL=1.e-5, NITER=20 
*STATIC
   0.1,    1.0
*BOUNDARY
        1,   1,   1,     0.0
        1,   2,   2,     0.0
       21,   2,   2,     0.0
**       21,   1,   1,     0.0
**        1,   3,   3,     0.0
**       21,   3,   3,     0.0
**       11,   2,   2,    -0.036 
*CLOAD
**      11,  1,  -0.08
*DLOAD
      PROP1,  2,  -0.04
*EL FILE, FREQUENCY=1.0
*NODE FILE, FREQUENCY=1.0
*END STEP
************************************************************
