Time,   1.0000
      1,   0.0000,   0.0000,   0.0000,    3,    0.0000e+00,  0.0000e+00, -1.4378e-02,      4.0078e-09,  1.0000e-01, -1.2575e-09,      0.0000e+00,  0.0000e+00,  1.2575e-09,
      2,   0.2500,   0.0000,   0.0000,    0,          
      3,   0.5000,   0.0000,   0.0000,    3,    4.4190e-05, -7.0954e-03, -1.3690e-02,     -1.0432e-07,  4.3715e-16,  2.9133e-08,      1.0432e-07, -4.3715e-16, -2.9133e-08,
      4,   0.7500,   0.0000,   0.0000,    0,          
      5,   1.0000,   0.0000,   0.0000,    3,    1.5640e-04, -1.3495e-02, -1.1664e-02,     -1.2926e-06, -4.0523e-15,  2.7141e-07,      1.2926e-06,  4.0523e-15, -2.7141e-07,
      6,   1.2500,   0.0000,   0.0000,    0,          
      7,   1.5000,   0.0000,   0.0000,    3,    3.0711e-04, -1.8579e-02, -8.4985e-03,     -3.9395e-06,  5.9050e-15,  7.4111e-07,      3.9395e-06, -5.9050e-15, -7.4111e-07,
      8,   1.7500,   0.0000,   0.0000,    0,          
      9,   2.0000,   0.0000,   0.0000,    3,    4.7457e-04, -2.1850e-02, -4.4814e-03,     -4.7803e-06, -2.0609e-15,  8.5066e-07,      4.7803e-06,  2.0609e-15, -8.5066e-07,
     10,   2.2500,   0.0000,   0.0000,    0,          
     11,   2.5000,   0.0000,   0.0000,    3,    6.4668e-04, -2.2979e-02, -4.9360e-10,     -3.3307e-16, -2.0609e-15,  1.3878e-16,      3.3307e-16,  2.0609e-15, -1.3878e-16,
     12,   2.7500,   0.0000,   0.0000,    0,          
     13,   3.0000,   0.0000,   0.0000,    3,    8.1879e-04, -2.1850e-02,  4.4814e-03,      4.7803e-06, -2.0609e-15, -8.5066e-07,     -4.7803e-06,  2.0609e-15,  8.5066e-07,
     14,   3.2500,   0.0000,   0.0000,    0,          
     15,   3.5000,   0.0000,   0.0000,    3,    9.8625e-04, -1.8579e-02,  8.4985e-03,      3.9395e-06,  1.9221e-15, -7.4111e-07,     -3.9395e-06, -1.9221e-15,  7.4111e-07,
     16,   3.7500,   0.0000,   0.0000,    0,          
     17,   4.0000,   0.0000,   0.0000,    3,    1.1370e-03, -1.3495e-02,  1.1664e-02,      7.9968e-06, -6.9389e-17, -6.4344e-07,     -7.9968e-06,  6.9389e-17,  6.4344e-07,
     18,   4.2500,   0.0000,   0.0000,    0,          
     19,   4.5000,   0.0000,   0.0000,    3,    1.2492e-03, -7.0954e-03,  1.3690e-02,     -6.6007e-06,  1.9221e-15,  3.4302e-07,      6.6007e-06, -1.9221e-15, -3.4302e-07,
     20,   4.7500,   0.0000,   0.0000,    0,          
     21,   5.0000,   0.0000,   0.0000,    3,    1.2934e-03,  0.0000e+00,  1.4378e-02,     -3.1450e-09,  1.0000e-01,  1.1370e-09,      3.1450e-09,  0.0000e+00, -1.1370e-09,
Time,   1.0000
      1,   0.0000,   0.0000,   0.0000,    3,    0.0000e+00,  0.0000e+00, -1.4378e-02,      4.0078e-09,  1.0000e-01, -1.2575e-09,      0.0000e+00,  0.0000e+00,  1.2575e-09,
      2,   0.2500,   0.0000,   0.0000,    0,          
      3,   0.5000,   0.0000,   0.0000,    3,    4.4190e-05, -7.0954e-03, -1.3690e-02,     -1.0432e-07,  4.3715e-16,  2.9133e-08,      1.0432e-07, -4.3715e-16, -2.9133e-08,
      4,   0.7500,   0.0000,   0.0000,    0,          
      5,   1.0000,   0.0000,   0.0000,    3,    1.5640e-04, -1.3495e-02, -1.1664e-02,     -1.2926e-06, -4.0523e-15,  2.7141e-07,      1.2926e-06,  4.0523e-15, -2.7141e-07,
      6,   1.2500,   0.0000,   0.0000,    0,          
      7,   1.5000,   0.0000,   0.0000,    3,    3.0711e-04, -1.8579e-02, -8.4985e-03,     -3.9395e-06,  5.9050e-15,  7.4111e-07,      3.9395e-06, -5.9050e-15, -7.4111e-07,
      8,   1.7500,   0.0000,   0.0000,    0,          
      9,   2.0000,   0.0000,   0.0000,    3,    4.7457e-04, -2.1850e-02, -4.4814e-03,     -4.7803e-06, -2.0609e-15,  8.5066e-07,      4.7803e-06,  2.0609e-15, -8.5066e-07,
     10,   2.2500,   0.0000,   0.0000,    0,          
     11,   2.5000,   0.0000,   0.0000,    3,    6.4668e-04, -2.2979e-02, -4.9360e-10,     -3.3307e-16, -2.0609e-15,  1.3878e-16,      3.3307e-16,  2.0609e-15, -1.3878e-16,
     12,   2.7500,   0.0000,   0.0000,    0,          
     13,   3.0000,   0.0000,   0.0000,    3,    8.1879e-04, -2.1850e-02,  4.4814e-03,      4.7803e-06, -2.0609e-15, -8.5066e-07,     -4.7803e-06,  2.0609e-15,  8.5066e-07,
     14,   3.2500,   0.0000,   0.0000,    0,          
     15,   3.5000,   0.0000,   0.0000,    3,    9.8625e-04, -1.8579e-02,  8.4985e-03,      3.9395e-06,  1.9221e-15, -7.4111e-07,     -3.9395e-06, -1.9221e-15,  7.4111e-07,
     16,   3.7500,   0.0000,   0.0000,    0,          
     17,   4.0000,   0.0000,   0.0000,    3,    1.1370e-03, -1.3495e-02,  1.1664e-02,      7.9968e-06, -6.9389e-17, -6.4344e-07,     -7.9968e-06,  6.9389e-17,  6.4344e-07,
     18,   4.2500,   0.0000,   0.0000,    0,          
     19,   4.5000,   0.0000,   0.0000,    3,    1.2492e-03, -7.0954e-03,  1.3690e-02,     -6.6007e-06,  1.9221e-15,  3.4302e-07,      6.6007e-06, -1.9221e-15, -3.4302e-07,
     20,   4.7500,   0.0000,   0.0000,    0,          
     21,   5.0000,   0.0000,   0.0000,    3,    1.2934e-03,  0.0000e+00,  1.4378e-02,     -3.1450e-09,  1.0000e-01,  1.1370e-09,      3.1450e-09,  0.0000e+00, -1.1370e-09,
