Time   1.0012
El      1    B23E                                   PROP1                                    MAT1              RCBEAM      1      2      3
   0.0564   0.0000   7.2680e-06   2.0290e-04   5.0566e-03   9.8159e-03   3.7703e-02  -3.3312e-02
   0.2500   0.0000   1.6195e-04   1.7966e-03  -6.3206e-03   3.6009e-02   4.3143e-01  -1.9737e-01
   0.4436   0.0000   3.1662e-04   3.3902e-03   5.0566e-03   6.4606e-02   8.2516e-01  -3.6142e-01
El      2    B23E                                   PROP1                                    MAT1              RCBEAM      3      4      5
   0.5564   0.0000   3.7600e-04   4.1085e-03   1.9178e-03   7.7929e-02   9.9228e-01  -4.4570e-01
   0.7500   0.0000   4.7202e-04   5.3328e-03  -2.3973e-03   9.9945e-02   1.2719e+00  -5.9453e-01
   0.9436   0.0000   5.6804e-04   6.5571e-03   1.9178e-03   1.2054e-01   1.5516e+00  -7.4337e-01
El      3    B23E                                   PROP1                                    MAT1              RCBEAM      5      6      7
   1.0564   0.0000   6.1308e-04   7.2011e-03   1.0829e-03   1.3131e-01   1.6933e+00  -8.2715e-01
   1.2500   0.0000   6.7494e-04   8.1554e-03  -1.3536e-03   1.4693e-01   1.8982e+00  -9.5615e-01
   1.4436   0.0000   7.3679e-04   9.1097e-03   1.0829e-03   1.6175e-01   2.1032e+00  -1.0851e+00
El      4    B23E                                   PROP1                                    MAT1              RCBEAM      7      8      9
   1.5564   0.0000   7.6369e-04   9.5772e-03   4.3811e-04   1.6894e-01   2.2003e+00  -1.1517e+00
   1.7500   0.0000   7.9723e-04   1.0193e-02  -5.4763e-04   1.7823e-01   2.3262e+00  -1.2413e+00
   1.9436   0.0000   8.3077e-04   1.0809e-02   4.3811e-04   1.8720e-01   2.4521e+00  -1.3309e+00
El      5    B23E                                   PROP1                                    MAT1              RCBEAM      9     10     11
   2.0564   0.0000   8.3961e-04   1.1036e-02  -2.1794e-03   1.9062e-01   2.4951e+00  -1.3677e+00
   2.2500   0.0000   1.6436e-03   1.7503e-02   2.7242e-03   1.9411e-01   4.2691e+00  -1.8570e+00
   2.4436   0.0000   2.4476e-03   2.3970e-02  -2.1794e-03   1.9671e-01   6.0431e+00  -2.3464e+00
El      6    B23E                                   PROP1                                    MAT1              RCBEAM     11     12     13
   2.5564   0.0000   2.4476e-03   2.3970e-02  -2.1794e-03   1.9671e-01   6.0431e+00  -2.3464e+00
   2.7500   0.0000   1.6436e-03   1.7503e-02   2.7242e-03   1.9411e-01   4.2691e+00  -1.8570e+00
   2.9436   0.0000   8.3961e-04   1.1036e-02  -2.1794e-03   1.9062e-01   2.4951e+00  -1.3677e+00
El      7    B23E                                   PROP1                                    MAT1              RCBEAM     13     14     15
   3.0564   0.0000   8.3077e-04   1.0809e-02   4.3811e-04   1.8720e-01   2.4521e+00  -1.3309e+00
   3.2500   0.0000   7.9723e-04   1.0193e-02  -5.4763e-04   1.7823e-01   2.3262e+00  -1.2413e+00
   3.4436   0.0000   7.6369e-04   9.5772e-03   4.3811e-04   1.6894e-01   2.2003e+00  -1.1517e+00
El      8    B23E                                   PROP1                                    MAT1              RCBEAM     15     16     17
   3.5564   0.0000   7.3679e-04   9.1097e-03   1.0829e-03   1.6175e-01   2.1032e+00  -1.0851e+00
   3.7500   0.0000   6.7494e-04   8.1554e-03  -1.3536e-03   1.4693e-01   1.8982e+00  -9.5615e-01
   3.9436   0.0000   6.1308e-04   7.2011e-03   1.0829e-03   1.3131e-01   1.6933e+00  -8.2715e-01
El      9    B23E                                   PROP1                                    MAT1              RCBEAM     17     18     19
   4.0564   0.0000   5.6804e-04   6.5571e-03   1.9178e-03   1.2054e-01   1.5516e+00  -7.4337e-01
   4.2500   0.0000   4.7202e-04   5.3328e-03  -2.3973e-03   9.9945e-02   1.2719e+00  -5.9453e-01
   4.4436   0.0000   3.7600e-04   4.1085e-03   1.9178e-03   7.7929e-02   9.9228e-01  -4.4570e-01
El     10    B23E                                   PROP1                                    MAT1              RCBEAM     19     20     21
   4.5564   0.0000   3.1662e-04   3.3902e-03   5.0566e-03   6.4606e-02   8.2516e-01  -3.6142e-01
   4.7500   0.0000   1.6195e-04   1.7966e-03  -6.3206e-03   3.6009e-02   4.3143e-01  -1.9737e-01
   4.9436   0.0000   7.2680e-06   2.0290e-04   5.0566e-03   9.8159e-03   3.7703e-02  -3.3312e-02
