Time,   1.0012
      1,   0.0000,   0.0000,   0.0000,    3,    0.0000e+00,  0.0000e+00, -2.1490e-02,     -9.9934e-08,  1.5719e-01,  5.0106e-09,      0.0000e+00,  0.0000e+00, -5.0106e-09,
      2,   0.2500,   0.0000,   0.0000,    1,    1.5525e-05,     -2.7863e-10,      2.7863e-10,
      3,   0.5000,   0.0000,   0.0000,    3,    8.0973e-05, -1.0606e-02, -2.0592e-02,      9.9861e-08, -1.2573e-10, -4.9998e-09,     -9.9861e-08,  1.2573e-10,  4.9998e-09,
      4,   0.7500,   0.0000,   0.0000,    1,    1.8348e-04,     -3.4012e-10,      3.4012e-10,
      5,   1.0000,   0.0000,   0.0000,    3,    3.1698e-04, -2.0302e-02, -1.7926e-02,     -2.0864e-10, -4.1004e-11,  2.8112e-12,      2.0864e-10,  4.1004e-11, -2.8112e-12,
      6,   1.2500,   0.0000,   0.0000,    1,    4.7574e-04,     -4.1096e-10,      4.1096e-10,
      7,   1.5000,   0.0000,   0.0000,    3,    6.5445e-04, -2.8296e-02, -1.3848e-02,     -2.4220e-10,  5.3543e-11,  7.3734e-12,      2.4220e-10, -5.3543e-11, -7.3734e-12,
      8,   1.7500,   0.0000,   0.0000,    1,    8.4835e-04,     -2.4135e-10,      2.4135e-10,
      9,   2.0000,   0.0000,   0.0000,    3,    1.0531e-03, -3.3980e-02, -8.7516e-03,      5.2457e-10,  2.5386e-09,  2.4745e-10,     -5.2457e-10, -2.5386e-09, -2.4745e-10,
     10,   2.2500,   0.0000,   0.0000,    1,    1.3342e-03,      6.1985e-09,     -6.1985e-09,
     11,   2.5000,   0.0000,   0.0000,    3,    1.8749e-03, -3.6515e-02, -1.8962e-17,     -1.1123e-15, -4.7415e-09,  8.3267e-16,      1.1123e-15,  4.7415e-09, -8.3267e-16,
     12,   2.7500,   0.0000,   0.0000,    1,    2.4155e-03,     -6.1985e-09,      6.1985e-09,
     13,   3.0000,   0.0000,   0.0000,    3,    2.6967e-03, -3.3980e-02,  8.7516e-03,     -5.2457e-10,  2.5386e-09, -2.4745e-10,      5.2457e-10, -2.5386e-09,  2.4745e-10,
     14,   3.2500,   0.0000,   0.0000,    1,    2.9014e-03,      2.4135e-10,     -2.4135e-10,
     15,   3.5000,   0.0000,   0.0000,    3,    3.0953e-03, -2.8296e-02,  1.3848e-02,      2.4221e-10,  5.3539e-11, -7.3729e-12,     -2.4221e-10, -5.3539e-11,  7.3729e-12,
     16,   3.7500,   0.0000,   0.0000,    1,    3.2740e-03,      4.1096e-10,     -4.1096e-10,
     17,   4.0000,   0.0000,   0.0000,    3,    3.4328e-03, -2.0302e-02,  1.7926e-02,      2.0864e-10, -4.1001e-11, -2.8108e-12,     -2.0864e-10,  4.1001e-11,  2.8108e-12,
     18,   4.2500,   0.0000,   0.0000,    1,    3.5663e-03,      3.4012e-10,     -3.4012e-10,
     19,   4.5000,   0.0000,   0.0000,    3,    3.6688e-03, -1.0606e-02,  2.0592e-02,     -9.9861e-08, -1.2573e-10,  4.9998e-09,      9.9861e-08,  1.2573e-10, -4.9998e-09,
     20,   4.7500,   0.0000,   0.0000,    1,    3.7342e-03,      2.7863e-10,     -2.7863e-10,
     21,   5.0000,   0.0000,   0.0000,    3,    3.7497e-03,  0.0000e+00,  2.1490e-02,      9.9934e-08,  1.5719e-01, -5.0106e-09,     -9.9934e-08,  0.0000e+00,  5.0106e-09,
