*HEADING
 shell
*NODE
 1640, -1.0591e+00,  4.9696e-02,  1.0607e+00,     -6.4899e-01,  3.0994e-02,  7.5764e-01
 2289, -9.1751e-01, -5.3058e-01,  1.0607e+00,     -5.6309e-01, -3.2574e-01,  7.5699e-01
 2292, -4.8487e-01, -9.4212e-01,  1.0607e+00,     -2.9730e-01, -5.7817e-01,  7.5732e-01
 2295,  1.0145e-01, -1.0545e+00,  1.0607e+00,      6.2595e-02, -6.4715e-01,  7.5727e-01
 2298,  6.5540e-01, -8.3216e-01,  1.0607e+00,      4.0213e-01, -5.1004e-01,  7.5784e-01
 2301,  1.0013e+00, -3.4572e-01,  1.0607e+00,      6.1310e-01, -2.1138e-01,  7.5867e-01
 2304,  1.0293e+00,  2.5049e-01,  1.0607e+00,      6.3090e-01,  1.5379e-01,  7.5791e-01
 2307,  7.3050e-01,  7.6723e-01,  1.0607e+00,      4.4791e-01,  4.7040e-01,  7.5776e-01
 2310,  1.9976e-01,  1.0405e+00,  1.0607e+00,      1.2275e-01,  6.3786e-01,  7.5775e-01
 2313, -3.9457e-01,  9.8350e-01,  1.0607e+00,     -2.4139e-01,  6.0319e-01,  7.5765e-01
 2316, -8.6387e-01,  6.1421e-01,  1.0607e+00,     -5.2892e-01,  3.7710e-01,  7.5777e-01
 2474,  1.0367e+00, -1.9884e-01,  1.0607e+00,      6.4094e-01, -1.1234e-01,  7.5821e-01
 2475,  1.0533e+00, -4.9278e-02,  1.0607e+00,      6.5129e-01, -3.0757e-02,  7.5708e-01
 2476,  1.0508e+00,  1.0117e-01,  1.0607e+00,      6.5042e-01,  5.1987e-02,  7.5665e-01
 2477,  9.7957e-01,  3.9339e-01,  1.0607e+00,      6.0132e-01,  2.5281e-01,  7.5683e-01
 2478,  9.1260e-01,  5.2815e-01,  1.0607e+00,      5.6564e-01,  3.2720e-01,  7.5583e-01
 2479,  8.2918e-01,  6.5338e-01,  1.0607e+00,      5.1984e-01,  3.9589e-01,  7.5586e-01
 2480,  6.1131e-01,  8.6075e-01,  1.0607e+00,      3.6920e-01,  5.3780e-01,  7.5679e-01
 2481,  4.8209e-01,  9.3786e-01,  1.0607e+00,      2.9875e-01,  5.8115e-01,  7.5585e-01
 2482,  3.4418e-01,  9.9807e-01,  1.0607e+00,      2.2326e-01,  6.1404e-01,  7.5592e-01
 2483,  4.8798e-02,  1.0548e+00,  1.0607e+00,      1.9940e-02,  6.5202e-01,  7.5679e-01
 2484, -1.0159e-01,  1.0498e+00,  1.0607e+00,     -6.3013e-02,  6.5042e-01,  7.5583e-01
 2485, -2.5016e-01,  1.0259e+00,  1.0607e+00,     -1.4422e-01,  6.3736e-01,  7.5584e-01
 2486, -5.2938e-01,  9.1402e-01,  1.0607e+00,     -3.3546e-01,  5.5929e-01,  7.5690e-01
 2487, -6.5318e-01,  8.2850e-01,  1.0607e+00,     -4.0460e-01,  5.1297e-01,  7.5594e-01
 2488, -7.6520e-01,  7.2802e-01,  1.0607e+00,     -4.6587e-01,  4.5808e-01,  7.5594e-01
 2489, -9.3976e-01,  4.8304e-01,  1.0607e+00,     -5.8441e-01,  2.8950e-01,  7.5689e-01
 2490, -9.9772e-01,  3.4419e-01,  1.0607e+00,     -6.1759e-01,  2.1287e-01,  7.5601e-01
 2491, -1.0376e+00,  1.9910e-01,  1.0607e+00,     -6.3913e-01,  1.3334e-01,  7.5634e-01
 2492, -1.0520e+00, -1.0136e-01,  1.0607e+00,     -6.4797e-01, -7.2824e-02,  7.5700e-01
 2493, -1.0256e+00, -2.4948e-01,  1.0607e+00,     -6.3441e-01, -1.5529e-01,  7.5610e-01
 2494, -9.8057e-01, -3.9308e-01,  1.0607e+00,     -6.0937e-01, -2.3412e-01,  7.5641e-01
 2495, -8.2998e-01, -6.5349e-01,  1.0607e+00,     -5.0707e-01, -4.1244e-01,  7.5566e-01
 2496, -7.2778e-01, -7.6391e-01,  1.0607e+00,     -4.5063e-01, -4.7373e-01,  7.5550e-01
 2497, -6.1238e-01, -8.6048e-01,  1.0607e+00,     -3.8623e-01, -5.2621e-01,  7.5644e-01
 2498, -3.4488e-01, -9.9810e-01,  1.0607e+00,     -2.0356e-01, -6.2086e-01,  7.5589e-01
 2499, -1.9922e-01, -1.0358e+00,  1.0607e+00,     -1.2324e-01, -6.4176e-01,  7.5580e-01
 2500, -4.9943e-02, -1.0547e+00,  1.0607e+00,     -4.0611e-02, -6.5130e-01,  7.5658e-01
 2501,  2.4948e-01, -1.0259e+00,  1.0607e+00,      1.6453e-01, -6.3262e-01,  7.5565e-01
 2502,  3.9242e-01, -9.7886e-01,  1.0607e+00,      2.4323e-01, -6.0688e-01,  7.5552e-01
 2503,  5.2826e-01, -9.1413e-01,  1.0607e+00,      3.1777e-01, -5.6993e-01,  7.5660e-01
 2504,  7.6449e-01, -7.2792e-01,  1.0607e+00,      4.7967e-01, -4.4238e-01,  7.5665e-01
 2505,  8.5933e-01, -6.1109e-01,  1.0607e+00,      5.3111e-01, -3.7796e-01,  7.5720e-01
 2506,  9.3863e-01, -4.8321e-01,  1.0607e+00,      5.7398e-01, -3.0711e-01,  7.5795e-01
 2794, -9.2808e-01, -9.0290e-02,  1.1678e+00,     -6.1611e-01, -6.9547e-02,  7.8251e-01
 2795, -9.0518e-01, -2.2150e-01,  1.1674e+00,     -6.0339e-01, -1.4804e-01,  7.8150e-01
 2796, -8.6509e-01, -3.4836e-01,  1.1675e+00,     -5.7885e-01, -2.2325e-01,  7.8220e-01
 2797, -9.3271e-01,  4.2833e-02,  1.1692e+00,     -6.1635e-01,  2.8175e-02,  7.8368e-01
 2798, -9.1583e-01,  1.7480e-01,  1.1679e+00,     -6.0752e-01,  1.2566e-01,  7.8219e-01
 2799, -8.8098e-01,  3.0319e-01,  1.1676e+00,     -5.8705e-01,  2.0246e-01,  7.8172e-01
 2800, -8.2936e-01,  4.2581e-01,  1.1678e+00,     -5.5533e-01,  2.7536e-01,  7.8262e-01
 2801, -8.0810e-01, -4.6840e-01,  1.1688e+00,     -5.3402e-01, -3.0906e-01,  7.8366e-01
 2802, -7.3261e-01, -5.7753e-01,  1.1675e+00,     -4.8175e-01, -3.9197e-01,  7.8160e-01
 2803, -6.4255e-01, -6.7506e-01,  1.1672e+00,     -4.2756e-01, -4.5096e-01,  7.8135e-01
 2804, -5.4008e-01, -7.5985e-01,  1.1676e+00,     -3.6617e-01, -5.0049e-01,  7.8240e-01
 2805, -4.2684e-01, -8.2992e-01,  1.1691e+00,     -2.8224e-01, -5.4833e-01,  7.8392e-01
 2806, -3.0387e-01, -8.8098e-01,  1.1679e+00,     -1.9351e-01, -5.8991e-01,  7.8178e-01
 2807, -1.7506e-01, -9.1451e-01,  1.1676e+00,     -1.1604e-01, -6.1041e-01,  7.8144e-01
 2808, -4.2915e-02, -9.3074e-01,  1.1678e+00,     -3.7509e-02, -6.1899e-01,  7.8241e-01
 2809,  9.0103e-02, -9.2881e-01,  1.1690e+00,      5.9256e-02, -6.1390e-01,  7.8388e-01
 2810,  2.2087e-01, -9.0565e-01,  1.1675e+00,      1.5617e-01, -6.0099e-01,  7.8169e-01
 2811,  3.4700e-01, -8.6453e-01,  1.1671e+00,      2.3229e-01, -5.7656e-01,  7.8124e-01
 2812,  4.6653e-01, -8.0686e-01,  1.1674e+00,      3.0312e-01, -5.4128e-01,  7.8223e-01
 2813,  5.7703e-01, -7.3312e-01,  1.1689e+00,      3.8162e-01, -4.8432e-01,  7.8403e-01
 2814,  6.7428e-01, -6.4262e-01,  1.1677e+00,      4.5611e-01, -4.2050e-01,  7.8218e-01
 2815,  7.5807e-01, -5.3958e-01,  1.1674e+00,      5.0567e-01, -3.5872e-01,  7.8259e-01
 2816, -7.6128e-01,  5.4011e-01,  1.1691e+00,     -5.0283e-01,  3.5678e-01,  7.8409e-01
 2817, -6.7583e-01,  6.4192e-01,  1.1679e+00,     -4.4341e-01,  4.3429e-01,  7.8192e-01
 2818, -5.7713e-01,  7.3093e-01,  1.1676e+00,     -3.8440e-01,  4.8814e-01,  7.8148e-01
 2819, -4.6744e-01,  8.0613e-01,  1.1678e+00,     -3.1879e-01,  5.3161e-01,  7.8263e-01
 2820, -3.4848e-01,  8.6545e-01,  1.1693e+00,     -2.3057e-01,  5.7172e-01,  7.8410e-01
 2821,  8.2766e-01, -4.2652e-01,  1.1677e+00,      5.4506e-01, -2.9165e-01,  7.8394e-01
 2822, -2.2158e-01,  9.0505e-01,  1.1680e+00,     -1.3822e-01,  6.0514e-01,  7.8186e-01
 2823, -9.0415e-02,  9.2657e-01,  1.1676e+00,     -5.9434e-02,  6.1853e-01,  7.8143e-01
 2824,  4.2527e-02,  9.3071e-01,  1.1678e+00,      1.9245e-02,  6.1975e-01,  7.8249e-01
 2825,  1.7488e-01,  9.1637e-01,  1.1692e+00,      1.1511e-01,  6.0573e-01,  7.8403e-01
 2826,  3.0305e-01,  8.8097e-01,  1.1679e+00,      2.1094e-01,  5.8382e-01,  7.8183e-01
 2827,  4.2504e-01,  8.2817e-01,  1.1675e+00,      2.8449e-01,  5.5232e-01,  7.8150e-01
 2828,  5.3903e-01,  7.5966e-01,  1.1678e+00,      3.5106e-01,  5.1079e-01,  7.8268e-01
 2829,  6.4256e-01,  6.7612e-01,  1.1692e+00,      4.2386e-01,  4.4722e-01,  7.8433e-01
 2830,  7.3122e-01,  5.7708e-01,  1.1680e+00,      4.9274e-01,  3.7683e-01,  7.8214e-01
 2831,  8.0524e-01,  4.6668e-01,  1.1676e+00,      5.3777e-01,  3.1040e-01,  7.8177e-01
 2832,  8.6399e-01,  3.4739e-01,  1.1679e+00,      5.7141e-01,  2.3970e-01,  7.8280e-01
 2833,  9.0580e-01,  2.2115e-01,  1.1694e+00,      5.9834e-01,  1.4664e-01,  7.8440e-01
 2834,  9.2649e-01,  8.9774e-02,  1.1683e+00,      6.1865e-01,  4.9613e-02,  7.8196e-01
 2835,  9.2877e-01, -4.3461e-02,  1.1680e+00,      6.1908e-01, -3.0755e-02,  7.8266e-01
 2836,  9.1372e-01, -1.7589e-01,  1.1680e+00,      6.0827e-01, -1.0751e-01,  7.8435e-01
 2837,  8.8102e-01, -3.0492e-01,  1.1692e+00,      5.8120e-01, -2.0067e-01,  7.8524e-01
 2838, -1.9534e-01,  7.8859e-01,  1.2549e+00,     -1.2665e-01,  5.3755e-01,  8.3168e-01
 2839, -3.0651e-01,  7.5398e-01,  1.2550e+00,     -2.0760e-01,  5.0703e-01,  8.3406e-01
 2840, -4.1053e-01,  7.0265e-01,  1.2536e+00,     -2.8335e-01,  4.7278e-01,  8.3250e-01
 2841, -5.0655e-01,  6.3676e-01,  1.2535e+00,     -3.4326e-01,  4.3367e-01,  8.3117e-01
 2842, -5.9290e-01,  5.5856e-01,  1.2535e+00,     -3.9790e-01,  3.8373e-01,  8.3140e-01
 2843, -6.6680e-01,  4.6981e-01,  1.2539e+00,     -4.4906e-01,  3.1584e-01,  8.3341e-01
 2844, -7.2494e-01,  3.7062e-01,  1.2536e+00,     -4.9288e-01,  2.4539e-01,  8.3284e-01
 2845, -7.6906e-01,  2.6315e-01,  1.2542e+00,     -5.2269e-01,  1.8000e-01,  8.3138e-01
 2846, -7.9878e-01,  1.5010e-01,  1.2549e+00,     -5.4072e-01,  1.0934e-01,  8.3212e-01
 2847, -8.1371e-01,  3.4879e-02,  1.2553e+00,     -5.4540e-01,  2.2891e-02,  8.3510e-01
 2848, -8.0975e-01, -8.0579e-02,  1.2541e+00,     -5.4674e-01, -6.1786e-02,  8.3305e-01
 2849, -7.8962e-01, -1.9520e-01,  1.2540e+00,     -5.3742e-01, -1.3338e-01,  8.3074e-01
 2850, -7.5418e-01, -3.0670e-01,  1.2538e+00,     -5.1314e-01, -2.0256e-01,  8.3213e-01
 2851, -7.0465e-01, -4.1167e-01,  1.2537e+00,     -4.7180e-01, -2.7539e-01,  8.3504e-01
 2852, -6.3966e-01, -5.0675e-01,  1.2526e+00,     -4.2837e-01, -3.4837e-01,  8.3176e-01
 2853, -5.6069e-01, -5.9166e-01,  1.2525e+00,     -3.7980e-01, -4.0349e-01,  8.3058e-01
 2854, -4.7034e-01, -6.6561e-01,  1.2528e+00,     -3.2311e-01, -4.4724e-01,  8.3214e-01
 2855, -3.7130e-01, -7.2630e-01,  1.2537e+00,     -2.5005e-01, -4.8678e-01,  8.3448e-01
 2856, -2.6467e-01, -7.7022e-01,  1.2535e+00,     -1.7338e-01, -5.2326e-01,  8.3232e-01
 2857, -1.5205e-01, -7.9851e-01,  1.2539e+00,     -1.0232e-01, -5.4334e-01,  8.3130e-01
 2858, -3.5749e-02, -8.1206e-01,  1.2542e+00,     -3.0079e-02, -5.5096e-01,  8.3209e-01
 2859,  8.0739e-02, -8.1017e-01,  1.2547e+00,      5.3887e-02, -5.4439e-01,  8.3458e-01
 2860,  1.9439e-01, -7.9087e-01,  1.2533e+00,      1.3792e-01, -5.3472e-01,  8.3176e-01
 2861,  3.0335e-01, -7.5510e-01,  1.2532e+00,      2.0765e-01, -5.1452e-01,  8.3013e-01
 2862, -8.0274e-02,  8.0829e-01,  1.2543e+00,     -5.3146e-02,  5.5039e-01,  8.3125e-01
 2863,  4.0669e-01, -7.0501e-01,  1.2534e+00,      2.7148e-01, -4.8236e-01,  8.3103e-01
 2864,  5.0196e-01, -6.4036e-01,  1.2549e+00,      3.3763e-01, -4.3099e-01,  8.3428e-01
 2865,  5.8714e-01, -5.6135e-01,  1.2545e+00,      4.0412e-01, -3.7486e-01,  8.3227e-01
 2866,  6.6105e-01, -4.7094e-01,  1.2539e+00,      4.5313e-01, -3.1861e-01,  8.3077e-01
 2867,  7.2221e-01, -3.7227e-01,  1.2534e+00,      4.8864e-01, -2.5861e-01,  8.3166e-01
 2868,  7.6835e-01, -2.6710e-01,  1.2543e+00,      5.1789e-01, -1.7931e-01,  8.3395e-01
 2869,  7.9632e-01, -1.5489e-01,  1.2540e+00,      5.4029e-01, -9.9289e-02,  8.3388e-01
 2870,  8.0934e-01, -3.7971e-02,  1.2549e+00,      5.5189e-01, -3.1135e-02,  8.3148e-01
 2871,  8.0779e-01,  8.0038e-02,  1.2552e+00,      5.5059e-01,  4.6841e-02,  8.3128e-01
 2872,  7.8979e-01,  1.9496e-01,  1.2548e+00,      5.3140e-01,  1.3368e-01,  8.3411e-01
 2873,  7.5312e-01,  3.0432e-01,  1.2541e+00,      5.0793e-01,  2.1204e-01,  8.3301e-01
 2874,  7.0109e-01,  4.0830e-01,  1.2546e+00,      4.7812e-01,  2.7646e-01,  8.3172e-01
 2875,  6.3556e-01,  5.0485e-01,  1.2551e+00,      4.3592e-01,  3.3797e-01,  8.3213e-01
 2876,  5.5857e-01,  5.9118e-01,  1.2550e+00,      3.7506e-01,  3.9897e-01,  8.3430e-01
 2877,  4.6874e-01,  6.6337e-01,  1.2543e+00,      3.1297e-01,  4.5316e-01,  8.3280e-01
 2878,  3.6898e-01,  7.2304e-01,  1.2545e+00,      2.5296e-01,  4.9145e-01,  8.3140e-01
 2879,  2.6163e-01,  7.6882e-01,  1.2550e+00,      1.8413e-01,  5.2038e-01,  8.3183e-01
 2880,  1.5021e-01,  7.9986e-01,  1.2549e+00,      9.9820e-02,  5.3901e-01,  8.3388e-01
 2881,  3.5791e-02,  8.1247e-01,  1.2539e+00,      1.8069e-02,  5.5083e-01,  8.3253e-01
 2882, -1.7523e-01,  6.7993e-01,  1.3215e+00,     -1.1504e-01,  4.5846e-01,  8.7899e-01
 2883, -2.7328e-01,  6.5355e-01,  1.3181e+00,     -1.9023e-01,  4.4283e-01,  8.7460e-01
 2884, -3.5956e-01,  6.0939e-01,  1.3174e+00,     -2.5113e-01,  4.1622e-01,  8.7281e-01
 2885, -4.4239e-01,  5.5099e-01,  1.3182e+00,     -2.9636e-01,  3.7456e-01,  8.7680e-01
 2886, -5.1864e-01,  4.8194e-01,  1.3180e+00,     -3.4535e-01,  3.2721e-01,  8.7758e-01
 2887, -5.8385e-01,  4.0801e-01,  1.3160e+00,     -4.0060e-01,  2.7607e-01,  8.7214e-01
 2888, -6.2930e-01,  3.2425e-01,  1.3173e+00,     -4.2762e-01,  2.1717e-01,  8.7625e-01
 2889, -6.6150e-01,  2.2609e-01,  1.3230e+00,     -4.4692e-01,  1.5768e-01,  8.7839e-01
 2890, -6.8961e-01,  1.2441e-01,  1.3224e+00,     -4.5898e-01,  8.3572e-02,  8.8199e-01
 2891, -7.0394e-01,  2.5315e-02,  1.3202e+00,     -4.7323e-01,  1.2565e-02,  8.7924e-01
 2892, -7.0224e-01, -7.1021e-02,  1.3186e+00,     -4.7304e-01, -4.8874e-02,  8.7828e-01
 2893, -6.8083e-01, -1.7087e-01,  1.3215e+00,     -4.5937e-01, -1.1337e-01,  8.7860e-01
 2894, -6.4883e-01, -2.7180e-01,  1.3204e+00,     -4.3700e-01, -1.8505e-01,  8.7826e-01
 2895, -6.0944e-01, -3.6496e-01,  1.3164e+00,     -4.0842e-01, -2.4670e-01,  8.7742e-01
 2896, -5.5433e-01, -4.4471e-01,  1.3160e+00,     -3.7986e-01, -3.0671e-01,  8.7150e-01
 2897, -4.8453e-01, -5.1831e-01,  1.3167e+00,     -3.2542e-01, -3.5014e-01,  8.7636e-01
 2898, -4.0485e-01, -5.8356e-01,  1.3160e+00,     -2.7475e-01, -3.9432e-01,  8.7542e-01
 2899, -3.2334e-01, -6.3707e-01,  1.3140e+00,     -2.2139e-01, -4.3502e-01,  8.7162e-01
 2900, -2.3609e-01, -6.7085e-01,  1.3155e+00,     -1.5921e-01, -4.5598e-01,  8.7436e-01
 2901, -1.3782e-01, -6.8994e-01,  1.3199e+00,     -9.5065e-02, -4.6718e-01,  8.7714e-01
 2902, -3.2495e-02, -7.0048e-01,  1.3215e+00,     -2.4107e-02, -4.7107e-01,  8.7961e-01
 2903,  7.0272e-02, -7.0191e-01,  1.3193e+00,      4.7255e-02, -4.7686e-01,  8.7623e-01
 2904,  1.6667e-01, -6.8286e-01,  1.3205e+00,      1.1468e-01, -4.6862e-01,  8.7447e-01
 2905,  2.6102e-01, -6.5454e-01,  1.3197e+00,      1.7267e-01, -4.3631e-01,  8.8056e-01
 2906,  3.4857e-01, -6.1022e-01,  1.3209e+00,      2.3853e-01, -4.1839e-01,  8.7468e-01
 2907,  4.3118e-01, -5.5787e-01,  1.3195e+00,      2.9284e-01, -3.7532e-01,  8.7779e-01
 2908,  5.0325e-01, -4.8599e-01,  1.3222e+00,      3.4555e-01, -3.2981e-01,  8.7686e-01
 2909,  5.7163e-01, -4.0449e-01,  1.3217e+00,      3.9036e-01, -2.7512e-01,  8.7652e-01
 2910,  6.2997e-01, -3.2078e-01,  1.3178e+00,      4.2672e-01, -2.1924e-01,  8.7564e-01
 2911,  6.7009e-01, -2.3501e-01,  1.3164e+00,      4.5436e-01, -1.5437e-01,  8.7548e-01
 2912,  6.8892e-01, -1.3954e-01,  1.3190e+00,      4.6578e-01, -9.1735e-02,  8.7866e-01
 2913,  6.9760e-01, -3.2820e-02,  1.3227e+00,      4.7899e-01, -3.0162e-02,  8.7538e-01
 2914, -7.1651e-02,  6.9815e-01,  1.3210e+00,     -4.4262e-02,  4.7357e-01,  8.7773e-01
 2915,  2.9464e-02,  7.0561e-01,  1.3181e+00,      1.5447e-02,  4.8247e-01,  8.7463e-01
 2916,  1.2379e-01,  6.9396e-01,  1.3201e+00,      8.0185e-02,  4.7536e-01,  8.7450e-01
 2917,  2.1830e-01,  6.6548e-01,  1.3224e+00,      1.4854e-01,  4.4328e-01,  8.8155e-01
 2918,  3.1350e-01,  6.2238e-01,  1.3238e+00,      2.1735e-01,  4.2127e-01,  8.7844e-01
 2919,  4.0509e-01,  5.7538e-01,  1.3195e+00,      2.7390e-01,  3.9520e-01,  8.7557e-01
 2920,  4.7895e-01,  5.1537e-01,  1.3206e+00,      3.2515e-01,  3.5592e-01,  8.7456e-01
 2921,  5.4360e-01,  4.4001e-01,  1.3228e+00,      3.6621e-01,  2.9249e-01,  8.8097e-01
 2922,  6.0129e-01,  3.5179e-01,  1.3238e+00,      4.1259e-01,  2.3549e-01,  8.7794e-01
 2923,  6.5423e-01,  2.6230e-01,  1.3186e+00,      4.4621e-01,  1.8264e-01,  8.7493e-01
 2924,  6.8778e-01,  1.7270e-01,  1.3173e+00,      4.7140e-01,  1.2393e-01,  8.7183e-01
 2925,  6.9974e-01,  7.4777e-02,  1.3205e+00,      4.7265e-01,  4.7437e-02,  8.7784e-01
 2926, -5.1718e-01, -3.3852e-01,  1.3623e+00,     -3.3418e-01, -2.1497e-01,  9.1577e-01
 2927, -5.0033e-01, -4.0366e-01,  1.3513e+00,     -3.2846e-01, -2.7648e-01,  9.0047e-01
 2928, -5.4663e-01, -2.4731e-01,  1.3703e+00,     -3.5443e-01, -1.5958e-01,  9.1946e-01
 2929, -4.1303e-01, -4.3366e-01,  1.3705e+00,     -2.6620e-01, -2.8124e-01,  9.2020e-01
 2930, -3.3724e-01, -5.2542e-01,  1.3589e+00,     -2.2758e-01, -3.3557e-01,  9.1274e-01
 2931, -5.7625e-01, -1.5033e-01,  1.3720e+00,     -3.8250e-01, -9.8047e-02,  9.1736e-01
 2932, -2.9678e-01, -5.8058e-01,  1.3468e+00,     -2.0387e-01, -3.8468e-01,  8.9805e-01
 2933, -2.3369e-01, -5.8156e-01,  1.3585e+00,     -1.4830e-01, -3.7898e-01,  9.1166e-01
 2934, -1.3991e-01, -5.8492e-01,  1.3697e+00,     -8.8043e-02, -3.7531e-01,  9.2031e-01
 2935, -3.7227e-02, -5.9144e-01,  1.3729e+00,     -3.1306e-02, -3.8931e-01,  9.1935e-01
 2936,  6.7045e-02, -5.9988e-01,  1.3704e+00,      3.9113e-02, -3.8407e-01,  9.1877e-01
 2937,  1.3925e-01, -6.1076e-01,  1.3590e+00,      1.1659e-01, -4.0258e-01,  9.0564e-01
 2938,  2.0311e-01, -5.2248e-01,  1.3861e+00,      1.2825e-01, -3.4226e-01,  9.2911e-01
 2939,  3.1382e-01, -5.4313e-01,  1.3583e+00,      1.8989e-01, -3.7051e-01,  9.0686e-01
 2940,  3.5663e-01, -4.8821e-01,  1.3690e+00,      2.3286e-01, -3.2234e-01,  9.1575e-01
 2941,  4.2407e-01, -4.1235e-01,  1.3753e+00,      2.8198e-01, -2.7109e-01,  9.1779e-01
 2942,  4.9149e-01, -3.3185e-01,  1.3736e+00,      3.3270e-01, -2.1462e-01,  9.1655e-01
 2943,  5.5738e-01, -2.5943e-01,  1.3630e+00,      3.6855e-01, -1.6873e-01,  9.1298e-01
 2944,  6.0511e-01, -2.1079e-01,  1.3509e+00,      3.9903e-01, -1.2971e-01,  9.0617e-01
 2945,  5.9704e-01, -1.4288e-01,  1.3622e+00,      3.9807e-01, -9.7786e-02,  9.1155e-01
 2946,  5.7232e-01, -2.7153e-02,  1.3845e+00,      3.7910e-01, -2.2851e-02,  9.2128e-01
 2947, -6.0541e-01, -5.4150e-02,  1.3664e+00,     -3.9398e-01, -3.7113e-02,  9.1671e-01
 2948, -6.3027e-01,  1.2455e-02,  1.3563e+00,     -4.1514e-01,  1.3356e-02,  9.0809e-01
 2949, -5.6822e-01,  7.9974e-02,  1.3809e+00,     -3.7877e-01,  4.5473e-02,  9.2303e-01
 2950, -5.5526e-01,  2.0116e-01,  1.3748e+00,     -3.6295e-01,  1.2729e-01,  9.2074e-01
 2951, -5.3761e-01,  2.9755e-01,  1.3639e+00,     -3.4791e-01,  1.8726e-01,  9.1672e-01
 2952, -5.2609e-01,  3.6701e-01,  1.3526e+00,     -3.4189e-01,  2.4331e-01,  9.0424e-01
 2953, -4.6264e-01,  4.0267e-01,  1.3639e+00,     -2.8861e-01,  2.6233e-01,  9.1931e-01
 2954, -3.5899e-01,  4.6802e-01,  1.3752e+00,     -2.3344e-01,  3.0274e-01,  9.2166e-01
 2955, -3.2309e-01,  5.5219e-01,  1.3523e+00,     -2.3569e-01,  3.6843e-01,  8.9815e-01
 2956, -2.5794e-01,  5.6259e-01,  1.3634e+00,     -1.6656e-01,  3.6216e-01,  9.1419e-01
 2957, -1.6426e-01,  5.7920e-01,  1.3692e+00,     -1.0008e-01,  3.7505e-01,  9.2023e-01
 2958, -6.7182e-02,  5.9527e-01,  1.3707e+00,     -4.8696e-02,  3.9001e-01,  9.1785e-01
 2959,  3.0064e-02,  6.1005e-01,  1.3664e+00,      1.2529e-02,  3.9495e-01,  9.1600e-01
 2960,  9.8573e-02,  6.2445e-01,  1.3568e+00,      7.6944e-02,  4.1248e-01,  9.0500e-01
 2961,  1.5246e-01,  5.5395e-01,  1.3808e+00,      9.6031e-02,  3.6535e-01,  9.2439e-01
 2962,  2.6688e-01,  5.2587e-01,  1.3751e+00,      1.6902e-01,  3.4823e-01,  9.1998e-01
 2963,  3.5696e-01,  4.9118e-01,  1.3678e+00,      2.2833e-01,  3.2272e-01,  9.1631e-01
 2964,  4.2261e-01,  4.6860e-01,  1.3573e+00,      2.8880e-01,  3.0586e-01,  9.0452e-01
 2965,  4.3271e-01,  3.8204e-01,  1.3799e+00,      2.8308e-01,  2.5404e-01,  9.2340e-01
 2966,  5.1157e-01,  2.9016e-01,  1.3760e+00,      3.3152e-01,  1.9382e-01,  9.2088e-01
 2967,  5.7312e-01,  2.1129e-01,  1.3661e+00,      3.6878e-01,  1.4064e-01,  9.1638e-01
 2968,  6.1887e-01,  1.5598e-01,  1.3542e+00,      4.1265e-01,  9.8791e-02,  9.0231e-01
 2969,  6.0487e-01,  8.7566e-02,  1.3652e+00,      3.8725e-01,  5.6795e-02,  9.1884e-01
 2970, -4.4587e-01, -2.3476e-01,  1.4056e+00,     -2.7263e-01, -1.6427e-01,  9.4692e-01
 2971, -4.2696e-01, -3.2635e-01,  1.3926e+00,     -2.8499e-01, -2.1079e-01,  9.3487e-01
 2972, -4.7065e-01, -1.3266e-01,  1.4134e+00,     -2.9844e-01, -8.2288e-02,  9.4734e-01
 2973, -5.0798e-01, -3.0658e-02,  1.4038e+00,     -3.3206e-01, -1.0011e-02,  9.4264e-01
 2974, -4.5367e-01,  1.7071e-01,  1.4130e+00,     -2.7307e-01,  1.3690e-01,  9.5115e-01
 2975, -4.7235e-01,  9.9758e-02,  1.4163e+00,     -3.0737e-01,  6.5188e-02,  9.4360e-01
 2976, -3.8777e-01,  2.3795e-02,  1.4431e+00,     -2.5110e-01,  1.0374e-02,  9.6524e-01
 2977, -3.5105e-01, -1.2810e-01,  1.4446e+00,     -2.1690e-01, -9.1399e-02,  9.7020e-01
 2978, -3.4193e-01, -2.4497e-01,  1.4298e+00,     -1.9962e-01, -1.4385e-01,  9.6846e-01
 2979, -3.5656e-01, -3.2526e-01,  1.4143e+00,     -2.2393e-01, -1.9385e-01,  9.4882e-01
 2980, -3.1128e-01, -3.9234e-01,  1.4075e+00,     -1.8439e-01, -2.5878e-01,  9.4642e-01
 2981, -2.6128e-01, -4.8714e-01,  1.3877e+00,     -1.6071e-01, -3.0909e-01,  9.3641e-01
 2982, -1.5892e-01, -4.7311e-01,  1.4063e+00,     -1.1043e-01, -2.8935e-01,  9.4981e-01
 2983, -4.1380e-01,  2.9018e-01,  1.4045e+00,     -2.6779e-01,  1.9052e-01,  9.4371e-01
 2984, -4.6126e-02, -4.7595e-01,  1.4160e+00,     -2.9573e-02, -3.0830e-01,  9.4787e-01
 2985,  6.4643e-02, -4.9326e-01,  1.4069e+00,      5.3566e-02, -3.0925e-01,  9.4907e-01
 2986, -3.4998e-01,  1.4988e-01,  1.4413e+00,     -2.2233e-01,  9.0686e-02,  9.7043e-01
 2987, -3.3335e-01,  2.2374e-01,  1.4374e+00,     -2.1158e-01,  1.4409e-01,  9.6246e-01
 2988, -3.0946e-01,  3.6278e-01,  1.4152e+00,     -1.9378e-01,  2.2433e-01,  9.5294e-01
 2989, -2.2767e-01,  2.6429e-01,  1.4494e+00,     -1.3936e-01,  1.7281e-01,  9.7385e-01
 2990, -2.0660e-01, -3.1984e-01,  1.4410e+00,     -1.3492e-01, -2.0192e-01,  9.6844e-01
 2991, -2.4970e-01,  4.7399e-01,  1.3940e+00,     -1.5595e-01,  2.8993e-01,  9.4376e-01
 2992, -2.4718e-01,  4.0562e-01,  1.4139e+00,     -1.5015e-01,  2.6073e-01,  9.5349e-01
 2993, -1.7589e-01,  3.8924e-01,  1.4289e+00,     -1.2592e-01,  2.4423e-01,  9.6076e-01
 2994, -1.6307e-01,  4.8504e-01,  1.4029e+00,     -1.0851e-01,  3.0372e-01,  9.4565e-01
 2995, -6.4572e-02,  4.9292e-01,  1.4089e+00,     -3.7436e-02,  3.1912e-01,  9.4538e-01
 2996,  3.6029e-02,  5.1265e-01,  1.4014e+00,      2.9658e-02,  3.2219e-01,  9.4576e-01
 2997, -7.1837e-02,  3.8344e-01,  1.4419e+00,     -5.0747e-02,  2.4630e-01,  9.6513e-01
 2998,  2.2388e-01,  4.3234e-01,  1.4127e+00,      1.6564e-01,  2.6858e-01,  9.4809e-01
 2999,  1.5522e-01,  4.5810e-01,  1.4155e+00,      9.0581e-02,  2.9365e-01,  9.4631e-01
 3000,  7.1230e-02,  3.8871e-01,  1.4398e+00,      3.8174e-02,  2.5504e-01,  9.6481e-01
 3001,  3.2036e-01,  4.0575e-01,  1.4008e+00,      2.0809e-01,  2.5408e-01,  9.4411e-01
 3002,  1.9232e-01,  3.3138e-01,  1.4432e+00,      1.2165e-01,  2.0606e-01,  9.6876e-01
 3003,  4.1710e-01,  2.3452e-01,  1.4151e+00,      2.8095e-01,  1.2671e-01,  9.5045e-01
 3004,  3.8145e-01,  3.0420e-01,  1.4141e+00,      2.3812e-01,  1.9349e-01,  9.4623e-01
 3005,  3.0169e-01,  3.0957e-01,  1.4287e+00,      1.7982e-01,  2.0977e-01,  9.6046e-01
 3006,  4.8987e-01,  1.2040e-01,  1.4049e+00,      3.1149e-01,  8.4929e-02,  9.4576e-01
 3007,  3.0956e-01,  1.9507e-01,  1.4484e+00,      1.9343e-01,  1.2732e-01,  9.6978e-01
 3008,  3.4967e-01,  5.0666e-02,  1.4513e+00,      2.3252e-01,  4.2915e-02,  9.6960e-01
 3009,  4.9419e-01,  2.2109e-02,  1.4107e+00,      2.9941e-01,  4.2704e-02,  9.5091e-01
 3010,  4.5224e-01, -2.7184e-02,  1.4240e+00,      2.8129e-01, -1.4751e-02,  9.5871e-01
 3011,  4.9992e-01, -7.2342e-02,  1.4073e+00,      3.0702e-01, -6.1819e-02,  9.4862e-01
 3012,  4.9265e-01, -1.6065e-01,  1.4020e+00,      3.2682e-01, -1.0958e-01,  9.3744e-01
 3013,  4.1394e-01, -2.5526e-01,  1.4141e+00,      2.7289e-01, -1.6272e-01,  9.4635e-01
 3014,  3.4690e-01, -3.3703e-01,  1.4145e+00,      2.1746e-01, -2.1790e-01,  9.5012e-01
 3015,  2.8372e-01, -4.1617e-01,  1.4071e+00,      1.7570e-01, -2.7487e-01,  9.4409e-01
 3016,  8.0292e-02, -3.8481e-01,  1.4396e+00,      3.4819e-02, -2.6140e-01,  9.6383e-01
 3017,  1.5772e-01, -4.0815e-01,  1.4289e+00,      9.2389e-02, -2.7696e-01,  9.5267e-01
 3018,  2.0456e-01, -3.4822e-01,  1.4381e+00,      1.4148e-01, -2.2244e-01,  9.6366e-01
 3019,  1.1627e-01, -2.7517e-01,  1.4640e+00,      6.8704e-02, -1.9192e-01,  9.7680e-01
 3020, -4.2436e-02, -3.4411e-01,  1.4525e+00,     -3.7622e-02, -2.2405e-01,  9.7083e-01
 3021,  2.6950e-01, -2.6029e-01,  1.4456e+00,      1.7637e-01, -1.7470e-01,  9.6781e-01
 3022,  3.3780e-01, -1.7922e-01,  1.4444e+00,      2.1856e-01, -1.1753e-01,  9.6730e-01
 3023,  3.9401e-01, -9.8901e-02,  1.4375e+00,      2.6671e-01, -7.1018e-02,  9.6038e-01
 3024,  1.8490e-01, -1.7797e-01,  1.4726e+00,      1.2061e-01, -1.1537e-01,  9.8323e-01
 3025,  2.6943e-01, -9.7260e-02,  1.4661e+00,      1.7089e-01, -5.9156e-02,  9.8211e-01
 3026,  3.3457e-01, -5.6149e-02,  1.4550e+00,      2.2043e-01, -2.8105e-02,  9.7279e-01
 3027, -3.2332e-03, -2.0327e-01,  1.4800e+00,     -1.2103e-02, -1.2933e-01,  9.8810e-01
 3028, -1.8247e-01, -1.0964e-01,  1.4784e+00,     -1.1537e-01, -8.1377e-02,  9.8587e-01
 3029, -2.6223e-01,  2.0626e-02,  1.4708e+00,     -1.5415e-01,  1.7143e-02,  9.8166e-01
 3030, -2.3486e-01,  1.1373e-01,  1.4682e+00,     -1.4288e-01,  1.0024e-01,  9.8281e-01
 3031,  2.0280e-01,  1.2552e-02,  1.4786e+00,      1.2787e-01,  2.2190e-02,  9.8909e-01
 3032,  1.4224e-01,  1.8283e-01,  1.4737e+00,      8.8480e-02,  1.0967e-01,  9.8777e-01
 3033,  3.4670e-02,  2.7086e-01,  1.4678e+00,      2.4751e-02,  1.6501e-01,  9.8102e-01
 3034, -6.5704e-02,  2.5995e-01,  1.4677e+00,     -6.2490e-02,  1.5455e-01,  9.8387e-01
 3035, -5.2226e-02,  7.4774e-02,  1.4888e+00,     -3.3305e-02,  5.0926e-02,  9.9485e-01
 3036,  8.5269e-02, -7.4539e-02,  1.4887e+00,      4.4852e-02, -3.4548e-02,  9.9534e-01
*MATERIAL, NAME=mat1
*ELASTIC
  2.10000e+05,    0.3000,  1.0e-05
*SHELL SECTION, ELSET=EL1, MATERIAL=mat1
 3.000e-02
*ELEMENT, TYPE=SH4, ELSET=EL1
  2367,        2492,      2493,      2795,      2794
  2368,        2493,      2494,      2796,      2795
  2369,        1640,      2492,      2794,      2797
  2370,        2491,      1640,      2797,      2798
  2371,        2490,      2491,      2798,      2799
  2372,        2489,      2490,      2799,      2800
  2373,        2494,      2289,      2801,      2796
  2374,        2289,      2495,      2802,      2801
  2375,        2495,      2496,      2803,      2802
  2376,        2496,      2497,      2804,      2803
  2377,        2497,      2292,      2805,      2804
  2378,        2292,      2498,      2806,      2805
  2379,        2498,      2499,      2807,      2806
  2380,        2499,      2500,      2808,      2807
  2381,        2500,      2295,      2809,      2808
  2382,        2295,      2501,      2810,      2809
  2383,        2501,      2502,      2811,      2810
  2384,        2502,      2503,      2812,      2811
  2385,        2503,      2298,      2813,      2812
  2386,        2298,      2504,      2814,      2813
  2387,        2504,      2505,      2815,      2814
  2388,        2316,      2489,      2800,      2816
  2389,        2488,      2316,      2816,      2817
  2390,        2487,      2488,      2817,      2818
  2391,        2486,      2487,      2818,      2819
  2392,        2313,      2486,      2819,      2820
  2393,        2505,      2506,      2821,      2815
  2394,        2485,      2313,      2820,      2822
  2395,        2484,      2485,      2822,      2823
  2396,        2483,      2484,      2823,      2824
  2397,        2310,      2483,      2824,      2825
  2398,        2482,      2310,      2825,      2826
  2399,        2481,      2482,      2826,      2827
  2400,        2480,      2481,      2827,      2828
  2401,        2307,      2480,      2828,      2829
  2402,        2479,      2307,      2829,      2830
  2403,        2478,      2479,      2830,      2831
  2404,        2477,      2478,      2831,      2832
  2405,        2304,      2477,      2832,      2833
  2406,        2476,      2304,      2833,      2834
  2407,        2475,      2476,      2834,      2835
  2408,        2474,      2475,      2835,      2836
  2409,        2301,      2474,      2836,      2837
  2410,        2506,      2301,      2837,      2821
  2411,        2822,      2820,      2839,      2838
  2412,        2820,      2819,      2840,      2839
  2413,        2819,      2818,      2841,      2840
  2414,        2818,      2817,      2842,      2841
  2415,        2817,      2816,      2843,      2842
  2416,        2816,      2800,      2844,      2843
  2417,        2800,      2799,      2845,      2844
  2418,        2799,      2798,      2846,      2845
  2419,        2798,      2797,      2847,      2846
  2420,        2797,      2794,      2848,      2847
  2421,        2794,      2795,      2849,      2848
  2422,        2795,      2796,      2850,      2849
  2423,        2796,      2801,      2851,      2850
  2424,        2801,      2802,      2852,      2851
  2425,        2802,      2803,      2853,      2852
  2426,        2803,      2804,      2854,      2853
  2427,        2804,      2805,      2855,      2854
  2428,        2805,      2806,      2856,      2855
  2429,        2806,      2807,      2857,      2856
  2430,        2807,      2808,      2858,      2857
  2431,        2808,      2809,      2859,      2858
  2432,        2809,      2810,      2860,      2859
  2433,        2810,      2811,      2861,      2860
  2434,        2823,      2822,      2838,      2862
  2435,        2811,      2812,      2863,      2861
  2436,        2812,      2813,      2864,      2863
  2437,        2813,      2814,      2865,      2864
  2438,        2814,      2815,      2866,      2865
  2439,        2815,      2821,      2867,      2866
  2440,        2821,      2837,      2868,      2867
  2441,        2837,      2836,      2869,      2868
  2442,        2836,      2835,      2870,      2869
  2443,        2835,      2834,      2871,      2870
  2444,        2834,      2833,      2872,      2871
  2445,        2833,      2832,      2873,      2872
  2446,        2832,      2831,      2874,      2873
  2447,        2831,      2830,      2875,      2874
  2448,        2830,      2829,      2876,      2875
  2449,        2829,      2828,      2877,      2876
  2450,        2828,      2827,      2878,      2877
  2451,        2827,      2826,      2879,      2878
  2452,        2826,      2825,      2880,      2879
  2453,        2825,      2824,      2881,      2880
  2454,        2824,      2823,      2862,      2881
  2455,        2838,      2839,      2883,      2882
  2456,        2839,      2840,      2884,      2883
  2457,        2840,      2841,      2885,      2884
  2458,        2841,      2842,      2886,      2885
  2459,        2842,      2843,      2887,      2886
  2460,        2843,      2844,      2888,      2887
  2461,        2844,      2845,      2889,      2888
  2462,        2845,      2846,      2890,      2889
  2463,        2846,      2847,      2891,      2890
  2464,        2847,      2848,      2892,      2891
  2465,        2848,      2849,      2893,      2892
  2466,        2849,      2850,      2894,      2893
  2467,        2850,      2851,      2895,      2894
  2468,        2851,      2852,      2896,      2895
  2469,        2852,      2853,      2897,      2896
  2470,        2853,      2854,      2898,      2897
  2471,        2854,      2855,      2899,      2898
  2472,        2855,      2856,      2900,      2899
  2473,        2856,      2857,      2901,      2900
  2474,        2857,      2858,      2902,      2901
  2475,        2858,      2859,      2903,      2902
  2476,        2859,      2860,      2904,      2903
  2477,        2860,      2861,      2905,      2904
  2478,        2861,      2863,      2906,      2905
  2479,        2863,      2864,      2907,      2906
  2480,        2864,      2865,      2908,      2907
  2481,        2865,      2866,      2909,      2908
  2482,        2866,      2867,      2910,      2909
  2483,        2867,      2868,      2911,      2910
  2484,        2868,      2869,      2912,      2911
  2485,        2869,      2870,      2913,      2912
  2486,        2862,      2838,      2882,      2914
  2487,        2881,      2862,      2914,      2915
  2488,        2880,      2881,      2915,      2916
  2489,        2879,      2880,      2916,      2917
  2490,        2878,      2879,      2917,      2918
  2491,        2877,      2878,      2918,      2919
  2492,        2876,      2877,      2919,      2920
  2493,        2875,      2876,      2920,      2921
  2494,        2874,      2875,      2921,      2922
  2495,        2873,      2874,      2922,      2923
  2496,        2872,      2873,      2923,      2924
  2497,        2871,      2872,      2924,      2925
  2498,        2870,      2871,      2925,      2913
  2499,        2895,      2896,      2927,      2926
  2500,        2894,      2895,      2926,      2928
  2501,        2896,      2897,      2929,      2927
  2502,        2897,      2898,      2930,      2929
  2503,        2893,      2894,      2928,      2931
  2504,        2898,      2899,      2932,      2930
  2505,        2899,      2900,      2933,      2932
  2506,        2900,      2901,      2934,      2933
  2507,        2901,      2902,      2935,      2934
  2508,        2902,      2903,      2936,      2935
  2509,        2903,      2904,      2937,      2936
  2510,        2904,      2905,      2938,      2937
  2511,        2905,      2906,      2939,      2938
  2512,        2906,      2907,      2940,      2939
  2513,        2907,      2908,      2941,      2940
  2514,        2908,      2909,      2942,      2941
  2515,        2909,      2910,      2943,      2942
  2516,        2910,      2911,      2944,      2943
  2517,        2911,      2912,      2945,      2944
  2518,        2912,      2913,      2946,      2945
  2519,        2892,      2893,      2931,      2947
  2520,        2891,      2892,      2947,      2948
  2521,        2890,      2891,      2948,      2949
  2522,        2889,      2890,      2949,      2950
  2523,        2888,      2889,      2950,      2951
  2524,        2887,      2888,      2951,      2952
  2525,        2886,      2887,      2952,      2953
  2526,        2885,      2886,      2953,      2954
  2527,        2884,      2885,      2954,      2955
  2528,        2883,      2884,      2955,      2956
  2529,        2882,      2883,      2956,      2957
  2530,        2914,      2882,      2957,      2958
  2531,        2915,      2914,      2958,      2959
  2532,        2916,      2915,      2959,      2960
  2533,        2917,      2916,      2960,      2961
  2534,        2918,      2917,      2961,      2962
  2535,        2919,      2918,      2962,      2963
  2536,        2920,      2919,      2963,      2964
  2537,        2921,      2920,      2964,      2965
  2538,        2922,      2921,      2965,      2966
  2539,        2923,      2922,      2966,      2967
  2540,        2924,      2923,      2967,      2968
  2541,        2925,      2924,      2968,      2969
  2542,        2913,      2925,      2969,      2946
  2543,        2928,      2926,      2971,      2970
  2544,        2926,      2927,      2929,      2971
  2545,        2931,      2928,      2970,      2972
  2546,        2947,      2931,      2972,      2973
  2547,        2948,      2947,      2973,      2949
  2548,        2950,      2949,      2975,      2974
  2549,        2975,      2949,      2973,      2976
  2550,        2973,      2972,      2977,      2976
  2551,        2972,      2970,      2978,      2977
  2552,        2970,      2971,      2979,      2978
  2553,        2971,      2929,      2980,      2979
  2554,        2929,      2930,      2981,      2980
  2555,        2930,      2932,      2933,      2981
  2556,        2933,      2934,      2982,      2981
  2557,        2951,      2950,      2974,      2983
  2558,        2952,      2951,      2983,      2953
  2559,        2934,      2935,      2984,      2982
  2560,        2935,      2936,      2985,      2984
  2561,        2936,      2937,      2938,      2985
  2562,        2974,      2975,      2976,      2986
  2563,        2983,      2974,      2986,      2987
  2564,        2953,      2983,      2988,      2954
  2565,        2988,      2983,      2987,      2989
  2566,        2979,      2980,      2990,      2978
  2567,        2980,      2981,      2982,      2990
  2568,        2954,      2988,      2992,      2991
  2569,        2955,      2954,      2991,      2956
  2570,        2992,      2988,      2989,      2993
  2571,        2991,      2992,      2993,      2994
  2572,        2956,      2991,      2994,      2957
  2573,        2958,      2957,      2994,      2995
  2574,        2959,      2958,      2995,      2996
  2575,        2960,      2959,      2996,      2961
  2576,        2995,      2994,      2993,      2997
  2577,        2962,      2961,      2999,      2998
  2578,        2999,      2961,      2996,      3000
  2579,        2996,      2995,      2997,      3000
  2580,        2963,      2962,      2998,      3001
  2581,        2964,      2963,      3001,      2965
  2582,        2998,      2999,      3000,      3002
  2583,        2966,      2965,      3004,      3003
  2584,        3004,      2965,      3001,      3005
  2585,        3001,      2998,      3002,      3005
  2586,        2967,      2966,      3003,      3006
  2587,        2968,      2967,      3006,      2969
  2588,        3003,      3004,      3005,      3007
  2589,        3006,      3003,      3007,      3008
  2590,        2969,      3006,      3009,      2946
  2591,        3009,      3006,      3008,      3010
  2592,        2946,      3009,      3010,      3011
  2593,        2945,      2946,      3011,      3012
  2594,        2944,      2945,      3012,      2943
  2595,        2942,      2943,      3012,      3013
  2596,        2941,      2942,      3013,      3014
  2597,        2940,      2941,      3014,      3015
  2598,        2939,      2940,      3015,      2938
  2599,        2985,      2938,      3017,      3016
  2600,        2938,      3015,      3018,      3017
  2601,        3017,      3018,      3019,      3016
  2602,        2984,      2985,      3016,      3020
  2603,        2982,      2984,      3020,      2990
  2604,        3015,      3014,      3021,      3018
  2605,        3014,      3013,      3022,      3021
  2606,        3013,      3012,      3023,      3022
  2607,        3012,      3011,      3010,      3023
  2608,        3018,      3021,      3024,      3019
  2609,        3021,      3022,      3025,      3024
  2610,        3022,      3023,      3026,      3025
  2611,        3023,      3010,      3008,      3026
  2612,        3020,      3016,      3019,      3027
  2613,        2990,      3020,      3027,      3028
  2614,        2978,      2990,      3028,      2977
  2615,        2976,      2977,      3028,      3029
  2616,        2986,      2976,      3029,      3030
  2617,        2987,      2986,      3030,      2989
  2618,        3026,      3008,      3031,      3025
  2619,        3008,      3007,      3032,      3031
  2620,        3007,      3005,      3002,      3032
  2621,        3002,      3000,      3033,      3032
  2622,        3000,      2997,      3034,      3033
  2623,        2997,      2993,      2989,      3034
  2624,        3034,      2989,      3030,      3035
  2625,        3033,      3034,      3035,      3032
  2626,        3030,      3029,      3028,      3035
  2627,        3028,      3027,      3036,      3035
  2628,        3032,      3035,      3036,      3031
  2629,        3027,      3019,      3024,      3036
  2630,        3036,      3024,      3025,      3031
*STEP
*STATIC
   1.0,   1.0
*CONTROLS, PARAMETERS=FIELD
    1.e-5
*CONTROLS, PARAMETERS=TIME INCREMENTATION
   100
*AMPLITUDE, NAME=AMPL0
 0.0, 0.0,  1.0, -1.0
*BOUNDARY, OP=NEW
  1640,           1,         1,  0.
  1640,           2,         2,  0.
  1640,           3,         3,  0.
  1640,           4,         4,  0.
  1640,           5,         5,  0.
  2289,           1,         1,  0.
  2289,           2,         2,  0.
  2289,           3,         3,  0.
  2289,           4,         4,  0.
  2289,           5,         5,  0.
  2292,           1,         1,  0.
  2292,           2,         2,  0.
  2292,           3,         3,  0.
  2292,           4,         4,  0.
  2292,           5,         5,  0.
  2295,           1,         1,  0.
  2295,           2,         2,  0.
  2295,           3,         3,  0.
  2295,           4,         4,  0.
  2295,           5,         5,  0.
  2298,           1,         1,  0.
  2298,           2,         2,  0.
  2298,           3,         3,  0.
  2298,           4,         4,  0.
  2298,           5,         5,  0.
  2301,           1,         1,  0.
  2301,           2,         2,  0.
  2301,           3,         3,  0.
  2301,           4,         4,  0.
  2301,           5,         5,  0.
  2304,           1,         1,  0.
  2304,           2,         2,  0.
  2304,           3,         3,  0.
  2304,           4,         4,  0.
  2304,           5,         5,  0.
  2307,           1,         1,  0.
  2307,           2,         2,  0.
  2307,           3,         3,  0.
  2307,           4,         4,  0.
  2307,           5,         5,  0.
  2310,           1,         1,  0.
  2310,           2,         2,  0.
  2310,           3,         3,  0.
  2310,           4,         4,  0.
  2310,           5,         5,  0.
  2313,           1,         1,  0.
  2313,           2,         2,  0.
  2313,           3,         3,  0.
  2313,           4,         4,  0.
  2313,           5,         5,  0.
  2316,           1,         1,  0.
  2316,           2,         2,  0.
  2316,           3,         3,  0.
  2316,           4,         4,  0.
  2316,           5,         5,  0.
  2474,           1,         1,  0.
  2474,           2,         2,  0.
  2474,           3,         3,  0.
  2474,           4,         4,  0.
  2474,           5,         5,  0.
  2475,           1,         1,  0.
  2475,           2,         2,  0.
  2475,           3,         3,  0.
  2475,           4,         4,  0.
  2475,           5,         5,  0.
  2476,           1,         1,  0.
  2476,           2,         2,  0.
  2476,           3,         3,  0.
  2476,           4,         4,  0.
  2476,           5,         5,  0.
  2477,           1,         1,  0.
  2477,           2,         2,  0.
  2477,           3,         3,  0.
  2477,           4,         4,  0.
  2477,           5,         5,  0.
  2478,           1,         1,  0.
  2478,           2,         2,  0.
  2478,           3,         3,  0.
  2478,           4,         4,  0.
  2478,           5,         5,  0.
  2479,           1,         1,  0.
  2479,           2,         2,  0.
  2479,           3,         3,  0.
  2479,           4,         4,  0.
  2479,           5,         5,  0.
  2480,           1,         1,  0.
  2480,           2,         2,  0.
  2480,           3,         3,  0.
  2480,           4,         4,  0.
  2480,           5,         5,  0.
  2481,           1,         1,  0.
  2481,           2,         2,  0.
  2481,           3,         3,  0.
  2481,           4,         4,  0.
  2481,           5,         5,  0.
  2482,           1,         1,  0.
  2482,           2,         2,  0.
  2482,           3,         3,  0.
  2482,           4,         4,  0.
  2482,           5,         5,  0.
  2483,           1,         1,  0.
  2483,           2,         2,  0.
  2483,           3,         3,  0.
  2483,           4,         4,  0.
  2483,           5,         5,  0.
  2484,           1,         1,  0.
  2484,           2,         2,  0.
  2484,           3,         3,  0.
  2484,           4,         4,  0.
  2484,           5,         5,  0.
  2485,           1,         1,  0.
  2485,           2,         2,  0.
  2485,           3,         3,  0.
  2485,           4,         4,  0.
  2485,           5,         5,  0.
  2486,           1,         1,  0.
  2486,           2,         2,  0.
  2486,           3,         3,  0.
  2486,           4,         4,  0.
  2486,           5,         5,  0.
  2487,           1,         1,  0.
  2487,           2,         2,  0.
  2487,           3,         3,  0.
  2487,           4,         4,  0.
  2487,           5,         5,  0.
  2488,           1,         1,  0.
  2488,           2,         2,  0.
  2488,           3,         3,  0.
  2488,           4,         4,  0.
  2488,           5,         5,  0.
  2489,           1,         1,  0.
  2489,           2,         2,  0.
  2489,           3,         3,  0.
  2489,           4,         4,  0.
  2489,           5,         5,  0.
  2490,           1,         1,  0.
  2490,           2,         2,  0.
  2490,           3,         3,  0.
  2490,           4,         4,  0.
  2490,           5,         5,  0.
  2491,           1,         1,  0.
  2491,           2,         2,  0.
  2491,           3,         3,  0.
  2491,           4,         4,  0.
  2491,           5,         5,  0.
  2492,           1,         1,  0.
  2492,           2,         2,  0.
  2492,           3,         3,  0.
  2492,           4,         4,  0.
  2492,           5,         5,  0.
  2493,           1,         1,  0.
  2493,           2,         2,  0.
  2493,           3,         3,  0.
  2493,           4,         4,  0.
  2493,           5,         5,  0.
  2494,           1,         1,  0.
  2494,           2,         2,  0.
  2494,           3,         3,  0.
  2494,           4,         4,  0.
  2494,           5,         5,  0.
  2495,           1,         1,  0.
  2495,           2,         2,  0.
  2495,           3,         3,  0.
  2495,           4,         4,  0.
  2495,           5,         5,  0.
  2496,           1,         1,  0.
  2496,           2,         2,  0.
  2496,           3,         3,  0.
  2496,           4,         4,  0.
  2496,           5,         5,  0.
  2497,           1,         1,  0.
  2497,           2,         2,  0.
  2497,           3,         3,  0.
  2497,           4,         4,  0.
  2497,           5,         5,  0.
  2498,           1,         1,  0.
  2498,           2,         2,  0.
  2498,           3,         3,  0.
  2498,           4,         4,  0.
  2498,           5,         5,  0.
  2499,           1,         1,  0.
  2499,           2,         2,  0.
  2499,           3,         3,  0.
  2499,           4,         4,  0.
  2499,           5,         5,  0.
  2500,           1,         1,  0.
  2500,           2,         2,  0.
  2500,           3,         3,  0.
  2500,           4,         4,  0.
  2500,           5,         5,  0.
  2501,           1,         1,  0.
  2501,           2,         2,  0.
  2501,           3,         3,  0.
  2501,           4,         4,  0.
  2501,           5,         5,  0.
  2502,           1,         1,  0.
  2502,           2,         2,  0.
  2502,           3,         3,  0.
  2502,           4,         4,  0.
  2502,           5,         5,  0.
  2503,           1,         1,  0.
  2503,           2,         2,  0.
  2503,           3,         3,  0.
  2503,           4,         4,  0.
  2503,           5,         5,  0.
  2504,           1,         1,  0.
  2504,           2,         2,  0.
  2504,           3,         3,  0.
  2504,           4,         4,  0.
  2504,           5,         5,  0.
  2505,           1,         1,  0.
  2505,           2,         2,  0.
  2505,           3,         3,  0.
  2505,           4,         4,  0.
  2505,           5,         5,  0.
  2506,           1,         1,  0.
  2506,           2,         2,  0.
  2506,           3,         3,  0.
  2506,           4,         4,  0.
  2506,           5,         5,  0.
*CLOAD, AMPLITUDE=AMPL0
  1640,           1,  7.6168e-03
  1640,           2, -3.6376e-04
  1640,           3, -8.8919e-03
  2289,           1,  6.5700e-03
  2289,           2,  3.8007e-03
  2289,           3, -8.8324e-03
  2292,           1,  3.4838e-03
  2292,           2,  6.7752e-03
  2292,           3, -8.8746e-03
  2295,           1, -7.3218e-04
  2295,           2,  7.5698e-03
  2295,           3, -8.8579e-03
  2298,           1, -4.7026e-03
  2298,           2,  5.9646e-03
  2298,           3, -8.8625e-03
  2301,           1, -7.2063e-03
  2301,           2,  2.4845e-03
  2301,           3, -8.9173e-03
  2304,           1, -7.4185e-03
  2304,           2, -1.8084e-03
  2304,           3, -8.9120e-03
  2307,           1, -5.2540e-03
  2307,           2, -5.5178e-03
  2307,           3, -8.8886e-03
  2310,           1, -1.4399e-03
  2310,           2, -7.4822e-03
  2310,           3, -8.8885e-03
  2313,           1,  2.8329e-03
  2313,           2, -7.0791e-03
  2313,           3, -8.8918e-03
  2316,           1,  6.2023e-03
  2316,           2, -4.4219e-03
  2316,           3, -8.8859e-03
  2474,           1, -7.5103e-03
  2474,           2,  1.3163e-03
  2474,           3, -8.8844e-03
  2475,           1, -7.5967e-03
  2475,           2,  3.5876e-04
  2475,           3, -8.8307e-03
  2476,           1, -7.6186e-03
  2476,           2, -6.0894e-04
  2476,           3, -8.8628e-03
  2477,           1, -7.0206e-03
  2477,           2, -2.9517e-03
  2477,           3, -8.8363e-03
  2478,           1, -6.5576e-03
  2478,           2, -3.7933e-03
  2478,           3, -8.7625e-03
  2479,           1, -6.0571e-03
  2479,           2, -4.6129e-03
  2479,           3, -8.8072e-03
  2480,           1, -4.3075e-03
  2480,           2, -6.2746e-03
  2480,           3, -8.8296e-03
  2481,           1, -3.4613e-03
  2481,           2, -6.7331e-03
  2481,           3, -8.7572e-03
  2482,           1, -2.5998e-03
  2482,           2, -7.1504e-03
  2482,           3, -8.8025e-03
  2483,           1, -2.3277e-04
  2483,           2, -7.6116e-03
  2483,           3, -8.8346e-03
  2484,           1,  7.3046e-04
  2484,           2, -7.5397e-03
  2484,           3, -8.7617e-03
  2485,           1,  1.6805e-03
  2485,           2, -7.4264e-03
  2485,           3, -8.8070e-03
  2486,           1,  3.9172e-03
  2486,           2, -6.5309e-03
  2486,           3, -8.8384e-03
  2487,           1,  4.6892e-03
  2487,           2, -5.9452e-03
  2487,           3, -8.7611e-03
  2488,           1,  5.4249e-03
  2488,           2, -5.3341e-03
  2488,           3, -8.8025e-03
  2489,           1,  6.8210e-03
  2489,           2, -3.3789e-03
  2489,           3, -8.8342e-03
  2490,           1,  7.1603e-03
  2490,           2, -2.4680e-03
  2490,           3, -8.7652e-03
  2491,           1,  7.4522e-03
  2491,           2, -1.5547e-03
  2491,           3, -8.8189e-03
  2492,           1,  7.5617e-03
  2492,           2,  8.4984e-04
  2492,           3, -8.8341e-03
  2493,           1,  7.3472e-03
  2493,           2,  1.7984e-03
  2493,           3, -8.7565e-03
  2494,           1,  7.0851e-03
  2494,           2,  2.7220e-03
  2494,           3, -8.7947e-03
  2495,           1,  5.8763e-03
  2495,           2,  4.7797e-03
  2495,           3, -8.7572e-03
  2496,           1,  5.2001e-03
  2496,           2,  5.4667e-03
  2496,           3, -8.7183e-03
  2497,           1,  4.4954e-03
  2497,           2,  6.1246e-03
  2497,           3, -8.8042e-03
  2498,           1,  2.3720e-03
  2498,           2,  7.2344e-03
  2498,           3, -8.8077e-03
  2499,           1,  1.4289e-03
  2499,           2,  7.4405e-03
  2499,           3, -8.7627e-03
  2500,           1,  4.7356e-04
  2500,           2,  7.5947e-03
  2500,           3, -8.8222e-03
  2501,           1, -1.9078e-03
  2501,           2,  7.3352e-03
  2501,           3, -8.7616e-03
  2502,           1, -2.8030e-03
  2502,           2,  6.9938e-03
  2502,           3, -8.7067e-03
  2503,           1, -3.6892e-03
  2503,           2,  6.6168e-03
  2503,           3, -8.7839e-03
  2504,           1, -5.5826e-03
  2504,           2,  5.1486e-03
  2504,           3, -8.8063e-03
  2505,           1, -6.1529e-03
  2505,           2,  4.3787e-03
  2505,           3, -8.7722e-03
  2506,           1, -6.6944e-03
  2506,           2,  3.5818e-03
  2506,           3, -8.8400e-03
  2794,           1,  1.2816e-02
  2794,           2,  1.4466e-03
  2794,           3, -1.6277e-02
  2795,           1,  1.2507e-02
  2795,           2,  3.0685e-03
  2795,           3, -1.6199e-02
  2796,           1,  1.2003e-02
  2796,           2,  4.6296e-03
  2796,           3, -1.6220e-02
  2797,           1,  1.2872e-02
  2797,           2, -5.8841e-04
  2797,           3, -1.6366e-02
  2798,           1,  1.2666e-02
  2798,           2, -2.6200e-03
  2798,           3, -1.6308e-02
  2799,           1,  1.2183e-02
  2799,           2, -4.2016e-03
  2799,           3, -1.6223e-02
  2800,           1,  1.1513e-02
  2800,           2, -5.7087e-03
  2800,           3, -1.6225e-02
  2801,           1,  1.1046e-02
  2801,           2,  6.3927e-03
  2801,           3, -1.6210e-02
  2802,           1,  9.9041e-03
  2802,           2,  8.0583e-03
  2802,           3, -1.6068e-02
  2803,           1,  8.7820e-03
  2803,           2,  9.2625e-03
  2803,           3, -1.6049e-02
  2804,           1,  7.5648e-03
  2804,           2,  1.0340e-02
  2804,           3, -1.6164e-02
  2805,           1,  5.8487e-03
  2805,           2,  1.1363e-02
  2805,           3, -1.6245e-02
  2806,           1,  4.0028e-03
  2806,           2,  1.2203e-02
  2806,           3, -1.6172e-02
  2807,           1,  2.4034e-03
  2807,           2,  1.2643e-02
  2807,           3, -1.6185e-02
  2808,           1,  7.8074e-04
  2808,           2,  1.2884e-02
  2808,           3, -1.6286e-02
  2809,           1, -1.2322e-03
  2809,           2,  1.2765e-02
  2809,           3, -1.6300e-02
  2810,           1, -3.2200e-03
  2810,           2,  1.2391e-02
  2810,           3, -1.6117e-02
  2811,           1, -4.7695e-03
  2811,           2,  1.1838e-02
  2811,           3, -1.6041e-02
  2812,           1, -6.2608e-03
  2812,           2,  1.1180e-02
  2812,           3, -1.6157e-02
  2813,           1, -7.9399e-03
  2813,           2,  1.0077e-02
  2813,           3, -1.6312e-02
  2814,           1, -9.4870e-03
  2814,           2,  8.7463e-03
  2814,           3, -1.6269e-02
  2815,           1, -1.0480e-02
  2815,           2,  7.4344e-03
  2815,           3, -1.6219e-02
  2816,           1,  1.0424e-02
  2816,           2, -7.3963e-03
  2816,           3, -1.6255e-02
  2817,           1,  9.1681e-03
  2817,           2, -8.9795e-03
  2817,           3, -1.6167e-02
  2818,           1,  7.9412e-03
  2818,           2, -1.0084e-02
  2818,           3, -1.6144e-02
  2819,           1,  6.6186e-03
  2819,           2, -1.1037e-02
  2819,           3, -1.6249e-02
  2820,           1,  4.8102e-03
  2820,           2, -1.1927e-02
  2820,           3, -1.6358e-02
  2821,           1, -1.1302e-02
  2821,           2,  6.0477e-03
  2821,           3, -1.6256e-02
  2822,           1,  2.8782e-03
  2822,           2, -1.2601e-02
  2822,           3, -1.6280e-02
  2823,           1,  1.2328e-03
  2823,           2, -1.2830e-02
  2823,           3, -1.6209e-02
  2824,           1, -3.9980e-04
  2824,           2, -1.2875e-02
  2824,           3, -1.6256e-02
  2825,           1, -2.3991e-03
  2825,           2, -1.2624e-02
  2825,           3, -1.6340e-02
  2826,           1, -4.3910e-03
  2826,           2, -1.2153e-02
  2826,           3, -1.6275e-02
  2827,           1, -5.9093e-03
  2827,           2, -1.1473e-02
  2827,           3, -1.6233e-02
  2828,           1, -7.3061e-03
  2828,           2, -1.0630e-02
  2828,           3, -1.6289e-02
  2829,           1, -8.8456e-03
  2829,           2, -9.3332e-03
  2829,           3, -1.6368e-02
  2830,           1, -1.0269e-02
  2830,           2, -7.8532e-03
  2830,           3, -1.6300e-02
  2831,           1, -1.1177e-02
  2831,           2, -6.4513e-03
  2831,           3, -1.6248e-02
  2832,           1, -1.1887e-02
  2832,           2, -4.9864e-03
  2832,           3, -1.6284e-02
  2833,           1, -1.2490e-02
  2833,           2, -3.0611e-03
  2833,           3, -1.6375e-02
  2834,           1, -1.2939e-02
  2834,           2, -1.0377e-03
  2834,           3, -1.6355e-02
  2835,           1, -1.2946e-02
  2835,           2,  6.4316e-04
  2835,           3, -1.6367e-02
  2836,           1, -1.2704e-02
  2836,           2,  2.2454e-03
  2836,           3, -1.6382e-02
  2837,           1, -1.2103e-02
  2837,           2,  4.1787e-03
  2837,           3, -1.6351e-02
  2838,           1,  2.0483e-03
  2838,           2, -8.6939e-03
  2838,           3, -1.3451e-02
  2839,           1,  3.2865e-03
  2839,           2, -8.0265e-03
  2839,           3, -1.3204e-02
  2840,           1,  4.4608e-03
  2840,           2, -7.4431e-03
  2840,           3, -1.3106e-02
  2841,           1,  5.4480e-03
  2841,           2, -6.8830e-03
  2841,           3, -1.3192e-02
  2842,           1,  6.2574e-03
  2842,           2, -6.0345e-03
  2842,           3, -1.3075e-02
  2843,           1,  6.9520e-03
  2843,           2, -4.8896e-03
  2843,           3, -1.2902e-02
  2844,           1,  7.7755e-03
  2844,           2, -3.8711e-03
  2844,           3, -1.3139e-02
  2845,           1,  8.5384e-03
  2845,           2, -2.9404e-03
  2845,           3, -1.3581e-02
  2846,           1,  8.8372e-03
  2846,           2, -1.7870e-03
  2846,           3, -1.3600e-02
  2847,           1,  8.7194e-03
  2847,           2, -3.6596e-04
  2847,           3, -1.3351e-02
  2848,           1,  8.7302e-03
  2848,           2,  9.8659e-04
  2848,           3, -1.3302e-02
  2849,           1,  8.7332e-03
  2849,           2,  2.1675e-03
  2849,           3, -1.3500e-02
  2850,           1,  8.2858e-03
  2850,           2,  3.2708e-03
  2850,           3, -1.3437e-02
  2851,           1,  7.4034e-03
  2851,           2,  4.3215e-03
  2851,           3, -1.3103e-02
  2852,           1,  6.6679e-03
  2852,           2,  5.4225e-03
  2852,           3, -1.2947e-02
  2853,           1,  5.9693e-03
  2853,           2,  6.3416e-03
  2853,           3, -1.3054e-02
  2854,           1,  5.0387e-03
  2854,           2,  6.9743e-03
  2854,           3, -1.2976e-02
  2855,           1,  3.8270e-03
  2855,           2,  7.4501e-03
  2855,           3, -1.2772e-02
  2856,           1,  2.6845e-03
  2856,           2,  8.1017e-03
  2856,           3, -1.2887e-02
  2857,           1,  1.6433e-03
  2857,           2,  8.7266e-03
  2857,           3, -1.3352e-02
  2858,           1,  4.8910e-04
  2858,           2,  8.9589e-03
  2858,           3, -1.3530e-02
  2859,           1, -8.6378e-04
  2859,           2,  8.7262e-03
  2859,           3, -1.3378e-02
  2860,           1, -2.1893e-03
  2860,           2,  8.4876e-03
  2860,           3, -1.3203e-02
  2861,           1, -3.2940e-03
  2861,           2,  8.1622e-03
  2861,           3, -1.3169e-02
  2862,           1,  8.5920e-04
  2862,           2, -8.8981e-03
  2862,           3, -1.3439e-02
  2863,           1, -4.3093e-03
  2863,           2,  7.6566e-03
  2863,           3, -1.3191e-02
  2864,           1, -5.4101e-03
  2864,           2,  6.9061e-03
  2864,           3, -1.3368e-02
  2865,           1, -6.5956e-03
  2865,           2,  6.1180e-03
  2865,           3, -1.3583e-02
  2866,           1, -7.3627e-03
  2866,           2,  5.1769e-03
  2866,           3, -1.3499e-02
  2867,           1, -7.6812e-03
  2867,           2,  4.0652e-03
  2867,           3, -1.3073e-02
  2868,           1, -8.0460e-03
  2868,           2,  2.7858e-03
  2868,           3, -1.2956e-02
  2869,           1, -8.6757e-03
  2869,           2,  1.5943e-03
  2869,           3, -1.3390e-02
  2870,           1, -9.0958e-03
  2870,           2,  5.1315e-04
  2870,           3, -1.3704e-02
  2871,           1, -8.8912e-03
  2871,           2, -7.5641e-04
  2871,           3, -1.3424e-02
  2872,           1, -8.3351e-03
  2872,           2, -2.0968e-03
  2872,           3, -1.3083e-02
  2873,           1, -8.0920e-03
  2873,           2, -3.3780e-03
  2873,           3, -1.3271e-02
  2874,           1, -7.8546e-03
  2874,           2, -4.5417e-03
  2874,           3, -1.3664e-02
  2875,           1, -7.1241e-03
  2875,           2, -5.5234e-03
  2875,           3, -1.3599e-02
  2876,           1, -5.9832e-03
  2876,           2, -6.3646e-03
  2876,           3, -1.3309e-02
  2877,           1, -5.0209e-03
  2877,           2, -7.2701e-03
  2877,           3, -1.3361e-02
  2878,           1, -4.1500e-03
  2878,           2, -8.0625e-03
  2878,           3, -1.3640e-02
  2879,           1, -2.9969e-03
  2879,           2, -8.4698e-03
  2879,           3, -1.3539e-02
  2880,           1, -1.5827e-03
  2880,           2, -8.5461e-03
  2880,           3, -1.3221e-02
  2881,           1, -2.8623e-04
  2881,           2, -8.7259e-03
  2881,           3, -1.3188e-02
  2882,           1,  1.4387e-03
  2882,           2, -5.7335e-03
  2882,           3, -1.0993e-02
  2883,           1,  2.1147e-03
  2883,           2, -4.9228e-03
  2883,           3, -9.7226e-03
  2884,           1,  2.7105e-03
  2884,           2, -4.4924e-03
  2884,           3, -9.4206e-03
  2885,           1,  3.6997e-03
  2885,           2, -4.6760e-03
  2885,           3, -1.0946e-02
  2886,           1,  4.1342e-03
  2886,           2, -3.9170e-03
  2886,           3, -1.0506e-02
  2887,           1,  4.1287e-03
  2887,           2, -2.8452e-03
  2887,           3, -8.9885e-03
  2888,           1,  4.8960e-03
  2888,           2, -2.4865e-03
  2888,           3, -1.0033e-02
  2889,           1,  6.1349e-03
  2889,           2, -2.1645e-03
  2889,           3, -1.2058e-02
  2890,           1,  6.1485e-03
  2890,           2, -1.1195e-03
  2890,           3, -1.1815e-02
  2891,           1,  5.3625e-03
  2891,           2, -1.4239e-04
  2891,           3, -9.9634e-03
  2892,           1,  5.5104e-03
  2892,           2,  5.6932e-04
  2892,           3, -1.0231e-02
  2893,           1,  5.9710e-03
  2893,           2,  1.4736e-03
  2893,           3, -1.1420e-02
  2894,           1,  5.5946e-03
  2894,           2,  2.3690e-03
  2894,           3, -1.1244e-02
  2895,           1,  4.5916e-03
  2895,           2,  2.7735e-03
  2895,           3, -9.8641e-03
  2896,           1,  4.0700e-03
  2896,           2,  3.2863e-03
  2896,           3, -9.3378e-03
  2897,           1,  3.9275e-03
  2897,           2,  4.2258e-03
  2897,           3, -1.0577e-02
  2898,           1,  3.1151e-03
  2898,           2,  4.4708e-03
  2898,           3, -9.9254e-03
  2899,           1,  2.1291e-03
  2899,           2,  4.1837e-03
  2899,           3, -8.3825e-03
  2900,           1,  1.6986e-03
  2900,           2,  4.8648e-03
  2900,           3, -9.3283e-03
  2901,           1,  1.2002e-03
  2901,           2,  5.8980e-03
  2901,           3, -1.1074e-02
  2902,           1,  3.1857e-04
  2902,           2,  6.2250e-03
  2902,           3, -1.1624e-02
  2903,           1, -5.6883e-04
  2903,           2,  5.7401e-03
  2903,           3, -1.0548e-02
  2904,           1, -1.3587e-03
  2904,           2,  5.5518e-03
  2904,           3, -1.0360e-02
  2905,           1, -2.1862e-03
  2905,           2,  5.5241e-03
  2905,           3, -1.1149e-02
  2906,           1, -2.7971e-03
  2906,           2,  4.9063e-03
  2906,           3, -1.0257e-02
  2907,           1, -3.4853e-03
  2907,           2,  4.4670e-03
  2907,           3, -1.0447e-02
  2908,           1, -4.5985e-03
  2908,           2,  4.3890e-03
  2908,           3, -1.1669e-02
  2909,           1, -5.1137e-03
  2909,           2,  3.6040e-03
  2909,           3, -1.1482e-02
  2910,           1, -4.8126e-03
  2910,           2,  2.4726e-03
  2910,           3, -9.8755e-03
  2911,           1, -4.5819e-03
  2911,           2,  1.5567e-03
  2911,           3, -8.8286e-03
  2912,           1, -5.6129e-03
  2912,           2,  1.1055e-03
  2912,           3, -1.0588e-02
  2913,           1, -6.7247e-03
  2913,           2,  4.2345e-04
  2913,           3, -1.2290e-02
  2914,           1,  5.5928e-04
  2914,           2, -5.9838e-03
  2914,           3, -1.1091e-02
  2915,           1, -1.7569e-04
  2915,           2, -5.4875e-03
  2915,           3, -9.9479e-03
  2916,           1, -8.9107e-04
  2916,           2, -5.2825e-03
  2916,           3, -9.7180e-03
  2917,           1, -1.9538e-03
  2917,           2, -5.8303e-03
  2917,           3, -1.1595e-02
  2918,           1, -2.9570e-03
  2918,           2, -5.7313e-03
  2918,           3, -1.1951e-02
  2919,           1, -3.1793e-03
  2919,           2, -4.5872e-03
  2919,           3, -1.0163e-02
  2920,           1, -3.6162e-03
  2920,           2, -3.9583e-03
  2920,           3, -9.7263e-03
  2921,           1, -4.8340e-03
  2921,           2, -3.8609e-03
  2921,           3, -1.1629e-02
  2922,           1, -5.6785e-03
  2922,           2, -3.2411e-03
  2922,           3, -1.2083e-02
  2923,           1, -5.1817e-03
  2923,           2, -2.1209e-03
  2923,           3, -1.0160e-02
  2924,           1, -4.8933e-03
  2924,           2, -1.2864e-03
  2924,           3, -9.0497e-03
  2925,           1, -5.8130e-03
  2925,           2, -5.8341e-04
  2925,           3, -1.0796e-02
  2926,           1,  3.0060e-03
  2926,           2,  1.9337e-03
  2926,           3, -8.2376e-03
  2927,           1,  2.0156e-03
  2927,           2,  1.6966e-03
  2927,           3, -5.5258e-03
  2928,           1,  3.9100e-03
  2928,           2,  1.7604e-03
  2928,           3, -1.0143e-02
  2929,           1,  3.3127e-03
  2929,           2,  3.4999e-03
  2929,           3, -1.1451e-02
  2930,           1,  2.1029e-03
  2930,           2,  3.1008e-03
  2930,           3, -8.4340e-03
  2931,           1,  4.4468e-03
  2931,           2,  1.1399e-03
  2931,           3, -1.0665e-02
  2932,           1,  9.9785e-04
  2932,           2,  1.8829e-03
  2932,           3, -4.3956e-03
  2933,           1,  1.2649e-03
  2933,           2,  3.2323e-03
  2933,           3, -7.7755e-03
  2934,           1,  1.0265e-03
  2934,           2,  4.3757e-03
  2934,           3, -1.0730e-02
  2935,           1,  3.9149e-04
  2935,           2,  4.8684e-03
  2935,           3, -1.1497e-02
  2936,           1, -4.3617e-04
  2936,           2,  4.2830e-03
  2936,           3, -1.0246e-02
  2937,           1, -9.2014e-04
  2937,           2,  3.1773e-03
  2937,           3, -7.1475e-03
  2938,           1, -2.2342e-03
  2938,           2,  5.9622e-03
  2938,           3, -1.6185e-02
  2939,           1, -1.4527e-03
  2939,           2,  2.8344e-03
  2939,           3, -6.9375e-03
  2940,           1, -2.4622e-03
  2940,           2,  3.4084e-03
  2940,           3, -9.6831e-03
  2941,           1, -3.3880e-03
  2941,           2,  3.2572e-03
  2941,           3, -1.1027e-02
  2942,           1, -4.0988e-03
  2942,           2,  2.6441e-03
  2942,           3, -1.1292e-02
  2943,           1, -3.6748e-03
  2943,           2,  1.6824e-03
  2943,           3, -9.1032e-03
  2944,           1, -2.2594e-03
  2944,           2,  7.3447e-04
  2944,           3, -5.1309e-03
  2945,           1, -3.8658e-03
  2945,           2,  9.4963e-04
  2945,           3, -8.8524e-03
  2946,           1, -5.1959e-03
  2946,           2,  3.1319e-04
  2946,           3, -1.2627e-02
  2947,           1,  3.9792e-03
  2947,           2,  3.7484e-04
  2947,           3, -9.2589e-03
  2948,           1,  2.8672e-03
  2948,           2, -9.2244e-05
  2948,           3, -6.2717e-03
  2949,           1,  5.5285e-03
  2949,           2, -6.6373e-04
  2949,           3, -1.3473e-02
  2950,           1,  4.5348e-03
  2950,           2, -1.5904e-03
  2950,           3, -1.1504e-02
  2951,           1,  3.6410e-03
  2951,           2, -1.9597e-03
  2951,           3, -9.5938e-03
  2952,           1,  2.1127e-03
  2952,           2, -1.5035e-03
  2952,           3, -5.5878e-03
  2953,           1,  3.3320e-03
  2953,           2, -3.0286e-03
  2953,           3, -1.0614e-02
  2954,           1,  3.2059e-03
  2954,           2, -4.1576e-03
  2954,           3, -1.2657e-02
  2955,           1,  1.4453e-03
  2955,           2, -2.2592e-03
  2955,           3, -5.5075e-03
  2956,           1,  1.4364e-03
  2956,           2, -3.1231e-03
  2956,           3, -7.8835e-03
  2957,           1,  1.0297e-03
  2957,           2, -3.8585e-03
  2957,           3, -9.4674e-03
  2958,           1,  5.2789e-04
  2958,           2, -4.2279e-03
  2958,           3, -9.9500e-03
  2959,           1, -1.1999e-04
  2959,           2, -3.7826e-03
  2959,           3, -8.7728e-03
  2960,           1, -5.1258e-04
  2960,           2, -2.7478e-03
  2960,           3, -6.0288e-03
  2961,           1, -1.3437e-03
  2961,           2, -5.1123e-03
  2961,           3, -1.2935e-02
  2962,           1, -1.9260e-03
  2962,           2, -3.9681e-03
  2962,           3, -1.0483e-02
  2963,           1, -2.1425e-03
  2963,           2, -3.0282e-03
  2963,           3, -8.5980e-03
  2964,           1, -1.8587e-03
  2964,           2, -1.9686e-03
  2964,           3, -5.8216e-03
  2965,           1, -3.7125e-03
  2965,           2, -3.3317e-03
  2965,           3, -1.2110e-02
  2966,           1, -4.2105e-03
  2966,           2, -2.4616e-03
  2966,           3, -1.1696e-02
  2967,           1, -3.9367e-03
  2967,           2, -1.5013e-03
  2967,           3, -9.7823e-03
  2968,           1, -2.5156e-03
  2968,           2, -6.0226e-04
  2968,           3, -5.5007e-03
  2969,           1, -4.0812e-03
  2969,           2, -5.9856e-04
  2969,           3, -9.6837e-03
  2970,           1,  2.8366e-03
  2970,           2,  1.7092e-03
  2970,           3, -9.8523e-03
  2971,           1,  2.4425e-03
  2971,           2,  1.8066e-03
  2971,           3, -8.0123e-03
  2972,           1,  3.9237e-03
  2972,           2,  1.0819e-03
  2972,           3, -1.2455e-02
  2973,           1,  4.2872e-03
  2973,           2,  1.2924e-04
  2973,           3, -1.2170e-02
  2974,           1,  3.0968e-03
  2974,           2, -1.5526e-03
  2974,           3, -1.0787e-02
  2975,           1,  2.6709e-03
  2975,           2, -5.6646e-04
  2975,           3, -8.1995e-03
  2976,           1,  4.8557e-03
  2976,           2, -2.0060e-04
  2976,           3, -1.8666e-02
  2977,           1,  4.1793e-03
  2977,           2,  1.7611e-03
  2977,           3, -1.8694e-02
  2978,           1,  2.8830e-03
  2978,           2,  2.0775e-03
  2978,           3, -1.3987e-02
  2979,           1,  1.5708e-03
  2979,           2,  1.3598e-03
  2979,           3, -6.6556e-03
  2980,           1,  2.1863e-03
  2980,           2,  3.0684e-03
  2980,           3, -1.1222e-02
  2981,           1,  1.7868e-03
  2981,           2,  3.4366e-03
  2981,           3, -1.0411e-02
  2982,           1,  1.6499e-03
  2982,           2,  4.3234e-03
  2982,           3, -1.4192e-02
  2983,           1,  4.2169e-03
  2983,           2, -3.0001e-03
  2983,           3, -1.4861e-02
  2984,           1,  4.4883e-04
  2984,           2,  4.6791e-03
  2984,           3, -1.4386e-02
  2985,           1, -6.8790e-04
  2985,           2,  3.9714e-03
  2985,           3, -1.2188e-02
  2986,           1,  2.6912e-03
  2986,           2, -1.0977e-03
  2986,           3, -1.1747e-02
  2987,           1,  1.9590e-03
  2987,           2, -1.3341e-03
  2987,           3, -8.9115e-03
  2988,           1,  2.3291e-03
  2988,           2, -2.6963e-03
  2988,           3, -1.1453e-02
  2989,           1,  2.8842e-03
  2989,           2, -3.5767e-03
  2989,           3, -2.0156e-02
  2990,           1,  3.5641e-03
  2990,           2,  5.3341e-03
  2990,           3, -2.5584e-02
  2991,           1,  1.2559e-03
  2991,           2, -2.3348e-03
  2991,           3, -7.5999e-03
  2992,           1,  9.5430e-04
  2992,           2, -1.6571e-03
  2992,           3, -6.0599e-03
  2993,           1,  1.4118e-03
  2993,           2, -2.7383e-03
  2993,           3, -1.0772e-02
  2994,           1,  9.9937e-04
  2994,           2, -2.7974e-03
  2994,           3, -8.7097e-03
  2995,           1,  4.3823e-04
  2995,           2, -3.7356e-03
  2995,           3, -1.1066e-02
  2996,           1, -3.5282e-04
  2996,           2, -3.8329e-03
  2996,           3, -1.1251e-02
  2997,           1,  7.3530e-04
  2997,           2, -3.5689e-03
  2997,           3, -1.3984e-02
  2998,           1, -1.7461e-03
  2998,           2, -2.8313e-03
  2998,           3, -9.9946e-03
  2999,           1, -7.5791e-04
  2999,           2, -2.4571e-03
  2999,           3, -7.9180e-03
  3000,           1, -6.9079e-04
  3000,           2, -4.6152e-03
  3000,           3, -1.7459e-02
  3001,           1, -2.0473e-03
  3001,           2, -2.4997e-03
  3001,           3, -9.2884e-03
  3002,           1, -1.8144e-03
  3002,           2, -3.0734e-03
  3002,           3, -1.4449e-02
  3003,           1, -3.7898e-03
  3003,           2, -1.7092e-03
  3003,           3, -1.2821e-02
  3004,           1, -1.7332e-03
  3004,           2, -1.4083e-03
  3004,           3, -6.8871e-03
  3005,           1, -2.1919e-03
  3005,           2, -2.5569e-03
  3005,           3, -1.1707e-02
  3006,           1, -5.1918e-03
  3006,           2, -1.4156e-03
  3006,           3, -1.5764e-02
  3007,           1, -3.5969e-03
  3007,           2, -2.3676e-03
  3007,           3, -1.8034e-02
  3008,           1, -4.6763e-03
  3008,           2, -8.6308e-04
  3008,           3, -1.9500e-02
  3009,           1, -2.1907e-03
  3009,           2, -3.1245e-04
  3009,           3, -6.9574e-03
  3010,           1, -2.4893e-03
  3010,           2,  1.3054e-04
  3010,           3, -8.4843e-03
  3011,           1, -1.8388e-03
  3011,           2,  3.7025e-04
  3011,           3, -5.6815e-03
  3012,           1, -4.2657e-03
  3012,           2,  1.4303e-03
  3012,           3, -1.2236e-02
  3013,           1, -3.4149e-03
  3013,           2,  2.0363e-03
  3013,           3, -1.1842e-02
  3014,           1, -2.5546e-03
  3014,           2,  2.5598e-03
  3014,           3, -1.1162e-02
  3015,           1, -2.0020e-03
  3015,           2,  3.1321e-03
  3015,           3, -1.0758e-02
  3016,           1, -4.7149e-04
  3016,           2,  3.5397e-03
  3016,           3, -1.3051e-02
  3017,           1, -7.6632e-04
  3017,           2,  2.2972e-03
  3017,           3, -7.9019e-03
  3018,           1, -1.6301e-03
  3018,           2,  2.5629e-03
  3018,           3, -1.1103e-02
  3019,           1, -1.0296e-03
  3019,           2,  2.8761e-03
  3019,           3, -1.4639e-02
  3020,           1,  8.0313e-04
  3020,           2,  4.7830e-03
  3020,           3, -2.0725e-02
  3021,           1, -2.1972e-03
  3021,           2,  2.1764e-03
  3021,           3, -1.2057e-02
  3022,           1, -2.4802e-03
  3022,           2,  1.3337e-03
  3022,           3, -1.0977e-02
  3023,           1, -2.5664e-03
  3023,           2,  6.8335e-04
  3023,           3, -9.2410e-03
  3024,           1, -1.9181e-03
  3024,           2,  1.8349e-03
  3024,           3, -1.5637e-02
  3025,           1, -2.1892e-03
  3025,           2,  7.5784e-04
  3025,           3, -1.2582e-02
  3026,           1, -1.6733e-03
  3026,           2,  2.1333e-04
  3026,           3, -7.3842e-03
  3027,           1,  3.2625e-04
  3027,           2,  3.4861e-03
  3027,           3, -2.6635e-02
  3028,           1,  4.1279e-03
  3028,           2,  2.9118e-03
  3028,           3, -3.5276e-02
  3029,           1,  2.3454e-03
  3029,           2, -2.6082e-04
  3029,           3, -1.4936e-02
  3030,           1,  2.8941e-03
  3030,           2, -2.0304e-03
  3030,           3, -1.9908e-02
  3031,           1, -2.9292e-03
  3031,           2, -5.0835e-04
  3031,           3, -2.2659e-02
  3032,           1, -2.7086e-03
  3032,           2, -3.3571e-03
  3032,           3, -3.0238e-02
  3033,           1, -3.5628e-04
  3033,           2, -2.3753e-03
  3033,           3, -1.4122e-02
  3034,           1,  1.3291e-03
  3034,           2, -3.2872e-03
  3034,           3, -2.0927e-02
  3035,           1,  1.2561e-03
  3035,           2, -1.9207e-03
  3035,           3, -3.7521e-02
  3036,           1, -1.2347e-03
  3036,           2,  9.5100e-04
  3036,           3, -2.7399e-02
*EL FILE, FREQUENCY=1
S
E
*NODE FILE, FREQUENCY=1
U
*END STEP
********************************
*STEP, NLGEOM=YES
*BUCKLING
***BOUNDARY
**  1640,           1,         1,  0.
**  1640,           2,         2,  0.
**  1640,           3,         3,  0.
**  1640,           4,         4,  0.
**  1640,           5,         5,  0.
**  2289,           1,         1,  0.
**  2289,           2,         2,  0.
**  2289,           3,         3,  0.
**  2289,           4,         4,  0.
**  2289,           5,         5,  0.
**  2292,           1,         1,  0.
**  2292,           2,         2,  0.
**  2292,           3,         3,  0.
**  2292,           4,         4,  0.
**  2292,           5,         5,  0.
**  2295,           1,         1,  0.
**  2295,           2,         2,  0.
**  2295,           3,         3,  0.
**  2295,           4,         4,  0.
**  2295,           5,         5,  0.
**  2298,           1,         1,  0.
**  2298,           2,         2,  0.
**  2298,           3,         3,  0.
**  2298,           4,         4,  0.
**  2298,           5,         5,  0.
**  2301,           1,         1,  0.
**  2301,           2,         2,  0.
**  2301,           3,         3,  0.
**  2301,           4,         4,  0.
**  2301,           5,         5,  0.
**  2304,           1,         1,  0.
**  2304,           2,         2,  0.
**  2304,           3,         3,  0.
**  2304,           4,         4,  0.
**  2304,           5,         5,  0.
**  2307,           1,         1,  0.
**  2307,           2,         2,  0.
**  2307,           3,         3,  0.
**  2307,           4,         4,  0.
**  2307,           5,         5,  0.
**  2310,           1,         1,  0.
**  2310,           2,         2,  0.
**  2310,           3,         3,  0.
**  2310,           4,         4,  0.
**  2310,           5,         5,  0.
**  2313,           1,         1,  0.
**  2313,           2,         2,  0.
**  2313,           3,         3,  0.
**  2313,           4,         4,  0.
**  2313,           5,         5,  0.
**  2316,           1,         1,  0.
**  2316,           2,         2,  0.
**  2316,           3,         3,  0.
**  2316,           4,         4,  0.
**  2316,           5,         5,  0.
**  2474,           1,         1,  0.
**  2474,           2,         2,  0.
**  2474,           3,         3,  0.
**  2474,           4,         4,  0.
**  2474,           5,         5,  0.
**  2475,           1,         1,  0.
**  2475,           2,         2,  0.
**  2475,           3,         3,  0.
**  2475,           4,         4,  0.
**  2475,           5,         5,  0.
**  2476,           1,         1,  0.
**  2476,           2,         2,  0.
**  2476,           3,         3,  0.
**  2476,           4,         4,  0.
**  2476,           5,         5,  0.
**  2477,           1,         1,  0.
**  2477,           2,         2,  0.
**  2477,           3,         3,  0.
**  2477,           4,         4,  0.
**  2477,           5,         5,  0.
**  2478,           1,         1,  0.
**  2478,           2,         2,  0.
**  2478,           3,         3,  0.
**  2478,           4,         4,  0.
**  2478,           5,         5,  0.
**  2479,           1,         1,  0.
**  2479,           2,         2,  0.
**  2479,           3,         3,  0.
**  2479,           4,         4,  0.
**  2479,           5,         5,  0.
**  2480,           1,         1,  0.
**  2480,           2,         2,  0.
**  2480,           3,         3,  0.
**  2480,           4,         4,  0.
**  2480,           5,         5,  0.
**  2481,           1,         1,  0.
**  2481,           2,         2,  0.
**  2481,           3,         3,  0.
**  2481,           4,         4,  0.
**  2481,           5,         5,  0.
**  2482,           1,         1,  0.
**  2482,           2,         2,  0.
**  2482,           3,         3,  0.
**  2482,           4,         4,  0.
**  2482,           5,         5,  0.
**  2483,           1,         1,  0.
**  2483,           2,         2,  0.
**  2483,           3,         3,  0.
**  2483,           4,         4,  0.
**  2483,           5,         5,  0.
**  2484,           1,         1,  0.
**  2484,           2,         2,  0.
**  2484,           3,         3,  0.
**  2484,           4,         4,  0.
**  2484,           5,         5,  0.
**  2485,           1,         1,  0.
**  2485,           2,         2,  0.
**  2485,           3,         3,  0.
**  2485,           4,         4,  0.
**  2485,           5,         5,  0.
**  2486,           1,         1,  0.
**  2486,           2,         2,  0.
**  2486,           3,         3,  0.
**  2486,           4,         4,  0.
**  2486,           5,         5,  0.
**  2487,           1,         1,  0.
**  2487,           2,         2,  0.
**  2487,           3,         3,  0.
**  2487,           4,         4,  0.
**  2487,           5,         5,  0.
**  2488,           1,         1,  0.
**  2488,           2,         2,  0.
**  2488,           3,         3,  0.
**  2488,           4,         4,  0.
**  2488,           5,         5,  0.
**  2489,           1,         1,  0.
**  2489,           2,         2,  0.
**  2489,           3,         3,  0.
**  2489,           4,         4,  0.
**  2489,           5,         5,  0.
**  2490,           1,         1,  0.
**  2490,           2,         2,  0.
**  2490,           3,         3,  0.
**  2490,           4,         4,  0.
**  2490,           5,         5,  0.
**  2491,           1,         1,  0.
**  2491,           2,         2,  0.
**  2491,           3,         3,  0.
**  2491,           4,         4,  0.
**  2491,           5,         5,  0.
**  2492,           1,         1,  0.
**  2492,           2,         2,  0.
**  2492,           3,         3,  0.
**  2492,           4,         4,  0.
**  2492,           5,         5,  0.
**  2493,           1,         1,  0.
**  2493,           2,         2,  0.
**  2493,           3,         3,  0.
**  2493,           4,         4,  0.
**  2493,           5,         5,  0.
**  2494,           1,         1,  0.
**  2494,           2,         2,  0.
**  2494,           3,         3,  0.
**  2494,           4,         4,  0.
**  2494,           5,         5,  0.
**  2495,           1,         1,  0.
**  2495,           2,         2,  0.
**  2495,           3,         3,  0.
**  2495,           4,         4,  0.
**  2495,           5,         5,  0.
**  2496,           1,         1,  0.
**  2496,           2,         2,  0.
**  2496,           3,         3,  0.
**  2496,           4,         4,  0.
**  2496,           5,         5,  0.
**  2497,           1,         1,  0.
**  2497,           2,         2,  0.
**  2497,           3,         3,  0.
**  2497,           4,         4,  0.
**  2497,           5,         5,  0.
**  2498,           1,         1,  0.
**  2498,           2,         2,  0.
**  2498,           3,         3,  0.
**  2498,           4,         4,  0.
**  2498,           5,         5,  0.
**  2499,           1,         1,  0.
**  2499,           2,         2,  0.
**  2499,           3,         3,  0.
**  2499,           4,         4,  0.
**  2499,           5,         5,  0.
**  2500,           1,         1,  0.
**  2500,           2,         2,  0.
**  2500,           3,         3,  0.
**  2500,           4,         4,  0.
**  2500,           5,         5,  0.
**  2501,           1,         1,  0.
**  2501,           2,         2,  0.
**  2501,           3,         3,  0.
**  2501,           4,         4,  0.
**  2501,           5,         5,  0.
**  2502,           1,         1,  0.
**  2502,           2,         2,  0.
**  2502,           3,         3,  0.
**  2502,           4,         4,  0.
**  2502,           5,         5,  0.
**  2503,           1,         1,  0.
**  2503,           2,         2,  0.
**  2503,           3,         3,  0.
**  2503,           4,         4,  0.
**  2503,           5,         5,  0.
**  2504,           1,         1,  0.
**  2504,           2,         2,  0.
**  2504,           3,         3,  0.
**  2504,           4,         4,  0.
**  2504,           5,         5,  0.
**  2505,           1,         1,  0.
**  2505,           2,         2,  0.
**  2505,           3,         3,  0.
**  2505,           4,         4,  0.
**  2505,           5,         5,  0.
**  2506,           1,         1,  0.
**  2506,           2,         2,  0.
**  2506,           3,         3,  0.
**  2506,           4,         4,  0.
**  2506,           5,         5,  0.
*END STEP