*HEADING
reinforced concrete beam
*NODE
        1,   0.0, 0.0000000,  0.0
	    2,   0.0, 0.40,       0.0
        3,   0.0, 0.8000000,  0.0
	    4,   0.0, 1.20,       0.0
        5,   0.0, 1.6000000,  0.0
	    6,   0.0, 2.00,       0.0
        7,   0.0, 2.4000000,  0.0
	    8,   0.0, 2.80,       0.0
        9,   0.0, 3.2000000,  0.0
       10,   0.0, 3.60,       0.0
       11,   0.0, 4.0000000,  0.0
       12,   0.0, 4.40,       0.0
       13,   0.0, 4.8000000,  0.0
       14,   0.0, 5.20,       0.0
       15,   0.0, 5.6000000,  0.0
       16,   0.0, 6.00,       0.0
       17,   0.0, 6.4000000,  0.0
       18,   0.0, 6.80,       0.0
       19,   0.0, 7.2000000,  0.0
       20,   0.0, 7.60,       0.0
       21,   0.0, 8.0000000,  0.0
*BEAM SECTION, SECTION=RECT, ELSET=PROP1, MATERIAL=MAT2
   1.00, 0.25
*MATERIAL, NAME=MAT2
*ELASTIC
    33000.0, 0.2
*ELEMENT, TYPE=B23E, ELSET=PROP1
        1,       1,       3,   2,
        2,       3,       5,   4,
        3,       5,       7,   6,
        4,       7,       9,   8,
        5,       9,      11,  10,
        6,      11,      13,  12,
        7,      13,      15,  14,
        8,      15,      17,  16,
        9,      17,      19,  18,
       10,      19,      21,  20,
***ELEMENT, TYPE=B23, ELSET=PROP1
**        1,       1,   2
**        2,       3,   4,    5
**        3,       5,   6,    7
**        4,       7,   8,    9
**        5,       9,  10,    11
**        6,      11,  12,    13
**        7,      13,  14,    15
**        8,      15,  16,    17
**        9,      17,  18,    19
**       10,      19,  20,    21
************************************************************
***STEP, NLGEOM=YES
*STEP
*CONTROLS, PARAMETERS=FIELD
   1.e-4
*CONTROLS, PARAMETERS=TIME INCREMENTATION
   20
*STATIC
   1.0,    1.0
**   0.1,    1.0
*BOUNDARY
        1,   1,   1,     0.0
        1,   2,   2,     0.0
       21,   1,   1,     0.0
***DLOAD
**      PROP1,  1,  0.125
*AMPLITUDE, NAME=AMP1
  0.0, 0.0,  1.0, 1.0
*CLOAD, AMPLITUDE=AMP1
     21, 2, 1.0
*EL FILE, FREQUENCY=1.0
*NODE FILE, FREQUENCY=1.0
*END STEP
************************************************************
*STEP, NLGEOM=YES
*BUCKLING
*BOUNDARY
        1,   1,   1,     0.0
        1,   2,   2,     0.0
        1,   6,   6,     0.0
       21,   1,   1,     0.0
       21,   2,   2,     0.0
       21,   6,   6,     0.0
*END STEP
************************************************************
