  1.0000
    1   0.0000   0.0000   0.0000  0.0000e+00  0.0000e+00  0.0000e+00  0.0000e+00 -1.0000e+00  0.0000e+00
    2   0.0000   0.4000   0.0000  4.8485e-05  0.0000e+00
    3   0.0000   0.8000   0.0000  0.0000e+00  9.6970e-05  0.0000e+00  0.0000e+00  4.4409e-16  0.0000e+00
    4   0.0000   1.2000   0.0000  1.4545e-04  5.5511e-16
    5   0.0000   1.6000   0.0000  0.0000e+00  1.9394e-04  0.0000e+00  0.0000e+00  1.7764e-15  0.0000e+00
    6   0.0000   2.0000   0.0000  2.4242e-04  2.2204e-16
    7   0.0000   2.4000   0.0000  0.0000e+00  2.9091e-04  0.0000e+00  0.0000e+00 -1.3323e-15  0.0000e+00
    8   0.0000   2.8000   0.0000  3.3939e-04  1.8874e-15
    9   0.0000   3.2000   0.0000  0.0000e+00  3.8788e-04  0.0000e+00  0.0000e+00  2.8866e-15  0.0000e+00
   10   0.0000   3.6000   0.0000  4.3636e-04 -1.1102e-15
   11   0.0000   4.0000   0.0000  0.0000e+00  4.8485e-04  0.0000e+00  0.0000e+00  2.2204e-16  0.0000e+00
   12   0.0000   4.4000   0.0000  5.3333e-04  0.0000e+00
   13   0.0000   4.8000   0.0000  0.0000e+00  5.8182e-04  0.0000e+00  0.0000e+00  5.1070e-15  0.0000e+00
   14   0.0000   5.2000   0.0000  6.3030e-04 -4.4409e-16
   15   0.0000   5.6000   0.0000  0.0000e+00  6.7879e-04  0.0000e+00  0.0000e+00  5.5511e-15  0.0000e+00
   16   0.0000   6.0000   0.0000  7.2727e-04  3.8858e-15
   17   0.0000   6.4000   0.0000  0.0000e+00  7.7576e-04  0.0000e+00  0.0000e+00  3.7748e-15  0.0000e+00
   18   0.0000   6.8000   0.0000  8.2424e-04 -3.7748e-15
   19   0.0000   7.2000   0.0000  0.0000e+00  8.7273e-04  0.0000e+00  0.0000e+00  1.0658e-14  0.0000e+00
   20   0.0000   7.6000   0.0000  9.2121e-04  6.8834e-15
   21   0.0000   8.0000   0.0000  0.0000e+00  9.6970e-04  0.0000e+00  0.0000e+00  5.5511e-15  0.0000e+00
