*HEADING
 fullCyl_v2.1_141028_135818_r_5m_er_40_l_19.63m
*NODE
   1,   5.000,   0.000,   0.000,   1.000,   0.000,   0.000
   2,   4.938,   0.782,   0.000,   0.988,   0.156,   0.000
   3,   4.755,   1.545,   0.000,   0.951,   0.309,   0.000
   4,   4.455,   2.270,   0.000,   0.891,   0.454,   0.000
   5,   4.045,   2.939,   0.000,   0.809,   0.588,   0.000
   6,   3.536,   3.536,   0.000,   0.707,   0.707,   0.000
   7,   2.939,   4.045,   0.000,   0.588,   0.809,   0.000
   8,   2.270,   4.455,   0.000,   0.454,   0.891,   0.000
   9,   1.545,   4.755,   0.000,   0.309,   0.951,   0.000
  10,   0.782,   4.938,   0.000,   0.156,   0.988,   0.000
  11,   0.000,   5.000,   0.000,   0.000,   1.000,   0.000
  12,  -0.782,   4.938,   0.000,  -0.156,   0.988,   0.000
  13,  -1.545,   4.755,   0.000,  -0.309,   0.951,   0.000
  14,  -2.270,   4.455,   0.000,  -0.454,   0.891,   0.000
  15,  -2.939,   4.045,   0.000,  -0.588,   0.809,   0.000
  16,  -3.536,   3.536,   0.000,  -0.707,   0.707,   0.000
  17,  -4.045,   2.939,   0.000,  -0.809,   0.588,   0.000
  18,  -4.455,   2.270,   0.000,  -0.891,   0.454,   0.000
  19,  -4.755,   1.545,   0.000,  -0.951,   0.309,   0.000
  20,  -4.938,   0.782,   0.000,  -0.988,   0.156,   0.000
  21,  -5.000,   0.000,   0.000,  -1.000,   0.000,   0.000
  22,  -4.938,  -0.782,   0.000,  -0.988,  -0.156,   0.000
  23,  -4.755,  -1.545,   0.000,  -0.951,  -0.309,   0.000
  24,  -4.455,  -2.270,   0.000,  -0.891,  -0.454,   0.000
  25,  -4.045,  -2.939,   0.000,  -0.809,  -0.588,   0.000
  26,  -3.536,  -3.536,   0.000,  -0.707,  -0.707,   0.000
  27,  -2.939,  -4.045,   0.000,  -0.588,  -0.809,   0.000
  28,  -2.270,  -4.455,   0.000,  -0.454,  -0.891,   0.000
  29,  -1.545,  -4.755,   0.000,  -0.309,  -0.951,   0.000
  30,  -0.782,  -4.938,   0.000,  -0.156,  -0.988,   0.000
  31,  -0.000,  -5.000,   0.000,  -0.000,  -1.000,   0.000
  32,   0.782,  -4.938,   0.000,   0.156,  -0.988,   0.000
  33,   1.545,  -4.755,   0.000,   0.309,  -0.951,   0.000
  34,   2.270,  -4.455,   0.000,   0.454,  -0.891,   0.000
  35,   2.939,  -4.045,   0.000,   0.588,  -0.809,   0.000
  36,   3.536,  -3.536,   0.000,   0.707,  -0.707,   0.000
  37,   4.045,  -2.939,   0.000,   0.809,  -0.588,   0.000
  38,   4.455,  -2.270,   0.000,   0.891,  -0.454,   0.000
  39,   4.755,  -1.545,   0.000,   0.951,  -0.309,   0.000
  40,   4.938,  -0.782,   0.000,   0.988,  -0.156,   0.000
  41,   5.000,   0.000,   0.785,   1.000,   0.000,   0.000
  42,   4.938,   0.782,   0.785,   0.988,   0.156,   0.000
  43,   4.755,   1.545,   0.785,   0.951,   0.309,   0.000
  44,   4.455,   2.270,   0.785,   0.891,   0.454,   0.000
  45,   4.045,   2.939,   0.785,   0.809,   0.588,   0.000
  46,   3.536,   3.536,   0.785,   0.707,   0.707,   0.000
  47,   2.939,   4.045,   0.785,   0.588,   0.809,   0.000
  48,   2.270,   4.455,   0.785,   0.454,   0.891,   0.000
  49,   1.545,   4.755,   0.785,   0.309,   0.951,   0.000
  50,   0.782,   4.938,   0.785,   0.156,   0.988,   0.000
  51,   0.000,   5.000,   0.785,   0.000,   1.000,   0.000
  52,  -0.782,   4.938,   0.785,  -0.156,   0.988,   0.000
  53,  -1.545,   4.755,   0.785,  -0.309,   0.951,   0.000
  54,  -2.270,   4.455,   0.785,  -0.454,   0.891,   0.000
  55,  -2.939,   4.045,   0.785,  -0.588,   0.809,   0.000
  56,  -3.536,   3.536,   0.785,  -0.707,   0.707,   0.000
  57,  -4.045,   2.939,   0.785,  -0.809,   0.588,   0.000
  58,  -4.455,   2.270,   0.785,  -0.891,   0.454,   0.000
  59,  -4.755,   1.545,   0.785,  -0.951,   0.309,   0.000
  60,  -4.938,   0.782,   0.785,  -0.988,   0.156,   0.000
  61,  -5.000,   0.000,   0.785,  -1.000,   0.000,   0.000
  62,  -4.938,  -0.782,   0.785,  -0.988,  -0.156,   0.000
  63,  -4.755,  -1.545,   0.785,  -0.951,  -0.309,   0.000
  64,  -4.455,  -2.270,   0.785,  -0.891,  -0.454,   0.000
  65,  -4.045,  -2.939,   0.785,  -0.809,  -0.588,   0.000
  66,  -3.536,  -3.536,   0.785,  -0.707,  -0.707,   0.000
  67,  -2.939,  -4.045,   0.785,  -0.588,  -0.809,   0.000
  68,  -2.270,  -4.455,   0.785,  -0.454,  -0.891,   0.000
  69,  -1.545,  -4.755,   0.785,  -0.309,  -0.951,   0.000
  70,  -0.782,  -4.938,   0.785,  -0.156,  -0.988,   0.000
  71,  -0.000,  -5.000,   0.785,  -0.000,  -1.000,   0.000
  72,   0.782,  -4.938,   0.785,   0.156,  -0.988,   0.000
  73,   1.545,  -4.755,   0.785,   0.309,  -0.951,   0.000
  74,   2.270,  -4.455,   0.785,   0.454,  -0.891,   0.000
  75,   2.939,  -4.045,   0.785,   0.588,  -0.809,   0.000
  76,   3.536,  -3.536,   0.785,   0.707,  -0.707,   0.000
  77,   4.045,  -2.939,   0.785,   0.809,  -0.588,   0.000
  78,   4.455,  -2.270,   0.785,   0.891,  -0.454,   0.000
  79,   4.755,  -1.545,   0.785,   0.951,  -0.309,   0.000
  80,   4.938,  -0.782,   0.785,   0.988,  -0.156,   0.000
  81,   5.000,   0.000,   1.571,   1.000,   0.000,   0.000
  82,   4.938,   0.782,   1.571,   0.988,   0.156,   0.000
  83,   4.755,   1.545,   1.571,   0.951,   0.309,   0.000
  84,   4.455,   2.270,   1.571,   0.891,   0.454,   0.000
  85,   4.045,   2.939,   1.571,   0.809,   0.588,   0.000
  86,   3.536,   3.536,   1.571,   0.707,   0.707,   0.000
  87,   2.939,   4.045,   1.571,   0.588,   0.809,   0.000
  88,   2.270,   4.455,   1.571,   0.454,   0.891,   0.000
  89,   1.545,   4.755,   1.571,   0.309,   0.951,   0.000
  90,   0.782,   4.938,   1.571,   0.156,   0.988,   0.000
  91,   0.000,   5.000,   1.571,   0.000,   1.000,   0.000
  92,  -0.782,   4.938,   1.571,  -0.156,   0.988,   0.000
  93,  -1.545,   4.755,   1.571,  -0.309,   0.951,   0.000
  94,  -2.270,   4.455,   1.571,  -0.454,   0.891,   0.000
  95,  -2.939,   4.045,   1.571,  -0.588,   0.809,   0.000
  96,  -3.536,   3.536,   1.571,  -0.707,   0.707,   0.000
  97,  -4.045,   2.939,   1.571,  -0.809,   0.588,   0.000
  98,  -4.455,   2.270,   1.571,  -0.891,   0.454,   0.000
  99,  -4.755,   1.545,   1.571,  -0.951,   0.309,   0.000
 100,  -4.938,   0.782,   1.571,  -0.988,   0.156,   0.000
 101,  -5.000,   0.000,   1.571,  -1.000,   0.000,   0.000
 102,  -4.938,  -0.782,   1.571,  -0.988,  -0.156,   0.000
 103,  -4.755,  -1.545,   1.571,  -0.951,  -0.309,   0.000
 104,  -4.455,  -2.270,   1.571,  -0.891,  -0.454,   0.000
 105,  -4.045,  -2.939,   1.571,  -0.809,  -0.588,   0.000
 106,  -3.536,  -3.536,   1.571,  -0.707,  -0.707,   0.000
 107,  -2.939,  -4.045,   1.571,  -0.588,  -0.809,   0.000
 108,  -2.270,  -4.455,   1.571,  -0.454,  -0.891,   0.000
 109,  -1.545,  -4.755,   1.571,  -0.309,  -0.951,   0.000
 110,  -0.782,  -4.938,   1.571,  -0.156,  -0.988,   0.000
 111,  -0.000,  -5.000,   1.571,  -0.000,  -1.000,   0.000
 112,   0.782,  -4.938,   1.571,   0.156,  -0.988,   0.000
 113,   1.545,  -4.755,   1.571,   0.309,  -0.951,   0.000
 114,   2.270,  -4.455,   1.571,   0.454,  -0.891,   0.000
 115,   2.939,  -4.045,   1.571,   0.588,  -0.809,   0.000
 116,   3.536,  -3.536,   1.571,   0.707,  -0.707,   0.000
 117,   4.045,  -2.939,   1.571,   0.809,  -0.588,   0.000
 118,   4.455,  -2.270,   1.571,   0.891,  -0.454,   0.000
 119,   4.755,  -1.545,   1.571,   0.951,  -0.309,   0.000
 120,   4.938,  -0.782,   1.571,   0.988,  -0.156,   0.000
 121,   5.000,   0.000,   2.356,   1.000,   0.000,   0.000
 122,   4.938,   0.782,   2.356,   0.988,   0.156,   0.000
 123,   4.755,   1.545,   2.356,   0.951,   0.309,   0.000
 124,   4.455,   2.270,   2.356,   0.891,   0.454,   0.000
 125,   4.045,   2.939,   2.356,   0.809,   0.588,   0.000
 126,   3.536,   3.536,   2.356,   0.707,   0.707,   0.000
 127,   2.939,   4.045,   2.356,   0.588,   0.809,   0.000
 128,   2.270,   4.455,   2.356,   0.454,   0.891,   0.000
 129,   1.545,   4.755,   2.356,   0.309,   0.951,   0.000
 130,   0.782,   4.938,   2.356,   0.156,   0.988,   0.000
 131,   0.000,   5.000,   2.356,   0.000,   1.000,   0.000
 132,  -0.782,   4.938,   2.356,  -0.156,   0.988,   0.000
 133,  -1.545,   4.755,   2.356,  -0.309,   0.951,   0.000
 134,  -2.270,   4.455,   2.356,  -0.454,   0.891,   0.000
 135,  -2.939,   4.045,   2.356,  -0.588,   0.809,   0.000
 136,  -3.536,   3.536,   2.356,  -0.707,   0.707,   0.000
 137,  -4.045,   2.939,   2.356,  -0.809,   0.588,   0.000
 138,  -4.455,   2.270,   2.356,  -0.891,   0.454,   0.000
 139,  -4.755,   1.545,   2.356,  -0.951,   0.309,   0.000
 140,  -4.938,   0.782,   2.356,  -0.988,   0.156,   0.000
 141,  -5.000,   0.000,   2.356,  -1.000,   0.000,   0.000
 142,  -4.938,  -0.782,   2.356,  -0.988,  -0.156,   0.000
 143,  -4.755,  -1.545,   2.356,  -0.951,  -0.309,   0.000
 144,  -4.455,  -2.270,   2.356,  -0.891,  -0.454,   0.000
 145,  -4.045,  -2.939,   2.356,  -0.809,  -0.588,   0.000
 146,  -3.536,  -3.536,   2.356,  -0.707,  -0.707,   0.000
 147,  -2.939,  -4.045,   2.356,  -0.588,  -0.809,   0.000
 148,  -2.270,  -4.455,   2.356,  -0.454,  -0.891,   0.000
 149,  -1.545,  -4.755,   2.356,  -0.309,  -0.951,   0.000
 150,  -0.782,  -4.938,   2.356,  -0.156,  -0.988,   0.000
 151,  -0.000,  -5.000,   2.356,  -0.000,  -1.000,   0.000
 152,   0.782,  -4.938,   2.356,   0.156,  -0.988,   0.000
 153,   1.545,  -4.755,   2.356,   0.309,  -0.951,   0.000
 154,   2.270,  -4.455,   2.356,   0.454,  -0.891,   0.000
 155,   2.939,  -4.045,   2.356,   0.588,  -0.809,   0.000
 156,   3.536,  -3.536,   2.356,   0.707,  -0.707,   0.000
 157,   4.045,  -2.939,   2.356,   0.809,  -0.588,   0.000
 158,   4.455,  -2.270,   2.356,   0.891,  -0.454,   0.000
 159,   4.755,  -1.545,   2.356,   0.951,  -0.309,   0.000
 160,   4.938,  -0.782,   2.356,   0.988,  -0.156,   0.000
 161,   5.000,   0.000,   3.142,   1.000,   0.000,   0.000
 162,   4.938,   0.782,   3.142,   0.988,   0.156,   0.000
 163,   4.755,   1.545,   3.142,   0.951,   0.309,   0.000
 164,   4.455,   2.270,   3.142,   0.891,   0.454,   0.000
 165,   4.045,   2.939,   3.142,   0.809,   0.588,   0.000
 166,   3.536,   3.536,   3.142,   0.707,   0.707,   0.000
 167,   2.939,   4.045,   3.142,   0.588,   0.809,   0.000
 168,   2.270,   4.455,   3.142,   0.454,   0.891,   0.000
 169,   1.545,   4.755,   3.142,   0.309,   0.951,   0.000
 170,   0.782,   4.938,   3.142,   0.156,   0.988,   0.000
 171,   0.000,   5.000,   3.142,   0.000,   1.000,   0.000
 172,  -0.782,   4.938,   3.142,  -0.156,   0.988,   0.000
 173,  -1.545,   4.755,   3.142,  -0.309,   0.951,   0.000
 174,  -2.270,   4.455,   3.142,  -0.454,   0.891,   0.000
 175,  -2.939,   4.045,   3.142,  -0.588,   0.809,   0.000
 176,  -3.536,   3.536,   3.142,  -0.707,   0.707,   0.000
 177,  -4.045,   2.939,   3.142,  -0.809,   0.588,   0.000
 178,  -4.455,   2.270,   3.142,  -0.891,   0.454,   0.000
 179,  -4.755,   1.545,   3.142,  -0.951,   0.309,   0.000
 180,  -4.938,   0.782,   3.142,  -0.988,   0.156,   0.000
 181,  -5.000,   0.000,   3.142,  -1.000,   0.000,   0.000
 182,  -4.938,  -0.782,   3.142,  -0.988,  -0.156,   0.000
 183,  -4.755,  -1.545,   3.142,  -0.951,  -0.309,   0.000
 184,  -4.455,  -2.270,   3.142,  -0.891,  -0.454,   0.000
 185,  -4.045,  -2.939,   3.142,  -0.809,  -0.588,   0.000
 186,  -3.536,  -3.536,   3.142,  -0.707,  -0.707,   0.000
 187,  -2.939,  -4.045,   3.142,  -0.588,  -0.809,   0.000
 188,  -2.270,  -4.455,   3.142,  -0.454,  -0.891,   0.000
 189,  -1.545,  -4.755,   3.142,  -0.309,  -0.951,   0.000
 190,  -0.782,  -4.938,   3.142,  -0.156,  -0.988,   0.000
 191,  -0.000,  -5.000,   3.142,  -0.000,  -1.000,   0.000
 192,   0.782,  -4.938,   3.142,   0.156,  -0.988,   0.000
 193,   1.545,  -4.755,   3.142,   0.309,  -0.951,   0.000
 194,   2.270,  -4.455,   3.142,   0.454,  -0.891,   0.000
 195,   2.939,  -4.045,   3.142,   0.588,  -0.809,   0.000
 196,   3.536,  -3.536,   3.142,   0.707,  -0.707,   0.000
 197,   4.045,  -2.939,   3.142,   0.809,  -0.588,   0.000
 198,   4.455,  -2.270,   3.142,   0.891,  -0.454,   0.000
 199,   4.755,  -1.545,   3.142,   0.951,  -0.309,   0.000
 200,   4.938,  -0.782,   3.142,   0.988,  -0.156,   0.000
 201,   5.000,   0.000,   3.927,   1.000,   0.000,   0.000
 202,   4.938,   0.782,   3.927,   0.988,   0.156,   0.000
 203,   4.755,   1.545,   3.927,   0.951,   0.309,   0.000
 204,   4.455,   2.270,   3.927,   0.891,   0.454,   0.000
 205,   4.045,   2.939,   3.927,   0.809,   0.588,   0.000
 206,   3.536,   3.536,   3.927,   0.707,   0.707,   0.000
 207,   2.939,   4.045,   3.927,   0.588,   0.809,   0.000
 208,   2.270,   4.455,   3.927,   0.454,   0.891,   0.000
 209,   1.545,   4.755,   3.927,   0.309,   0.951,   0.000
 210,   0.782,   4.938,   3.927,   0.156,   0.988,   0.000
 211,   0.000,   5.000,   3.927,   0.000,   1.000,   0.000
 212,  -0.782,   4.938,   3.927,  -0.156,   0.988,   0.000
 213,  -1.545,   4.755,   3.927,  -0.309,   0.951,   0.000
 214,  -2.270,   4.455,   3.927,  -0.454,   0.891,   0.000
 215,  -2.939,   4.045,   3.927,  -0.588,   0.809,   0.000
 216,  -3.536,   3.536,   3.927,  -0.707,   0.707,   0.000
 217,  -4.045,   2.939,   3.927,  -0.809,   0.588,   0.000
 218,  -4.455,   2.270,   3.927,  -0.891,   0.454,   0.000
 219,  -4.755,   1.545,   3.927,  -0.951,   0.309,   0.000
 220,  -4.938,   0.782,   3.927,  -0.988,   0.156,   0.000
 221,  -5.000,   0.000,   3.927,  -1.000,   0.000,   0.000
 222,  -4.938,  -0.782,   3.927,  -0.988,  -0.156,   0.000
 223,  -4.755,  -1.545,   3.927,  -0.951,  -0.309,   0.000
 224,  -4.455,  -2.270,   3.927,  -0.891,  -0.454,   0.000
 225,  -4.045,  -2.939,   3.927,  -0.809,  -0.588,   0.000
 226,  -3.536,  -3.536,   3.927,  -0.707,  -0.707,   0.000
 227,  -2.939,  -4.045,   3.927,  -0.588,  -0.809,   0.000
 228,  -2.270,  -4.455,   3.927,  -0.454,  -0.891,   0.000
 229,  -1.545,  -4.755,   3.927,  -0.309,  -0.951,   0.000
 230,  -0.782,  -4.938,   3.927,  -0.156,  -0.988,   0.000
 231,  -0.000,  -5.000,   3.927,  -0.000,  -1.000,   0.000
 232,   0.782,  -4.938,   3.927,   0.156,  -0.988,   0.000
 233,   1.545,  -4.755,   3.927,   0.309,  -0.951,   0.000
 234,   2.270,  -4.455,   3.927,   0.454,  -0.891,   0.000
 235,   2.939,  -4.045,   3.927,   0.588,  -0.809,   0.000
 236,   3.536,  -3.536,   3.927,   0.707,  -0.707,   0.000
 237,   4.045,  -2.939,   3.927,   0.809,  -0.588,   0.000
 238,   4.455,  -2.270,   3.927,   0.891,  -0.454,   0.000
 239,   4.755,  -1.545,   3.927,   0.951,  -0.309,   0.000
 240,   4.938,  -0.782,   3.927,   0.988,  -0.156,   0.000
 241,   5.000,   0.000,   4.712,   1.000,   0.000,   0.000
 242,   4.938,   0.782,   4.712,   0.988,   0.156,   0.000
 243,   4.755,   1.545,   4.712,   0.951,   0.309,   0.000
 244,   4.455,   2.270,   4.712,   0.891,   0.454,   0.000
 245,   4.045,   2.939,   4.712,   0.809,   0.588,   0.000
 246,   3.536,   3.536,   4.712,   0.707,   0.707,   0.000
 247,   2.939,   4.045,   4.712,   0.588,   0.809,   0.000
 248,   2.270,   4.455,   4.712,   0.454,   0.891,   0.000
 249,   1.545,   4.755,   4.712,   0.309,   0.951,   0.000
 250,   0.782,   4.938,   4.712,   0.156,   0.988,   0.000
 251,   0.000,   5.000,   4.712,   0.000,   1.000,   0.000
 252,  -0.782,   4.938,   4.712,  -0.156,   0.988,   0.000
 253,  -1.545,   4.755,   4.712,  -0.309,   0.951,   0.000
 254,  -2.270,   4.455,   4.712,  -0.454,   0.891,   0.000
 255,  -2.939,   4.045,   4.712,  -0.588,   0.809,   0.000
 256,  -3.536,   3.536,   4.712,  -0.707,   0.707,   0.000
 257,  -4.045,   2.939,   4.712,  -0.809,   0.588,   0.000
 258,  -4.455,   2.270,   4.712,  -0.891,   0.454,   0.000
 259,  -4.755,   1.545,   4.712,  -0.951,   0.309,   0.000
 260,  -4.938,   0.782,   4.712,  -0.988,   0.156,   0.000
 261,  -5.000,   0.000,   4.712,  -1.000,   0.000,   0.000
 262,  -4.938,  -0.782,   4.712,  -0.988,  -0.156,   0.000
 263,  -4.755,  -1.545,   4.712,  -0.951,  -0.309,   0.000
 264,  -4.455,  -2.270,   4.712,  -0.891,  -0.454,   0.000
 265,  -4.045,  -2.939,   4.712,  -0.809,  -0.588,   0.000
 266,  -3.536,  -3.536,   4.712,  -0.707,  -0.707,   0.000
 267,  -2.939,  -4.045,   4.712,  -0.588,  -0.809,   0.000
 268,  -2.270,  -4.455,   4.712,  -0.454,  -0.891,   0.000
 269,  -1.545,  -4.755,   4.712,  -0.309,  -0.951,   0.000
 270,  -0.782,  -4.938,   4.712,  -0.156,  -0.988,   0.000
 271,  -0.000,  -5.000,   4.712,  -0.000,  -1.000,   0.000
 272,   0.782,  -4.938,   4.712,   0.156,  -0.988,   0.000
 273,   1.545,  -4.755,   4.712,   0.309,  -0.951,   0.000
 274,   2.270,  -4.455,   4.712,   0.454,  -0.891,   0.000
 275,   2.939,  -4.045,   4.712,   0.588,  -0.809,   0.000
 276,   3.536,  -3.536,   4.712,   0.707,  -0.707,   0.000
 277,   4.045,  -2.939,   4.712,   0.809,  -0.588,   0.000
 278,   4.455,  -2.270,   4.712,   0.891,  -0.454,   0.000
 279,   4.755,  -1.545,   4.712,   0.951,  -0.309,   0.000
 280,   4.938,  -0.782,   4.712,   0.988,  -0.156,   0.000
 281,   5.000,   0.000,   5.498,   1.000,   0.000,   0.000
 282,   4.938,   0.782,   5.498,   0.988,   0.156,   0.000
 283,   4.755,   1.545,   5.498,   0.951,   0.309,   0.000
 284,   4.455,   2.270,   5.498,   0.891,   0.454,   0.000
 285,   4.045,   2.939,   5.498,   0.809,   0.588,   0.000
 286,   3.536,   3.536,   5.498,   0.707,   0.707,   0.000
 287,   2.939,   4.045,   5.498,   0.588,   0.809,   0.000
 288,   2.270,   4.455,   5.498,   0.454,   0.891,   0.000
 289,   1.545,   4.755,   5.498,   0.309,   0.951,   0.000
 290,   0.782,   4.938,   5.498,   0.156,   0.988,   0.000
 291,   0.000,   5.000,   5.498,   0.000,   1.000,   0.000
 292,  -0.782,   4.938,   5.498,  -0.156,   0.988,   0.000
 293,  -1.545,   4.755,   5.498,  -0.309,   0.951,   0.000
 294,  -2.270,   4.455,   5.498,  -0.454,   0.891,   0.000
 295,  -2.939,   4.045,   5.498,  -0.588,   0.809,   0.000
 296,  -3.536,   3.536,   5.498,  -0.707,   0.707,   0.000
 297,  -4.045,   2.939,   5.498,  -0.809,   0.588,   0.000
 298,  -4.455,   2.270,   5.498,  -0.891,   0.454,   0.000
 299,  -4.755,   1.545,   5.498,  -0.951,   0.309,   0.000
 300,  -4.938,   0.782,   5.498,  -0.988,   0.156,   0.000
 301,  -5.000,   0.000,   5.498,  -1.000,   0.000,   0.000
 302,  -4.938,  -0.782,   5.498,  -0.988,  -0.156,   0.000
 303,  -4.755,  -1.545,   5.498,  -0.951,  -0.309,   0.000
 304,  -4.455,  -2.270,   5.498,  -0.891,  -0.454,   0.000
 305,  -4.045,  -2.939,   5.498,  -0.809,  -0.588,   0.000
 306,  -3.536,  -3.536,   5.498,  -0.707,  -0.707,   0.000
 307,  -2.939,  -4.045,   5.498,  -0.588,  -0.809,   0.000
 308,  -2.270,  -4.455,   5.498,  -0.454,  -0.891,   0.000
 309,  -1.545,  -4.755,   5.498,  -0.309,  -0.951,   0.000
 310,  -0.782,  -4.938,   5.498,  -0.156,  -0.988,   0.000
 311,  -0.000,  -5.000,   5.498,  -0.000,  -1.000,   0.000
 312,   0.782,  -4.938,   5.498,   0.156,  -0.988,   0.000
 313,   1.545,  -4.755,   5.498,   0.309,  -0.951,   0.000
 314,   2.270,  -4.455,   5.498,   0.454,  -0.891,   0.000
 315,   2.939,  -4.045,   5.498,   0.588,  -0.809,   0.000
 316,   3.536,  -3.536,   5.498,   0.707,  -0.707,   0.000
 317,   4.045,  -2.939,   5.498,   0.809,  -0.588,   0.000
 318,   4.455,  -2.270,   5.498,   0.891,  -0.454,   0.000
 319,   4.755,  -1.545,   5.498,   0.951,  -0.309,   0.000
 320,   4.938,  -0.782,   5.498,   0.988,  -0.156,   0.000
 321,   5.000,   0.000,   6.283,   1.000,   0.000,   0.000
 322,   4.938,   0.782,   6.283,   0.988,   0.156,   0.000
 323,   4.755,   1.545,   6.283,   0.951,   0.309,   0.000
 324,   4.455,   2.270,   6.283,   0.891,   0.454,   0.000
 325,   4.045,   2.939,   6.283,   0.809,   0.588,   0.000
 326,   3.536,   3.536,   6.283,   0.707,   0.707,   0.000
 327,   2.939,   4.045,   6.283,   0.588,   0.809,   0.000
 328,   2.270,   4.455,   6.283,   0.454,   0.891,   0.000
 329,   1.545,   4.755,   6.283,   0.309,   0.951,   0.000
 330,   0.782,   4.938,   6.283,   0.156,   0.988,   0.000
 331,   0.000,   5.000,   6.283,   0.000,   1.000,   0.000
 332,  -0.782,   4.938,   6.283,  -0.156,   0.988,   0.000
 333,  -1.545,   4.755,   6.283,  -0.309,   0.951,   0.000
 334,  -2.270,   4.455,   6.283,  -0.454,   0.891,   0.000
 335,  -2.939,   4.045,   6.283,  -0.588,   0.809,   0.000
 336,  -3.536,   3.536,   6.283,  -0.707,   0.707,   0.000
 337,  -4.045,   2.939,   6.283,  -0.809,   0.588,   0.000
 338,  -4.455,   2.270,   6.283,  -0.891,   0.454,   0.000
 339,  -4.755,   1.545,   6.283,  -0.951,   0.309,   0.000
 340,  -4.938,   0.782,   6.283,  -0.988,   0.156,   0.000
 341,  -5.000,   0.000,   6.283,  -1.000,   0.000,   0.000
 342,  -4.938,  -0.782,   6.283,  -0.988,  -0.156,   0.000
 343,  -4.755,  -1.545,   6.283,  -0.951,  -0.309,   0.000
 344,  -4.455,  -2.270,   6.283,  -0.891,  -0.454,   0.000
 345,  -4.045,  -2.939,   6.283,  -0.809,  -0.588,   0.000
 346,  -3.536,  -3.536,   6.283,  -0.707,  -0.707,   0.000
 347,  -2.939,  -4.045,   6.283,  -0.588,  -0.809,   0.000
 348,  -2.270,  -4.455,   6.283,  -0.454,  -0.891,   0.000
 349,  -1.545,  -4.755,   6.283,  -0.309,  -0.951,   0.000
 350,  -0.782,  -4.938,   6.283,  -0.156,  -0.988,   0.000
 351,  -0.000,  -5.000,   6.283,  -0.000,  -1.000,   0.000
 352,   0.782,  -4.938,   6.283,   0.156,  -0.988,   0.000
 353,   1.545,  -4.755,   6.283,   0.309,  -0.951,   0.000
 354,   2.270,  -4.455,   6.283,   0.454,  -0.891,   0.000
 355,   2.939,  -4.045,   6.283,   0.588,  -0.809,   0.000
 356,   3.536,  -3.536,   6.283,   0.707,  -0.707,   0.000
 357,   4.045,  -2.939,   6.283,   0.809,  -0.588,   0.000
 358,   4.455,  -2.270,   6.283,   0.891,  -0.454,   0.000
 359,   4.755,  -1.545,   6.283,   0.951,  -0.309,   0.000
 360,   4.938,  -0.782,   6.283,   0.988,  -0.156,   0.000
 361,   5.000,   0.000,   7.069,   1.000,   0.000,   0.000
 362,   4.938,   0.782,   7.069,   0.988,   0.156,   0.000
 363,   4.755,   1.545,   7.069,   0.951,   0.309,   0.000
 364,   4.455,   2.270,   7.069,   0.891,   0.454,   0.000
 365,   4.045,   2.939,   7.069,   0.809,   0.588,   0.000
 366,   3.536,   3.536,   7.069,   0.707,   0.707,   0.000
 367,   2.939,   4.045,   7.069,   0.588,   0.809,   0.000
 368,   2.270,   4.455,   7.069,   0.454,   0.891,   0.000
 369,   1.545,   4.755,   7.069,   0.309,   0.951,   0.000
 370,   0.782,   4.938,   7.069,   0.156,   0.988,   0.000
 371,   0.000,   5.000,   7.069,   0.000,   1.000,   0.000
 372,  -0.782,   4.938,   7.069,  -0.156,   0.988,   0.000
 373,  -1.545,   4.755,   7.069,  -0.309,   0.951,   0.000
 374,  -2.270,   4.455,   7.069,  -0.454,   0.891,   0.000
 375,  -2.939,   4.045,   7.069,  -0.588,   0.809,   0.000
 376,  -3.536,   3.536,   7.069,  -0.707,   0.707,   0.000
 377,  -4.045,   2.939,   7.069,  -0.809,   0.588,   0.000
 378,  -4.455,   2.270,   7.069,  -0.891,   0.454,   0.000
 379,  -4.755,   1.545,   7.069,  -0.951,   0.309,   0.000
 380,  -4.938,   0.782,   7.069,  -0.988,   0.156,   0.000
 381,  -5.000,   0.000,   7.069,  -1.000,   0.000,   0.000
 382,  -4.938,  -0.782,   7.069,  -0.988,  -0.156,   0.000
 383,  -4.755,  -1.545,   7.069,  -0.951,  -0.309,   0.000
 384,  -4.455,  -2.270,   7.069,  -0.891,  -0.454,   0.000
 385,  -4.045,  -2.939,   7.069,  -0.809,  -0.588,   0.000
 386,  -3.536,  -3.536,   7.069,  -0.707,  -0.707,   0.000
 387,  -2.939,  -4.045,   7.069,  -0.588,  -0.809,   0.000
 388,  -2.270,  -4.455,   7.069,  -0.454,  -0.891,   0.000
 389,  -1.545,  -4.755,   7.069,  -0.309,  -0.951,   0.000
 390,  -0.782,  -4.938,   7.069,  -0.156,  -0.988,   0.000
 391,  -0.000,  -5.000,   7.069,  -0.000,  -1.000,   0.000
 392,   0.782,  -4.938,   7.069,   0.156,  -0.988,   0.000
 393,   1.545,  -4.755,   7.069,   0.309,  -0.951,   0.000
 394,   2.270,  -4.455,   7.069,   0.454,  -0.891,   0.000
 395,   2.939,  -4.045,   7.069,   0.588,  -0.809,   0.000
 396,   3.536,  -3.536,   7.069,   0.707,  -0.707,   0.000
 397,   4.045,  -2.939,   7.069,   0.809,  -0.588,   0.000
 398,   4.455,  -2.270,   7.069,   0.891,  -0.454,   0.000
 399,   4.755,  -1.545,   7.069,   0.951,  -0.309,   0.000
 400,   4.938,  -0.782,   7.069,   0.988,  -0.156,   0.000
 401,   5.000,   0.000,   7.854,   1.000,   0.000,   0.000
 402,   4.938,   0.782,   7.854,   0.988,   0.156,   0.000
 403,   4.755,   1.545,   7.854,   0.951,   0.309,   0.000
 404,   4.455,   2.270,   7.854,   0.891,   0.454,   0.000
 405,   4.045,   2.939,   7.854,   0.809,   0.588,   0.000
 406,   3.536,   3.536,   7.854,   0.707,   0.707,   0.000
 407,   2.939,   4.045,   7.854,   0.588,   0.809,   0.000
 408,   2.270,   4.455,   7.854,   0.454,   0.891,   0.000
 409,   1.545,   4.755,   7.854,   0.309,   0.951,   0.000
 410,   0.782,   4.938,   7.854,   0.156,   0.988,   0.000
 411,   0.000,   5.000,   7.854,   0.000,   1.000,   0.000
 412,  -0.782,   4.938,   7.854,  -0.156,   0.988,   0.000
 413,  -1.545,   4.755,   7.854,  -0.309,   0.951,   0.000
 414,  -2.270,   4.455,   7.854,  -0.454,   0.891,   0.000
 415,  -2.939,   4.045,   7.854,  -0.588,   0.809,   0.000
 416,  -3.536,   3.536,   7.854,  -0.707,   0.707,   0.000
 417,  -4.045,   2.939,   7.854,  -0.809,   0.588,   0.000
 418,  -4.455,   2.270,   7.854,  -0.891,   0.454,   0.000
 419,  -4.755,   1.545,   7.854,  -0.951,   0.309,   0.000
 420,  -4.938,   0.782,   7.854,  -0.988,   0.156,   0.000
 421,  -5.000,   0.000,   7.854,  -1.000,   0.000,   0.000
 422,  -4.938,  -0.782,   7.854,  -0.988,  -0.156,   0.000
 423,  -4.755,  -1.545,   7.854,  -0.951,  -0.309,   0.000
 424,  -4.455,  -2.270,   7.854,  -0.891,  -0.454,   0.000
 425,  -4.045,  -2.939,   7.854,  -0.809,  -0.588,   0.000
 426,  -3.536,  -3.536,   7.854,  -0.707,  -0.707,   0.000
 427,  -2.939,  -4.045,   7.854,  -0.588,  -0.809,   0.000
 428,  -2.270,  -4.455,   7.854,  -0.454,  -0.891,   0.000
 429,  -1.545,  -4.755,   7.854,  -0.309,  -0.951,   0.000
 430,  -0.782,  -4.938,   7.854,  -0.156,  -0.988,   0.000
 431,  -0.000,  -5.000,   7.854,  -0.000,  -1.000,   0.000
 432,   0.782,  -4.938,   7.854,   0.156,  -0.988,   0.000
 433,   1.545,  -4.755,   7.854,   0.309,  -0.951,   0.000
 434,   2.270,  -4.455,   7.854,   0.454,  -0.891,   0.000
 435,   2.939,  -4.045,   7.854,   0.588,  -0.809,   0.000
 436,   3.536,  -3.536,   7.854,   0.707,  -0.707,   0.000
 437,   4.045,  -2.939,   7.854,   0.809,  -0.588,   0.000
 438,   4.455,  -2.270,   7.854,   0.891,  -0.454,   0.000
 439,   4.755,  -1.545,   7.854,   0.951,  -0.309,   0.000
 440,   4.938,  -0.782,   7.854,   0.988,  -0.156,   0.000
 441,   5.000,   0.000,   8.639,   1.000,   0.000,   0.000
 442,   4.938,   0.782,   8.639,   0.988,   0.156,   0.000
 443,   4.755,   1.545,   8.639,   0.951,   0.309,   0.000
 444,   4.455,   2.270,   8.639,   0.891,   0.454,   0.000
 445,   4.045,   2.939,   8.639,   0.809,   0.588,   0.000
 446,   3.536,   3.536,   8.639,   0.707,   0.707,   0.000
 447,   2.939,   4.045,   8.639,   0.588,   0.809,   0.000
 448,   2.270,   4.455,   8.639,   0.454,   0.891,   0.000
 449,   1.545,   4.755,   8.639,   0.309,   0.951,   0.000
 450,   0.782,   4.938,   8.639,   0.156,   0.988,   0.000
 451,   0.000,   5.000,   8.639,   0.000,   1.000,   0.000
 452,  -0.782,   4.938,   8.639,  -0.156,   0.988,   0.000
 453,  -1.545,   4.755,   8.639,  -0.309,   0.951,   0.000
 454,  -2.270,   4.455,   8.639,  -0.454,   0.891,   0.000
 455,  -2.939,   4.045,   8.639,  -0.588,   0.809,   0.000
 456,  -3.536,   3.536,   8.639,  -0.707,   0.707,   0.000
 457,  -4.045,   2.939,   8.639,  -0.809,   0.588,   0.000
 458,  -4.455,   2.270,   8.639,  -0.891,   0.454,   0.000
 459,  -4.755,   1.545,   8.639,  -0.951,   0.309,   0.000
 460,  -4.938,   0.782,   8.639,  -0.988,   0.156,   0.000
 461,  -5.000,   0.000,   8.639,  -1.000,   0.000,   0.000
 462,  -4.938,  -0.782,   8.639,  -0.988,  -0.156,   0.000
 463,  -4.755,  -1.545,   8.639,  -0.951,  -0.309,   0.000
 464,  -4.455,  -2.270,   8.639,  -0.891,  -0.454,   0.000
 465,  -4.045,  -2.939,   8.639,  -0.809,  -0.588,   0.000
 466,  -3.536,  -3.536,   8.639,  -0.707,  -0.707,   0.000
 467,  -2.939,  -4.045,   8.639,  -0.588,  -0.809,   0.000
 468,  -2.270,  -4.455,   8.639,  -0.454,  -0.891,   0.000
 469,  -1.545,  -4.755,   8.639,  -0.309,  -0.951,   0.000
 470,  -0.782,  -4.938,   8.639,  -0.156,  -0.988,   0.000
 471,  -0.000,  -5.000,   8.639,  -0.000,  -1.000,   0.000
 472,   0.782,  -4.938,   8.639,   0.156,  -0.988,   0.000
 473,   1.545,  -4.755,   8.639,   0.309,  -0.951,   0.000
 474,   2.270,  -4.455,   8.639,   0.454,  -0.891,   0.000
 475,   2.939,  -4.045,   8.639,   0.588,  -0.809,   0.000
 476,   3.536,  -3.536,   8.639,   0.707,  -0.707,   0.000
 477,   4.045,  -2.939,   8.639,   0.809,  -0.588,   0.000
 478,   4.455,  -2.270,   8.639,   0.891,  -0.454,   0.000
 479,   4.755,  -1.545,   8.639,   0.951,  -0.309,   0.000
 480,   4.938,  -0.782,   8.639,   0.988,  -0.156,   0.000
 481,   5.000,   0.000,   9.425,   1.000,   0.000,   0.000
 482,   4.938,   0.782,   9.425,   0.988,   0.156,   0.000
 483,   4.755,   1.545,   9.425,   0.951,   0.309,   0.000
 484,   4.455,   2.270,   9.425,   0.891,   0.454,   0.000
 485,   4.045,   2.939,   9.425,   0.809,   0.588,   0.000
 486,   3.536,   3.536,   9.425,   0.707,   0.707,   0.000
 487,   2.939,   4.045,   9.425,   0.588,   0.809,   0.000
 488,   2.270,   4.455,   9.425,   0.454,   0.891,   0.000
 489,   1.545,   4.755,   9.425,   0.309,   0.951,   0.000
 490,   0.782,   4.938,   9.425,   0.156,   0.988,   0.000
 491,   0.000,   5.000,   9.425,   0.000,   1.000,   0.000
 492,  -0.782,   4.938,   9.425,  -0.156,   0.988,   0.000
 493,  -1.545,   4.755,   9.425,  -0.309,   0.951,   0.000
 494,  -2.270,   4.455,   9.425,  -0.454,   0.891,   0.000
 495,  -2.939,   4.045,   9.425,  -0.588,   0.809,   0.000
 496,  -3.536,   3.536,   9.425,  -0.707,   0.707,   0.000
 497,  -4.045,   2.939,   9.425,  -0.809,   0.588,   0.000
 498,  -4.455,   2.270,   9.425,  -0.891,   0.454,   0.000
 499,  -4.755,   1.545,   9.425,  -0.951,   0.309,   0.000
 500,  -4.938,   0.782,   9.425,  -0.988,   0.156,   0.000
 501,  -5.000,   0.000,   9.425,  -1.000,   0.000,   0.000
 502,  -4.938,  -0.782,   9.425,  -0.988,  -0.156,   0.000
 503,  -4.755,  -1.545,   9.425,  -0.951,  -0.309,   0.000
 504,  -4.455,  -2.270,   9.425,  -0.891,  -0.454,   0.000
 505,  -4.045,  -2.939,   9.425,  -0.809,  -0.588,   0.000
 506,  -3.536,  -3.536,   9.425,  -0.707,  -0.707,   0.000
 507,  -2.939,  -4.045,   9.425,  -0.588,  -0.809,   0.000
 508,  -2.270,  -4.455,   9.425,  -0.454,  -0.891,   0.000
 509,  -1.545,  -4.755,   9.425,  -0.309,  -0.951,   0.000
 510,  -0.782,  -4.938,   9.425,  -0.156,  -0.988,   0.000
 511,  -0.000,  -5.000,   9.425,  -0.000,  -1.000,   0.000
 512,   0.782,  -4.938,   9.425,   0.156,  -0.988,   0.000
 513,   1.545,  -4.755,   9.425,   0.309,  -0.951,   0.000
 514,   2.270,  -4.455,   9.425,   0.454,  -0.891,   0.000
 515,   2.939,  -4.045,   9.425,   0.588,  -0.809,   0.000
 516,   3.536,  -3.536,   9.425,   0.707,  -0.707,   0.000
 517,   4.045,  -2.939,   9.425,   0.809,  -0.588,   0.000
 518,   4.455,  -2.270,   9.425,   0.891,  -0.454,   0.000
 519,   4.755,  -1.545,   9.425,   0.951,  -0.309,   0.000
 520,   4.938,  -0.782,   9.425,   0.988,  -0.156,   0.000
 521,   5.000,   0.000,  10.210,   1.000,   0.000,   0.000
 522,   4.938,   0.782,  10.210,   0.988,   0.156,   0.000
 523,   4.755,   1.545,  10.210,   0.951,   0.309,   0.000
 524,   4.455,   2.270,  10.210,   0.891,   0.454,   0.000
 525,   4.045,   2.939,  10.210,   0.809,   0.588,   0.000
 526,   3.536,   3.536,  10.210,   0.707,   0.707,   0.000
 527,   2.939,   4.045,  10.210,   0.588,   0.809,   0.000
 528,   2.270,   4.455,  10.210,   0.454,   0.891,   0.000
 529,   1.545,   4.755,  10.210,   0.309,   0.951,   0.000
 530,   0.782,   4.938,  10.210,   0.156,   0.988,   0.000
 531,   0.000,   5.000,  10.210,   0.000,   1.000,   0.000
 532,  -0.782,   4.938,  10.210,  -0.156,   0.988,   0.000
 533,  -1.545,   4.755,  10.210,  -0.309,   0.951,   0.000
 534,  -2.270,   4.455,  10.210,  -0.454,   0.891,   0.000
 535,  -2.939,   4.045,  10.210,  -0.588,   0.809,   0.000
 536,  -3.536,   3.536,  10.210,  -0.707,   0.707,   0.000
 537,  -4.045,   2.939,  10.210,  -0.809,   0.588,   0.000
 538,  -4.455,   2.270,  10.210,  -0.891,   0.454,   0.000
 539,  -4.755,   1.545,  10.210,  -0.951,   0.309,   0.000
 540,  -4.938,   0.782,  10.210,  -0.988,   0.156,   0.000
 541,  -5.000,   0.000,  10.210,  -1.000,   0.000,   0.000
 542,  -4.938,  -0.782,  10.210,  -0.988,  -0.156,   0.000
 543,  -4.755,  -1.545,  10.210,  -0.951,  -0.309,   0.000
 544,  -4.455,  -2.270,  10.210,  -0.891,  -0.454,   0.000
 545,  -4.045,  -2.939,  10.210,  -0.809,  -0.588,   0.000
 546,  -3.536,  -3.536,  10.210,  -0.707,  -0.707,   0.000
 547,  -2.939,  -4.045,  10.210,  -0.588,  -0.809,   0.000
 548,  -2.270,  -4.455,  10.210,  -0.454,  -0.891,   0.000
 549,  -1.545,  -4.755,  10.210,  -0.309,  -0.951,   0.000
 550,  -0.782,  -4.938,  10.210,  -0.156,  -0.988,   0.000
 551,  -0.000,  -5.000,  10.210,  -0.000,  -1.000,   0.000
 552,   0.782,  -4.938,  10.210,   0.156,  -0.988,   0.000
 553,   1.545,  -4.755,  10.210,   0.309,  -0.951,   0.000
 554,   2.270,  -4.455,  10.210,   0.454,  -0.891,   0.000
 555,   2.939,  -4.045,  10.210,   0.588,  -0.809,   0.000
 556,   3.536,  -3.536,  10.210,   0.707,  -0.707,   0.000
 557,   4.045,  -2.939,  10.210,   0.809,  -0.588,   0.000
 558,   4.455,  -2.270,  10.210,   0.891,  -0.454,   0.000
 559,   4.755,  -1.545,  10.210,   0.951,  -0.309,   0.000
 560,   4.938,  -0.782,  10.210,   0.988,  -0.156,   0.000
 561,   5.000,   0.000,  10.996,   1.000,   0.000,   0.000
 562,   4.938,   0.782,  10.996,   0.988,   0.156,   0.000
 563,   4.755,   1.545,  10.996,   0.951,   0.309,   0.000
 564,   4.455,   2.270,  10.996,   0.891,   0.454,   0.000
 565,   4.045,   2.939,  10.996,   0.809,   0.588,   0.000
 566,   3.536,   3.536,  10.996,   0.707,   0.707,   0.000
 567,   2.939,   4.045,  10.996,   0.588,   0.809,   0.000
 568,   2.270,   4.455,  10.996,   0.454,   0.891,   0.000
 569,   1.545,   4.755,  10.996,   0.309,   0.951,   0.000
 570,   0.782,   4.938,  10.996,   0.156,   0.988,   0.000
 571,   0.000,   5.000,  10.996,   0.000,   1.000,   0.000
 572,  -0.782,   4.938,  10.996,  -0.156,   0.988,   0.000
 573,  -1.545,   4.755,  10.996,  -0.309,   0.951,   0.000
 574,  -2.270,   4.455,  10.996,  -0.454,   0.891,   0.000
 575,  -2.939,   4.045,  10.996,  -0.588,   0.809,   0.000
 576,  -3.536,   3.536,  10.996,  -0.707,   0.707,   0.000
 577,  -4.045,   2.939,  10.996,  -0.809,   0.588,   0.000
 578,  -4.455,   2.270,  10.996,  -0.891,   0.454,   0.000
 579,  -4.755,   1.545,  10.996,  -0.951,   0.309,   0.000
 580,  -4.938,   0.782,  10.996,  -0.988,   0.156,   0.000
 581,  -5.000,   0.000,  10.996,  -1.000,   0.000,   0.000
 582,  -4.938,  -0.782,  10.996,  -0.988,  -0.156,   0.000
 583,  -4.755,  -1.545,  10.996,  -0.951,  -0.309,   0.000
 584,  -4.455,  -2.270,  10.996,  -0.891,  -0.454,   0.000
 585,  -4.045,  -2.939,  10.996,  -0.809,  -0.588,   0.000
 586,  -3.536,  -3.536,  10.996,  -0.707,  -0.707,   0.000
 587,  -2.939,  -4.045,  10.996,  -0.588,  -0.809,   0.000
 588,  -2.270,  -4.455,  10.996,  -0.454,  -0.891,   0.000
 589,  -1.545,  -4.755,  10.996,  -0.309,  -0.951,   0.000
 590,  -0.782,  -4.938,  10.996,  -0.156,  -0.988,   0.000
 591,  -0.000,  -5.000,  10.996,  -0.000,  -1.000,   0.000
 592,   0.782,  -4.938,  10.996,   0.156,  -0.988,   0.000
 593,   1.545,  -4.755,  10.996,   0.309,  -0.951,   0.000
 594,   2.270,  -4.455,  10.996,   0.454,  -0.891,   0.000
 595,   2.939,  -4.045,  10.996,   0.588,  -0.809,   0.000
 596,   3.536,  -3.536,  10.996,   0.707,  -0.707,   0.000
 597,   4.045,  -2.939,  10.996,   0.809,  -0.588,   0.000
 598,   4.455,  -2.270,  10.996,   0.891,  -0.454,   0.000
 599,   4.755,  -1.545,  10.996,   0.951,  -0.309,   0.000
 600,   4.938,  -0.782,  10.996,   0.988,  -0.156,   0.000
 601,   5.000,   0.000,  11.781,   1.000,   0.000,   0.000
 602,   4.938,   0.782,  11.781,   0.988,   0.156,   0.000
 603,   4.755,   1.545,  11.781,   0.951,   0.309,   0.000
 604,   4.455,   2.270,  11.781,   0.891,   0.454,   0.000
 605,   4.045,   2.939,  11.781,   0.809,   0.588,   0.000
 606,   3.536,   3.536,  11.781,   0.707,   0.707,   0.000
 607,   2.939,   4.045,  11.781,   0.588,   0.809,   0.000
 608,   2.270,   4.455,  11.781,   0.454,   0.891,   0.000
 609,   1.545,   4.755,  11.781,   0.309,   0.951,   0.000
 610,   0.782,   4.938,  11.781,   0.156,   0.988,   0.000
 611,   0.000,   5.000,  11.781,   0.000,   1.000,   0.000
 612,  -0.782,   4.938,  11.781,  -0.156,   0.988,   0.000
 613,  -1.545,   4.755,  11.781,  -0.309,   0.951,   0.000
 614,  -2.270,   4.455,  11.781,  -0.454,   0.891,   0.000
 615,  -2.939,   4.045,  11.781,  -0.588,   0.809,   0.000
 616,  -3.536,   3.536,  11.781,  -0.707,   0.707,   0.000
 617,  -4.045,   2.939,  11.781,  -0.809,   0.588,   0.000
 618,  -4.455,   2.270,  11.781,  -0.891,   0.454,   0.000
 619,  -4.755,   1.545,  11.781,  -0.951,   0.309,   0.000
 620,  -4.938,   0.782,  11.781,  -0.988,   0.156,   0.000
 621,  -5.000,   0.000,  11.781,  -1.000,   0.000,   0.000
 622,  -4.938,  -0.782,  11.781,  -0.988,  -0.156,   0.000
 623,  -4.755,  -1.545,  11.781,  -0.951,  -0.309,   0.000
 624,  -4.455,  -2.270,  11.781,  -0.891,  -0.454,   0.000
 625,  -4.045,  -2.939,  11.781,  -0.809,  -0.588,   0.000
 626,  -3.536,  -3.536,  11.781,  -0.707,  -0.707,   0.000
 627,  -2.939,  -4.045,  11.781,  -0.588,  -0.809,   0.000
 628,  -2.270,  -4.455,  11.781,  -0.454,  -0.891,   0.000
 629,  -1.545,  -4.755,  11.781,  -0.309,  -0.951,   0.000
 630,  -0.782,  -4.938,  11.781,  -0.156,  -0.988,   0.000
 631,  -0.000,  -5.000,  11.781,  -0.000,  -1.000,   0.000
 632,   0.782,  -4.938,  11.781,   0.156,  -0.988,   0.000
 633,   1.545,  -4.755,  11.781,   0.309,  -0.951,   0.000
 634,   2.270,  -4.455,  11.781,   0.454,  -0.891,   0.000
 635,   2.939,  -4.045,  11.781,   0.588,  -0.809,   0.000
 636,   3.536,  -3.536,  11.781,   0.707,  -0.707,   0.000
 637,   4.045,  -2.939,  11.781,   0.809,  -0.588,   0.000
 638,   4.455,  -2.270,  11.781,   0.891,  -0.454,   0.000
 639,   4.755,  -1.545,  11.781,   0.951,  -0.309,   0.000
 640,   4.938,  -0.782,  11.781,   0.988,  -0.156,   0.000
 641,   5.000,   0.000,  12.566,   1.000,   0.000,   0.000
 642,   4.938,   0.782,  12.566,   0.988,   0.156,   0.000
 643,   4.755,   1.545,  12.566,   0.951,   0.309,   0.000
 644,   4.455,   2.270,  12.566,   0.891,   0.454,   0.000
 645,   4.045,   2.939,  12.566,   0.809,   0.588,   0.000
 646,   3.536,   3.536,  12.566,   0.707,   0.707,   0.000
 647,   2.939,   4.045,  12.566,   0.588,   0.809,   0.000
 648,   2.270,   4.455,  12.566,   0.454,   0.891,   0.000
 649,   1.545,   4.755,  12.566,   0.309,   0.951,   0.000
 650,   0.782,   4.938,  12.566,   0.156,   0.988,   0.000
 651,   0.000,   5.000,  12.566,   0.000,   1.000,   0.000
 652,  -0.782,   4.938,  12.566,  -0.156,   0.988,   0.000
 653,  -1.545,   4.755,  12.566,  -0.309,   0.951,   0.000
 654,  -2.270,   4.455,  12.566,  -0.454,   0.891,   0.000
 655,  -2.939,   4.045,  12.566,  -0.588,   0.809,   0.000
 656,  -3.536,   3.536,  12.566,  -0.707,   0.707,   0.000
 657,  -4.045,   2.939,  12.566,  -0.809,   0.588,   0.000
 658,  -4.455,   2.270,  12.566,  -0.891,   0.454,   0.000
 659,  -4.755,   1.545,  12.566,  -0.951,   0.309,   0.000
 660,  -4.938,   0.782,  12.566,  -0.988,   0.156,   0.000
 661,  -5.000,   0.000,  12.566,  -1.000,   0.000,   0.000
 662,  -4.938,  -0.782,  12.566,  -0.988,  -0.156,   0.000
 663,  -4.755,  -1.545,  12.566,  -0.951,  -0.309,   0.000
 664,  -4.455,  -2.270,  12.566,  -0.891,  -0.454,   0.000
 665,  -4.045,  -2.939,  12.566,  -0.809,  -0.588,   0.000
 666,  -3.536,  -3.536,  12.566,  -0.707,  -0.707,   0.000
 667,  -2.939,  -4.045,  12.566,  -0.588,  -0.809,   0.000
 668,  -2.270,  -4.455,  12.566,  -0.454,  -0.891,   0.000
 669,  -1.545,  -4.755,  12.566,  -0.309,  -0.951,   0.000
 670,  -0.782,  -4.938,  12.566,  -0.156,  -0.988,   0.000
 671,  -0.000,  -5.000,  12.566,  -0.000,  -1.000,   0.000
 672,   0.782,  -4.938,  12.566,   0.156,  -0.988,   0.000
 673,   1.545,  -4.755,  12.566,   0.309,  -0.951,   0.000
 674,   2.270,  -4.455,  12.566,   0.454,  -0.891,   0.000
 675,   2.939,  -4.045,  12.566,   0.588,  -0.809,   0.000
 676,   3.536,  -3.536,  12.566,   0.707,  -0.707,   0.000
 677,   4.045,  -2.939,  12.566,   0.809,  -0.588,   0.000
 678,   4.455,  -2.270,  12.566,   0.891,  -0.454,   0.000
 679,   4.755,  -1.545,  12.566,   0.951,  -0.309,   0.000
 680,   4.938,  -0.782,  12.566,   0.988,  -0.156,   0.000
 681,   5.000,   0.000,  13.352,   1.000,   0.000,   0.000
 682,   4.938,   0.782,  13.352,   0.988,   0.156,   0.000
 683,   4.755,   1.545,  13.352,   0.951,   0.309,   0.000
 684,   4.455,   2.270,  13.352,   0.891,   0.454,   0.000
 685,   4.045,   2.939,  13.352,   0.809,   0.588,   0.000
 686,   3.536,   3.536,  13.352,   0.707,   0.707,   0.000
 687,   2.939,   4.045,  13.352,   0.588,   0.809,   0.000
 688,   2.270,   4.455,  13.352,   0.454,   0.891,   0.000
 689,   1.545,   4.755,  13.352,   0.309,   0.951,   0.000
 690,   0.782,   4.938,  13.352,   0.156,   0.988,   0.000
 691,   0.000,   5.000,  13.352,   0.000,   1.000,   0.000
 692,  -0.782,   4.938,  13.352,  -0.156,   0.988,   0.000
 693,  -1.545,   4.755,  13.352,  -0.309,   0.951,   0.000
 694,  -2.270,   4.455,  13.352,  -0.454,   0.891,   0.000
 695,  -2.939,   4.045,  13.352,  -0.588,   0.809,   0.000
 696,  -3.536,   3.536,  13.352,  -0.707,   0.707,   0.000
 697,  -4.045,   2.939,  13.352,  -0.809,   0.588,   0.000
 698,  -4.455,   2.270,  13.352,  -0.891,   0.454,   0.000
 699,  -4.755,   1.545,  13.352,  -0.951,   0.309,   0.000
 700,  -4.938,   0.782,  13.352,  -0.988,   0.156,   0.000
 701,  -5.000,   0.000,  13.352,  -1.000,   0.000,   0.000
 702,  -4.938,  -0.782,  13.352,  -0.988,  -0.156,   0.000
 703,  -4.755,  -1.545,  13.352,  -0.951,  -0.309,   0.000
 704,  -4.455,  -2.270,  13.352,  -0.891,  -0.454,   0.000
 705,  -4.045,  -2.939,  13.352,  -0.809,  -0.588,   0.000
 706,  -3.536,  -3.536,  13.352,  -0.707,  -0.707,   0.000
 707,  -2.939,  -4.045,  13.352,  -0.588,  -0.809,   0.000
 708,  -2.270,  -4.455,  13.352,  -0.454,  -0.891,   0.000
 709,  -1.545,  -4.755,  13.352,  -0.309,  -0.951,   0.000
 710,  -0.782,  -4.938,  13.352,  -0.156,  -0.988,   0.000
 711,  -0.000,  -5.000,  13.352,  -0.000,  -1.000,   0.000
 712,   0.782,  -4.938,  13.352,   0.156,  -0.988,   0.000
 713,   1.545,  -4.755,  13.352,   0.309,  -0.951,   0.000
 714,   2.270,  -4.455,  13.352,   0.454,  -0.891,   0.000
 715,   2.939,  -4.045,  13.352,   0.588,  -0.809,   0.000
 716,   3.536,  -3.536,  13.352,   0.707,  -0.707,   0.000
 717,   4.045,  -2.939,  13.352,   0.809,  -0.588,   0.000
 718,   4.455,  -2.270,  13.352,   0.891,  -0.454,   0.000
 719,   4.755,  -1.545,  13.352,   0.951,  -0.309,   0.000
 720,   4.938,  -0.782,  13.352,   0.988,  -0.156,   0.000
 721,   5.000,   0.000,  14.137,   1.000,   0.000,   0.000
 722,   4.938,   0.782,  14.137,   0.988,   0.156,   0.000
 723,   4.755,   1.545,  14.137,   0.951,   0.309,   0.000
 724,   4.455,   2.270,  14.137,   0.891,   0.454,   0.000
 725,   4.045,   2.939,  14.137,   0.809,   0.588,   0.000
 726,   3.536,   3.536,  14.137,   0.707,   0.707,   0.000
 727,   2.939,   4.045,  14.137,   0.588,   0.809,   0.000
 728,   2.270,   4.455,  14.137,   0.454,   0.891,   0.000
 729,   1.545,   4.755,  14.137,   0.309,   0.951,   0.000
 730,   0.782,   4.938,  14.137,   0.156,   0.988,   0.000
 731,   0.000,   5.000,  14.137,   0.000,   1.000,   0.000
 732,  -0.782,   4.938,  14.137,  -0.156,   0.988,   0.000
 733,  -1.545,   4.755,  14.137,  -0.309,   0.951,   0.000
 734,  -2.270,   4.455,  14.137,  -0.454,   0.891,   0.000
 735,  -2.939,   4.045,  14.137,  -0.588,   0.809,   0.000
 736,  -3.536,   3.536,  14.137,  -0.707,   0.707,   0.000
 737,  -4.045,   2.939,  14.137,  -0.809,   0.588,   0.000
 738,  -4.455,   2.270,  14.137,  -0.891,   0.454,   0.000
 739,  -4.755,   1.545,  14.137,  -0.951,   0.309,   0.000
 740,  -4.938,   0.782,  14.137,  -0.988,   0.156,   0.000
 741,  -5.000,   0.000,  14.137,  -1.000,   0.000,   0.000
 742,  -4.938,  -0.782,  14.137,  -0.988,  -0.156,   0.000
 743,  -4.755,  -1.545,  14.137,  -0.951,  -0.309,   0.000
 744,  -4.455,  -2.270,  14.137,  -0.891,  -0.454,   0.000
 745,  -4.045,  -2.939,  14.137,  -0.809,  -0.588,   0.000
 746,  -3.536,  -3.536,  14.137,  -0.707,  -0.707,   0.000
 747,  -2.939,  -4.045,  14.137,  -0.588,  -0.809,   0.000
 748,  -2.270,  -4.455,  14.137,  -0.454,  -0.891,   0.000
 749,  -1.545,  -4.755,  14.137,  -0.309,  -0.951,   0.000
 750,  -0.782,  -4.938,  14.137,  -0.156,  -0.988,   0.000
 751,  -0.000,  -5.000,  14.137,  -0.000,  -1.000,   0.000
 752,   0.782,  -4.938,  14.137,   0.156,  -0.988,   0.000
 753,   1.545,  -4.755,  14.137,   0.309,  -0.951,   0.000
 754,   2.270,  -4.455,  14.137,   0.454,  -0.891,   0.000
 755,   2.939,  -4.045,  14.137,   0.588,  -0.809,   0.000
 756,   3.536,  -3.536,  14.137,   0.707,  -0.707,   0.000
 757,   4.045,  -2.939,  14.137,   0.809,  -0.588,   0.000
 758,   4.455,  -2.270,  14.137,   0.891,  -0.454,   0.000
 759,   4.755,  -1.545,  14.137,   0.951,  -0.309,   0.000
 760,   4.938,  -0.782,  14.137,   0.988,  -0.156,   0.000
 761,   5.000,   0.000,  14.923,   1.000,   0.000,   0.000
 762,   4.938,   0.782,  14.923,   0.988,   0.156,   0.000
 763,   4.755,   1.545,  14.923,   0.951,   0.309,   0.000
 764,   4.455,   2.270,  14.923,   0.891,   0.454,   0.000
 765,   4.045,   2.939,  14.923,   0.809,   0.588,   0.000
 766,   3.536,   3.536,  14.923,   0.707,   0.707,   0.000
 767,   2.939,   4.045,  14.923,   0.588,   0.809,   0.000
 768,   2.270,   4.455,  14.923,   0.454,   0.891,   0.000
 769,   1.545,   4.755,  14.923,   0.309,   0.951,   0.000
 770,   0.782,   4.938,  14.923,   0.156,   0.988,   0.000
 771,   0.000,   5.000,  14.923,   0.000,   1.000,   0.000
 772,  -0.782,   4.938,  14.923,  -0.156,   0.988,   0.000
 773,  -1.545,   4.755,  14.923,  -0.309,   0.951,   0.000
 774,  -2.270,   4.455,  14.923,  -0.454,   0.891,   0.000
 775,  -2.939,   4.045,  14.923,  -0.588,   0.809,   0.000
 776,  -3.536,   3.536,  14.923,  -0.707,   0.707,   0.000
 777,  -4.045,   2.939,  14.923,  -0.809,   0.588,   0.000
 778,  -4.455,   2.270,  14.923,  -0.891,   0.454,   0.000
 779,  -4.755,   1.545,  14.923,  -0.951,   0.309,   0.000
 780,  -4.938,   0.782,  14.923,  -0.988,   0.156,   0.000
 781,  -5.000,   0.000,  14.923,  -1.000,   0.000,   0.000
 782,  -4.938,  -0.782,  14.923,  -0.988,  -0.156,   0.000
 783,  -4.755,  -1.545,  14.923,  -0.951,  -0.309,   0.000
 784,  -4.455,  -2.270,  14.923,  -0.891,  -0.454,   0.000
 785,  -4.045,  -2.939,  14.923,  -0.809,  -0.588,   0.000
 786,  -3.536,  -3.536,  14.923,  -0.707,  -0.707,   0.000
 787,  -2.939,  -4.045,  14.923,  -0.588,  -0.809,   0.000
 788,  -2.270,  -4.455,  14.923,  -0.454,  -0.891,   0.000
 789,  -1.545,  -4.755,  14.923,  -0.309,  -0.951,   0.000
 790,  -0.782,  -4.938,  14.923,  -0.156,  -0.988,   0.000
 791,  -0.000,  -5.000,  14.923,  -0.000,  -1.000,   0.000
 792,   0.782,  -4.938,  14.923,   0.156,  -0.988,   0.000
 793,   1.545,  -4.755,  14.923,   0.309,  -0.951,   0.000
 794,   2.270,  -4.455,  14.923,   0.454,  -0.891,   0.000
 795,   2.939,  -4.045,  14.923,   0.588,  -0.809,   0.000
 796,   3.536,  -3.536,  14.923,   0.707,  -0.707,   0.000
 797,   4.045,  -2.939,  14.923,   0.809,  -0.588,   0.000
 798,   4.455,  -2.270,  14.923,   0.891,  -0.454,   0.000
 799,   4.755,  -1.545,  14.923,   0.951,  -0.309,   0.000
 800,   4.938,  -0.782,  14.923,   0.988,  -0.156,   0.000
 801,   5.000,   0.000,  15.708,   1.000,   0.000,   0.000
 802,   4.938,   0.782,  15.708,   0.988,   0.156,   0.000
 803,   4.755,   1.545,  15.708,   0.951,   0.309,   0.000
 804,   4.455,   2.270,  15.708,   0.891,   0.454,   0.000
 805,   4.045,   2.939,  15.708,   0.809,   0.588,   0.000
 806,   3.536,   3.536,  15.708,   0.707,   0.707,   0.000
 807,   2.939,   4.045,  15.708,   0.588,   0.809,   0.000
 808,   2.270,   4.455,  15.708,   0.454,   0.891,   0.000
 809,   1.545,   4.755,  15.708,   0.309,   0.951,   0.000
 810,   0.782,   4.938,  15.708,   0.156,   0.988,   0.000
 811,   0.000,   5.000,  15.708,   0.000,   1.000,   0.000
 812,  -0.782,   4.938,  15.708,  -0.156,   0.988,   0.000
 813,  -1.545,   4.755,  15.708,  -0.309,   0.951,   0.000
 814,  -2.270,   4.455,  15.708,  -0.454,   0.891,   0.000
 815,  -2.939,   4.045,  15.708,  -0.588,   0.809,   0.000
 816,  -3.536,   3.536,  15.708,  -0.707,   0.707,   0.000
 817,  -4.045,   2.939,  15.708,  -0.809,   0.588,   0.000
 818,  -4.455,   2.270,  15.708,  -0.891,   0.454,   0.000
 819,  -4.755,   1.545,  15.708,  -0.951,   0.309,   0.000
 820,  -4.938,   0.782,  15.708,  -0.988,   0.156,   0.000
 821,  -5.000,   0.000,  15.708,  -1.000,   0.000,   0.000
 822,  -4.938,  -0.782,  15.708,  -0.988,  -0.156,   0.000
 823,  -4.755,  -1.545,  15.708,  -0.951,  -0.309,   0.000
 824,  -4.455,  -2.270,  15.708,  -0.891,  -0.454,   0.000
 825,  -4.045,  -2.939,  15.708,  -0.809,  -0.588,   0.000
 826,  -3.536,  -3.536,  15.708,  -0.707,  -0.707,   0.000
 827,  -2.939,  -4.045,  15.708,  -0.588,  -0.809,   0.000
 828,  -2.270,  -4.455,  15.708,  -0.454,  -0.891,   0.000
 829,  -1.545,  -4.755,  15.708,  -0.309,  -0.951,   0.000
 830,  -0.782,  -4.938,  15.708,  -0.156,  -0.988,   0.000
 831,  -0.000,  -5.000,  15.708,  -0.000,  -1.000,   0.000
 832,   0.782,  -4.938,  15.708,   0.156,  -0.988,   0.000
 833,   1.545,  -4.755,  15.708,   0.309,  -0.951,   0.000
 834,   2.270,  -4.455,  15.708,   0.454,  -0.891,   0.000
 835,   2.939,  -4.045,  15.708,   0.588,  -0.809,   0.000
 836,   3.536,  -3.536,  15.708,   0.707,  -0.707,   0.000
 837,   4.045,  -2.939,  15.708,   0.809,  -0.588,   0.000
 838,   4.455,  -2.270,  15.708,   0.891,  -0.454,   0.000
 839,   4.755,  -1.545,  15.708,   0.951,  -0.309,   0.000
 840,   4.938,  -0.782,  15.708,   0.988,  -0.156,   0.000
 841,   5.000,   0.000,  16.493,   1.000,   0.000,   0.000
 842,   4.938,   0.782,  16.493,   0.988,   0.156,   0.000
 843,   4.755,   1.545,  16.493,   0.951,   0.309,   0.000
 844,   4.455,   2.270,  16.493,   0.891,   0.454,   0.000
 845,   4.045,   2.939,  16.493,   0.809,   0.588,   0.000
 846,   3.536,   3.536,  16.493,   0.707,   0.707,   0.000
 847,   2.939,   4.045,  16.493,   0.588,   0.809,   0.000
 848,   2.270,   4.455,  16.493,   0.454,   0.891,   0.000
 849,   1.545,   4.755,  16.493,   0.309,   0.951,   0.000
 850,   0.782,   4.938,  16.493,   0.156,   0.988,   0.000
 851,   0.000,   5.000,  16.493,   0.000,   1.000,   0.000
 852,  -0.782,   4.938,  16.493,  -0.156,   0.988,   0.000
 853,  -1.545,   4.755,  16.493,  -0.309,   0.951,   0.000
 854,  -2.270,   4.455,  16.493,  -0.454,   0.891,   0.000
 855,  -2.939,   4.045,  16.493,  -0.588,   0.809,   0.000
 856,  -3.536,   3.536,  16.493,  -0.707,   0.707,   0.000
 857,  -4.045,   2.939,  16.493,  -0.809,   0.588,   0.000
 858,  -4.455,   2.270,  16.493,  -0.891,   0.454,   0.000
 859,  -4.755,   1.545,  16.493,  -0.951,   0.309,   0.000
 860,  -4.938,   0.782,  16.493,  -0.988,   0.156,   0.000
 861,  -5.000,   0.000,  16.493,  -1.000,   0.000,   0.000
 862,  -4.938,  -0.782,  16.493,  -0.988,  -0.156,   0.000
 863,  -4.755,  -1.545,  16.493,  -0.951,  -0.309,   0.000
 864,  -4.455,  -2.270,  16.493,  -0.891,  -0.454,   0.000
 865,  -4.045,  -2.939,  16.493,  -0.809,  -0.588,   0.000
 866,  -3.536,  -3.536,  16.493,  -0.707,  -0.707,   0.000
 867,  -2.939,  -4.045,  16.493,  -0.588,  -0.809,   0.000
 868,  -2.270,  -4.455,  16.493,  -0.454,  -0.891,   0.000
 869,  -1.545,  -4.755,  16.493,  -0.309,  -0.951,   0.000
 870,  -0.782,  -4.938,  16.493,  -0.156,  -0.988,   0.000
 871,  -0.000,  -5.000,  16.493,  -0.000,  -1.000,   0.000
 872,   0.782,  -4.938,  16.493,   0.156,  -0.988,   0.000
 873,   1.545,  -4.755,  16.493,   0.309,  -0.951,   0.000
 874,   2.270,  -4.455,  16.493,   0.454,  -0.891,   0.000
 875,   2.939,  -4.045,  16.493,   0.588,  -0.809,   0.000
 876,   3.536,  -3.536,  16.493,   0.707,  -0.707,   0.000
 877,   4.045,  -2.939,  16.493,   0.809,  -0.588,   0.000
 878,   4.455,  -2.270,  16.493,   0.891,  -0.454,   0.000
 879,   4.755,  -1.545,  16.493,   0.951,  -0.309,   0.000
 880,   4.938,  -0.782,  16.493,   0.988,  -0.156,   0.000
 881,   5.000,   0.000,  17.279,   1.000,   0.000,   0.000
 882,   4.938,   0.782,  17.279,   0.988,   0.156,   0.000
 883,   4.755,   1.545,  17.279,   0.951,   0.309,   0.000
 884,   4.455,   2.270,  17.279,   0.891,   0.454,   0.000
 885,   4.045,   2.939,  17.279,   0.809,   0.588,   0.000
 886,   3.536,   3.536,  17.279,   0.707,   0.707,   0.000
 887,   2.939,   4.045,  17.279,   0.588,   0.809,   0.000
 888,   2.270,   4.455,  17.279,   0.454,   0.891,   0.000
 889,   1.545,   4.755,  17.279,   0.309,   0.951,   0.000
 890,   0.782,   4.938,  17.279,   0.156,   0.988,   0.000
 891,   0.000,   5.000,  17.279,   0.000,   1.000,   0.000
 892,  -0.782,   4.938,  17.279,  -0.156,   0.988,   0.000
 893,  -1.545,   4.755,  17.279,  -0.309,   0.951,   0.000
 894,  -2.270,   4.455,  17.279,  -0.454,   0.891,   0.000
 895,  -2.939,   4.045,  17.279,  -0.588,   0.809,   0.000
 896,  -3.536,   3.536,  17.279,  -0.707,   0.707,   0.000
 897,  -4.045,   2.939,  17.279,  -0.809,   0.588,   0.000
 898,  -4.455,   2.270,  17.279,  -0.891,   0.454,   0.000
 899,  -4.755,   1.545,  17.279,  -0.951,   0.309,   0.000
 900,  -4.938,   0.782,  17.279,  -0.988,   0.156,   0.000
 901,  -5.000,   0.000,  17.279,  -1.000,   0.000,   0.000
 902,  -4.938,  -0.782,  17.279,  -0.988,  -0.156,   0.000
 903,  -4.755,  -1.545,  17.279,  -0.951,  -0.309,   0.000
 904,  -4.455,  -2.270,  17.279,  -0.891,  -0.454,   0.000
 905,  -4.045,  -2.939,  17.279,  -0.809,  -0.588,   0.000
 906,  -3.536,  -3.536,  17.279,  -0.707,  -0.707,   0.000
 907,  -2.939,  -4.045,  17.279,  -0.588,  -0.809,   0.000
 908,  -2.270,  -4.455,  17.279,  -0.454,  -0.891,   0.000
 909,  -1.545,  -4.755,  17.279,  -0.309,  -0.951,   0.000
 910,  -0.782,  -4.938,  17.279,  -0.156,  -0.988,   0.000
 911,  -0.000,  -5.000,  17.279,  -0.000,  -1.000,   0.000
 912,   0.782,  -4.938,  17.279,   0.156,  -0.988,   0.000
 913,   1.545,  -4.755,  17.279,   0.309,  -0.951,   0.000
 914,   2.270,  -4.455,  17.279,   0.454,  -0.891,   0.000
 915,   2.939,  -4.045,  17.279,   0.588,  -0.809,   0.000
 916,   3.536,  -3.536,  17.279,   0.707,  -0.707,   0.000
 917,   4.045,  -2.939,  17.279,   0.809,  -0.588,   0.000
 918,   4.455,  -2.270,  17.279,   0.891,  -0.454,   0.000
 919,   4.755,  -1.545,  17.279,   0.951,  -0.309,   0.000
 920,   4.938,  -0.782,  17.279,   0.988,  -0.156,   0.000
 921,   5.000,   0.000,  18.064,   1.000,   0.000,   0.000
 922,   4.938,   0.782,  18.064,   0.988,   0.156,   0.000
 923,   4.755,   1.545,  18.064,   0.951,   0.309,   0.000
 924,   4.455,   2.270,  18.064,   0.891,   0.454,   0.000
 925,   4.045,   2.939,  18.064,   0.809,   0.588,   0.000
 926,   3.536,   3.536,  18.064,   0.707,   0.707,   0.000
 927,   2.939,   4.045,  18.064,   0.588,   0.809,   0.000
 928,   2.270,   4.455,  18.064,   0.454,   0.891,   0.000
 929,   1.545,   4.755,  18.064,   0.309,   0.951,   0.000
 930,   0.782,   4.938,  18.064,   0.156,   0.988,   0.000
 931,   0.000,   5.000,  18.064,   0.000,   1.000,   0.000
 932,  -0.782,   4.938,  18.064,  -0.156,   0.988,   0.000
 933,  -1.545,   4.755,  18.064,  -0.309,   0.951,   0.000
 934,  -2.270,   4.455,  18.064,  -0.454,   0.891,   0.000
 935,  -2.939,   4.045,  18.064,  -0.588,   0.809,   0.000
 936,  -3.536,   3.536,  18.064,  -0.707,   0.707,   0.000
 937,  -4.045,   2.939,  18.064,  -0.809,   0.588,   0.000
 938,  -4.455,   2.270,  18.064,  -0.891,   0.454,   0.000
 939,  -4.755,   1.545,  18.064,  -0.951,   0.309,   0.000
 940,  -4.938,   0.782,  18.064,  -0.988,   0.156,   0.000
 941,  -5.000,   0.000,  18.064,  -1.000,   0.000,   0.000
 942,  -4.938,  -0.782,  18.064,  -0.988,  -0.156,   0.000
 943,  -4.755,  -1.545,  18.064,  -0.951,  -0.309,   0.000
 944,  -4.455,  -2.270,  18.064,  -0.891,  -0.454,   0.000
 945,  -4.045,  -2.939,  18.064,  -0.809,  -0.588,   0.000
 946,  -3.536,  -3.536,  18.064,  -0.707,  -0.707,   0.000
 947,  -2.939,  -4.045,  18.064,  -0.588,  -0.809,   0.000
 948,  -2.270,  -4.455,  18.064,  -0.454,  -0.891,   0.000
 949,  -1.545,  -4.755,  18.064,  -0.309,  -0.951,   0.000
 950,  -0.782,  -4.938,  18.064,  -0.156,  -0.988,   0.000
 951,  -0.000,  -5.000,  18.064,  -0.000,  -1.000,   0.000
 952,   0.782,  -4.938,  18.064,   0.156,  -0.988,   0.000
 953,   1.545,  -4.755,  18.064,   0.309,  -0.951,   0.000
 954,   2.270,  -4.455,  18.064,   0.454,  -0.891,   0.000
 955,   2.939,  -4.045,  18.064,   0.588,  -0.809,   0.000
 956,   3.536,  -3.536,  18.064,   0.707,  -0.707,   0.000
 957,   4.045,  -2.939,  18.064,   0.809,  -0.588,   0.000
 958,   4.455,  -2.270,  18.064,   0.891,  -0.454,   0.000
 959,   4.755,  -1.545,  18.064,   0.951,  -0.309,   0.000
 960,   4.938,  -0.782,  18.064,   0.988,  -0.156,   0.000
 961,   5.000,   0.000,  18.850,   1.000,   0.000,   0.000
 962,   4.938,   0.782,  18.850,   0.988,   0.156,   0.000
 963,   4.755,   1.545,  18.850,   0.951,   0.309,   0.000
 964,   4.455,   2.270,  18.850,   0.891,   0.454,   0.000
 965,   4.045,   2.939,  18.850,   0.809,   0.588,   0.000
 966,   3.536,   3.536,  18.850,   0.707,   0.707,   0.000
 967,   2.939,   4.045,  18.850,   0.588,   0.809,   0.000
 968,   2.270,   4.455,  18.850,   0.454,   0.891,   0.000
 969,   1.545,   4.755,  18.850,   0.309,   0.951,   0.000
 970,   0.782,   4.938,  18.850,   0.156,   0.988,   0.000
 971,   0.000,   5.000,  18.850,   0.000,   1.000,   0.000
 972,  -0.782,   4.938,  18.850,  -0.156,   0.988,   0.000
 973,  -1.545,   4.755,  18.850,  -0.309,   0.951,   0.000
 974,  -2.270,   4.455,  18.850,  -0.454,   0.891,   0.000
 975,  -2.939,   4.045,  18.850,  -0.588,   0.809,   0.000
 976,  -3.536,   3.536,  18.850,  -0.707,   0.707,   0.000
 977,  -4.045,   2.939,  18.850,  -0.809,   0.588,   0.000
 978,  -4.455,   2.270,  18.850,  -0.891,   0.454,   0.000
 979,  -4.755,   1.545,  18.850,  -0.951,   0.309,   0.000
 980,  -4.938,   0.782,  18.850,  -0.988,   0.156,   0.000
 981,  -5.000,   0.000,  18.850,  -1.000,   0.000,   0.000
 982,  -4.938,  -0.782,  18.850,  -0.988,  -0.156,   0.000
 983,  -4.755,  -1.545,  18.850,  -0.951,  -0.309,   0.000
 984,  -4.455,  -2.270,  18.850,  -0.891,  -0.454,   0.000
 985,  -4.045,  -2.939,  18.850,  -0.809,  -0.588,   0.000
 986,  -3.536,  -3.536,  18.850,  -0.707,  -0.707,   0.000
 987,  -2.939,  -4.045,  18.850,  -0.588,  -0.809,   0.000
 988,  -2.270,  -4.455,  18.850,  -0.454,  -0.891,   0.000
 989,  -1.545,  -4.755,  18.850,  -0.309,  -0.951,   0.000
 990,  -0.782,  -4.938,  18.850,  -0.156,  -0.988,   0.000
 991,  -0.000,  -5.000,  18.850,  -0.000,  -1.000,   0.000
 992,   0.782,  -4.938,  18.850,   0.156,  -0.988,   0.000
 993,   1.545,  -4.755,  18.850,   0.309,  -0.951,   0.000
 994,   2.270,  -4.455,  18.850,   0.454,  -0.891,   0.000
 995,   2.939,  -4.045,  18.850,   0.588,  -0.809,   0.000
 996,   3.536,  -3.536,  18.850,   0.707,  -0.707,   0.000
 997,   4.045,  -2.939,  18.850,   0.809,  -0.588,   0.000
 998,   4.455,  -2.270,  18.850,   0.891,  -0.454,   0.000
 999,   4.755,  -1.545,  18.850,   0.951,  -0.309,   0.000
1000,   4.938,  -0.782,  18.850,   0.988,  -0.156,   0.000
1001,   5.000,   0.000,  19.635,   1.000,   0.000,   0.000
1002,   4.938,   0.782,  19.635,   0.988,   0.156,   0.000
1003,   4.755,   1.545,  19.635,   0.951,   0.309,   0.000
1004,   4.455,   2.270,  19.635,   0.891,   0.454,   0.000
1005,   4.045,   2.939,  19.635,   0.809,   0.588,   0.000
1006,   3.536,   3.536,  19.635,   0.707,   0.707,   0.000
1007,   2.939,   4.045,  19.635,   0.588,   0.809,   0.000
1008,   2.270,   4.455,  19.635,   0.454,   0.891,   0.000
1009,   1.545,   4.755,  19.635,   0.309,   0.951,   0.000
1010,   0.782,   4.938,  19.635,   0.156,   0.988,   0.000
1011,   0.000,   5.000,  19.635,   0.000,   1.000,   0.000
1012,  -0.782,   4.938,  19.635,  -0.156,   0.988,   0.000
1013,  -1.545,   4.755,  19.635,  -0.309,   0.951,   0.000
1014,  -2.270,   4.455,  19.635,  -0.454,   0.891,   0.000
1015,  -2.939,   4.045,  19.635,  -0.588,   0.809,   0.000
1016,  -3.536,   3.536,  19.635,  -0.707,   0.707,   0.000
1017,  -4.045,   2.939,  19.635,  -0.809,   0.588,   0.000
1018,  -4.455,   2.270,  19.635,  -0.891,   0.454,   0.000
1019,  -4.755,   1.545,  19.635,  -0.951,   0.309,   0.000
1020,  -4.938,   0.782,  19.635,  -0.988,   0.156,   0.000
1021,  -5.000,   0.000,  19.635,  -1.000,   0.000,   0.000
1022,  -4.938,  -0.782,  19.635,  -0.988,  -0.156,   0.000
1023,  -4.755,  -1.545,  19.635,  -0.951,  -0.309,   0.000
1024,  -4.455,  -2.270,  19.635,  -0.891,  -0.454,   0.000
1025,  -4.045,  -2.939,  19.635,  -0.809,  -0.588,   0.000
1026,  -3.536,  -3.536,  19.635,  -0.707,  -0.707,   0.000
1027,  -2.939,  -4.045,  19.635,  -0.588,  -0.809,   0.000
1028,  -2.270,  -4.455,  19.635,  -0.454,  -0.891,   0.000
1029,  -1.545,  -4.755,  19.635,  -0.309,  -0.951,   0.000
1030,  -0.782,  -4.938,  19.635,  -0.156,  -0.988,   0.000
1031,  -0.000,  -5.000,  19.635,  -0.000,  -1.000,   0.000
1032,   0.782,  -4.938,  19.635,   0.156,  -0.988,   0.000
1033,   1.545,  -4.755,  19.635,   0.309,  -0.951,   0.000
1034,   2.270,  -4.455,  19.635,   0.454,  -0.891,   0.000
1035,   2.939,  -4.045,  19.635,   0.588,  -0.809,   0.000
1036,   3.536,  -3.536,  19.635,   0.707,  -0.707,   0.000
1037,   4.045,  -2.939,  19.635,   0.809,  -0.588,   0.000
1038,   4.455,  -2.270,  19.635,   0.891,  -0.454,   0.000
1039,   4.755,  -1.545,  19.635,   0.951,  -0.309,   0.000
1040,   4.938,  -0.782,  19.635,   0.988,  -0.156,   0.000
*SHELL SECTION, ELSET=EL1, MATERIAL=MAT1 
 0.010
*MATERIAL, NAME=MAT1 
*ELASTIC 
  30000.,   0.2 
*ELEMENT, TYPE=SH4, ELSET=EL1 
   1,    1,    2,   42,   41
   2,    2,    3,   43,   42
   3,    3,    4,   44,   43
   4,    4,    5,   45,   44
   5,    5,    6,   46,   45
   6,    6,    7,   47,   46
   7,    7,    8,   48,   47
   8,    8,    9,   49,   48
   9,    9,   10,   50,   49
  10,   10,   11,   51,   50
  11,   11,   12,   52,   51
  12,   12,   13,   53,   52
  13,   13,   14,   54,   53
  14,   14,   15,   55,   54
  15,   15,   16,   56,   55
  16,   16,   17,   57,   56
  17,   17,   18,   58,   57
  18,   18,   19,   59,   58
  19,   19,   20,   60,   59
  20,   20,   21,   61,   60
  21,   21,   22,   62,   61
  22,   22,   23,   63,   62
  23,   23,   24,   64,   63
  24,   24,   25,   65,   64
  25,   25,   26,   66,   65
  26,   26,   27,   67,   66
  27,   27,   28,   68,   67
  28,   28,   29,   69,   68
  29,   29,   30,   70,   69
  30,   30,   31,   71,   70
  31,   31,   32,   72,   71
  32,   32,   33,   73,   72
  33,   33,   34,   74,   73
  34,   34,   35,   75,   74
  35,   35,   36,   76,   75
  36,   36,   37,   77,   76
  37,   37,   38,   78,   77
  38,   38,   39,   79,   78
  39,   39,   40,   80,   79
  40,   40,    1,   41,   80
  41,   41,   42,   82,   81
  42,   42,   43,   83,   82
  43,   43,   44,   84,   83
  44,   44,   45,   85,   84
  45,   45,   46,   86,   85
  46,   46,   47,   87,   86
  47,   47,   48,   88,   87
  48,   48,   49,   89,   88
  49,   49,   50,   90,   89
  50,   50,   51,   91,   90
  51,   51,   52,   92,   91
  52,   52,   53,   93,   92
  53,   53,   54,   94,   93
  54,   54,   55,   95,   94
  55,   55,   56,   96,   95
  56,   56,   57,   97,   96
  57,   57,   58,   98,   97
  58,   58,   59,   99,   98
  59,   59,   60,  100,   99
  60,   60,   61,  101,  100
  61,   61,   62,  102,  101
  62,   62,   63,  103,  102
  63,   63,   64,  104,  103
  64,   64,   65,  105,  104
  65,   65,   66,  106,  105
  66,   66,   67,  107,  106
  67,   67,   68,  108,  107
  68,   68,   69,  109,  108
  69,   69,   70,  110,  109
  70,   70,   71,  111,  110
  71,   71,   72,  112,  111
  72,   72,   73,  113,  112
  73,   73,   74,  114,  113
  74,   74,   75,  115,  114
  75,   75,   76,  116,  115
  76,   76,   77,  117,  116
  77,   77,   78,  118,  117
  78,   78,   79,  119,  118
  79,   79,   80,  120,  119
  80,   80,   41,   81,  120
  81,   81,   82,  122,  121
  82,   82,   83,  123,  122
  83,   83,   84,  124,  123
  84,   84,   85,  125,  124
  85,   85,   86,  126,  125
  86,   86,   87,  127,  126
  87,   87,   88,  128,  127
  88,   88,   89,  129,  128
  89,   89,   90,  130,  129
  90,   90,   91,  131,  130
  91,   91,   92,  132,  131
  92,   92,   93,  133,  132
  93,   93,   94,  134,  133
  94,   94,   95,  135,  134
  95,   95,   96,  136,  135
  96,   96,   97,  137,  136
  97,   97,   98,  138,  137
  98,   98,   99,  139,  138
  99,   99,  100,  140,  139
 100,  100,  101,  141,  140
 101,  101,  102,  142,  141
 102,  102,  103,  143,  142
 103,  103,  104,  144,  143
 104,  104,  105,  145,  144
 105,  105,  106,  146,  145
 106,  106,  107,  147,  146
 107,  107,  108,  148,  147
 108,  108,  109,  149,  148
 109,  109,  110,  150,  149
 110,  110,  111,  151,  150
 111,  111,  112,  152,  151
 112,  112,  113,  153,  152
 113,  113,  114,  154,  153
 114,  114,  115,  155,  154
 115,  115,  116,  156,  155
 116,  116,  117,  157,  156
 117,  117,  118,  158,  157
 118,  118,  119,  159,  158
 119,  119,  120,  160,  159
 120,  120,   81,  121,  160
 121,  121,  122,  162,  161
 122,  122,  123,  163,  162
 123,  123,  124,  164,  163
 124,  124,  125,  165,  164
 125,  125,  126,  166,  165
 126,  126,  127,  167,  166
 127,  127,  128,  168,  167
 128,  128,  129,  169,  168
 129,  129,  130,  170,  169
 130,  130,  131,  171,  170
 131,  131,  132,  172,  171
 132,  132,  133,  173,  172
 133,  133,  134,  174,  173
 134,  134,  135,  175,  174
 135,  135,  136,  176,  175
 136,  136,  137,  177,  176
 137,  137,  138,  178,  177
 138,  138,  139,  179,  178
 139,  139,  140,  180,  179
 140,  140,  141,  181,  180
 141,  141,  142,  182,  181
 142,  142,  143,  183,  182
 143,  143,  144,  184,  183
 144,  144,  145,  185,  184
 145,  145,  146,  186,  185
 146,  146,  147,  187,  186
 147,  147,  148,  188,  187
 148,  148,  149,  189,  188
 149,  149,  150,  190,  189
 150,  150,  151,  191,  190
 151,  151,  152,  192,  191
 152,  152,  153,  193,  192
 153,  153,  154,  194,  193
 154,  154,  155,  195,  194
 155,  155,  156,  196,  195
 156,  156,  157,  197,  196
 157,  157,  158,  198,  197
 158,  158,  159,  199,  198
 159,  159,  160,  200,  199
 160,  160,  121,  161,  200
 161,  161,  162,  202,  201
 162,  162,  163,  203,  202
 163,  163,  164,  204,  203
 164,  164,  165,  205,  204
 165,  165,  166,  206,  205
 166,  166,  167,  207,  206
 167,  167,  168,  208,  207
 168,  168,  169,  209,  208
 169,  169,  170,  210,  209
 170,  170,  171,  211,  210
 171,  171,  172,  212,  211
 172,  172,  173,  213,  212
 173,  173,  174,  214,  213
 174,  174,  175,  215,  214
 175,  175,  176,  216,  215
 176,  176,  177,  217,  216
 177,  177,  178,  218,  217
 178,  178,  179,  219,  218
 179,  179,  180,  220,  219
 180,  180,  181,  221,  220
 181,  181,  182,  222,  221
 182,  182,  183,  223,  222
 183,  183,  184,  224,  223
 184,  184,  185,  225,  224
 185,  185,  186,  226,  225
 186,  186,  187,  227,  226
 187,  187,  188,  228,  227
 188,  188,  189,  229,  228
 189,  189,  190,  230,  229
 190,  190,  191,  231,  230
 191,  191,  192,  232,  231
 192,  192,  193,  233,  232
 193,  193,  194,  234,  233
 194,  194,  195,  235,  234
 195,  195,  196,  236,  235
 196,  196,  197,  237,  236
 197,  197,  198,  238,  237
 198,  198,  199,  239,  238
 199,  199,  200,  240,  239
 200,  200,  161,  201,  240
 201,  201,  202,  242,  241
 202,  202,  203,  243,  242
 203,  203,  204,  244,  243
 204,  204,  205,  245,  244
 205,  205,  206,  246,  245
 206,  206,  207,  247,  246
 207,  207,  208,  248,  247
 208,  208,  209,  249,  248
 209,  209,  210,  250,  249
 210,  210,  211,  251,  250
 211,  211,  212,  252,  251
 212,  212,  213,  253,  252
 213,  213,  214,  254,  253
 214,  214,  215,  255,  254
 215,  215,  216,  256,  255
 216,  216,  217,  257,  256
 217,  217,  218,  258,  257
 218,  218,  219,  259,  258
 219,  219,  220,  260,  259
 220,  220,  221,  261,  260
 221,  221,  222,  262,  261
 222,  222,  223,  263,  262
 223,  223,  224,  264,  263
 224,  224,  225,  265,  264
 225,  225,  226,  266,  265
 226,  226,  227,  267,  266
 227,  227,  228,  268,  267
 228,  228,  229,  269,  268
 229,  229,  230,  270,  269
 230,  230,  231,  271,  270
 231,  231,  232,  272,  271
 232,  232,  233,  273,  272
 233,  233,  234,  274,  273
 234,  234,  235,  275,  274
 235,  235,  236,  276,  275
 236,  236,  237,  277,  276
 237,  237,  238,  278,  277
 238,  238,  239,  279,  278
 239,  239,  240,  280,  279
 240,  240,  201,  241,  280
 241,  241,  242,  282,  281
 242,  242,  243,  283,  282
 243,  243,  244,  284,  283
 244,  244,  245,  285,  284
 245,  245,  246,  286,  285
 246,  246,  247,  287,  286
 247,  247,  248,  288,  287
 248,  248,  249,  289,  288
 249,  249,  250,  290,  289
 250,  250,  251,  291,  290
 251,  251,  252,  292,  291
 252,  252,  253,  293,  292
 253,  253,  254,  294,  293
 254,  254,  255,  295,  294
 255,  255,  256,  296,  295
 256,  256,  257,  297,  296
 257,  257,  258,  298,  297
 258,  258,  259,  299,  298
 259,  259,  260,  300,  299
 260,  260,  261,  301,  300
 261,  261,  262,  302,  301
 262,  262,  263,  303,  302
 263,  263,  264,  304,  303
 264,  264,  265,  305,  304
 265,  265,  266,  306,  305
 266,  266,  267,  307,  306
 267,  267,  268,  308,  307
 268,  268,  269,  309,  308
 269,  269,  270,  310,  309
 270,  270,  271,  311,  310
 271,  271,  272,  312,  311
 272,  272,  273,  313,  312
 273,  273,  274,  314,  313
 274,  274,  275,  315,  314
 275,  275,  276,  316,  315
 276,  276,  277,  317,  316
 277,  277,  278,  318,  317
 278,  278,  279,  319,  318
 279,  279,  280,  320,  319
 280,  280,  241,  281,  320
 281,  281,  282,  322,  321
 282,  282,  283,  323,  322
 283,  283,  284,  324,  323
 284,  284,  285,  325,  324
 285,  285,  286,  326,  325
 286,  286,  287,  327,  326
 287,  287,  288,  328,  327
 288,  288,  289,  329,  328
 289,  289,  290,  330,  329
 290,  290,  291,  331,  330
 291,  291,  292,  332,  331
 292,  292,  293,  333,  332
 293,  293,  294,  334,  333
 294,  294,  295,  335,  334
 295,  295,  296,  336,  335
 296,  296,  297,  337,  336
 297,  297,  298,  338,  337
 298,  298,  299,  339,  338
 299,  299,  300,  340,  339
 300,  300,  301,  341,  340
 301,  301,  302,  342,  341
 302,  302,  303,  343,  342
 303,  303,  304,  344,  343
 304,  304,  305,  345,  344
 305,  305,  306,  346,  345
 306,  306,  307,  347,  346
 307,  307,  308,  348,  347
 308,  308,  309,  349,  348
 309,  309,  310,  350,  349
 310,  310,  311,  351,  350
 311,  311,  312,  352,  351
 312,  312,  313,  353,  352
 313,  313,  314,  354,  353
 314,  314,  315,  355,  354
 315,  315,  316,  356,  355
 316,  316,  317,  357,  356
 317,  317,  318,  358,  357
 318,  318,  319,  359,  358
 319,  319,  320,  360,  359
 320,  320,  281,  321,  360
 321,  321,  322,  362,  361
 322,  322,  323,  363,  362
 323,  323,  324,  364,  363
 324,  324,  325,  365,  364
 325,  325,  326,  366,  365
 326,  326,  327,  367,  366
 327,  327,  328,  368,  367
 328,  328,  329,  369,  368
 329,  329,  330,  370,  369
 330,  330,  331,  371,  370
 331,  331,  332,  372,  371
 332,  332,  333,  373,  372
 333,  333,  334,  374,  373
 334,  334,  335,  375,  374
 335,  335,  336,  376,  375
 336,  336,  337,  377,  376
 337,  337,  338,  378,  377
 338,  338,  339,  379,  378
 339,  339,  340,  380,  379
 340,  340,  341,  381,  380
 341,  341,  342,  382,  381
 342,  342,  343,  383,  382
 343,  343,  344,  384,  383
 344,  344,  345,  385,  384
 345,  345,  346,  386,  385
 346,  346,  347,  387,  386
 347,  347,  348,  388,  387
 348,  348,  349,  389,  388
 349,  349,  350,  390,  389
 350,  350,  351,  391,  390
 351,  351,  352,  392,  391
 352,  352,  353,  393,  392
 353,  353,  354,  394,  393
 354,  354,  355,  395,  394
 355,  355,  356,  396,  395
 356,  356,  357,  397,  396
 357,  357,  358,  398,  397
 358,  358,  359,  399,  398
 359,  359,  360,  400,  399
 360,  360,  321,  361,  400
 361,  361,  362,  402,  401
 362,  362,  363,  403,  402
 363,  363,  364,  404,  403
 364,  364,  365,  405,  404
 365,  365,  366,  406,  405
 366,  366,  367,  407,  406
 367,  367,  368,  408,  407
 368,  368,  369,  409,  408
 369,  369,  370,  410,  409
 370,  370,  371,  411,  410
 371,  371,  372,  412,  411
 372,  372,  373,  413,  412
 373,  373,  374,  414,  413
 374,  374,  375,  415,  414
 375,  375,  376,  416,  415
 376,  376,  377,  417,  416
 377,  377,  378,  418,  417
 378,  378,  379,  419,  418
 379,  379,  380,  420,  419
 380,  380,  381,  421,  420
 381,  381,  382,  422,  421
 382,  382,  383,  423,  422
 383,  383,  384,  424,  423
 384,  384,  385,  425,  424
 385,  385,  386,  426,  425
 386,  386,  387,  427,  426
 387,  387,  388,  428,  427
 388,  388,  389,  429,  428
 389,  389,  390,  430,  429
 390,  390,  391,  431,  430
 391,  391,  392,  432,  431
 392,  392,  393,  433,  432
 393,  393,  394,  434,  433
 394,  394,  395,  435,  434
 395,  395,  396,  436,  435
 396,  396,  397,  437,  436
 397,  397,  398,  438,  437
 398,  398,  399,  439,  438
 399,  399,  400,  440,  439
 400,  400,  361,  401,  440
 401,  401,  402,  442,  441
 402,  402,  403,  443,  442
 403,  403,  404,  444,  443
 404,  404,  405,  445,  444
 405,  405,  406,  446,  445
 406,  406,  407,  447,  446
 407,  407,  408,  448,  447
 408,  408,  409,  449,  448
 409,  409,  410,  450,  449
 410,  410,  411,  451,  450
 411,  411,  412,  452,  451
 412,  412,  413,  453,  452
 413,  413,  414,  454,  453
 414,  414,  415,  455,  454
 415,  415,  416,  456,  455
 416,  416,  417,  457,  456
 417,  417,  418,  458,  457
 418,  418,  419,  459,  458
 419,  419,  420,  460,  459
 420,  420,  421,  461,  460
 421,  421,  422,  462,  461
 422,  422,  423,  463,  462
 423,  423,  424,  464,  463
 424,  424,  425,  465,  464
 425,  425,  426,  466,  465
 426,  426,  427,  467,  466
 427,  427,  428,  468,  467
 428,  428,  429,  469,  468
 429,  429,  430,  470,  469
 430,  430,  431,  471,  470
 431,  431,  432,  472,  471
 432,  432,  433,  473,  472
 433,  433,  434,  474,  473
 434,  434,  435,  475,  474
 435,  435,  436,  476,  475
 436,  436,  437,  477,  476
 437,  437,  438,  478,  477
 438,  438,  439,  479,  478
 439,  439,  440,  480,  479
 440,  440,  401,  441,  480
 441,  441,  442,  482,  481
 442,  442,  443,  483,  482
 443,  443,  444,  484,  483
 444,  444,  445,  485,  484
 445,  445,  446,  486,  485
 446,  446,  447,  487,  486
 447,  447,  448,  488,  487
 448,  448,  449,  489,  488
 449,  449,  450,  490,  489
 450,  450,  451,  491,  490
 451,  451,  452,  492,  491
 452,  452,  453,  493,  492
 453,  453,  454,  494,  493
 454,  454,  455,  495,  494
 455,  455,  456,  496,  495
 456,  456,  457,  497,  496
 457,  457,  458,  498,  497
 458,  458,  459,  499,  498
 459,  459,  460,  500,  499
 460,  460,  461,  501,  500
 461,  461,  462,  502,  501
 462,  462,  463,  503,  502
 463,  463,  464,  504,  503
 464,  464,  465,  505,  504
 465,  465,  466,  506,  505
 466,  466,  467,  507,  506
 467,  467,  468,  508,  507
 468,  468,  469,  509,  508
 469,  469,  470,  510,  509
 470,  470,  471,  511,  510
 471,  471,  472,  512,  511
 472,  472,  473,  513,  512
 473,  473,  474,  514,  513
 474,  474,  475,  515,  514
 475,  475,  476,  516,  515
 476,  476,  477,  517,  516
 477,  477,  478,  518,  517
 478,  478,  479,  519,  518
 479,  479,  480,  520,  519
 480,  480,  441,  481,  520
 481,  481,  482,  522,  521
 482,  482,  483,  523,  522
 483,  483,  484,  524,  523
 484,  484,  485,  525,  524
 485,  485,  486,  526,  525
 486,  486,  487,  527,  526
 487,  487,  488,  528,  527
 488,  488,  489,  529,  528
 489,  489,  490,  530,  529
 490,  490,  491,  531,  530
 491,  491,  492,  532,  531
 492,  492,  493,  533,  532
 493,  493,  494,  534,  533
 494,  494,  495,  535,  534
 495,  495,  496,  536,  535
 496,  496,  497,  537,  536
 497,  497,  498,  538,  537
 498,  498,  499,  539,  538
 499,  499,  500,  540,  539
 500,  500,  501,  541,  540
 501,  501,  502,  542,  541
 502,  502,  503,  543,  542
 503,  503,  504,  544,  543
 504,  504,  505,  545,  544
 505,  505,  506,  546,  545
 506,  506,  507,  547,  546
 507,  507,  508,  548,  547
 508,  508,  509,  549,  548
 509,  509,  510,  550,  549
 510,  510,  511,  551,  550
 511,  511,  512,  552,  551
 512,  512,  513,  553,  552
 513,  513,  514,  554,  553
 514,  514,  515,  555,  554
 515,  515,  516,  556,  555
 516,  516,  517,  557,  556
 517,  517,  518,  558,  557
 518,  518,  519,  559,  558
 519,  519,  520,  560,  559
 520,  520,  481,  521,  560
 521,  521,  522,  562,  561
 522,  522,  523,  563,  562
 523,  523,  524,  564,  563
 524,  524,  525,  565,  564
 525,  525,  526,  566,  565
 526,  526,  527,  567,  566
 527,  527,  528,  568,  567
 528,  528,  529,  569,  568
 529,  529,  530,  570,  569
 530,  530,  531,  571,  570
 531,  531,  532,  572,  571
 532,  532,  533,  573,  572
 533,  533,  534,  574,  573
 534,  534,  535,  575,  574
 535,  535,  536,  576,  575
 536,  536,  537,  577,  576
 537,  537,  538,  578,  577
 538,  538,  539,  579,  578
 539,  539,  540,  580,  579
 540,  540,  541,  581,  580
 541,  541,  542,  582,  581
 542,  542,  543,  583,  582
 543,  543,  544,  584,  583
 544,  544,  545,  585,  584
 545,  545,  546,  586,  585
 546,  546,  547,  587,  586
 547,  547,  548,  588,  587
 548,  548,  549,  589,  588
 549,  549,  550,  590,  589
 550,  550,  551,  591,  590
 551,  551,  552,  592,  591
 552,  552,  553,  593,  592
 553,  553,  554,  594,  593
 554,  554,  555,  595,  594
 555,  555,  556,  596,  595
 556,  556,  557,  597,  596
 557,  557,  558,  598,  597
 558,  558,  559,  599,  598
 559,  559,  560,  600,  599
 560,  560,  521,  561,  600
 561,  561,  562,  602,  601
 562,  562,  563,  603,  602
 563,  563,  564,  604,  603
 564,  564,  565,  605,  604
 565,  565,  566,  606,  605
 566,  566,  567,  607,  606
 567,  567,  568,  608,  607
 568,  568,  569,  609,  608
 569,  569,  570,  610,  609
 570,  570,  571,  611,  610
 571,  571,  572,  612,  611
 572,  572,  573,  613,  612
 573,  573,  574,  614,  613
 574,  574,  575,  615,  614
 575,  575,  576,  616,  615
 576,  576,  577,  617,  616
 577,  577,  578,  618,  617
 578,  578,  579,  619,  618
 579,  579,  580,  620,  619
 580,  580,  581,  621,  620
 581,  581,  582,  622,  621
 582,  582,  583,  623,  622
 583,  583,  584,  624,  623
 584,  584,  585,  625,  624
 585,  585,  586,  626,  625
 586,  586,  587,  627,  626
 587,  587,  588,  628,  627
 588,  588,  589,  629,  628
 589,  589,  590,  630,  629
 590,  590,  591,  631,  630
 591,  591,  592,  632,  631
 592,  592,  593,  633,  632
 593,  593,  594,  634,  633
 594,  594,  595,  635,  634
 595,  595,  596,  636,  635
 596,  596,  597,  637,  636
 597,  597,  598,  638,  637
 598,  598,  599,  639,  638
 599,  599,  600,  640,  639
 600,  600,  561,  601,  640
 601,  601,  602,  642,  641
 602,  602,  603,  643,  642
 603,  603,  604,  644,  643
 604,  604,  605,  645,  644
 605,  605,  606,  646,  645
 606,  606,  607,  647,  646
 607,  607,  608,  648,  647
 608,  608,  609,  649,  648
 609,  609,  610,  650,  649
 610,  610,  611,  651,  650
 611,  611,  612,  652,  651
 612,  612,  613,  653,  652
 613,  613,  614,  654,  653
 614,  614,  615,  655,  654
 615,  615,  616,  656,  655
 616,  616,  617,  657,  656
 617,  617,  618,  658,  657
 618,  618,  619,  659,  658
 619,  619,  620,  660,  659
 620,  620,  621,  661,  660
 621,  621,  622,  662,  661
 622,  622,  623,  663,  662
 623,  623,  624,  664,  663
 624,  624,  625,  665,  664
 625,  625,  626,  666,  665
 626,  626,  627,  667,  666
 627,  627,  628,  668,  667
 628,  628,  629,  669,  668
 629,  629,  630,  670,  669
 630,  630,  631,  671,  670
 631,  631,  632,  672,  671
 632,  632,  633,  673,  672
 633,  633,  634,  674,  673
 634,  634,  635,  675,  674
 635,  635,  636,  676,  675
 636,  636,  637,  677,  676
 637,  637,  638,  678,  677
 638,  638,  639,  679,  678
 639,  639,  640,  680,  679
 640,  640,  601,  641,  680
 641,  641,  642,  682,  681
 642,  642,  643,  683,  682
 643,  643,  644,  684,  683
 644,  644,  645,  685,  684
 645,  645,  646,  686,  685
 646,  646,  647,  687,  686
 647,  647,  648,  688,  687
 648,  648,  649,  689,  688
 649,  649,  650,  690,  689
 650,  650,  651,  691,  690
 651,  651,  652,  692,  691
 652,  652,  653,  693,  692
 653,  653,  654,  694,  693
 654,  654,  655,  695,  694
 655,  655,  656,  696,  695
 656,  656,  657,  697,  696
 657,  657,  658,  698,  697
 658,  658,  659,  699,  698
 659,  659,  660,  700,  699
 660,  660,  661,  701,  700
 661,  661,  662,  702,  701
 662,  662,  663,  703,  702
 663,  663,  664,  704,  703
 664,  664,  665,  705,  704
 665,  665,  666,  706,  705
 666,  666,  667,  707,  706
 667,  667,  668,  708,  707
 668,  668,  669,  709,  708
 669,  669,  670,  710,  709
 670,  670,  671,  711,  710
 671,  671,  672,  712,  711
 672,  672,  673,  713,  712
 673,  673,  674,  714,  713
 674,  674,  675,  715,  714
 675,  675,  676,  716,  715
 676,  676,  677,  717,  716
 677,  677,  678,  718,  717
 678,  678,  679,  719,  718
 679,  679,  680,  720,  719
 680,  680,  641,  681,  720
 681,  681,  682,  722,  721
 682,  682,  683,  723,  722
 683,  683,  684,  724,  723
 684,  684,  685,  725,  724
 685,  685,  686,  726,  725
 686,  686,  687,  727,  726
 687,  687,  688,  728,  727
 688,  688,  689,  729,  728
 689,  689,  690,  730,  729
 690,  690,  691,  731,  730
 691,  691,  692,  732,  731
 692,  692,  693,  733,  732
 693,  693,  694,  734,  733
 694,  694,  695,  735,  734
 695,  695,  696,  736,  735
 696,  696,  697,  737,  736
 697,  697,  698,  738,  737
 698,  698,  699,  739,  738
 699,  699,  700,  740,  739
 700,  700,  701,  741,  740
 701,  701,  702,  742,  741
 702,  702,  703,  743,  742
 703,  703,  704,  744,  743
 704,  704,  705,  745,  744
 705,  705,  706,  746,  745
 706,  706,  707,  747,  746
 707,  707,  708,  748,  747
 708,  708,  709,  749,  748
 709,  709,  710,  750,  749
 710,  710,  711,  751,  750
 711,  711,  712,  752,  751
 712,  712,  713,  753,  752
 713,  713,  714,  754,  753
 714,  714,  715,  755,  754
 715,  715,  716,  756,  755
 716,  716,  717,  757,  756
 717,  717,  718,  758,  757
 718,  718,  719,  759,  758
 719,  719,  720,  760,  759
 720,  720,  681,  721,  760
 721,  721,  722,  762,  761
 722,  722,  723,  763,  762
 723,  723,  724,  764,  763
 724,  724,  725,  765,  764
 725,  725,  726,  766,  765
 726,  726,  727,  767,  766
 727,  727,  728,  768,  767
 728,  728,  729,  769,  768
 729,  729,  730,  770,  769
 730,  730,  731,  771,  770
 731,  731,  732,  772,  771
 732,  732,  733,  773,  772
 733,  733,  734,  774,  773
 734,  734,  735,  775,  774
 735,  735,  736,  776,  775
 736,  736,  737,  777,  776
 737,  737,  738,  778,  777
 738,  738,  739,  779,  778
 739,  739,  740,  780,  779
 740,  740,  741,  781,  780
 741,  741,  742,  782,  781
 742,  742,  743,  783,  782
 743,  743,  744,  784,  783
 744,  744,  745,  785,  784
 745,  745,  746,  786,  785
 746,  746,  747,  787,  786
 747,  747,  748,  788,  787
 748,  748,  749,  789,  788
 749,  749,  750,  790,  789
 750,  750,  751,  791,  790
 751,  751,  752,  792,  791
 752,  752,  753,  793,  792
 753,  753,  754,  794,  793
 754,  754,  755,  795,  794
 755,  755,  756,  796,  795
 756,  756,  757,  797,  796
 757,  757,  758,  798,  797
 758,  758,  759,  799,  798
 759,  759,  760,  800,  799
 760,  760,  721,  761,  800
 761,  761,  762,  802,  801
 762,  762,  763,  803,  802
 763,  763,  764,  804,  803
 764,  764,  765,  805,  804
 765,  765,  766,  806,  805
 766,  766,  767,  807,  806
 767,  767,  768,  808,  807
 768,  768,  769,  809,  808
 769,  769,  770,  810,  809
 770,  770,  771,  811,  810
 771,  771,  772,  812,  811
 772,  772,  773,  813,  812
 773,  773,  774,  814,  813
 774,  774,  775,  815,  814
 775,  775,  776,  816,  815
 776,  776,  777,  817,  816
 777,  777,  778,  818,  817
 778,  778,  779,  819,  818
 779,  779,  780,  820,  819
 780,  780,  781,  821,  820
 781,  781,  782,  822,  821
 782,  782,  783,  823,  822
 783,  783,  784,  824,  823
 784,  784,  785,  825,  824
 785,  785,  786,  826,  825
 786,  786,  787,  827,  826
 787,  787,  788,  828,  827
 788,  788,  789,  829,  828
 789,  789,  790,  830,  829
 790,  790,  791,  831,  830
 791,  791,  792,  832,  831
 792,  792,  793,  833,  832
 793,  793,  794,  834,  833
 794,  794,  795,  835,  834
 795,  795,  796,  836,  835
 796,  796,  797,  837,  836
 797,  797,  798,  838,  837
 798,  798,  799,  839,  838
 799,  799,  800,  840,  839
 800,  800,  761,  801,  840
 801,  801,  802,  842,  841
 802,  802,  803,  843,  842
 803,  803,  804,  844,  843
 804,  804,  805,  845,  844
 805,  805,  806,  846,  845
 806,  806,  807,  847,  846
 807,  807,  808,  848,  847
 808,  808,  809,  849,  848
 809,  809,  810,  850,  849
 810,  810,  811,  851,  850
 811,  811,  812,  852,  851
 812,  812,  813,  853,  852
 813,  813,  814,  854,  853
 814,  814,  815,  855,  854
 815,  815,  816,  856,  855
 816,  816,  817,  857,  856
 817,  817,  818,  858,  857
 818,  818,  819,  859,  858
 819,  819,  820,  860,  859
 820,  820,  821,  861,  860
 821,  821,  822,  862,  861
 822,  822,  823,  863,  862
 823,  823,  824,  864,  863
 824,  824,  825,  865,  864
 825,  825,  826,  866,  865
 826,  826,  827,  867,  866
 827,  827,  828,  868,  867
 828,  828,  829,  869,  868
 829,  829,  830,  870,  869
 830,  830,  831,  871,  870
 831,  831,  832,  872,  871
 832,  832,  833,  873,  872
 833,  833,  834,  874,  873
 834,  834,  835,  875,  874
 835,  835,  836,  876,  875
 836,  836,  837,  877,  876
 837,  837,  838,  878,  877
 838,  838,  839,  879,  878
 839,  839,  840,  880,  879
 840,  840,  801,  841,  880
 841,  841,  842,  882,  881
 842,  842,  843,  883,  882
 843,  843,  844,  884,  883
 844,  844,  845,  885,  884
 845,  845,  846,  886,  885
 846,  846,  847,  887,  886
 847,  847,  848,  888,  887
 848,  848,  849,  889,  888
 849,  849,  850,  890,  889
 850,  850,  851,  891,  890
 851,  851,  852,  892,  891
 852,  852,  853,  893,  892
 853,  853,  854,  894,  893
 854,  854,  855,  895,  894
 855,  855,  856,  896,  895
 856,  856,  857,  897,  896
 857,  857,  858,  898,  897
 858,  858,  859,  899,  898
 859,  859,  860,  900,  899
 860,  860,  861,  901,  900
 861,  861,  862,  902,  901
 862,  862,  863,  903,  902
 863,  863,  864,  904,  903
 864,  864,  865,  905,  904
 865,  865,  866,  906,  905
 866,  866,  867,  907,  906
 867,  867,  868,  908,  907
 868,  868,  869,  909,  908
 869,  869,  870,  910,  909
 870,  870,  871,  911,  910
 871,  871,  872,  912,  911
 872,  872,  873,  913,  912
 873,  873,  874,  914,  913
 874,  874,  875,  915,  914
 875,  875,  876,  916,  915
 876,  876,  877,  917,  916
 877,  877,  878,  918,  917
 878,  878,  879,  919,  918
 879,  879,  880,  920,  919
 880,  880,  841,  881,  920
 881,  881,  882,  922,  921
 882,  882,  883,  923,  922
 883,  883,  884,  924,  923
 884,  884,  885,  925,  924
 885,  885,  886,  926,  925
 886,  886,  887,  927,  926
 887,  887,  888,  928,  927
 888,  888,  889,  929,  928
 889,  889,  890,  930,  929
 890,  890,  891,  931,  930
 891,  891,  892,  932,  931
 892,  892,  893,  933,  932
 893,  893,  894,  934,  933
 894,  894,  895,  935,  934
 895,  895,  896,  936,  935
 896,  896,  897,  937,  936
 897,  897,  898,  938,  937
 898,  898,  899,  939,  938
 899,  899,  900,  940,  939
 900,  900,  901,  941,  940
 901,  901,  902,  942,  941
 902,  902,  903,  943,  942
 903,  903,  904,  944,  943
 904,  904,  905,  945,  944
 905,  905,  906,  946,  945
 906,  906,  907,  947,  946
 907,  907,  908,  948,  947
 908,  908,  909,  949,  948
 909,  909,  910,  950,  949
 910,  910,  911,  951,  950
 911,  911,  912,  952,  951
 912,  912,  913,  953,  952
 913,  913,  914,  954,  953
 914,  914,  915,  955,  954
 915,  915,  916,  956,  955
 916,  916,  917,  957,  956
 917,  917,  918,  958,  957
 918,  918,  919,  959,  958
 919,  919,  920,  960,  959
 920,  920,  881,  921,  960
 921,  921,  922,  962,  961
 922,  922,  923,  963,  962
 923,  923,  924,  964,  963
 924,  924,  925,  965,  964
 925,  925,  926,  966,  965
 926,  926,  927,  967,  966
 927,  927,  928,  968,  967
 928,  928,  929,  969,  968
 929,  929,  930,  970,  969
 930,  930,  931,  971,  970
 931,  931,  932,  972,  971
 932,  932,  933,  973,  972
 933,  933,  934,  974,  973
 934,  934,  935,  975,  974
 935,  935,  936,  976,  975
 936,  936,  937,  977,  976
 937,  937,  938,  978,  977
 938,  938,  939,  979,  978
 939,  939,  940,  980,  979
 940,  940,  941,  981,  980
 941,  941,  942,  982,  981
 942,  942,  943,  983,  982
 943,  943,  944,  984,  983
 944,  944,  945,  985,  984
 945,  945,  946,  986,  985
 946,  946,  947,  987,  986
 947,  947,  948,  988,  987
 948,  948,  949,  989,  988
 949,  949,  950,  990,  989
 950,  950,  951,  991,  990
 951,  951,  952,  992,  991
 952,  952,  953,  993,  992
 953,  953,  954,  994,  993
 954,  954,  955,  995,  994
 955,  955,  956,  996,  995
 956,  956,  957,  997,  996
 957,  957,  958,  998,  997
 958,  958,  959,  999,  998
 959,  959,  960, 1000,  999
 960,  960,  921,  961, 1000
 961,  961,  962, 1002, 1001
 962,  962,  963, 1003, 1002
 963,  963,  964, 1004, 1003
 964,  964,  965, 1005, 1004
 965,  965,  966, 1006, 1005
 966,  966,  967, 1007, 1006
 967,  967,  968, 1008, 1007
 968,  968,  969, 1009, 1008
 969,  969,  970, 1010, 1009
 970,  970,  971, 1011, 1010
 971,  971,  972, 1012, 1011
 972,  972,  973, 1013, 1012
 973,  973,  974, 1014, 1013
 974,  974,  975, 1015, 1014
 975,  975,  976, 1016, 1015
 976,  976,  977, 1017, 1016
 977,  977,  978, 1018, 1017
 978,  978,  979, 1019, 1018
 979,  979,  980, 1020, 1019
 980,  980,  981, 1021, 1020
 981,  981,  982, 1022, 1021
 982,  982,  983, 1023, 1022
 983,  983,  984, 1024, 1023
 984,  984,  985, 1025, 1024
 985,  985,  986, 1026, 1025
 986,  986,  987, 1027, 1026
 987,  987,  988, 1028, 1027
 988,  988,  989, 1029, 1028
 989,  989,  990, 1030, 1029
 990,  990,  991, 1031, 1030
 991,  991,  992, 1032, 1031
 992,  992,  993, 1033, 1032
 993,  993,  994, 1034, 1033
 994,  994,  995, 1035, 1034
 995,  995,  996, 1036, 1035
 996,  996,  997, 1037, 1036
 997,  997,  998, 1038, 1037
 998,  998,  999, 1039, 1038
 999,  999, 1000, 1040, 1039
1000, 1000,  961, 1001, 1040
*STEP 
*STATIC 
  1.0,  1.0 
*CONTROLS, PARAMETERS=TIME INCREMENTATION
   10
*BOUNDARY, OP=NEW 
     1,  3,  3,  0.
     2,  3,  3,  0.
     3,  3,  3,  0.
     4,  3,  3,  0.
     5,  3,  3,  0.
     6,  3,  3,  0.
     7,  3,  3,  0.
     8,  3,  3,  0.
     9,  3,  3,  0.
    10,  3,  3,  0.
    11,  3,  3,  0.
    12,  3,  3,  0.
    13,  3,  3,  0.
    14,  3,  3,  0.
    15,  3,  3,  0.
    16,  3,  3,  0.
    17,  3,  3,  0.
    18,  3,  3,  0.
    19,  3,  3,  0.
    20,  3,  3,  0.
    21,  3,  3,  0.
    22,  3,  3,  0.
    23,  3,  3,  0.
    24,  3,  3,  0.
    25,  3,  3,  0.
    26,  3,  3,  0.
    27,  3,  3,  0.
    28,  3,  3,  0.
    29,  3,  3,  0.
    30,  3,  3,  0.
    31,  3,  3,  0.
    32,  3,  3,  0.
    33,  3,  3,  0.
    34,  3,  3,  0.
    35,  3,  3,  0.
    36,  3,  3,  0.
    37,  3,  3,  0.
    38,  3,  3,  0.
    39,  3,  3,  0.
    40,  3,  3,  0.
     1,  1,  2,  0.
    21,  2,  2,  0.
*AMPLITUDE, NAME=AMPL0
 0.0, 0.0,  1.0, -10.0
*CLOAD, AMPLITUDE=AMPL0
  1001,  3,  -0.00354689
  1002,  3,  -0.00354689
  1003,  3,  -0.00354689
  1004,  3,  -0.00354689
  1005,  3,  -0.00354689
  1006,  3,  -0.00354689
  1007,  3,  -0.00354689
  1008,  3,  -0.00354689
  1009,  3,  -0.00354689
  1010,  3,  -0.00354689
  1011,  3,  -0.00354689
  1012,  3,  -0.00354689
  1013,  3,  -0.00354689
  1014,  3,  -0.00354689
  1015,  3,  -0.00354689
  1016,  3,  -0.00354689
  1017,  3,  -0.00354689
  1018,  3,  -0.00354689
  1019,  3,  -0.00354689
  1020,  3,  -0.00354689
  1021,  3,  -0.00354689
  1022,  3,  -0.00354689
  1023,  3,  -0.00354689
  1024,  3,  -0.00354689
  1025,  3,  -0.00354689
  1026,  3,  -0.00354689
  1027,  3,  -0.00354689
  1028,  3,  -0.00354689
  1029,  3,  -0.00354689
  1030,  3,  -0.00354689
  1031,  3,  -0.00354689
  1032,  3,  -0.00354689
  1033,  3,  -0.00354689
  1034,  3,  -0.00354689
  1035,  3,  -0.00354689
  1036,  3,  -0.00354689
  1037,  3,  -0.00354689
  1038,  3,  -0.00354689
  1039,  3,  -0.00354689
  1040,  3,  -0.00354689
*EL FILE, FREQUENCY=1 
*NODE FILE, FREQUENCY=1 
*END STEP
************************************************************
*STEP, NLGEOM=YES
*BUCKLING
*BOUNDARY
     1,  3,  3,  0.
     2,  3,  3,  0.
     3,  3,  3,  0.
     4,  3,  3,  0.
     5,  3,  3,  0.
     6,  3,  3,  0.
     7,  3,  3,  0.
     8,  3,  3,  0.
     9,  3,  3,  0.
    10,  3,  3,  0.
    11,  3,  3,  0.
    12,  3,  3,  0.
    13,  3,  3,  0.
    14,  3,  3,  0.
    15,  3,  3,  0.
    16,  3,  3,  0.
    17,  3,  3,  0.
    18,  3,  3,  0.
    19,  3,  3,  0.
    20,  3,  3,  0.
    21,  3,  3,  0.
    22,  3,  3,  0.
    23,  3,  3,  0.
    24,  3,  3,  0.
    25,  3,  3,  0.
    26,  3,  3,  0.
    27,  3,  3,  0.
    28,  3,  3,  0.
    29,  3,  3,  0.
    30,  3,  3,  0.
    31,  3,  3,  0.
    32,  3,  3,  0.
    33,  3,  3,  0.
    34,  3,  3,  0.
    35,  3,  3,  0.
    36,  3,  3,  0.
    37,  3,  3,  0.
    38,  3,  3,  0.
    39,  3,  3,  0.
    40,  3,  3,  0.
     1,  1,  2,  0.
    21,  2,  2,  0.
*END STEP
************************************************************
