*HEADING
simple slab convergence study and nonlinear
*NODE
    1,  0.0000e+00,  0.0000e+00,   0.0,    0.,  0., 1.
    2,  0.0000e+00,  1.0000e+00,   0.0,    0.,  0., 1.
    3,  0.5000e+00,  0.0000e+00,   0.0,    0.,  0., 1.
    4,  0.5000e+00,  1.0000e+00,   0.0,    0.,  0., 1.
    5,  1.0000e+00,  0.0000e+00,   0.0,    0.,  0., 1.
    6,  1.0000e+00,  1.0000e+00,   0.0,    0.,  0., 1.
    7,  1.5000e+00,  0.0000e+00,   0.0,    0.,  0., 1.
    8,  1.5000e+00,  1.0000e+00,   0.0,    0.,  0., 1.
    9,  2.0000e+00,  0.0000e+00,   0.0,    0.,  0., 1.
   10,  2.0000e+00,  1.0000e+00,   0.0,    0.,  0., 1.
   11,  2.5000e+00,  0.0000e+00,   0.0,    0.,  0., 1.
   12,  2.5000e+00,  1.0000e+00,   0.0,    0.,  0., 1.
   13,  3.0000e+00,  0.0000e+00,   0.0,    0.,  0., 1.
   14,  3.0000e+00,  1.0000e+00,   0.0,    0.,  0., 1.
   15,  3.5000e+00,  0.0000e+00,   0.0,    0.,  0., 1.
   16,  3.5000e+00,  1.0000e+00,   0.0,    0.,  0., 1.
   17,  4.0000e+00,  0.0000e+00,   0.0,    0.,  0., 1.
   18,  4.0000e+00,  1.0000e+00,   0.0,    0.,  0., 1.
*SHELL SECTION, ELSET=EL1, MATERIAL=MAT1
 0.25
*MATERIAL, NAME=MAT1
*ELASTIC
 33000., 0.
** 33000., 0.2
*ELEMENT, TYPE=SH4, ELSET=EL1
    1,       1,     3,     4,      2
    2,       3,     5,     6,      4
    3,       5,     7,     8,      6
    4,       7,     9,    10,      8
    5,       9,    11,    12,     10
    6,      11,    13,    14,     12
    7,      13,    15,    16,     14
    8,      15,    17,    18,     16
************************************************************
*STEP
*CONTROLS, PARAMETERS=FIELD
  1.e-5
*CONTROLS, PARAMETERS=TIME INCREMENTATION
  20
*STATIC
  1.0,   1.0
**   0.1,   1.0
*BOUNDARY, OP=NEW, AMPLITUDE=AMPL0
    1,    3, 3,  0.
    2,    3, 3,  0.
    2,    2, 2,  0.
   17,    1, 1,  0.
   18,    1, 1,  0.
   17,    5, 5,  0.
   18,    5, 5,  0.
*AMPLITUDE, NAME=AMPL0
 0.0, 0.0,  1.0, 0.5
*CLOAD, AMPLITUDE=AMPL0
   1,  1, -1.0
   2,  1, -1.0
*EL FILE, FREQUENCY=1.0
*NODE FILE, FREQUENCY=1.0
*END STEP
************************************************************
*STEP, NLGEOM=YES
*BUCKLING
***BOUNDARY
**    1,    3, 3,  0.
**    2,    3, 3,  0.
**    2,    2, 2,  0.
**   17,    1, 1,  0.
**   18,    1, 1,  0.
**   17,    5, 5,  0.
**   18,    5, 5,  0.
*END STEP
************************************************************
