  1.0000
    1   0.0000   0.0000   0.0000 -4.8485e-04  5.6169e-20  0.0000e+00  1.1170e-20  8.9286e-18 -1.5543e-15 -1.1250e-16 -1.7427e-18  1.3376e-18  3.1283e-17
    2   0.0000   1.0000   0.0000 -4.8485e-04  0.0000e+00  0.0000e+00 -1.6390e-20  8.8788e-18 -3.3307e-16 -3.8057e-16  1.7427e-18  7.3951e-19  3.0083e-17
    3   0.5000   0.0000   0.0000 -4.2424e-04 -6.9405e-18 -4.3401e-18 -5.9647e-20  8.4318e-18 -2.2204e-15  6.5756e-17  1.0372e-29 -4.6338e-18 -1.4437e-17
    4   0.5000   1.0000   0.0000 -4.2424e-04 -6.9541e-18 -4.3687e-18  2.6774e-21  8.5961e-18 -4.4409e-16 -6.2445e-17 -4.8103e-30 -2.1892e-18 -1.2548e-17
    5   1.0000   0.0000   0.0000 -3.6364e-04 -1.3609e-17 -8.4095e-18 -2.0400e-20  7.8443e-18 -2.4425e-15  4.6353e-16  8.3676e-30  2.6145e-18  2.2133e-17
    6   1.0000   1.0000   0.0000 -3.6364e-04 -1.3681e-17 -8.4525e-18 -6.4089e-20  7.7404e-18 -1.1102e-16 -1.0022e-16  1.3877e-29  1.0272e-18  2.1978e-17
    7   1.5000   0.0000   0.0000 -3.0303e-04 -1.9819e-17 -1.2107e-17 -1.9061e-20  6.9508e-18 -2.2204e-15 -1.7261e-16  2.4422e-29  1.7921e-18  1.4226e-17
    8   1.5000   1.0000   0.0000 -3.0303e-04 -1.9828e-17 -1.2128e-17 -1.9375e-20  6.9578e-18  7.7716e-16 -2.5105e-16  1.3712e-29  9.4775e-19  1.0934e-17
    9   2.0000   0.0000   0.0000 -2.4242e-04 -2.5099e-17 -1.5309e-17  7.3016e-22  5.8646e-18 -1.1102e-15  7.6332e-17 -8.1224e-30 -1.5288e-18 -4.6760e-18
   10   2.0000   1.0000   0.0000 -2.4242e-04 -2.5074e-17 -1.5311e-17 -5.6902e-21  5.7680e-18 -2.2204e-16  3.2838e-16  1.7642e-30 -1.0652e-18 -4.3338e-18
   11   2.5000   0.0000   0.0000 -1.8182e-04 -2.9332e-17 -1.7896e-17  1.3928e-21  4.4869e-18 -1.4433e-15 -4.2247e-17  1.0124e-29 -1.4849e-18  1.3576e-17
   12   2.5000   1.0000   0.0000 -1.8182e-04 -2.9331e-17 -1.7887e-17  1.0475e-20  4.5294e-18 -4.4409e-16 -6.2905e-17  1.5302e-29 -9.9740e-19  1.5164e-17
   13   3.0000   0.0000   0.0000 -1.2121e-04 -3.2416e-17 -1.9776e-17 -8.3631e-21  3.0286e-18 -6.6613e-16  1.4885e-16  3.5545e-30  7.6084e-19  8.2286e-19
   14   3.0000   1.0000   0.0000 -1.2121e-04 -3.2434e-17 -1.9793e-17 -2.4649e-20  3.1009e-18  1.1102e-16 -7.0599e-18 -9.9101e-30  2.1706e-19 -2.8002e-19
   15   3.5000   0.0000   0.0000 -6.0606e-05 -3.4316e-17 -2.0923e-17 -3.2711e-20  1.5509e-18 -7.7716e-16  5.5784e-17  7.2875e-29  6.7752e-19 -3.7161e-19
   16   3.5000   1.0000   0.0000 -6.0606e-05 -3.4322e-17 -2.0958e-17 -3.4434e-20  1.5631e-18  1.1102e-16  1.8704e-17  2.8814e-29  2.5165e-19  5.7471e-18
   17   4.0000   0.0000   0.0000  0.0000e+00 -3.4952e-17 -2.1311e-17 -3.7668e-20  0.0000e+00  5.0000e-01  3.2716e-17  1.8885e-29 -1.7418e-19 -6.5511e-17
   18   4.0000   1.0000   0.0000  0.0000e+00 -3.4959e-17 -2.1348e-17 -3.7668e-20  0.0000e+00  5.0000e-01  1.5454e-18  1.9248e-29 -3.4899e-20 -6.5994e-17
