Time,   0.1000
      1,   0.0000,   0.0000,   0.0000,    2,    0.0000e+00,  0.0000e+00,      6.1979e-02,  4.7396e-02,      0.0000e+00,  0.0000e+00,
      2,   0.1000,   0.0000,   0.0000,    2,   -3.0000e-05,  0.0000e+00,     -6.1979e-02,  4.7396e-02,      0.0000e+00,  0.0000e+00,
      3,   0.1000,   0.1000,   0.0000,    2,   -3.0000e-05, -2.0000e-05,     -6.1979e-02, -4.7396e-02,      0.0000e+00,  3.3881e-21,
      4,   0.0000,   0.1000,   0.0000,    2,    0.0000e+00, -2.0000e-05,      6.1979e-02, -4.7396e-02,      0.0000e+00,  3.3881e-21,
Time,   0.2000
      1,   0.0000,   0.0000,   0.0000,    2,    0.0000e+00,  0.0000e+00,      1.2396e-01,  9.4792e-02,      0.0000e+00,  0.0000e+00,
      2,   0.1000,   0.0000,   0.0000,    2,   -6.0000e-05,  0.0000e+00,     -1.2396e-01,  9.4792e-02,     -6.7763e-21,  0.0000e+00,
      3,   0.1000,   0.1000,   0.0000,    2,   -6.0000e-05, -4.0000e-05,     -1.2396e-01, -9.4792e-02,     -6.7763e-21,  0.0000e+00,
      4,   0.0000,   0.1000,   0.0000,    2,    0.0000e+00, -4.0000e-05,      1.2396e-01, -9.4792e-02,      0.0000e+00,  0.0000e+00,
Time,   0.3000
      1,   0.0000,   0.0000,   0.0000,    2,    0.0000e+00,  0.0000e+00,      1.6394e-01,  1.2906e-01,      0.0000e+00,  0.0000e+00,
      2,   0.1000,   0.0000,   0.0000,    2,   -9.0000e-05,  0.0000e+00,     -1.6394e-01,  1.2906e-01,      0.0000e+00,  0.0000e+00,
      3,   0.1000,   0.1000,   0.0000,    2,   -9.0000e-05, -6.0000e-05,     -1.6394e-01, -1.2906e-01,      0.0000e+00,  0.0000e+00,
      4,   0.0000,   0.1000,   0.0000,    2,    0.0000e+00, -6.0000e-05,      1.6394e-01, -1.2906e-01,      0.0000e+00,  0.0000e+00,
Time,   0.4000
      1,   0.0000,   0.0000,   0.0000,    2,    0.0000e+00,  0.0000e+00,      1.7932e-01,  1.4617e-01,      0.0000e+00,  0.0000e+00,
      2,   0.1000,   0.0000,   0.0000,    2,   -1.2000e-04,  0.0000e+00,     -1.7932e-01,  1.4617e-01,      0.0000e+00,  0.0000e+00,
      3,   0.1000,   0.1000,   0.0000,    2,   -1.2000e-04, -8.0000e-05,     -1.7932e-01, -1.4617e-01,      0.0000e+00, -1.3553e-20,
      4,   0.0000,   0.1000,   0.0000,    2,    0.0000e+00, -8.0000e-05,      1.7932e-01, -1.4617e-01,      0.0000e+00, -1.3553e-20,
Time,   0.5000
      1,   0.0000,   0.0000,   0.0000,    2,    0.0000e+00,  0.0000e+00,      1.9155e-01,  1.5913e-01,      0.0000e+00,  0.0000e+00,
      2,   0.1000,   0.0000,   0.0000,    2,   -1.5000e-04,  0.0000e+00,     -1.9155e-01,  1.5913e-01,      2.7105e-20,  0.0000e+00,
      3,   0.1000,   0.1000,   0.0000,    2,   -1.5000e-04, -1.0000e-04,     -1.9155e-01, -1.5913e-01,      2.7105e-20,  1.3553e-20,
      4,   0.0000,   0.1000,   0.0000,    2,    0.0000e+00, -1.0000e-04,      1.9155e-01, -1.5913e-01,      0.0000e+00,  1.3553e-20,
Time,   0.6000
      1,   0.0000,   0.0000,   0.0000,    2,    0.0000e+00,  0.0000e+00,      2.0100e-01,  1.6888e-01,      0.0000e+00,  0.0000e+00,
      2,   0.1000,   0.0000,   0.0000,    2,   -1.8000e-04,  0.0000e+00,     -2.0100e-01,  1.6888e-01,      0.0000e+00,  0.0000e+00,
      3,   0.1000,   0.1000,   0.0000,    2,   -1.8000e-04, -1.2000e-04,     -2.0100e-01, -1.6888e-01,      0.0000e+00, -1.3553e-20,
      4,   0.0000,   0.1000,   0.0000,    2,    0.0000e+00, -1.2000e-04,      2.0100e-01, -1.6888e-01,      0.0000e+00, -1.3553e-20,
Time,   0.7000
      1,   0.0000,   0.0000,   0.0000,    2,    0.0000e+00,  0.0000e+00,      2.0797e-01,  1.7600e-01,      0.0000e+00,  0.0000e+00,
      2,   0.1000,   0.0000,   0.0000,    2,   -2.1000e-04,  0.0000e+00,     -2.0797e-01,  1.7600e-01,      0.0000e+00,  0.0000e+00,
      3,   0.1000,   0.1000,   0.0000,    2,   -2.1000e-04, -1.4000e-04,     -2.0797e-01, -1.7600e-01,      0.0000e+00, -2.7105e-20,
      4,   0.0000,   0.1000,   0.0000,    2,    0.0000e+00, -1.4000e-04,      2.0797e-01, -1.7600e-01,      0.0000e+00, -2.7105e-20,
Time,   0.8000
      1,   0.0000,   0.0000,   0.0000,    2,    0.0000e+00,  0.0000e+00,      2.1269e-01,  1.8088e-01,      0.0000e+00,  0.0000e+00,
      2,   0.1000,   0.0000,   0.0000,    2,   -2.4000e-04,  0.0000e+00,     -2.1269e-01,  1.8088e-01,      0.0000e+00,  0.0000e+00,
      3,   0.1000,   0.1000,   0.0000,    2,   -2.4000e-04, -1.6000e-04,     -2.1269e-01, -1.8088e-01,      0.0000e+00,  0.0000e+00,
      4,   0.0000,   0.1000,   0.0000,    2,    0.0000e+00, -1.6000e-04,      2.1269e-01, -1.8088e-01,      0.0000e+00,  0.0000e+00,
Time,   0.9000
      1,   0.0000,   0.0000,   0.0000,    2,    0.0000e+00,  0.0000e+00,      2.1540e-01,  1.8384e-01,      0.0000e+00,  0.0000e+00,
      2,   0.1000,   0.0000,   0.0000,    2,   -2.7000e-04,  0.0000e+00,     -2.1540e-01,  1.8384e-01,      0.0000e+00,  0.0000e+00,
      3,   0.1000,   0.1000,   0.0000,    2,   -2.7000e-04, -1.8000e-04,     -2.1540e-01, -1.8384e-01,      0.0000e+00,  0.0000e+00,
      4,   0.0000,   0.1000,   0.0000,    2,    0.0000e+00, -1.8000e-04,      2.1540e-01, -1.8384e-01,      0.0000e+00,  0.0000e+00,
Time,   1.0000
      1,   0.0000,   0.0000,   0.0000,    2,    0.0000e+00,  0.0000e+00,      2.1635e-01,  1.8516e-01,      0.0000e+00,  0.0000e+00,
      2,   0.1000,   0.0000,   0.0000,    2,   -3.0000e-04,  0.0000e+00,     -2.1635e-01,  1.8516e-01,      0.0000e+00,  0.0000e+00,
      3,   0.1000,   0.1000,   0.0000,    2,   -3.0000e-04, -2.0000e-04,     -2.1635e-01, -1.8516e-01,      0.0000e+00,  0.0000e+00,
      4,   0.0000,   0.1000,   0.0000,    2,    0.0000e+00, -2.0000e-04,      2.1635e-01, -1.8516e-01,      0.0000e+00,  0.0000e+00,
