Time   0.1000
El      1  CPS4                                     EL1      0      1      2      3
   0.0789   0.0789  -3.0000e-04  -2.0000e-04   1.2500e-04   0.0000e+00  -1.2396e+01  -9.4792e+00   0.0000e+00   0.0000e+00
   0.0789   0.0211  -3.0000e-04  -2.0000e-04   1.2500e-04   0.0000e+00  -1.2396e+01  -9.4792e+00   0.0000e+00   0.0000e+00
   0.0211   0.0789  -3.0000e-04  -2.0000e-04   1.2500e-04   0.0000e+00  -1.2396e+01  -9.4792e+00   0.0000e+00   0.0000e+00
   0.0211   0.0211  -3.0000e-04  -2.0000e-04   1.2500e-04   0.0000e+00  -1.2396e+01  -9.4792e+00   0.0000e+00   0.0000e+00
Time   0.2000
El      1  CPS4                                     EL1      0      1      2      3
   0.0789   0.0789  -6.0000e-04  -4.0000e-04   2.5000e-04   0.0000e+00  -2.4792e+01  -1.8958e+01   4.4409e-16   0.0000e+00
   0.0789   0.0211  -6.0000e-04  -4.0000e-04   2.5000e-04   0.0000e+00  -2.4792e+01  -1.8958e+01   4.4409e-16   0.0000e+00
   0.0211   0.0789  -6.0000e-04  -4.0000e-04   2.5000e-04   0.0000e+00  -2.4792e+01  -1.8958e+01   4.4409e-16   0.0000e+00
   0.0211   0.0211  -6.0000e-04  -4.0000e-04   2.5000e-04   0.0000e+00  -2.4792e+01  -1.8958e+01   4.4409e-16   0.0000e+00
Time   0.3000
El      1  CPS4                                     EL1      0      1      2      3
   0.0789   0.0789  -9.0000e-04  -6.0000e-04   5.0064e-04   0.0000e+00  -3.2787e+01  -2.5811e+01   4.4380e-05   0.0000e+00
   0.0789   0.0211  -9.0000e-04  -6.0000e-04   5.0064e-04   0.0000e+00  -3.2787e+01  -2.5811e+01   4.4380e-05   0.0000e+00
   0.0211   0.0789  -9.0000e-04  -6.0000e-04   5.0064e-04   0.0000e+00  -3.2787e+01  -2.5811e+01   4.4380e-05   0.0000e+00
   0.0211   0.0211  -9.0000e-04  -6.0000e-04   5.0064e-04   0.0000e+00  -3.2787e+01  -2.5811e+01   4.4380e-05   0.0000e+00
Time   0.4000
El      1  CPS4                                     EL1      0      1      2      3
   0.0789   0.0789  -1.2000e-03  -8.0000e-04   8.8735e-04   0.0000e+00  -3.5864e+01  -2.9233e+01  -4.2746e-04   0.0000e+00
   0.0789   0.0211  -1.2000e-03  -8.0000e-04   8.8735e-04   0.0000e+00  -3.5864e+01  -2.9233e+01  -4.2746e-04   0.0000e+00
   0.0211   0.0789  -1.2000e-03  -8.0000e-04   8.8735e-04   0.0000e+00  -3.5864e+01  -2.9233e+01  -4.2746e-04   0.0000e+00
   0.0211   0.0211  -1.2000e-03  -8.0000e-04   8.8735e-04   0.0000e+00  -3.5864e+01  -2.9233e+01  -4.2746e-04   0.0000e+00
Time   0.5000
El      1  CPS4                                     EL1      0      1      2      3
   0.0789   0.0789  -1.5000e-03  -1.0000e-03   1.2844e-03   0.0000e+00  -3.8311e+01  -3.1826e+01  -2.0341e-03   0.0000e+00
   0.0789   0.0211  -1.5000e-03  -1.0000e-03   1.2844e-03   0.0000e+00  -3.8311e+01  -3.1826e+01  -2.0341e-03   0.0000e+00
   0.0211   0.0789  -1.5000e-03  -1.0000e-03   1.2844e-03   0.0000e+00  -3.8311e+01  -3.1826e+01  -2.0341e-03   0.0000e+00
   0.0211   0.0211  -1.5000e-03  -1.0000e-03   1.2844e-03   0.0000e+00  -3.8311e+01  -3.1826e+01  -2.0341e-03   0.0000e+00
Time   0.6000
El      1  CPS4                                     EL1      0      1      2      3
   0.0789   0.0789  -1.8000e-03  -1.2000e-03   1.6892e-03   0.0000e+00  -4.0200e+01  -3.3775e+01  -2.1807e-03   0.0000e+00
   0.0789   0.0211  -1.8000e-03  -1.2000e-03   1.6892e-03   0.0000e+00  -4.0200e+01  -3.3775e+01  -2.1807e-03   0.0000e+00
   0.0211   0.0789  -1.8000e-03  -1.2000e-03   1.6892e-03   0.0000e+00  -4.0200e+01  -3.3775e+01  -2.1807e-03   0.0000e+00
   0.0211   0.0211  -1.8000e-03  -1.2000e-03   1.6892e-03   0.0000e+00  -4.0200e+01  -3.3775e+01  -2.1807e-03   0.0000e+00
Time   0.7000
El      1  CPS4                                     EL1      0      1      2      3
   0.0789   0.0789  -2.1000e-03  -1.4000e-03   2.0999e-03   0.0000e+00  -4.1594e+01  -3.5199e+01  -8.1897e-04   0.0000e+00
   0.0789   0.0211  -2.1000e-03  -1.4000e-03   2.0999e-03   0.0000e+00  -4.1594e+01  -3.5199e+01  -8.1897e-04   0.0000e+00
   0.0211   0.0789  -2.1000e-03  -1.4000e-03   2.0999e-03   0.0000e+00  -4.1594e+01  -3.5199e+01  -8.1897e-04   0.0000e+00
   0.0211   0.0211  -2.1000e-03  -1.4000e-03   2.0999e-03   0.0000e+00  -4.1594e+01  -3.5199e+01  -8.1897e-04   0.0000e+00
Time   0.8000
El      1  CPS4                                     EL1      0      1      2      3
   0.0789   0.0789  -2.4000e-03  -1.6000e-03   2.5162e-03   0.0000e+00  -4.2537e+01  -3.6176e+01  -8.3856e-04   0.0000e+00
   0.0789   0.0211  -2.4000e-03  -1.6000e-03   2.5162e-03   0.0000e+00  -4.2537e+01  -3.6176e+01  -8.3856e-04   0.0000e+00
   0.0211   0.0789  -2.4000e-03  -1.6000e-03   2.5162e-03   0.0000e+00  -4.2537e+01  -3.6176e+01  -8.3856e-04   0.0000e+00
   0.0211   0.0211  -2.4000e-03  -1.6000e-03   2.5162e-03   0.0000e+00  -4.2537e+01  -3.6176e+01  -8.3856e-04   0.0000e+00
Time   0.9000
El      1  CPS4                                     EL1      0      1      2      3
   0.0789   0.0789  -2.7000e-03  -1.8000e-03   2.9376e-03   0.0000e+00  -4.3080e+01  -3.6769e+01  -8.5002e-04   0.0000e+00
   0.0789   0.0211  -2.7000e-03  -1.8000e-03   2.9376e-03   0.0000e+00  -4.3080e+01  -3.6769e+01  -8.5002e-04   0.0000e+00
   0.0211   0.0789  -2.7000e-03  -1.8000e-03   2.9376e-03   0.0000e+00  -4.3080e+01  -3.6769e+01  -8.5002e-04   0.0000e+00
   0.0211   0.0211  -2.7000e-03  -1.8000e-03   2.9376e-03   0.0000e+00  -4.3080e+01  -3.6769e+01  -8.5002e-04   0.0000e+00
Time   1.0000
El      1  CPS4                                     EL1      0      1      2      3
   0.0789   0.0789  -3.0000e-03  -2.0000e-03   3.3639e-03   0.0000e+00  -4.3271e+01  -3.7031e+01  -8.5516e-04   0.0000e+00
   0.0789   0.0211  -3.0000e-03  -2.0000e-03   3.3639e-03   0.0000e+00  -4.3271e+01  -3.7031e+01  -8.5516e-04   0.0000e+00
   0.0211   0.0789  -3.0000e-03  -2.0000e-03   3.3639e-03   0.0000e+00  -4.3271e+01  -3.7031e+01  -8.5516e-04   0.0000e+00
   0.0211   0.0211  -3.0000e-03  -2.0000e-03   3.3639e-03   0.0000e+00  -4.3271e+01  -3.7031e+01  -8.5516e-04   0.0000e+00
