  1.000000e-02       1  0  -3.00000e-05  -2.00000e-05   1.25000e-05   0.00000e+00  -1.23958e+00  -9.47917e-01   0.00000e+00   0.00000e+00  0    1
  2.000000e-02       1  0  -6.00000e-05  -4.00000e-05   2.50000e-05   0.00000e+00  -2.47917e+00  -1.89583e+00   0.00000e+00   0.00000e+00  0    2
  3.000000e-02       1  0  -9.00000e-05  -6.00000e-05   3.75000e-05   0.00000e+00  -3.71875e+00  -2.84375e+00   0.00000e+00   0.00000e+00  0    3
  4.000000e-02       1  0  -1.20000e-04  -8.00000e-05   5.00000e-05   0.00000e+00  -4.95833e+00  -3.79167e+00   0.00000e+00   0.00000e+00  0    4
  5.000000e-02       1  0  -1.50000e-04  -1.00000e-04   6.25000e-05   0.00000e+00  -6.19792e+00  -4.73958e+00  -1.11022e-16   0.00000e+00  0    5
  6.000000e-02       1  0  -1.80000e-04  -1.20000e-04   7.50000e-05   0.00000e+00  -7.43750e+00  -5.68750e+00   2.22045e-16   0.00000e+00  0    6
  7.000000e-02       1  0  -2.10000e-04  -1.40000e-04   8.75000e-05   0.00000e+00  -8.67708e+00  -6.63542e+00  -2.22045e-16   0.00000e+00  0    7
  8.000000e-02       1  0  -2.40000e-04  -1.60000e-04   1.00000e-04   0.00000e+00  -9.91667e+00  -7.58333e+00   0.00000e+00   0.00000e+00  0    8
  9.000000e-02       1  0  -2.70000e-04  -1.80000e-04   1.12500e-04   0.00000e+00  -1.11562e+01  -8.53125e+00   2.22045e-16   0.00000e+00  0    9
  1.000000e-01       1  0  -3.00000e-04  -2.00000e-04   1.25000e-04   0.00000e+00  -1.23958e+01  -9.47917e+00   0.00000e+00   0.00000e+00  0   10
  1.100000e-01       1  0  -3.30000e-04  -2.20000e-04   1.37500e-04   0.00000e+00  -1.36354e+01  -1.04271e+01   0.00000e+00   0.00000e+00  0   11
  1.200000e-01       1  0  -3.60000e-04  -2.40000e-04   1.50000e-04   0.00000e+00  -1.48750e+01  -1.13750e+01   4.44089e-16   0.00000e+00  0   12
  1.300000e-01       1  0  -3.90000e-04  -2.60000e-04   1.62500e-04   0.00000e+00  -1.61146e+01  -1.23229e+01   0.00000e+00   0.00000e+00  0   13
  1.400000e-01       1  0  -4.20000e-04  -2.80000e-04   1.75000e-04   0.00000e+00  -1.73542e+01  -1.32708e+01   0.00000e+00   0.00000e+00  0   14
  1.500000e-01       1  0  -4.50000e-04  -3.00000e-04   1.87500e-04   0.00000e+00  -1.85937e+01  -1.42187e+01   4.44089e-16   0.00000e+00  0   15
  1.600000e-01       1  0  -4.80000e-04  -3.20000e-04   2.00000e-04   0.00000e+00  -1.98333e+01  -1.51667e+01  -4.44089e-16   0.00000e+00  0   16
  1.700000e-01       1  0  -5.10000e-04  -3.40000e-04   2.12500e-04   0.00000e+00  -2.10729e+01  -1.61146e+01  -4.44089e-16   0.00000e+00  0   17
  1.800000e-01       1  0  -5.40000e-04  -3.60000e-04   2.25000e-04   0.00000e+00  -2.23125e+01  -1.70625e+01   4.44089e-16   0.00000e+00  0   18
  1.900000e-01       1  0  -5.70000e-04  -3.80000e-04   2.37500e-04   0.00000e+00  -2.35521e+01  -1.80104e+01   0.00000e+00   0.00000e+00  0   19
  2.000000e-01       1  0  -6.00000e-04  -4.00000e-04   2.50000e-04   0.00000e+00  -2.47917e+01  -1.89583e+01   4.44089e-16   0.00000e+00  0   20
  2.100000e-01       1  0  -6.30000e-04  -4.20000e-04   2.62500e-04   0.00000e+00  -2.60313e+01  -1.99063e+01   0.00000e+00   0.00000e+00  0   21
  2.200000e-01       1  0  -6.60000e-04  -4.40000e-04   2.75000e-04   0.00000e+00  -2.72708e+01  -2.08542e+01   0.00000e+00   0.00000e+00  0   22
  2.300000e-01       1  0  -6.90000e-04  -4.60000e-04   2.87500e-04   0.00000e+00  -2.85104e+01  -2.18021e+01   0.00000e+00   0.00000e+00  0   23
  2.400000e-01       1  0  -7.20000e-04  -4.80000e-04   3.00000e-04   0.00000e+00  -2.97500e+01  -2.27500e+01  -8.88178e-16   0.00000e+00  0   24
  2.500000e-01       1  0  -7.50000e-04  -5.00000e-04   3.12500e-04   0.00000e+00  -3.09896e+01  -2.36979e+01   0.00000e+00   0.00000e+00  0   25
  2.600000e-01       1  0  -7.80000e-04  -5.20000e-04   3.49730e-04   0.00000e+00  -3.13651e+01  -2.41468e+01  -8.04618e-04   0.00000e+00  0   26
  2.700000e-01       1  0  -8.10000e-04  -5.40000e-04   3.87167e-04   0.00000e+00  -3.17327e+01  -2.45822e+01  -9.27258e-04   0.00000e+00  0   27
  2.800000e-01       1  0  -8.40000e-04  -5.60000e-04   4.24838e-04   0.00000e+00  -3.20915e+01  -2.50039e+01  -1.77522e-06   0.00000e+00  0   28
  2.900000e-01       1  0  -8.70000e-04  -5.80000e-04   4.62653e-04   0.00000e+00  -3.24431e+01  -2.54135e+01  -8.63915e-05   0.00000e+00  0   29
  3.000000e-01       1  0  -9.00000e-04  -6.00000e-04   5.00641e-04   0.00000e+00  -3.27871e+01  -2.58112e+01   4.43797e-05   0.00000e+00  0   30
  3.100000e-01       1  0  -9.30000e-04  -6.20000e-04   5.38713e-04   0.00000e+00  -3.31256e+01  -2.61985e+01  -4.33264e-04   0.00000e+00  0   31
  3.200000e-01       1  0  -9.60000e-04  -6.40000e-04   5.76942e-04   0.00000e+00  -3.34570e+01  -2.65749e+01  -4.44335e-04   0.00000e+00  0   32
  3.300000e-01       1  0  -9.90000e-04  -6.60000e-04   6.15311e-04   0.00000e+00  -3.37814e+01  -2.69407e+01  -4.54902e-04   0.00000e+00  0   33
  3.400000e-01       1  0  -1.02000e-03  -6.80000e-04   6.53812e-04   0.00000e+00  -3.40989e+01  -2.72963e+01  -4.64988e-04   0.00000e+00  0   34
  3.500000e-01       1  0  -1.05000e-03  -7.00000e-04   6.92439e-04   0.00000e+00  -3.44096e+01  -2.76420e+01  -4.74614e-04   0.00000e+00  0   35
  3.600000e-01       1  0  -1.08000e-03  -7.20000e-04   7.31188e-04   0.00000e+00  -3.47137e+01  -2.79783e+01  -4.83802e-04   0.00000e+00  0   36
  3.700000e-01       1  0  -1.11000e-03  -7.40000e-04   7.70067e-04   0.00000e+00  -3.50108e+01  -2.83051e+01  -4.06699e-04   0.00000e+00  0   37
  3.800000e-01       1  0  -1.14000e-03  -7.60000e-04   8.09056e-04   0.00000e+00  -3.53015e+01  -2.86230e+01  -4.13931e-04   0.00000e+00  0   38
  3.900000e-01       1  0  -1.17000e-03  -7.80000e-04   8.48153e-04   0.00000e+00  -3.55857e+01  -2.89322e+01  -4.20848e-04   0.00000e+00  0   39
  4.000000e-01       1  0  -1.20000e-03  -8.00000e-04   8.87355e-04   0.00000e+00  -3.58636e+01  -2.92330e+01  -4.27465e-04   0.00000e+00  0   40
  4.100000e-01       1  0  -1.23000e-03  -8.20000e-04   9.26657e-04   0.00000e+00  -3.61351e+01  -2.95257e+01  -4.33796e-04   0.00000e+00  0   41
  4.200000e-01       1  0  -1.26000e-03  -8.40000e-04   9.66057e-04   0.00000e+00  -3.64005e+01  -2.98103e+01  -4.39856e-04   0.00000e+00  0   42
  4.300000e-01       1  0  -1.29000e-03  -8.60000e-04   1.00555e-03   0.00000e+00  -3.66598e+01  -3.00872e+01  -4.45658e-04   0.00000e+00  0   43
  4.400000e-01       1  0  -1.32000e-03  -8.80000e-04   1.04514e-03   0.00000e+00  -3.69129e+01  -3.03565e+01  -4.51214e-04   0.00000e+00  0   44
  4.500000e-01       1  0  -1.35000e-03  -9.00000e-04   1.08481e-03   0.00000e+00  -3.71601e+01  -3.06185e+01  -4.56538e-04   0.00000e+00  0   45
  4.600000e-01       1  0  -1.38000e-03  -9.20000e-04   1.12457e-03   0.00000e+00  -3.74014e+01  -3.08732e+01  -4.61639e-04   0.00000e+00  0   46
  4.700000e-01       1  0  -1.41000e-03  -9.40000e-04   1.16437e-03   0.00000e+00  -3.76377e+01  -3.11218e+01  -1.97728e-03   0.00000e+00  0   47
  4.800000e-01       1  0  -1.44000e-03  -9.60000e-04   1.20430e-03   0.00000e+00  -3.78678e+01  -3.13632e+01  -1.99700e-03   0.00000e+00  0   48
  4.900000e-01       1  0  -1.47000e-03  -9.80000e-04   1.24430e-03   0.00000e+00  -3.80922e+01  -3.15978e+01  -2.01592e-03   0.00000e+00  0   49
  5.000000e-01       1  0  -1.50000e-03  -1.00000e-03   1.28439e-03   0.00000e+00  -3.83110e+01  -3.18260e+01  -2.03407e-03   0.00000e+00  0   50
  5.100000e-01       1  0  -1.53000e-03  -1.02000e-03   1.32455e-03   0.00000e+00  -3.85241e+01  -3.20477e+01  -2.05150e-03   0.00000e+00  0   51
  5.200000e-01       1  0  -1.56000e-03  -1.04000e-03   1.36478e-03   0.00000e+00  -3.87317e+01  -3.22631e+01  -2.06823e-03   0.00000e+00  0   52
  5.300000e-01       1  0  -1.59000e-03  -1.06000e-03   1.40509e-03   0.00000e+00  -3.89338e+01  -3.24724e+01  -2.08431e-03   0.00000e+00  0   53
  5.400000e-01       1  0  -1.62000e-03  -1.08000e-03   1.44547e-03   0.00000e+00  -3.91305e+01  -3.26757e+01  -2.09975e-03   0.00000e+00  0   54
  5.500000e-01       1  0  -1.65000e-03  -1.10000e-03   1.48592e-03   0.00000e+00  -3.93218e+01  -3.28730e+01  -2.11459e-03   0.00000e+00  0   55
  5.600000e-01       1  0  -1.68000e-03  -1.12000e-03   1.52644e-03   0.00000e+00  -3.95079e+01  -3.30646e+01  -2.12886e-03   0.00000e+00  0   56
  5.700000e-01       1  0  -1.71000e-03  -1.14000e-03   1.56702e-03   0.00000e+00  -3.96886e+01  -3.32505e+01  -2.14257e-03   0.00000e+00  0   57
  5.800000e-01       1  0  -1.74000e-03  -1.16000e-03   1.60768e-03   0.00000e+00  -3.98642e+01  -3.34308e+01  -2.15576e-03   0.00000e+00  0   58
  5.900000e-01       1  0  -1.77000e-03  -1.18000e-03   1.64839e-03   0.00000e+00  -4.00346e+01  -3.36057e+01  -2.16845e-03   0.00000e+00  0   59
  6.000000e-01       1  0  -1.80000e-03  -1.20000e-03   1.68918e-03   0.00000e+00  -4.01999e+01  -3.37751e+01  -2.18066e-03   0.00000e+00  0   60
  6.100000e-01       1  0  -1.83000e-03  -1.22000e-03   1.73002e-03   0.00000e+00  -4.03607e+01  -3.39395e+01  -7.91914e-04   0.00000e+00  0   61
  6.200000e-01       1  0  -1.86000e-03  -1.24000e-03   1.77089e-03   0.00000e+00  -4.05169e+01  -3.40991e+01  -7.95467e-04   0.00000e+00  0   62
  6.300000e-01       1  0  -1.89000e-03  -1.26000e-03   1.81181e-03   0.00000e+00  -4.06681e+01  -3.42536e+01  -7.98870e-04   0.00000e+00  0   63
  6.400000e-01       1  0  -1.92000e-03  -1.28000e-03   1.85279e-03   0.00000e+00  -4.08145e+01  -3.44031e+01  -8.02130e-04   0.00000e+00  0   64
  6.500000e-01       1  0  -1.95000e-03  -1.30000e-03   1.89384e-03   0.00000e+00  -4.09561e+01  -3.45477e+01  -8.05253e-04   0.00000e+00  0   65
  6.600000e-01       1  0  -1.98000e-03  -1.32000e-03   1.93494e-03   0.00000e+00  -4.10929e+01  -3.46874e+01  -8.08243e-04   0.00000e+00  0   66
  6.700000e-01       1  0  -2.01000e-03  -1.34000e-03   1.97610e-03   0.00000e+00  -4.12250e+01  -3.48223e+01  -8.11105e-04   0.00000e+00  0   67
  6.800000e-01       1  0  -2.04000e-03  -1.36000e-03   2.01732e-03   0.00000e+00  -4.13524e+01  -3.49526e+01  -8.13845e-04   0.00000e+00  0   68
  6.900000e-01       1  0  -2.07000e-03  -1.38000e-03   2.05859e-03   0.00000e+00  -4.14753e+01  -3.50782e+01  -8.16466e-04   0.00000e+00  0   69
  7.000000e-01       1  0  -2.10000e-03  -1.40000e-03   2.09992e-03   0.00000e+00  -4.15935e+01  -3.51994e+01  -8.18974e-04   0.00000e+00  0   70
  7.100000e-01       1  0  -2.13000e-03  -1.42000e-03   2.14131e-03   0.00000e+00  -4.17073e+01  -3.53160e+01  -8.21372e-04   0.00000e+00  0   71
  7.200000e-01       1  0  -2.16000e-03  -1.44000e-03   2.18275e-03   0.00000e+00  -4.18166e+01  -3.54283e+01  -8.23663e-04   0.00000e+00  0   72
  7.300000e-01       1  0  -2.19000e-03  -1.46000e-03   2.22425e-03   0.00000e+00  -4.19215e+01  -3.55362e+01  -8.25852e-04   0.00000e+00  0   73
  7.400000e-01       1  0  -2.22000e-03  -1.48000e-03   2.26580e-03   0.00000e+00  -4.20221e+01  -3.56399e+01  -8.27941e-04   0.00000e+00  0   74
  7.500000e-01       1  0  -2.25000e-03  -1.50000e-03   2.30740e-03   0.00000e+00  -4.21184e+01  -3.57393e+01  -8.29934e-04   0.00000e+00  0   75
  7.600000e-01       1  0  -2.28000e-03  -1.52000e-03   2.34906e-03   0.00000e+00  -4.22104e+01  -3.58347e+01  -8.31835e-04   0.00000e+00  0   76
  7.700000e-01       1  0  -2.31000e-03  -1.54000e-03   2.39077e-03   0.00000e+00  -4.22982e+01  -3.59260e+01  -8.33645e-04   0.00000e+00  0   77
  7.800000e-01       1  0  -2.34000e-03  -1.56000e-03   2.43253e-03   0.00000e+00  -4.23819e+01  -3.60132e+01  -8.35367e-04   0.00000e+00  0   78
  7.900000e-01       1  0  -2.37000e-03  -1.58000e-03   2.47435e-03   0.00000e+00  -4.24615e+01  -3.60966e+01  -8.37004e-04   0.00000e+00  0   79
  8.000000e-01       1  0  -2.40000e-03  -1.60000e-03   2.51621e-03   0.00000e+00  -4.25371e+01  -3.61760e+01  -8.38559e-04   0.00000e+00  0   80
  8.100000e-01       1  0  -2.43000e-03  -1.62000e-03   2.55813e-03   0.00000e+00  -4.26086e+01  -3.62516e+01  -8.40034e-04   0.00000e+00  0   81
  8.200000e-01       1  0  -2.46000e-03  -1.64000e-03   2.60010e-03   0.00000e+00  -4.26762e+01  -3.63234e+01  -8.41430e-04   0.00000e+00  0   82
  8.300000e-01       1  0  -2.49000e-03  -1.66000e-03   2.64212e-03   0.00000e+00  -4.27399e+01  -3.63916e+01  -8.42751e-04   0.00000e+00  0   83
  8.400000e-01       1  0  -2.52000e-03  -1.68000e-03   2.68419e-03   0.00000e+00  -4.27997e+01  -3.64560e+01  -8.43997e-04   0.00000e+00  0   84
  8.500000e-01       1  0  -2.55000e-03  -1.70000e-03   2.72631e-03   0.00000e+00  -4.28557e+01  -3.65169e+01  -8.45172e-04   0.00000e+00  0   85
  8.600000e-01       1  0  -2.58000e-03  -1.72000e-03   2.76847e-03   0.00000e+00  -4.29080e+01  -3.65742e+01  -8.46276e-04   0.00000e+00  0   86
  8.700000e-01       1  0  -2.61000e-03  -1.74000e-03   2.81069e-03   0.00000e+00  -4.29565e+01  -3.66280e+01  -8.47311e-04   0.00000e+00  0   87
  8.800000e-01       1  0  -2.64000e-03  -1.76000e-03   2.85296e-03   0.00000e+00  -4.30014e+01  -3.66783e+01  -8.48279e-04   0.00000e+00  0   88
  8.900000e-01       1  0  -2.67000e-03  -1.78000e-03   2.89527e-03   0.00000e+00  -4.30427e+01  -3.67253e+01  -8.49182e-04   0.00000e+00  0   89
  9.000000e-01       1  0  -2.70000e-03  -1.80000e-03   2.93764e-03   0.00000e+00  -4.30804e+01  -3.67689e+01  -8.50021e-04   0.00000e+00  0   90
  9.100000e-01       1  0  -2.73000e-03  -1.82000e-03   2.98005e-03   0.00000e+00  -4.31146e+01  -3.68092e+01  -8.50797e-04   0.00000e+00  0   91
  9.200000e-01       1  0  -2.76000e-03  -1.84000e-03   3.02251e-03   0.00000e+00  -4.31453e+01  -3.68462e+01  -8.51511e-04   0.00000e+00  0   92
  9.300000e-01       1  0  -2.79000e-03  -1.86000e-03   3.06501e-03   0.00000e+00  -4.31725e+01  -3.68801e+01  -8.52166e-04   0.00000e+00  0   93
  9.400000e-01       1  0  -2.82000e-03  -1.88000e-03   3.10757e-03   0.00000e+00  -4.31964e+01  -3.69108e+01  -8.52762e-04   0.00000e+00  0   94
  9.500000e-01       1  0  -2.85000e-03  -1.90000e-03   3.15017e-03   0.00000e+00  -4.32169e+01  -3.69384e+01  -8.53300e-04   0.00000e+00  0   95
  9.600000e-01       1  0  -2.88000e-03  -1.92000e-03   3.19282e-03   0.00000e+00  -4.32342e+01  -3.69629e+01  -8.53782e-04   0.00000e+00  0   96
  9.700000e-01       1  0  -2.91000e-03  -1.94000e-03   3.23551e-03   0.00000e+00  -4.32481e+01  -3.69844e+01  -8.54208e-04   0.00000e+00  0   97
  9.800000e-01       1  0  -2.94000e-03  -1.96000e-03   3.27826e-03   0.00000e+00  -4.32589e+01  -3.70029e+01  -8.54580e-04   0.00000e+00  0   98
  9.900000e-01       1  0  -2.97000e-03  -1.98000e-03   3.32104e-03   0.00000e+00  -4.32665e+01  -3.70185e+01  -8.54898e-04   0.00000e+00  0   99
  1.000000e+00       1  0  -3.00000e-03  -2.00000e-03   3.36388e-03   0.00000e+00  -4.32709e+01  -3.70313e+01  -8.55164e-04   0.00000e+00  0  100
