Time,   0.1000
     1,  EL1,       LUBL,   CPS4,   0,     0.0789,    0.0789, -3.000000e-04, -2.000000e-04,  1.250000e-04,  0.000000e+00, -1.239583e+01, -9.479167e+00,  0.000000e+00,  0.000000e+00,
     1,  EL1,       LUBL,   CPS4,   1,     0.0789,    0.0211, -3.000000e-04, -2.000000e-04,  1.250000e-04,  0.000000e+00, -1.239583e+01, -9.479167e+00,  0.000000e+00,  0.000000e+00,
     1,  EL1,       LUBL,   CPS4,   2,     0.0211,    0.0789, -3.000000e-04, -2.000000e-04,  1.250000e-04,  0.000000e+00, -1.239583e+01, -9.479167e+00,  0.000000e+00,  0.000000e+00,
     1,  EL1,       LUBL,   CPS4,   3,     0.0211,    0.0211, -3.000000e-04, -2.000000e-04,  1.250000e-04,  0.000000e+00, -1.239583e+01, -9.479167e+00,  0.000000e+00,  0.000000e+00,
Time,   0.2000
     1,  EL1,       LUBL,   CPS4,   0,     0.0789,    0.0789, -6.000000e-04, -4.000000e-04,  2.500000e-04,  0.000000e+00, -2.479167e+01, -1.895833e+01,  4.440892e-16,  0.000000e+00,
     1,  EL1,       LUBL,   CPS4,   1,     0.0789,    0.0211, -6.000000e-04, -4.000000e-04,  2.500000e-04,  0.000000e+00, -2.479167e+01, -1.895833e+01,  4.440892e-16,  0.000000e+00,
     1,  EL1,       LUBL,   CPS4,   2,     0.0211,    0.0789, -6.000000e-04, -4.000000e-04,  2.500000e-04,  0.000000e+00, -2.479167e+01, -1.895833e+01,  4.440892e-16,  0.000000e+00,
     1,  EL1,       LUBL,   CPS4,   3,     0.0211,    0.0211, -6.000000e-04, -4.000000e-04,  2.500000e-04,  0.000000e+00, -2.479167e+01, -1.895833e+01,  4.440892e-16,  0.000000e+00,
Time,   0.3000
     1,  EL1,       LUBL,   CPS4,   0,     0.0789,    0.0789, -9.000000e-04, -6.000000e-04,  5.006406e-04,  0.000000e+00, -3.278708e+01, -2.581116e+01,  4.437967e-05,  0.000000e+00,
     1,  EL1,       LUBL,   CPS4,   1,     0.0789,    0.0211, -9.000000e-04, -6.000000e-04,  5.006406e-04,  0.000000e+00, -3.278708e+01, -2.581116e+01,  4.437967e-05,  0.000000e+00,
     1,  EL1,       LUBL,   CPS4,   2,     0.0211,    0.0789, -9.000000e-04, -6.000000e-04,  5.006406e-04,  0.000000e+00, -3.278708e+01, -2.581116e+01,  4.437967e-05,  0.000000e+00,
     1,  EL1,       LUBL,   CPS4,   3,     0.0211,    0.0211, -9.000000e-04, -6.000000e-04,  5.006406e-04,  0.000000e+00, -3.278708e+01, -2.581116e+01,  4.437967e-05,  0.000000e+00,
Time,   0.4000
     1,  EL1,       LUBL,   CPS4,   0,     0.0789,    0.0789, -1.200000e-03, -8.000000e-04,  8.873549e-04,  0.000000e+00, -3.586356e+01, -2.923304e+01, -4.274648e-04,  0.000000e+00,
     1,  EL1,       LUBL,   CPS4,   1,     0.0789,    0.0211, -1.200000e-03, -8.000000e-04,  8.873549e-04,  0.000000e+00, -3.586356e+01, -2.923304e+01, -4.274648e-04,  0.000000e+00,
     1,  EL1,       LUBL,   CPS4,   2,     0.0211,    0.0789, -1.200000e-03, -8.000000e-04,  8.873549e-04,  0.000000e+00, -3.586356e+01, -2.923304e+01, -4.274648e-04,  0.000000e+00,
     1,  EL1,       LUBL,   CPS4,   3,     0.0211,    0.0211, -1.200000e-03, -8.000000e-04,  8.873549e-04,  0.000000e+00, -3.586356e+01, -2.923304e+01, -4.274648e-04,  0.000000e+00,
Time,   0.5000
     1,  EL1,       LUBL,   CPS4,   0,     0.0789,    0.0789, -1.500000e-03, -1.000000e-03,  1.284388e-03,  0.000000e+00, -3.831098e+01, -3.182596e+01, -2.034074e-03,  0.000000e+00,
     1,  EL1,       LUBL,   CPS4,   1,     0.0789,    0.0211, -1.500000e-03, -1.000000e-03,  1.284388e-03,  0.000000e+00, -3.831098e+01, -3.182596e+01, -2.034074e-03,  0.000000e+00,
     1,  EL1,       LUBL,   CPS4,   2,     0.0211,    0.0789, -1.500000e-03, -1.000000e-03,  1.284388e-03,  0.000000e+00, -3.831098e+01, -3.182596e+01, -2.034074e-03,  0.000000e+00,
     1,  EL1,       LUBL,   CPS4,   3,     0.0211,    0.0211, -1.500000e-03, -1.000000e-03,  1.284388e-03,  0.000000e+00, -3.831098e+01, -3.182596e+01, -2.034074e-03,  0.000000e+00,
Time,   0.6000
     1,  EL1,       LUBL,   CPS4,   0,     0.0789,    0.0789, -1.800000e-03, -1.200000e-03,  1.689177e-03,  0.000000e+00, -4.019987e+01, -3.377513e+01, -2.180659e-03,  0.000000e+00,
     1,  EL1,       LUBL,   CPS4,   1,     0.0789,    0.0211, -1.800000e-03, -1.200000e-03,  1.689177e-03,  0.000000e+00, -4.019987e+01, -3.377513e+01, -2.180659e-03,  0.000000e+00,
     1,  EL1,       LUBL,   CPS4,   2,     0.0211,    0.0789, -1.800000e-03, -1.200000e-03,  1.689177e-03,  0.000000e+00, -4.019987e+01, -3.377513e+01, -2.180659e-03,  0.000000e+00,
     1,  EL1,       LUBL,   CPS4,   3,     0.0211,    0.0211, -1.800000e-03, -1.200000e-03,  1.689177e-03,  0.000000e+00, -4.019987e+01, -3.377513e+01, -2.180659e-03,  0.000000e+00,
Time,   0.7000
     1,  EL1,       LUBL,   CPS4,   0,     0.0789,    0.0789, -2.100000e-03, -1.400000e-03,  2.099925e-03,  0.000000e+00, -4.159353e+01, -3.519935e+01, -8.189740e-04,  0.000000e+00,
     1,  EL1,       LUBL,   CPS4,   1,     0.0789,    0.0211, -2.100000e-03, -1.400000e-03,  2.099925e-03,  0.000000e+00, -4.159353e+01, -3.519935e+01, -8.189740e-04,  0.000000e+00,
     1,  EL1,       LUBL,   CPS4,   2,     0.0211,    0.0789, -2.100000e-03, -1.400000e-03,  2.099925e-03,  0.000000e+00, -4.159353e+01, -3.519935e+01, -8.189740e-04,  0.000000e+00,
     1,  EL1,       LUBL,   CPS4,   3,     0.0211,    0.0211, -2.100000e-03, -1.400000e-03,  2.099925e-03,  0.000000e+00, -4.159353e+01, -3.519935e+01, -8.189740e-04,  0.000000e+00,
Time,   0.8000
     1,  EL1,       LUBL,   CPS4,   0,     0.0789,    0.0789, -2.400000e-03, -1.600000e-03,  2.516215e-03,  0.000000e+00, -4.253705e+01, -3.617599e+01, -8.385592e-04,  0.000000e+00,
     1,  EL1,       LUBL,   CPS4,   1,     0.0789,    0.0211, -2.400000e-03, -1.600000e-03,  2.516215e-03,  0.000000e+00, -4.253705e+01, -3.617599e+01, -8.385592e-04,  0.000000e+00,
     1,  EL1,       LUBL,   CPS4,   2,     0.0211,    0.0789, -2.400000e-03, -1.600000e-03,  2.516215e-03,  0.000000e+00, -4.253705e+01, -3.617599e+01, -8.385592e-04,  0.000000e+00,
     1,  EL1,       LUBL,   CPS4,   3,     0.0211,    0.0211, -2.400000e-03, -1.600000e-03,  2.516215e-03,  0.000000e+00, -4.253705e+01, -3.617599e+01, -8.385592e-04,  0.000000e+00,
Time,   0.9000
     1,  EL1,       LUBL,   CPS4,   0,     0.0789,    0.0789, -2.700000e-03, -1.800000e-03,  2.937636e-03,  0.000000e+00, -4.308041e+01, -3.676887e+01, -8.500207e-04,  0.000000e+00,
     1,  EL1,       LUBL,   CPS4,   1,     0.0789,    0.0211, -2.700000e-03, -1.800000e-03,  2.937636e-03,  0.000000e+00, -4.308041e+01, -3.676887e+01, -8.500207e-04,  0.000000e+00,
     1,  EL1,       LUBL,   CPS4,   2,     0.0211,    0.0789, -2.700000e-03, -1.800000e-03,  2.937636e-03,  0.000000e+00, -4.308041e+01, -3.676887e+01, -8.500207e-04,  0.000000e+00,
     1,  EL1,       LUBL,   CPS4,   3,     0.0211,    0.0211, -2.700000e-03, -1.800000e-03,  2.937636e-03,  0.000000e+00, -4.308041e+01, -3.676887e+01, -8.500207e-04,  0.000000e+00,
Time,   1.0000
     1,  EL1,       LUBL,   CPS4,   0,     0.0789,    0.0789, -3.000000e-03, -2.000000e-03,  3.363879e-03,  0.000000e+00, -4.327093e+01, -3.703126e+01, -8.551642e-04,  0.000000e+00,
     1,  EL1,       LUBL,   CPS4,   1,     0.0789,    0.0211, -3.000000e-03, -2.000000e-03,  3.363879e-03,  0.000000e+00, -4.327093e+01, -3.703126e+01, -8.551642e-04,  0.000000e+00,
     1,  EL1,       LUBL,   CPS4,   2,     0.0211,    0.0789, -3.000000e-03, -2.000000e-03,  3.363879e-03,  0.000000e+00, -4.327093e+01, -3.703126e+01, -8.551642e-04,  0.000000e+00,
     1,  EL1,       LUBL,   CPS4,   3,     0.0211,    0.0211, -3.000000e-03, -2.000000e-03,  3.363879e-03,  0.000000e+00, -4.327093e+01, -3.703126e+01, -8.551642e-04,  0.000000e+00,
