ConFem  ../_DataSpecimen/One2D/TensionShear2D
Microplane: fct 3.500000, fc 31.850000, SpecCrEn 0.000577
symmetric system False, used LinAlg2 True, used ConFemMatC True, used CaeFemElemC True
ndofs 8, elems 1, active nodes 4, rel size 0.5625, abs size 0.0352 MWords
CPSE4 char. length span El 1,0.100000, El 1,0.100000
0 step starts, solution type NR
0   1 1.000 0.00000 iter 0 0.000000e+00 1.000000e+00    0.000000e+00
0   1 1.000 0.02000 iter 1 4.065760e-20 1.000000e+00    2.769063e-07
0   2 1.000 0.02000 iter 0 4.065760e-20 1.000000e+00    0.000000e+00
0   2 1.000 0.04000 iter 1 7.486784e-23 1.000000e+00    2.769063e-07
0   3 1.000 0.04000 iter 0 7.486784e-23 1.000000e+00    0.000000e+00
0   3 1.000 0.06000 iter 1 7.666467e-20 1.000000e+00    2.769063e-07
0   4 1.000 0.06000 iter 0 7.666467e-20 1.000000e+00    0.000000e+00
0   4 1.000 0.08000 iter 1 7.666482e-20 1.000000e+00    2.769063e-07
0   5 1.000 0.08000 iter 0 7.666482e-20 1.000000e+00    0.000000e+00
0   5 1.000 0.10000 iter 1 1.084202e-19 1.000000e+00    2.769063e-07
Element Data written 0.100000 0.100000
Nodal Data written 0.100000 0.100000
0   6 1.000 0.10000 iter 0 1.084202e-19 1.000000e+00    0.000000e+00
0   6 1.000 0.12000 iter 1 5.421011e-20 1.000000e+00    2.769063e-07
0   7 1.000 0.12000 iter 0 5.421011e-20 1.000000e+00    0.000000e+00
0   7 1.000 0.14000 iter 1 0.000000e+00 1.000000e+00    2.769063e-07
0   8 1.000 0.14000 iter 0 0.000000e+00 1.000000e+00    0.000000e+00
0   8 1.000 0.16000 iter 1 2.424352e-19 1.000000e+00    2.769063e-07
0   9 1.000 0.16000 iter 0 2.424352e-19 1.000000e+00    0.000000e+00
0   9 1.000 0.18000 iter 1 3.428548e-19 1.000000e+00    2.769063e-07
0  10 1.000 0.18000 iter 0 3.428548e-19 1.000000e+00    0.000000e+00
0  10 1.000 0.20000 iter 1 3.066587e-19 1.000000e+00    2.769063e-07
Element Data written 0.200000 0.200000
Nodal Data written 0.200000 0.200000
0  11 1.000 0.20000 iter 0 3.066587e-19 1.000000e+00    0.000000e+00
0  11 1.000 0.22000 iter 1 5.989427e-22 1.000000e+00    2.769063e-07
0  12 1.000 0.22000 iter 0 5.989427e-22 1.000000e+00    0.000000e+00
0  12 1.000 0.24000 iter 1 2.168404e-19 1.000000e+00    2.769063e-07
0  13 1.000 0.24000 iter 0 2.168404e-19 1.000000e+00    0.000000e+00
0  13 1.000 0.26000 iter 1 3.909151e-19 1.000000e+00    2.769063e-07
0  14 1.000 0.26000 iter 0 3.909151e-19 1.000000e+00    0.000000e+00
0  14 1.000 0.28000 iter 1 2.168413e-19 1.000000e+00    2.769063e-07
0  15 1.000 0.28000 iter 0 2.168413e-19 1.000000e+00    0.000000e+00
0  15 1.000 0.30000 iter 1 6.133174e-19 1.000000e+00    2.769063e-07
Element Data written 0.300000 0.300000
Nodal Data written 0.300000 0.300000
0  16 1.000 0.30000 iter 0 6.133174e-19 1.000000e+00    0.000000e+00
0  16 1.000 0.32000 iter 1 6.133174e-19 1.000000e+00    2.769063e-07
0  17 1.000 0.32000 iter 0 6.133174e-19 1.000000e+00    0.000000e+00
0  17 1.000 0.34000 iter 1 6.133177e-19 1.000000e+00    2.769063e-07
0  18 1.000 0.34000 iter 0 6.133177e-19 1.000000e+00    0.000000e+00
0  18 1.000 0.36000 iter 1 6.133174e-19 1.000000e+00    2.769063e-07
0  19 1.000 0.36000 iter 0 6.133174e-19 1.000000e+00    0.000000e+00
0  19 1.000 0.38000 iter 1 0.000000e+00 1.000000e+00    2.769063e-07
0  20 1.000 0.38000 iter 0 0.000000e+00 1.000000e+00    0.000000e+00
0  20 1.000 0.40000 iter 1 0.000000e+00 1.000000e+00    2.769063e-07
Element Data written 0.400000 0.400000
Nodal Data written 0.400000 0.400000
0  21 1.000 0.40000 iter 0 0.000000e+00 1.000000e+00    0.000000e+00
0  21 1.000 0.42000 iter 1 4.848714e-19 1.000000e+00    2.769063e-07
0  22 1.000 0.42000 iter 0 4.848714e-19 1.000000e+00    0.000000e+00
0  22 1.000 0.44000 iter 1 0.000000e+00 1.000000e+00    2.769063e-07
0  23 1.000 0.44000 iter 0 0.000000e+00 1.000000e+00    0.000000e+00
0  23 1.000 0.46000 iter 1 4.336809e-19 1.000000e+00    2.769063e-07
0  24 1.000 0.46000 iter 0 4.336809e-19 1.000000e+00    0.000000e+00
0  24 1.000 0.48000 iter 1 0.000000e+00 1.000000e+00    2.769063e-07
0  25 1.000 0.48000 iter 0 0.000000e+00 1.000000e+00    0.000000e+00
0  25 1.000 0.50000 iter 1 0.000000e+00 1.000000e+00    2.769063e-07
Element Data written 0.500000 0.500000
Nodal Data written 0.500000 0.500000
0  26 1.000 0.50000 iter 0 0.000000e+00 1.000000e+00    0.000000e+00
0  26 1.000 0.52000 iter 1 0.000000e+00 1.000000e+00    2.769063e-07
0  27 1.000 0.52000 iter 0 0.000000e+00 1.000000e+00    0.000000e+00
0  27 1.000 0.54000 iter 1 4.848714e-19 1.000000e+00    2.769063e-07
0  28 1.000 0.54000 iter 0 4.848714e-19 1.000000e+00    0.000000e+00
0  28 1.000 0.56000 iter 1 9.697399e-19 1.000000e+00    2.769063e-07
0  29 1.000 0.56000 iter 0 9.697399e-19 1.000000e+00    0.000000e+00
0  29 1.000 0.58000 iter 1 4.848700e-19 1.000000e+00    2.769063e-07
0  30 1.000 0.58000 iter 0 4.848700e-19 1.000000e+00    0.000000e+00
0  30 1.000 0.60000 iter 1 0.000000e+00 1.000000e+00    2.769063e-07
Element Data written 0.600000 0.600000
Nodal Data written 0.600000 0.600000
0  31 1.000 0.60000 iter 0 0.000000e+00 1.000000e+00    0.000000e+00
0  31 1.000 0.62000 iter 1 0.000000e+00 1.000000e+00    2.769063e-07
0  32 1.000 0.62000 iter 0 0.000000e+00 1.000000e+00    0.000000e+00
0  32 1.000 0.64000 iter 1 4.336825e-19 1.000000e+00    2.769063e-07
0  33 1.000 0.64000 iter 0 4.336825e-19 1.000000e+00    0.000000e+00
0  33 1.000 0.66000 iter 1 8.673617e-19 1.000000e+00    2.769063e-07
0  34 1.000 0.66000 iter 0 8.673617e-19 1.000000e+00    0.000000e+00
0  34 1.000 0.68000 iter 1 6.133174e-19 1.000000e+00    2.769063e-07
0  35 1.000 0.68000 iter 0 6.133174e-19 1.000000e+00    0.000000e+00
0  35 1.000 0.70000 iter 1 8.673617e-19 1.000000e+00    2.769063e-07
Element Data written 0.700000 0.700000
Nodal Data written 0.700000 0.700000
0  36 1.000 0.70000 iter 0 8.673617e-19 1.000000e+00    0.000000e+00
0  36 1.000 0.72000 iter 1 9.697399e-19 1.000000e+00    2.769063e-07
0  37 1.000 0.72000 iter 0 9.697399e-19 1.000000e+00    0.000000e+00
0  37 1.000 0.74000 iter 1 9.697399e-19 1.000000e+00    2.769063e-07
0  38 1.000 0.74000 iter 0 9.697399e-19 1.000000e+00    0.000000e+00
0  38 1.000 0.76000 iter 1 1.226635e-18 1.000000e+00    2.769063e-07
0  39 1.000 0.76000 iter 0 1.226635e-18 1.000000e+00    0.000000e+00
0  39 1.000 0.78000 iter 1 0.000000e+00 1.000000e+00    2.769063e-07
0  40 1.000 0.78000 iter 0 0.000000e+00 1.000000e+00    0.000000e+00
0  40 1.000 0.80000 iter 1 9.697399e-19 1.000000e+00    2.769063e-07
Element Data written 0.800000 0.800000
Nodal Data written 0.800000 0.800000
0  41 1.000 0.80000 iter 0 9.697399e-19 1.000000e+00    0.000000e+00
0  41 1.000 0.82000 iter 1 6.133174e-19 1.000000e+00    2.769063e-07
0  42 1.000 0.82000 iter 0 6.133174e-19 1.000000e+00    0.000000e+00
0  42 1.000 0.84000 iter 1 6.133220e-19 1.000000e+00    2.769063e-07
0  43 1.000 0.84000 iter 0 6.133220e-19 1.000000e+00    0.000000e+00
0  43 1.000 0.86000 iter 1 1.371421e-18 1.000000e+00    2.769063e-07
0  44 1.000 0.86000 iter 0 1.371421e-18 1.000000e+00    0.000000e+00
0  44 1.000 0.88000 iter 1 8.673617e-19 1.000000e+00    2.769063e-07
0  45 1.000 0.88000 iter 0 8.673617e-19 1.000000e+00    0.000000e+00
0  45 1.000 0.90000 iter 1 4.336809e-19 1.000000e+00    2.769063e-07
Element Data written 0.900000 0.900000
Nodal Data written 0.900000 0.900000
0  46 1.000 0.90000 iter 0 4.336809e-19 1.000000e+00    0.000000e+00
0  46 1.000 0.92000 iter 1 9.697399e-19 1.000000e+00    2.769063e-07
0  47 1.000 0.92000 iter 0 9.697399e-19 1.000000e+00    0.000000e+00
0  47 1.000 0.94000 iter 1 1.226637e-18 1.000000e+00    2.769063e-07
0  48 1.000 0.94000 iter 0 1.226637e-18 1.000000e+00    0.000000e+00
0  48 1.000 0.96000 iter 1 1.226637e-18 1.000000e+00    2.769063e-07
0  49 1.000 0.96000 iter 0 1.226637e-18 1.000000e+00    0.000000e+00
0  49 1.000 0.98000 iter 1 8.673617e-19 1.000000e+00    2.769063e-07
0  50 1.000 0.98000 iter 0 8.673617e-19 1.000000e+00    0.000000e+00
0  50 1.000 1.00000 iter 1 1.939481e-18 1.000000e+00    2.769063e-07
Element Data written 1.000000 1.000000
Nodal Data written 1.000000 1.000000
1 step starts, solution type NR
1   1 2.000 1.00000 iter 0 3.770781e-20 1.000000e+00    0.000000e+00
1   1 2.000 1.01000 iter 1 5.989427e-22 1.000000e+00    8.485281e-07
1   2 2.000 1.01000 iter 0 5.989427e-22 1.000000e+00    0.000000e+00
1   2 2.000 1.02000 iter 1 5.293956e-22 1.000000e+00    8.485281e-07
1   3 2.000 1.02000 iter 0 5.293956e-22 1.000000e+00    0.000000e+00
1   3 2.000 1.03000 iter 1 8.269424e-22 1.000000e+00    8.485281e-07
1   4 2.000 1.03000 iter 0 8.269424e-22 1.000000e+00    0.000000e+00
1   4 2.000 1.04000 iter 1 1.125510e-21 1.000000e+00    8.485281e-07
1   5 2.000 1.04000 iter 0 1.125510e-21 1.000000e+00    0.000000e+00
1   5 2.000 1.05000 iter 1 0.000000e+00 1.000000e+00    8.485281e-07
1   6 2.000 1.05000 iter 0 0.000000e+00 1.000000e+00    0.000000e+00
1   6 2.000 1.06000 iter 1 5.989427e-22 1.000000e+00    8.485281e-07
1   7 2.000 1.06000 iter 0 5.989427e-22 1.000000e+00    0.000000e+00
1   7 2.000 1.07000 iter 1 0.000000e+00 1.000000e+00    8.485281e-07
1   8 2.000 1.07000 iter 0 0.000000e+00 1.000000e+00    0.000000e+00
1   8 2.000 1.08000 iter 1 1.197885e-21 1.000000e+00    8.485281e-07
1   9 2.000 1.08000 iter 0 1.197885e-21 1.000000e+00    0.000000e+00
1   9 2.000 1.09000 iter 1 0.000000e+00 1.000000e+00    8.485281e-07
1  10 2.000 1.09000 iter 0 0.000000e+00 1.000000e+00    0.000000e+00
1  10 2.000 1.10000 iter 1 1.197885e-21 1.000000e+00    8.485281e-07
Element Data written 1.100000 1.100000
Nodal Data written 1.100000 1.100000
1  11 2.000 1.10000 iter 0 1.197885e-21 1.000000e+00    0.000000e+00
1  11 2.000 1.11000 iter 1 8.470329e-22 1.000000e+00    8.485281e-07
1  12 2.000 1.11000 iter 0 8.470329e-22 1.000000e+00    0.000000e+00
1  12 2.000 1.12000 iter 1 8.470329e-22 1.000000e+00    8.485281e-07
1  13 2.000 1.12000 iter 0 8.470329e-22 1.000000e+00    0.000000e+00
1  13 2.000 1.13000 iter 1 1.894023e-21 1.000000e+00    8.485281e-07
1  14 2.000 1.13000 iter 0 1.894023e-21 1.000000e+00    0.000000e+00
1  14 2.000 1.14000 iter 1 1.894023e-21 1.000000e+00    8.485281e-07
1  15 2.000 1.14000 iter 0 1.894023e-21 1.000000e+00    0.000000e+00
1  15 2.000 1.15000 iter 1 8.470329e-22 1.000000e+00    8.485281e-07
1  16 2.000 1.15000 iter 0 8.470329e-22 1.000000e+00    0.000000e+00
1  16 2.000 1.16000 iter 1 2.395771e-21 1.000000e+00    8.485281e-07
1  17 2.000 1.16000 iter 0 2.395771e-21 1.000000e+00    0.000000e+00
1  17 2.000 1.17000 iter 1 2.395771e-21 1.000000e+00    8.485281e-07
1  18 2.000 1.17000 iter 0 2.395771e-21 1.000000e+00    0.000000e+00
1  18 2.000 1.18000 iter 1 2.395771e-21 1.000000e+00    8.485281e-07
1  19 2.000 1.18000 iter 0 2.395771e-21 1.000000e+00    0.000000e+00
1  19 2.000 1.19000 iter 1 0.000000e+00 1.000000e+00    8.485281e-07
1  20 2.000 1.19000 iter 0 0.000000e+00 1.000000e+00    0.000000e+00
1  20 2.000 1.20000 iter 1 2.395771e-21 1.000000e+00    8.485281e-07
Element Data written 1.200000 1.200000
Nodal Data written 1.200000 1.200000
1  21 2.000 1.20000 iter 0 2.395771e-21 1.000000e+00    0.000000e+00
1  21 2.000 1.21000 iter 1 0.000000e+00 1.000000e+00    8.485281e-07
1  22 2.000 1.21000 iter 0 0.000000e+00 1.000000e+00    0.000000e+00
1  22 2.000 1.22000 iter 1 2.395771e-21 1.000000e+00    8.485281e-07
1  23 2.000 1.22000 iter 0 2.395771e-21 1.000000e+00    0.000000e+00
1  23 2.000 1.23000 iter 1 0.000000e+00 1.000000e+00    8.485281e-07
1  24 2.000 1.23000 iter 0 0.000000e+00 1.000000e+00    0.000000e+00
1  24 2.000 1.24000 iter 1 2.395771e-21 1.000000e+00    8.485281e-07
1  25 2.000 1.24000 iter 0 2.395771e-21 1.000000e+00    0.000000e+00
1  25 2.000 1.25000 iter 1 2.395771e-21 1.000000e+00    8.485281e-07
1  26 2.000 1.25000 iter 0 2.395771e-21 1.000000e+00    0.000000e+00
1  26 2.000 1.26000 iter 1 1.694066e-21 1.000000e+00    8.485281e-07
1  27 2.000 1.26000 iter 0 1.694066e-21 1.000000e+00    0.000000e+00
1  27 2.000 1.27000 iter 1 1.694066e-21 1.000000e+00    8.485281e-07
1  28 2.000 1.27000 iter 0 1.694066e-21 1.000000e+00    0.000000e+00
1  28 2.000 1.28000 iter 1 3.788046e-21 1.000000e+00    8.485281e-07
1  29 2.000 1.28000 iter 0 3.788046e-21 1.000000e+00    0.000000e+00
1  29 2.000 1.29000 iter 1 0.000000e+00 1.000000e+00    8.485281e-07
1  30 2.000 1.29000 iter 0 0.000000e+00 1.000000e+00    0.000000e+00
1  30 2.000 1.30000 iter 1 0.000000e+00 1.000000e+00    8.485281e-07
Element Data written 1.300000 1.300000
Nodal Data written 1.300000 1.300000
1  31 2.000 1.30000 iter 0 0.000000e+00 1.000000e+00    0.000000e+00
1  31 2.000 1.31000 iter 1 0.000000e+00 1.000000e+00    8.485281e-07
1  32 2.000 1.31000 iter 0 0.000000e+00 1.000000e+00    0.000000e+00
1  32 2.000 1.32000 iter 1 0.000000e+00 1.000000e+00    8.485281e-07
1  33 2.000 1.32000 iter 0 0.000000e+00 1.000000e+00    0.000000e+00
1  33 2.000 1.33000 iter 1 0.000000e+00 1.000000e+00    8.485281e-07
1  34 2.000 1.33000 iter 0 0.000000e+00 1.000000e+00    0.000000e+00
1  34 2.000 1.34000 iter 1 0.000000e+00 1.000000e+00    8.485281e-07
1  35 2.000 1.34000 iter 0 0.000000e+00 1.000000e+00    0.000000e+00
1  35 2.000 1.35000 iter 1 0.000000e+00 1.000000e+00    8.485281e-07
1  36 2.000 1.35000 iter 0 0.000000e+00 1.000000e+00    0.000000e+00
1  36 2.000 1.36000 iter 1 4.791542e-21 1.000000e+00    8.485281e-07
1  37 2.000 1.36000 iter 0 4.791542e-21 1.000000e+00    0.000000e+00
1  37 2.000 1.37000 iter 1 0.000000e+00 1.000000e+00    8.485281e-07
1  38 2.000 1.37000 iter 0 0.000000e+00 1.000000e+00    0.000000e+00
1  38 2.000 1.38000 iter 1 0.000000e+00 1.000000e+00    8.485281e-07
1  39 2.000 1.38000 iter 0 0.000000e+00 1.000000e+00    0.000000e+00
1  39 2.000 1.39000 iter 1 0.000000e+00 1.000000e+00    8.485281e-07
1  40 2.000 1.39000 iter 0 0.000000e+00 1.000000e+00    0.000000e+00
1  40 2.000 1.40000 iter 1 0.000000e+00 1.000000e+00    8.485281e-07
Element Data written 1.400000 1.400000
Nodal Data written 1.400000 1.400000
1  41 2.000 1.40000 iter 0 0.000000e+00 1.000000e+00    0.000000e+00
1  41 2.000 1.41000 iter 1 0.000000e+00 1.000000e+00    8.485281e-07
1  42 2.000 1.41000 iter 0 0.000000e+00 1.000000e+00    0.000000e+00
1  42 2.000 1.42000 iter 1 0.000000e+00 1.000000e+00    8.485281e-07
1  43 2.000 1.42000 iter 0 0.000000e+00 1.000000e+00    0.000000e+00
1  43 2.000 1.43000 iter 1 0.000000e+00 1.000000e+00    8.485281e-07
1  44 2.000 1.43000 iter 0 0.000000e+00 1.000000e+00    0.000000e+00
1  44 2.000 1.44000 iter 1 0.000000e+00 1.000000e+00    8.485281e-07
1  45 2.000 1.44000 iter 0 0.000000e+00 1.000000e+00    0.000000e+00
1  45 2.000 1.45000 iter 1 0.000000e+00 1.000000e+00    8.485281e-07
1  46 2.000 1.45000 iter 0 0.000000e+00 1.000000e+00    0.000000e+00
1  46 2.000 1.46000 iter 1 0.000000e+00 1.000000e+00    8.485281e-07
1  47 2.000 1.46000 iter 0 0.000000e+00 1.000000e+00    0.000000e+00
1  47 2.000 1.47000 iter 1 0.000000e+00 1.000000e+00    8.485281e-07
1  48 2.000 1.47000 iter 0 0.000000e+00 1.000000e+00    0.000000e+00
1  48 2.000 1.48000 iter 1 0.000000e+00 1.000000e+00    8.485281e-07
1  49 2.000 1.48000 iter 0 0.000000e+00 1.000000e+00    0.000000e+00
1  49 2.000 1.49000 iter 1 4.791542e-21 1.000000e+00    8.485281e-07
1  50 2.000 1.49000 iter 0 4.791542e-21 1.000000e+00    0.000000e+00
1  50 2.000 1.50000 iter 1 0.000000e+00 1.000000e+00    8.485281e-07
Element Data written 1.500000 1.500000
Nodal Data written 1.500000 1.500000
1  51 2.000 1.50000 iter 0 0.000000e+00 1.000000e+00    0.000000e+00
1  51 2.000 1.51000 iter 1 7.576093e-21 1.000000e+00    8.485281e-07
1  52 2.000 1.51000 iter 0 7.576093e-21 1.000000e+00    0.000000e+00
1  52 2.000 1.52000 iter 1 9.583084e-21 1.000000e+00    8.485281e-07
1  53 2.000 1.52000 iter 0 9.583084e-21 1.000000e+00    0.000000e+00
1  53 2.000 1.53000 iter 1 0.000000e+00 1.000000e+00    8.485281e-07
1  54 2.000 1.53000 iter 0 0.000000e+00 1.000000e+00    0.000000e+00
1  54 2.000 1.54000 iter 1 0.000000e+00 1.000000e+00    8.485281e-07
1  55 2.000 1.54000 iter 0 0.000000e+00 1.000000e+00    0.000000e+00
1  55 2.000 1.55000 iter 1 0.000000e+00 1.000000e+00    8.485281e-07
1  56 2.000 1.55000 iter 0 0.000000e+00 1.000000e+00    0.000000e+00
1  56 2.000 1.56000 iter 1 0.000000e+00 1.000000e+00    8.485281e-07
1  57 2.000 1.56000 iter 0 0.000000e+00 1.000000e+00    0.000000e+00
1  57 2.000 1.57000 iter 1 0.000000e+00 1.000000e+00    8.485281e-07
1  58 2.000 1.57000 iter 0 0.000000e+00 1.000000e+00    0.000000e+00
1  58 2.000 1.58000 iter 1 0.000000e+00 1.000000e+00    8.485281e-07
1  59 2.000 1.58000 iter 0 0.000000e+00 1.000000e+00    0.000000e+00
1  59 2.000 1.59000 iter 1 0.000000e+00 1.000000e+00    8.485281e-07
1  60 2.000 1.59000 iter 0 0.000000e+00 1.000000e+00    0.000000e+00
1  60 2.000 1.60000 iter 1 0.000000e+00 1.000000e+00    8.485281e-07
Element Data written 1.600000 1.600000
Nodal Data written 1.600000 1.600000
1  61 2.000 1.60000 iter 0 0.000000e+00 1.000000e+00    0.000000e+00
1  61 2.000 1.61000 iter 1 0.000000e+00 1.000000e+00    8.485281e-07
1  62 2.000 1.61000 iter 0 0.000000e+00 1.000000e+00    0.000000e+00
1  62 2.000 1.62000 iter 1 0.000000e+00 1.000000e+00    8.485281e-07
1  63 2.000 1.62000 iter 0 0.000000e+00 1.000000e+00    0.000000e+00
1  63 2.000 1.63000 iter 1 0.000000e+00 1.000000e+00    8.485281e-07
1  64 2.000 1.63000 iter 0 0.000000e+00 1.000000e+00    0.000000e+00
1  64 2.000 1.64000 iter 1 0.000000e+00 1.000000e+00    8.485281e-07
1  65 2.000 1.64000 iter 0 0.000000e+00 1.000000e+00    0.000000e+00
1  65 2.000 1.65000 iter 1 0.000000e+00 1.000000e+00    8.485281e-07
1  66 2.000 1.65000 iter 0 0.000000e+00 1.000000e+00    0.000000e+00
1  66 2.000 1.66000 iter 1 0.000000e+00 1.000000e+00    8.485281e-07
1  67 2.000 1.66000 iter 0 0.000000e+00 1.000000e+00    0.000000e+00
1  67 2.000 1.67000 iter 1 9.583084e-21 1.000000e+00    8.485281e-07
1  68 2.000 1.67000 iter 0 9.583084e-21 1.000000e+00    0.000000e+00
1  68 2.000 1.68000 iter 1 0.000000e+00 1.000000e+00    8.485281e-07
1  69 2.000 1.68000 iter 0 0.000000e+00 1.000000e+00    0.000000e+00
1  69 2.000 1.69000 iter 1 0.000000e+00 1.000000e+00    8.485281e-07
1  70 2.000 1.69000 iter 0 0.000000e+00 1.000000e+00    0.000000e+00
1  70 2.000 1.70000 iter 1 0.000000e+00 1.000000e+00    8.485281e-07
Element Data written 1.700000 1.700000
Nodal Data written 1.700000 1.700000
1  71 2.000 1.70000 iter 0 0.000000e+00 1.000000e+00    0.000000e+00
1  71 2.000 1.71000 iter 1 0.000000e+00 1.000000e+00    8.485281e-07
1  72 2.000 1.71000 iter 0 0.000000e+00 1.000000e+00    0.000000e+00
1  72 2.000 1.72000 iter 1 0.000000e+00 1.000000e+00    8.485281e-07
1  73 2.000 1.72000 iter 0 0.000000e+00 1.000000e+00    0.000000e+00
1  73 2.000 1.73000 iter 1 0.000000e+00 1.000000e+00    8.485281e-07
1  74 2.000 1.73000 iter 0 0.000000e+00 1.000000e+00    0.000000e+00
1  74 2.000 1.74000 iter 1 0.000000e+00 1.000000e+00    8.485281e-07
1  75 2.000 1.74000 iter 0 0.000000e+00 1.000000e+00    0.000000e+00
1  75 2.000 1.75000 iter 1 9.583084e-21 1.000000e+00    8.485281e-07
1  76 2.000 1.75000 iter 0 9.583084e-21 1.000000e+00    0.000000e+00
1  76 2.000 1.76000 iter 1 0.000000e+00 1.000000e+00    8.485281e-07
1  77 2.000 1.76000 iter 0 0.000000e+00 1.000000e+00    0.000000e+00
1  77 2.000 1.77000 iter 1 0.000000e+00 1.000000e+00    8.485281e-07
1  78 2.000 1.77000 iter 0 0.000000e+00 1.000000e+00    0.000000e+00
1  78 2.000 1.78000 iter 1 0.000000e+00 1.000000e+00    8.485281e-07
1  79 2.000 1.78000 iter 0 0.000000e+00 1.000000e+00    0.000000e+00
1  79 2.000 1.79000 iter 1 0.000000e+00 1.000000e+00    8.485281e-07
1  80 2.000 1.79000 iter 0 0.000000e+00 1.000000e+00    0.000000e+00
1  80 2.000 1.80000 iter 1 0.000000e+00 1.000000e+00    8.485281e-07
Element Data written 1.800000 1.800000
Nodal Data written 1.800000 1.800000
1  81 2.000 1.80000 iter 0 0.000000e+00 1.000000e+00    0.000000e+00
1  81 2.000 1.81000 iter 1 0.000000e+00 1.000000e+00    8.485281e-07
1  82 2.000 1.81000 iter 0 0.000000e+00 1.000000e+00    0.000000e+00
1  82 2.000 1.82000 iter 1 0.000000e+00 1.000000e+00    8.485281e-07
1  83 2.000 1.82000 iter 0 0.000000e+00 1.000000e+00    0.000000e+00
1  83 2.000 1.83000 iter 1 0.000000e+00 1.000000e+00    8.485281e-07
1  84 2.000 1.83000 iter 0 0.000000e+00 1.000000e+00    0.000000e+00
1  84 2.000 1.84000 iter 1 9.583084e-21 1.000000e+00    8.485281e-07
1  85 2.000 1.84000 iter 0 9.583084e-21 1.000000e+00    0.000000e+00
1  85 2.000 1.85000 iter 1 0.000000e+00 1.000000e+00    8.485281e-07
1  86 2.000 1.85000 iter 0 0.000000e+00 1.000000e+00    0.000000e+00
1  86 2.000 1.86000 iter 1 0.000000e+00 1.000000e+00    8.485281e-07
1  87 2.000 1.86000 iter 0 0.000000e+00 1.000000e+00    0.000000e+00
1  87 2.000 1.87000 iter 1 0.000000e+00 1.000000e+00    8.485281e-07
1  88 2.000 1.87000 iter 0 0.000000e+00 1.000000e+00    0.000000e+00
1  88 2.000 1.88000 iter 1 0.000000e+00 1.000000e+00    8.485281e-07
1  89 2.000 1.88000 iter 0 0.000000e+00 1.000000e+00    0.000000e+00
1  89 2.000 1.89000 iter 1 0.000000e+00 1.000000e+00    8.485281e-07
1  90 2.000 1.89000 iter 0 0.000000e+00 1.000000e+00    0.000000e+00
1  90 2.000 1.90000 iter 1 0.000000e+00 1.000000e+00    8.485281e-07
Element Data written 1.900000 1.900000
Nodal Data written 1.900000 1.900000
1  91 2.000 1.90000 iter 0 0.000000e+00 1.000000e+00    0.000000e+00
1  91 2.000 1.91000 iter 1 0.000000e+00 1.000000e+00    8.485281e-07
1  92 2.000 1.91000 iter 0 0.000000e+00 1.000000e+00    0.000000e+00
1  92 2.000 1.92000 iter 1 0.000000e+00 1.000000e+00    8.485281e-07
1  93 2.000 1.92000 iter 0 0.000000e+00 1.000000e+00    0.000000e+00
1  93 2.000 1.93000 iter 1 0.000000e+00 1.000000e+00    8.485281e-07
1  94 2.000 1.93000 iter 0 0.000000e+00 1.000000e+00    0.000000e+00
1  94 2.000 1.94000 iter 1 0.000000e+00 1.000000e+00    8.485281e-07
1  95 2.000 1.94000 iter 0 0.000000e+00 1.000000e+00    0.000000e+00
1  95 2.000 1.95000 iter 1 0.000000e+00 1.000000e+00    8.485281e-07
1  96 2.000 1.95000 iter 0 0.000000e+00 1.000000e+00    0.000000e+00
1  96 2.000 1.96000 iter 1 0.000000e+00 1.000000e+00    8.485281e-07
1  97 2.000 1.96000 iter 0 0.000000e+00 1.000000e+00    0.000000e+00
1  97 2.000 1.97000 iter 1 0.000000e+00 1.000000e+00    8.485281e-07
1  98 2.000 1.97000 iter 0 0.000000e+00 1.000000e+00    0.000000e+00
1  98 2.000 1.98000 iter 1 9.583084e-21 1.000000e+00    8.485281e-07
1  99 2.000 1.98000 iter 0 9.583084e-21 1.000000e+00    0.000000e+00
1  99 2.000 1.99000 iter 1 0.000000e+00 1.000000e+00    8.485281e-07
1 100 2.000 1.99000 iter 0 0.000000e+00 1.000000e+00    0.000000e+00
1 100 2.000 2.00000 iter 1 0.000000e+00 1.000000e+00    8.485281e-07
Element Data written 2.000000 2.000000
Nodal Data written 2.000000 2.000000
total comp time 0 seconds
