  0.1000
    1   0.0000   0.0000   0.0000  0.0000e+00  0.0000e+00 -1.9786e-20 -1.6772e-03
    2   0.1000   0.0000   0.0000 -1.9200e-07  0.0000e+00  5.8323e-20 -1.6772e-03
    3   0.1000   0.1000   0.0000 -1.9200e-07  9.6000e-07 -4.5477e-20  1.6772e-03
    4   0.0000   0.1000   0.0000  0.0000e+00  9.6000e-07  6.9409e-21  1.6772e-03
  0.2000
    1   0.0000   0.0000   0.0000  0.0000e+00  0.0000e+00  1.6639e-19 -3.3373e-03
    2   0.1000   0.0000   0.0000 -3.8400e-07  0.0000e+00 -2.0474e-19 -3.3373e-03
    3   0.1000   0.1000   0.0000 -3.8400e-07  1.9200e-06 -1.5311e-19  3.3373e-03
    4   0.0000   0.1000   0.0000  0.0000e+00  1.9200e-06  1.9145e-19  3.3373e-03
  0.3000
    1   0.0000   0.0000   0.0000  0.0000e+00  0.0000e+00  3.7968e-19 -4.9637e-03
    2   0.1000   0.0000   0.0000 -5.7600e-07  0.0000e+00 -3.0364e-19 -4.9637e-03
    3   0.1000   0.1000   0.0000 -5.7600e-07  2.8800e-06 -4.0601e-19  4.9637e-03
    4   0.0000   0.1000   0.0000  0.0000e+00  2.8800e-06  3.2998e-19  4.9637e-03
  0.4000
    1   0.0000   0.0000   0.0000  0.0000e+00  0.0000e+00  1.5028e-19 -6.5402e-03
    2   0.1000   0.0000   0.0000 -7.6800e-07  0.0000e+00 -1.5028e-19 -6.5402e-03
    3   0.1000   0.1000   0.0000 -7.6800e-07  3.8400e-06 -1.5028e-19  6.5402e-03
    4   0.0000   0.1000   0.0000  0.0000e+00  3.8400e-06  1.5028e-19  6.5402e-03
  0.5000
    1   0.0000   0.0000   0.0000  0.0000e+00  0.0000e+00  9.8667e-20 -8.0514e-03
    2   0.1000   0.0000   0.0000 -9.6000e-07  0.0000e+00 -9.8667e-20 -8.0514e-03
    3   0.1000   0.1000   0.0000 -9.6000e-07  4.8000e-06 -9.8667e-20  8.0514e-03
    4   0.0000   0.1000   0.0000  0.0000e+00  4.8000e-06  9.8667e-20  8.0514e-03
  0.6000
    1   0.0000   0.0000   0.0000  0.0000e+00  0.0000e+00  9.6844e-20 -9.4832e-03
    2   0.1000   0.0000   0.0000 -1.1520e-06  0.0000e+00 -9.6844e-20 -9.4832e-03
    3   0.1000   0.1000   0.0000 -1.1520e-06  5.7600e-06 -9.6844e-20  9.4832e-03
    4   0.0000   0.1000   0.0000  0.0000e+00  5.7600e-06  9.6844e-20  9.4832e-03
  0.7000
    1   0.0000   0.0000   0.0000  0.0000e+00  0.0000e+00 -2.3776e-19 -1.0823e-02
    2   0.1000   0.0000   0.0000 -1.3440e-06  0.0000e+00  3.7986e-19 -1.0823e-02
    3   0.1000   0.1000   0.0000 -1.3440e-06  6.7200e-06  1.8854e-19  1.0823e-02
    4   0.0000   0.1000   0.0000  0.0000e+00  6.7200e-06 -3.3064e-19  1.0823e-02
  0.8000
    1   0.0000   0.0000   0.0000  0.0000e+00  0.0000e+00  4.1469e-19 -1.2058e-02
    2   0.1000   0.0000   0.0000 -1.5360e-06  0.0000e+00 -2.7616e-19 -1.2058e-02
    3   0.1000   0.1000   0.0000 -1.5360e-06  7.6800e-06 -4.6268e-19  1.2058e-02
    4   0.0000   0.1000   0.0000  0.0000e+00  7.6800e-06  3.2415e-19  1.2058e-02
  0.9000
    1   0.0000   0.0000   0.0000  0.0000e+00  0.0000e+00 -3.5892e-19 -1.3180e-02
    2   0.1000   0.0000   0.0000 -1.7280e-06  0.0000e+00  3.5892e-19 -1.3180e-02
    3   0.1000   0.1000   0.0000 -1.7280e-06  8.6400e-06  3.5892e-19  1.3180e-02
    4   0.0000   0.1000   0.0000  0.0000e+00  8.6400e-06 -3.5892e-19  1.3180e-02
  1.0000
    1   0.0000   0.0000   0.0000  0.0000e+00  0.0000e+00  5.8300e-20 -1.4180e-02
    2   0.1000   0.0000   0.0000 -1.9200e-06  0.0000e+00  2.0236e-19 -1.4180e-02
    3   0.1000   0.1000   0.0000 -1.9200e-06  9.6000e-06 -5.4991e-19  1.4180e-02
    4   0.0000   0.1000   0.0000  0.0000e+00  9.6000e-06  2.8925e-19  1.4180e-02
  1.1000
    1   0.0000   0.0000   0.0000  0.0000e+00  0.0000e+00 -3.6113e-03 -1.7479e-02
    2   0.1000   0.0000   0.0000 -1.9200e-06  0.0000e+00 -3.6113e-03 -1.0256e-02
    3   0.1000   0.1000   0.0000  4.0800e-06  9.6000e-06  3.6113e-03  1.7479e-02
    4   0.0000   0.1000   0.0000  6.0000e-06  9.6000e-06  3.6113e-03  1.0256e-02
  1.2000
    1   0.0000   0.0000   0.0000  0.0000e+00  0.0000e+00 -6.7908e-03 -1.9829e-02
    2   0.1000   0.0000   0.0000 -1.9200e-06  0.0000e+00 -6.7908e-03 -6.2475e-03
    3   0.1000   0.1000   0.0000  1.0080e-05  9.6000e-06  6.7908e-03  1.9829e-02
    4   0.0000   0.1000   0.0000  1.2000e-05  9.6000e-06  6.7908e-03  6.2475e-03
  1.3000
    1   0.0000   0.0000   0.0000  0.0000e+00  0.0000e+00 -9.2786e-03 -2.1155e-02
    2   0.1000   0.0000   0.0000 -1.9200e-06  0.0000e+00 -9.2786e-03 -2.5980e-03
    3   0.1000   0.1000   0.0000  1.6080e-05  9.6000e-06  9.2786e-03  2.1155e-02
    4   0.0000   0.1000   0.0000  1.8000e-05  9.6000e-06  9.2786e-03  2.5980e-03
  1.4000
    1   0.0000   0.0000   0.0000  0.0000e+00  0.0000e+00 -1.0963e-02 -2.1487e-02
    2   0.1000   0.0000   0.0000 -1.9200e-06  0.0000e+00 -1.0963e-02  4.3851e-04
    3   0.1000   0.1000   0.0000  2.2080e-05  9.6000e-06  1.0963e-02  2.1487e-02
    4   0.0000   0.1000   0.0000  2.4000e-05  9.6000e-06  1.0963e-02 -4.3851e-04
  1.5000
    1   0.0000   0.0000   0.0000  0.0000e+00  0.0000e+00 -1.1868e-02 -2.0983e-02
    2   0.1000   0.0000   0.0000 -1.9200e-06  0.0000e+00 -1.1868e-02  2.7535e-03
    3   0.1000   0.1000   0.0000  2.8080e-05  9.6000e-06  1.1868e-02  2.0983e-02
    4   0.0000   0.1000   0.0000  3.0000e-05  9.6000e-06  1.1868e-02 -2.7535e-03
  1.6000
    1   0.0000   0.0000   0.0000  0.0000e+00  0.0000e+00 -1.2171e-02 -1.9961e-02
    2   0.1000   0.0000   0.0000 -1.9200e-06  0.0000e+00 -1.2171e-02  4.3817e-03
    3   0.1000   0.1000   0.0000  3.4080e-05  9.6000e-06  1.2171e-02  1.9961e-02
    4   0.0000   0.1000   0.0000  3.6000e-05  9.6000e-06  1.2171e-02 -4.3817e-03
  1.7000
    1   0.0000   0.0000   0.0000  0.0000e+00  0.0000e+00 -1.2022e-02 -1.8617e-02
    2   0.1000   0.0000   0.0000 -1.9200e-06  0.0000e+00 -1.2022e-02  5.4271e-03
    3   0.1000   0.1000   0.0000  4.0080e-05  9.6000e-06  1.2022e-02  1.8617e-02
    4   0.0000   0.1000   0.0000  4.2000e-05  9.6000e-06  1.2022e-02 -5.4271e-03
  1.8000
    1   0.0000   0.0000   0.0000  0.0000e+00  0.0000e+00 -1.1558e-02 -1.7105e-02
    2   0.1000   0.0000   0.0000 -1.9200e-06  0.0000e+00 -1.1558e-02  6.0100e-03
    3   0.1000   0.1000   0.0000  4.6080e-05  9.6000e-06  1.1558e-02  1.7105e-02
    4   0.0000   0.1000   0.0000  4.8000e-05  9.6000e-06  1.1558e-02 -6.0100e-03
  1.9000
    1   0.0000   0.0000   0.0000  0.0000e+00  0.0000e+00 -1.0893e-02 -1.5540e-02
    2   0.1000   0.0000   0.0000 -1.9200e-06  0.0000e+00 -1.0893e-02  6.2452e-03
    3   0.1000   0.1000   0.0000  5.2080e-05  9.6000e-06  1.0893e-02  1.5540e-02
    4   0.0000   0.1000   0.0000  5.4000e-05  9.6000e-06  1.0893e-02 -6.2452e-03
  2.0000
    1   0.0000   0.0000   0.0000  0.0000e+00  0.0000e+00 -1.0117e-02 -1.4001e-02
    2   0.1000   0.0000   0.0000 -1.9200e-06  0.0000e+00 -1.0117e-02  6.2318e-03
    3   0.1000   0.1000   0.0000  5.8080e-05  9.6000e-06  1.0117e-02  1.4001e-02
    4   0.0000   0.1000   0.0000  6.0000e-05  9.6000e-06  1.0117e-02 -6.2318e-03
