Time   0.1000
El      1  CPS4                                     EL1      0      1      2      3
   0.0789   0.0789  -1.9200e-06   9.6000e-06   0.0000e+00  -4.2352e-22  -7.7073e-18   3.3543e-01   0.0000e+00  -6.1658e-18
   0.0789   0.0211  -1.9200e-06   9.6000e-06   0.0000e+00  -4.2352e-22   1.0276e-17   3.3543e-01   0.0000e+00  -6.1658e-18
   0.0211   0.0789  -1.9200e-06   9.6000e-06   0.0000e+00  -1.0588e-22  -7.7073e-18   3.3543e-01   0.0000e+00  -1.5415e-18
   0.0211   0.0211  -1.9200e-06   9.6000e-06   0.0000e+00  -1.0588e-22   1.0276e-17   3.3543e-01   0.0000e+00  -1.5415e-18
Time   0.2000
El      1  CPS4                                     EL1      0      1      2      3
   0.0789   0.0789  -3.8400e-06   1.9200e-05   0.0000e+00   4.2352e-22  -3.5785e-17   6.6746e-01   0.0000e+00   6.1345e-18
   0.0789   0.0211  -3.8400e-06   1.9200e-05   0.0000e+00   4.2352e-22  -3.5785e-17   6.6746e-01   0.0000e+00   6.1345e-18
   0.0211   0.0789  -3.8400e-06   1.9200e-05   0.0000e+00   1.0588e-22  -3.5785e-17   6.6746e-01   0.0000e+00   1.5336e-18
   0.0211   0.0211  -3.8400e-06   1.9200e-05   0.0000e+00   1.0588e-22  -3.5785e-17   6.6746e-01   0.0000e+00   1.5336e-18
Time   0.3000
El      1  CPS4                                     EL1      0      1      2      3
   0.0789   0.0789  -5.7600e-06   2.8800e-05   0.0000e+00  -8.4703e-22  -7.0966e-17   9.9274e-01   0.0000e+00  -1.2166e-17
   0.0789   0.0211  -5.7600e-06   2.8800e-05   0.0000e+00  -8.4703e-22  -7.0966e-17   9.9274e-01   0.0000e+00  -1.2166e-17
   0.0211   0.0789  -5.7600e-06   2.8800e-05   0.0000e+00  -2.1176e-22  -7.0966e-17   9.9274e-01   0.0000e+00  -3.0414e-18
   0.0211   0.0211  -5.7600e-06   2.8800e-05   0.0000e+00  -2.1176e-22  -7.0966e-17   9.9274e-01   0.0000e+00  -3.0414e-18
Time   0.4000
El      1  CPS4                                     EL1      0      1      2      3
   0.0789   0.0789  -7.6800e-06   3.8400e-05   0.0000e+00   0.0000e+00  -3.0055e-17   1.3080e+00   0.0000e+00   0.0000e+00
   0.0789   0.0211  -7.6800e-06   3.8400e-05   0.0000e+00   0.0000e+00  -3.0055e-17   1.3080e+00   0.0000e+00   0.0000e+00
   0.0211   0.0789  -7.6800e-06   3.8400e-05   0.0000e+00   0.0000e+00  -3.0055e-17   1.3080e+00   0.0000e+00   0.0000e+00
   0.0211   0.0211  -7.6800e-06   3.8400e-05   0.0000e+00   0.0000e+00  -3.0055e-17   1.3080e+00   0.0000e+00   0.0000e+00
Time   0.5000
El      1  CPS4                                     EL1      0      1      2      3
   0.0789   0.0789  -9.6000e-06   4.8000e-05   0.0000e+00   0.0000e+00  -1.9733e-17   1.6103e+00   0.0000e+00   0.0000e+00
   0.0789   0.0211  -9.6000e-06   4.8000e-05   0.0000e+00   0.0000e+00  -1.9733e-17   1.6103e+00   0.0000e+00   0.0000e+00
   0.0211   0.0789  -9.6000e-06   4.8000e-05   0.0000e+00   0.0000e+00  -1.9733e-17   1.6103e+00   0.0000e+00   0.0000e+00
   0.0211   0.0211  -9.6000e-06   4.8000e-05   0.0000e+00   0.0000e+00  -1.9733e-17   1.6103e+00   0.0000e+00   0.0000e+00
Time   0.6000
El      1  CPS4                                     EL1      0      1      2      3
   0.0789   0.0789  -1.1520e-05   5.7600e-05   0.0000e+00   0.0000e+00  -1.9369e-17   1.8966e+00   0.0000e+00   0.0000e+00
   0.0789   0.0211  -1.1520e-05   5.7600e-05   0.0000e+00   0.0000e+00  -1.9369e-17   1.8966e+00   0.0000e+00   0.0000e+00
   0.0211   0.0789  -1.1520e-05   5.7600e-05   0.0000e+00   0.0000e+00  -1.9369e-17   1.8966e+00   0.0000e+00   0.0000e+00
   0.0211   0.0211  -1.1520e-05   5.7600e-05   0.0000e+00   0.0000e+00  -1.9369e-17   1.8966e+00   0.0000e+00   0.0000e+00
Time   0.7000
El      1  CPS4                                     EL1      0      1      2      3
   0.0789   0.0789  -1.3440e-05   6.7200e-05   0.0000e+00  -1.6941e-21   5.6840e-17   2.1645e+00   0.0000e+00  -2.2736e-17
   0.0789   0.0211  -1.3440e-05   6.7200e-05   0.0000e+00  -1.6941e-21   5.6840e-17   2.1645e+00   0.0000e+00  -2.2736e-17
   0.0211   0.0789  -1.3440e-05   6.7200e-05   0.0000e+00  -4.2352e-22   5.6840e-17   2.1645e+00   0.0000e+00  -5.6840e-18
   0.0211   0.0211  -1.3440e-05   6.7200e-05   0.0000e+00  -4.2352e-22   5.6840e-17   2.1645e+00   0.0000e+00  -5.6840e-18
Time   0.8000
El      1  CPS4                                     EL1      0      1      2      3
   0.0789   0.0789  -1.5360e-05   7.6800e-05   0.0000e+00  -1.6941e-21  -7.3884e-17   2.4116e+00   0.0000e+00  -2.2165e-17
   0.0789   0.0211  -1.5360e-05   7.6800e-05   0.0000e+00  -1.6941e-21  -7.3884e-17   2.4116e+00   0.0000e+00  -2.2165e-17
   0.0211   0.0789  -1.5360e-05   7.6800e-05   0.0000e+00  -4.2352e-22  -7.3884e-17   2.4116e+00   0.0000e+00  -5.5413e-18
   0.0211   0.0211  -1.5360e-05   7.6800e-05   0.0000e+00  -4.2352e-22  -7.3884e-17   2.4116e+00   0.0000e+00  -5.5413e-18
Time   0.9000
El      1  CPS4                                     EL1      0      1      2      3
   0.0789   0.0789  -1.7280e-05   8.6400e-05   0.0000e+00   0.0000e+00   7.1785e-17   2.6360e+00   0.0000e+00   0.0000e+00
   0.0789   0.0211  -1.7280e-05   8.6400e-05   0.0000e+00   0.0000e+00   7.1785e-17   2.6360e+00   0.0000e+00   0.0000e+00
   0.0211   0.0789  -1.7280e-05   8.6400e-05   0.0000e+00   0.0000e+00   7.1785e-17   2.6360e+00   0.0000e+00   0.0000e+00
   0.0211   0.0211  -1.7280e-05   8.6400e-05   0.0000e+00   0.0000e+00   7.1785e-17   2.6360e+00   0.0000e+00   0.0000e+00
Time   1.0000
El      1  CPS4                                     EL1      0      1      2      3
   0.0789   0.0789  -1.9200e-05   9.6000e-05   0.0000e+00  -3.3881e-21  -1.0426e-16   2.8361e+00   0.0000e+00  -4.1706e-17
   0.0789   0.0211  -1.9200e-05   9.6000e-05   0.0000e+00  -3.3881e-21   3.4755e-17   2.8361e+00   0.0000e+00  -4.1706e-17
   0.0211   0.0789  -1.9200e-05   9.6000e-05   0.0000e+00  -8.4703e-22  -1.0426e-16   2.8361e+00   0.0000e+00  -1.0426e-17
   0.0211   0.0211  -1.9200e-05   9.6000e-05   0.0000e+00  -8.4703e-22   3.4755e-17   2.8361e+00   0.0000e+00  -1.0426e-17
Time   1.1000
El      1  CPS4                                     EL1      0      1      2      3
   0.0789   0.0789  -1.9200e-05   9.6000e-05   0.0000e+00   6.0000e-05  -2.0393e-16   2.7735e+00   0.0000e+00   7.2226e-01
   0.0789   0.0211  -1.9200e-05   9.6000e-05   0.0000e+00   6.0000e-05  -1.0196e-16   2.7735e+00   0.0000e+00   7.2226e-01
   0.0211   0.0789  -1.9200e-05   9.6000e-05   0.0000e+00   6.0000e-05  -2.0393e-16   2.7735e+00   0.0000e+00   7.2226e-01
   0.0211   0.0211  -1.9200e-05   9.6000e-05   0.0000e+00   6.0000e-05  -1.0196e-16   2.7735e+00   0.0000e+00   7.2226e-01
Time   1.2000
El      1  CPS4                                     EL1      0      1      2      3
   0.0789   0.0789  -1.9200e-05   9.6000e-05   0.0000e+00   1.2000e-04   1.5978e-16   2.6077e+00   0.0000e+00   1.3582e+00
   0.0789   0.0211  -1.9200e-05   9.6000e-05   0.0000e+00   1.2000e-04  -9.5867e-17   2.6077e+00   0.0000e+00   1.3582e+00
   0.0211   0.0789  -1.9200e-05   9.6000e-05   0.0000e+00   1.2000e-04   1.5978e-16   2.6077e+00   0.0000e+00   1.3582e+00
   0.0211   0.0211  -1.9200e-05   9.6000e-05   0.0000e+00   1.2000e-04  -9.5867e-17   2.6077e+00   0.0000e+00   1.3582e+00
Time   1.3000
El      1  CPS4                                     EL1      0      1      2      3
   0.0789   0.0789  -1.9200e-05   9.6000e-05   0.0000e+00   1.8000e-04   1.4554e-16   2.3753e+00   0.0000e+00   1.8557e+00
   0.0789   0.0211  -1.9200e-05   9.6000e-05   0.0000e+00   1.8000e-04  -8.7325e-17   2.3753e+00   0.0000e+00   1.8557e+00
   0.0211   0.0789  -1.9200e-05   9.6000e-05   0.0000e+00   1.8000e-04   1.4554e-16   2.3753e+00   0.0000e+00   1.8557e+00
   0.0211   0.0211  -1.9200e-05   9.6000e-05   0.0000e+00   1.8000e-04  -8.7325e-17   2.3753e+00   0.0000e+00   1.8557e+00
Time   1.4000
El      1  CPS4                                     EL1      0      1      2      3
   0.0789   0.0789  -1.9200e-05   9.6000e-05   0.0000e+00   2.4000e-04   1.2897e-16   2.1048e+00   0.0000e+00   2.1925e+00
   0.0789   0.0211  -1.9200e-05   9.6000e-05   0.0000e+00   2.4000e-04  -7.7381e-17   2.1048e+00   0.0000e+00   2.1925e+00
   0.0211   0.0789  -1.9200e-05   9.6000e-05   0.0000e+00   2.4000e-04   1.2897e-16   2.1048e+00   0.0000e+00   2.1925e+00
   0.0211   0.0211  -1.9200e-05   9.6000e-05   0.0000e+00   2.4000e-04  -7.7381e-17   2.1048e+00   0.0000e+00   2.1925e+00
Time   1.5000
El      1  CPS4                                     EL1      0      1      2      3
   0.0789   0.0789  -1.9200e-05   9.6000e-05   0.0000e+00   3.0000e-04   1.1170e-16   1.8230e+00   0.0000e+00   2.3737e+00
   0.0789   0.0211  -1.9200e-05   9.6000e-05   0.0000e+00   3.0000e-04  -6.7019e-17   1.8230e+00   0.0000e+00   2.3737e+00
   0.0211   0.0789  -1.9200e-05   9.6000e-05   0.0000e+00   3.0000e-04   1.1170e-16   1.8230e+00   0.0000e+00   2.3737e+00
   0.0211   0.0211  -1.9200e-05   9.6000e-05   0.0000e+00   3.0000e-04  -6.7019e-17   1.8230e+00   0.0000e+00   2.3737e+00
Time   1.6000
El      1  CPS4                                     EL1      0      1      2      3
   0.0789   0.0789  -1.9200e-05   9.6000e-05   0.0000e+00   3.6000e-04  -3.2456e-16   1.5579e+00   0.0000e+00   2.4343e+00
   0.0789   0.0211  -1.9200e-05   9.6000e-05   0.0000e+00   3.6000e-04   9.5458e-17   1.5579e+00   0.0000e+00   2.4343e+00
   0.0211   0.0789  -1.9200e-05   9.6000e-05   0.0000e+00   3.6000e-04  -3.2456e-16   1.5579e+00   0.0000e+00   2.4343e+00
   0.0211   0.0211  -1.9200e-05   9.6000e-05   0.0000e+00   3.6000e-04   9.5458e-17   1.5579e+00   0.0000e+00   2.4343e+00
Time   1.7000
El      1  CPS4                                     EL1      0      1      2      3
   0.0789   0.0789  -1.9200e-05   9.6000e-05   0.0000e+00   4.2000e-04  -2.7478e-16   1.3190e+00   0.0000e+00   2.4044e+00
   0.0789   0.0211  -1.9200e-05   9.6000e-05   0.0000e+00   4.2000e-04   8.0818e-17   1.3190e+00   0.0000e+00   2.4044e+00
   0.0211   0.0789  -1.9200e-05   9.6000e-05   0.0000e+00   4.2000e-04  -2.7478e-16   1.3190e+00   0.0000e+00   2.4044e+00
   0.0211   0.0211  -1.9200e-05   9.6000e-05   0.0000e+00   4.2000e-04   8.0818e-17   1.3190e+00   0.0000e+00   2.4044e+00
Time   1.8000
El      1  CPS4                                     EL1      0      1      2      3
   0.0789   0.0789  -1.9200e-05   9.6000e-05   0.0000e+00   4.8000e-04  -2.3115e-16   1.1095e+00   0.0000e+00   2.3115e+00
   0.0789   0.0211  -1.9200e-05   9.6000e-05   0.0000e+00   4.8000e-04  -8.1581e-17   1.1095e+00   0.0000e+00   2.3115e+00
   0.0211   0.0789  -1.9200e-05   9.6000e-05   0.0000e+00   4.8000e-04  -2.3115e-16   1.1095e+00   0.0000e+00   2.3115e+00
   0.0211   0.0211  -1.9200e-05   9.6000e-05   0.0000e+00   4.8000e-04  -8.1581e-17   1.1095e+00   0.0000e+00   2.3115e+00
Time   1.9000
El      1  CPS4                                     EL1      0      1      2      3
   0.0789   0.0789  -1.9200e-05   9.6000e-05   0.0000e+00   5.4000e-04  -1.9364e-16   9.2952e-01   0.0000e+00   2.1786e+00
   0.0789   0.0211  -1.9200e-05   9.6000e-05   0.0000e+00   5.4000e-04  -6.8345e-17   9.2952e-01   0.0000e+00   2.1786e+00
   0.0211   0.0789  -1.9200e-05   9.6000e-05   0.0000e+00   5.4000e-04  -1.9364e-16   9.2952e-01   0.0000e+00   2.1786e+00
   0.0211   0.0211  -1.9200e-05   9.6000e-05   0.0000e+00   5.4000e-04  -6.8345e-17   9.2952e-01   0.0000e+00   2.1786e+00
Time   2.0000
El      1  CPS4                                     EL1      0      1      2      3
   0.0789   0.0789  -1.9200e-05   9.6000e-05   0.0000e+00   6.0000e-04  -1.6186e-16   7.7695e-01   0.0000e+00   2.0233e+00
   0.0789   0.0211  -1.9200e-05   9.6000e-05   0.0000e+00   6.0000e-04   4.7606e-17   7.7695e-01   0.0000e+00   2.0233e+00
   0.0211   0.0789  -1.9200e-05   9.6000e-05   0.0000e+00   6.0000e-04  -1.6186e-16   7.7695e-01   0.0000e+00   2.0233e+00
   0.0211   0.0211  -1.9200e-05   9.6000e-05   0.0000e+00   6.0000e-04   4.7606e-17   7.7695e-01   0.0000e+00   2.0233e+00
