Time,   0.2000
     1,  EL1,       LUBL,   CPS4,   0,     0.0079,    0.0079,  8.000000e-05, -1.600000e-05, -1.600000e-05, -1.694066e-21,  2.800000e+00, -1.110223e-16,  5.551115e-17, -2.470513e-17,
     1,  EL1,       LUBL,   CPS4,   1,     0.0079,    0.0021,  8.000000e-05, -1.600000e-05, -1.600000e-05, -4.235165e-22,  2.800000e+00, -1.110223e-16,  5.551115e-17, -6.176282e-18,
     1,  EL1,       LUBL,   CPS4,   2,     0.0021,    0.0079,  8.000000e-05, -1.600000e-05, -1.600000e-05, -1.694066e-21,  2.800000e+00,  0.000000e+00, -2.775558e-17, -2.470513e-17,
     1,  EL1,       LUBL,   CPS4,   3,     0.0021,    0.0021,  8.000000e-05, -1.600000e-05, -1.600000e-05, -4.235165e-22,  2.800000e+00,  0.000000e+00, -2.775558e-17, -6.176282e-18,
Time,   0.4000
     1,  EL1,       LUBL,   CPS4,   0,     0.0079,    0.0079,  1.600000e-04, -4.243232e-05, -4.249381e-05,  1.192603e-08,  3.501430e+00,  1.481457e-04, -9.785424e-04,  3.772417e-07,
     1,  EL1,       LUBL,   CPS4,   1,     0.0079,    0.0021,  1.600000e-04, -4.243232e-05, -4.249373e-05,  3.195570e-09,  3.501435e+00,  1.535996e-04, -9.785350e-04,  1.006511e-07,
     1,  EL1,       LUBL,   CPS4,   2,     0.0021,    0.0079,  1.600000e-04, -4.244105e-05, -4.249089e-05,  1.192603e-08,  3.501411e+00, -1.526107e-04, -9.780265e-04,  4.154262e-06,
     1,  EL1,       LUBL,   CPS4,   3,     0.0021,    0.0021,  1.600000e-04, -4.244105e-05, -4.249081e-05,  3.195570e-09,  3.501417e+00, -1.471588e-04, -9.780192e-04,  1.112738e-06,
Time,   0.6000
     1,  EL1,       LUBL,   CPS4,   0,     0.0079,    0.0079,  2.400000e-04, -7.237581e-05, -7.245560e-05, -1.196490e-08,  3.501078e+00, -1.661455e-04, -9.757370e-04, -6.846274e-06,
     1,  EL1,       LUBL,   CPS4,   1,     0.0079,    0.0021,  2.400000e-04, -7.237581e-05, -7.245543e-05, -3.205984e-09,  3.501093e+00, -1.530752e-04, -9.757399e-04, -1.834187e-06,
     1,  EL1,       LUBL,   CPS4,   2,     0.0021,    0.0079,  2.400000e-04, -7.236705e-05, -7.245809e-05, -1.196490e-08,  3.501097e+00,  1.542108e-04, -9.762895e-04,  2.613361e-06,
     1,  EL1,       LUBL,   CPS4,   3,     0.0021,    0.0021,  2.400000e-04, -7.236705e-05, -7.245793e-05, -3.205984e-09,  3.501113e+00,  1.672834e-04, -9.762922e-04,  7.006300e-07,
Time,   0.8000
     1,  EL1,       LUBL,   CPS4,   0,     0.0079,    0.0079,  3.200000e-04, -1.023435e-04, -1.024054e-04, -8.803017e-10,  3.496335e+00, -3.203186e-06,  2.959966e-05, -7.879809e-06,
     1,  EL1,       LUBL,   CPS4,   1,     0.0079,    0.0021,  3.200000e-04, -1.023435e-04, -1.024062e-04, -2.358761e-10,  3.496192e+00,  5.389824e-05,  2.960179e-05, -2.096569e-06,
     1,  EL1,       LUBL,   CPS4,   2,     0.0021,    0.0079,  3.200000e-04, -1.023429e-04, -1.024074e-04, -8.803017e-10,  3.496163e+00,  1.683524e-05,  2.960274e-05,  7.078055e-06,
     1,  EL1,       LUBL,   CPS4,   3,     0.0021,    0.0021,  3.200000e-04, -1.023429e-04, -1.024072e-04, -2.358761e-10,  3.496191e+00,  3.676137e-05,  2.960365e-05,  1.899647e-06,
Time,   1.0000
     1,  EL1,       LUBL,   CPS4,   0,     0.0079,    0.0079,  4.000000e-04, -1.323332e-04, -1.323970e-04,  1.888063e-09,  3.487236e+00, -2.760427e-06,  2.969651e-05, -8.887931e-06,
     1,  EL1,       LUBL,   CPS4,   1,     0.0079,    0.0021,  4.000000e-04, -1.323332e-04, -1.323982e-04,  5.059049e-10,  3.487107e+00,  4.177961e-05,  2.969681e-05, -2.372159e-06,
     1,  EL1,       LUBL,   CPS4,   2,     0.0021,    0.0079,  4.000000e-04, -1.323346e-04, -1.323970e-04,  1.888063e-09,  3.487067e+00,  1.957016e-05,  2.969209e-05,  9.294145e-06,
     1,  EL1,       LUBL,   CPS4,   3,     0.0021,    0.0021,  4.000000e-04, -1.323346e-04, -1.323968e-04,  5.059049e-10,  3.487107e+00,  4.303430e-05,  2.969224e-05,  2.492268e-06,
Time,   1.2000
     1,  EL1,       LUBL,   CPS4,   0,     0.0079,    0.0079,  3.200000e-04, -1.163337e-04, -1.163977e-04,  2.056621e-09,  8.073347e-01, -2.601401e-05, -1.394661e-16, -6.535234e-06,
     1,  EL1,       LUBL,   CPS4,   1,     0.0079,    0.0021,  3.200000e-04, -1.163337e-04, -1.163989e-04,  5.510700e-10,  8.072070e-01,  1.852597e-05, -1.328248e-16, -1.741756e-06,
     1,  EL1,       LUBL,   CPS4,   2,     0.0021,    0.0079,  3.200000e-04, -1.163352e-04, -1.163976e-04,  2.056621e-09,  8.071666e-01, -7.988029e-06, -1.394660e-16,  1.164684e-05,
     1,  EL1,       LUBL,   CPS4,   3,     0.0021,    0.0021,  3.200000e-04, -1.163352e-04, -1.163974e-04,  5.510700e-10,  8.072064e-01,  1.547606e-05, -6.641239e-18,  3.122671e-06,
Time,   1.4000
     1,  EL1,       LUBL,   CPS4,   0,     0.0079,    0.0079,  2.400000e-04, -1.003337e-04, -1.003977e-04,  2.056621e-09, -1.872556e+00, -2.601401e-05, -7.969491e-17, -6.535234e-06,
     1,  EL1,       LUBL,   CPS4,   1,     0.0079,    0.0021,  2.400000e-04, -1.003337e-04, -1.003989e-04,  5.510700e-10, -1.872682e+00,  1.852597e-05, -1.062598e-16, -1.741756e-06,
     1,  EL1,       LUBL,   CPS4,   2,     0.0021,    0.0079,  2.400000e-04, -1.003352e-04, -1.003976e-04,  2.056621e-09, -1.872722e+00, -7.988029e-06,  2.390846e-16,  1.164684e-05,
     1,  EL1,       LUBL,   CPS4,   3,     0.0021,    0.0021,  2.400000e-04, -1.003352e-04, -1.003974e-04,  5.510700e-10, -1.872683e+00,  1.547606e-05, -1.859547e-16,  3.122671e-06,
Time,   1.6000
     1,  EL1,       LUBL,   CPS4,   0,     0.0079,    0.0079,  1.600000e-04, -8.433367e-05, -8.439773e-05,  2.056621e-09, -4.552447e+00, -2.601401e-05, -1.062599e-16, -6.535234e-06,
     1,  EL1,       LUBL,   CPS4,   1,     0.0079,    0.0021,  1.600000e-04, -8.433367e-05, -8.439886e-05,  5.510700e-10, -4.552572e+00,  1.852597e-05,  0.000000e+00, -1.741756e-06,
     1,  EL1,       LUBL,   CPS4,   2,     0.0021,    0.0079,  1.600000e-04, -8.433518e-05, -8.439765e-05,  2.056621e-09, -4.552612e+00, -7.988029e-06, -1.062598e-16,  1.164684e-05,
     1,  EL1,       LUBL,   CPS4,   3,     0.0021,    0.0021,  1.600000e-04, -8.433518e-05, -8.439742e-05,  5.510700e-10, -4.552573e+00,  1.547606e-05, -1.062598e-16,  3.122671e-06,
Time,   1.8000
     1,  EL1,       LUBL,   CPS4,   0,     0.0079,    0.0079,  8.000000e-05, -6.833367e-05, -6.839773e-05,  2.056621e-09, -7.232339e+00, -2.601401e-05,  2.656497e-16, -6.535234e-06,
     1,  EL1,       LUBL,   CPS4,   1,     0.0079,    0.0021,  8.000000e-05, -6.833367e-05, -6.839886e-05,  5.510700e-10, -7.232461e+00,  1.852597e-05,  0.000000e+00, -1.741756e-06,
     1,  EL1,       LUBL,   CPS4,   2,     0.0021,    0.0079,  8.000000e-05, -6.833518e-05, -6.839765e-05,  2.056621e-09, -7.232501e+00, -7.988029e-06,  0.000000e+00,  1.164684e-05,
     1,  EL1,       LUBL,   CPS4,   3,     0.0021,    0.0021,  8.000000e-05, -6.833518e-05, -6.839742e-05,  5.510700e-10, -7.232462e+00,  1.547606e-05, -2.125196e-16,  3.122671e-06,
Time,   2.0000
     1,  EL1,       LUBL,   CPS4,   0,     0.0079,    0.0079, -5.327043e-19, -5.233367e-05, -5.239773e-05,  2.056621e-09, -9.912230e+00, -2.601401e-05, -2.125198e-16, -6.535234e-06,
     1,  EL1,       LUBL,   CPS4,   1,     0.0079,    0.0021, -5.327043e-19, -5.233367e-05, -5.239886e-05,  5.510700e-10, -9.912351e+00,  1.852597e-05, -1.062598e-16, -1.741756e-06,
     1,  EL1,       LUBL,   CPS4,   2,     0.0021,    0.0079, -5.327043e-19, -5.233518e-05, -5.239765e-05,  2.056621e-09, -9.912390e+00, -7.988029e-06,  0.000000e+00,  1.164684e-05,
     1,  EL1,       LUBL,   CPS4,   3,     0.0021,    0.0021, -5.327043e-19, -5.233518e-05, -5.239742e-05,  5.510700e-10, -9.912352e+00,  1.547606e-05,  2.125196e-16,  3.122671e-06,
Time,   2.2000
     1,  EL1,       LUBL,   CPS4,   0,     0.0079,    0.0079,  4.040663e-04, -6.523337e-04, -3.414313e-06,  1.485919e-09,  9.836300e-05, -1.811674e+01,  0.000000e+00, -1.450095e-05,
     1,  EL1,       LUBL,   CPS4,   1,     0.0079,    0.0021,  4.040667e-04, -6.523337e-04, -3.415542e-06, -1.963177e-11, -1.431144e-05, -1.811669e+01,  0.000000e+00, -9.707472e-06,
     1,  EL1,       LUBL,   CPS4,   2,     0.0021,    0.0079,  4.040663e-04, -6.523352e-04, -3.414227e-06,  1.903702e-09, -6.913719e-05, -1.811671e+01,  0.000000e+00,  9.512433e-06,
     1,  EL1,       LUBL,   CPS4,   3,     0.0021,    0.0021,  4.040667e-04, -6.523352e-04, -3.414102e-06,  3.981509e-10, -1.491437e-05, -1.811669e+01,  0.000000e+00,  9.882634e-07,
Time,   2.4000
     1,  EL1,       LUBL,   CPS4,   0,     0.0079,    0.0079,  6.968059e-04, -1.252334e-03,  2.892971e-04,  1.496681e-09,  5.405026e-05, -2.489794e+01, -4.465457e-04, -1.001152e-05,
     1,  EL1,       LUBL,   CPS4,   1,     0.0079,    0.0021,  6.968063e-04, -1.252334e-03,  2.892970e-04, -8.870451e-12, -2.306249e-05, -2.489785e+01, -4.465351e-04, -6.698466e-06,
     1,  EL1,       LUBL,   CPS4,   2,     0.0021,    0.0079,  6.968059e-04, -1.252335e-03,  2.892989e-04,  1.906586e-09, -6.027348e-05, -2.489787e+01, -4.465342e-04,  6.577489e-06,
     1,  EL1,       LUBL,   CPS4,   3,     0.0021,    0.0021,  6.968063e-04, -1.252335e-03,  2.892984e-04,  4.010344e-10, -2.347534e-05, -2.489785e+01, -4.465351e-04,  6.859653e-07,
Time,   2.6000
     1,  EL1,       LUBL,   CPS4,   0,     0.0079,    0.0079,  1.063762e-03, -1.852334e-03,  6.562372e-04,  1.473394e-09,  2.778583e-05, -2.590917e+01, -4.293334e-04, -6.075350e-06,
     1,  EL1,       LUBL,   CPS4,   1,     0.0079,    0.0021,  1.063762e-03, -1.852334e-03,  6.562381e-04, -3.215740e-11, -1.762897e-05, -2.590907e+01, -4.293300e-04, -4.069947e-06,
     1,  EL1,       LUBL,   CPS4,   2,     0.0021,    0.0079,  1.063762e-03, -1.852335e-03,  6.562405e-04,  1.900346e-09, -4.019444e-05, -2.590907e+01, -4.293296e-04,  3.977219e-06,
     1,  EL1,       LUBL,   CPS4,   3,     0.0021,    0.0021,  1.063762e-03, -1.852335e-03,  6.562396e-04,  3.947947e-10, -1.787579e-05, -2.590907e+01, -4.293300e-04,  4.110926e-07,
Time,   2.8000
     1,  EL1,       LUBL,   CPS4,   0,     0.0079,    0.0079,  1.430939e-03, -2.452334e-03,  1.023400e-03,  1.514165e-09,  9.833540e-06, -2.685007e+01, -4.137372e-04, -3.756228e-06,
     1,  EL1,       LUBL,   CPS4,   1,     0.0079,    0.0021,  1.430939e-03, -2.452334e-03,  1.023401e-03,  8.613980e-12, -1.838924e-05, -2.684996e+01, -4.137366e-04, -2.509324e-06,
     1,  EL1,       LUBL,   CPS4,   2,     0.0021,    0.0079,  1.430939e-03, -2.452335e-03,  1.023404e-03,  1.911270e-09, -3.165639e-05, -2.684995e+01, -4.137362e-04,  2.478600e-06,
     1,  EL1,       LUBL,   CPS4,   3,     0.0021,    0.0021,  1.430939e-03, -2.452335e-03,  1.023403e-03,  4.057193e-10, -1.854097e-05, -2.684996e+01, -4.137366e-04,  2.612955e-07,
Time,   3.0000
     1,  EL1,       LUBL,   CPS4,   0,     0.0079,    0.0079,  1.798334e-03, -3.052334e-03,  1.390781e-03,  1.521370e-09,  2.533060e-06, -2.772366e+01, -3.994731e-04, -2.387288e-06,
     1,  EL1,       LUBL,   CPS4,   1,     0.0079,    0.0021,  1.798334e-03, -3.052334e-03,  1.390783e-03,  1.581924e-11, -1.515004e-05, -2.772354e+01, -3.994730e-04, -1.593384e-06,
     1,  EL1,       LUBL,   CPS4,   2,     0.0021,    0.0079,  1.798334e-03, -3.052335e-03,  1.390786e-03,  1.913201e-09, -2.333411e-05, -2.772353e+01, -3.994727e-04,  1.579268e-06,
     1,  EL1,       LUBL,   CPS4,   3,     0.0021,    0.0021,  1.798334e-03, -3.052335e-03,  1.390785e-03,  4.076500e-10, -1.524566e-05, -2.772354e+01, -3.994730e-04,  1.675170e-07,
Time,   3.2000
     1,  EL1,       LUBL,   CPS4,   0,     0.0079,    0.0079,  2.165944e-03, -3.652334e-03,  1.758379e-03,  1.527258e-09, -1.473576e-06, -2.853284e+01, -3.863239e-04, -1.548979e-06,
     1,  EL1,       LUBL,   CPS4,   1,     0.0079,    0.0021,  2.165944e-03, -3.652334e-03,  1.758381e-03,  2.170648e-11, -1.275098e-05, -2.853272e+01, -3.863238e-04, -1.032711e-06,
     1,  EL1,       LUBL,   CPS4,   2,     0.0021,    0.0079,  2.165944e-03, -3.652335e-03,  1.758384e-03,  1.914779e-09, -1.787056e-05, -2.853271e+01, -3.863236e-04,  1.027901e-06,
     1,  EL1,       LUBL,   CPS4,   3,     0.0021,    0.0021,  2.165944e-03, -3.652335e-03,  1.758382e-03,  4.092274e-10, -1.281259e-05, -2.853272e+01, -3.863238e-04,  1.098575e-07,
Time,   3.4000
     1,  EL1,       LUBL,   CPS4,   0,     0.0079,    0.0079,  2.533765e-03, -4.252334e-03,  2.126189e-03,  1.532410e-09, -3.621263e-06, -2.928043e+01, -3.741197e-04, -1.023570e-06,
     1,  EL1,       LUBL,   CPS4,   1,     0.0079,    0.0021,  2.533766e-03, -4.252334e-03,  2.126191e-03,  2.685916e-11, -1.091148e-05, -2.928031e+01, -3.741195e-04, -6.814338e-07,
     1,  EL1,       LUBL,   CPS4,   2,     0.0021,    0.0079,  2.533765e-03, -4.252335e-03,  2.126194e-03,  1.916159e-09, -1.413758e-05, -2.928030e+01, -3.741194e-04,  6.819891e-07,
     1,  EL1,       LUBL,   CPS4,   3,     0.0021,    0.0021,  2.533766e-03, -4.252335e-03,  2.126193e-03,  4.106081e-10, -1.095200e-05, -2.928031e+01, -3.741195e-04,  7.359449e-08,
Time,   3.6000
     1,  EL1,       LUBL,   CPS4,   0,     0.0079,    0.0079,  2.901796e-03, -4.852334e-03,  2.494208e-03,  1.537089e-09, -4.704699e-06, -2.996913e+01, -3.627260e-04, -6.873716e-07,
     1,  EL1,       LUBL,   CPS4,   1,     0.0079,    0.0021,  2.901796e-03, -4.852334e-03,  2.494211e-03,  3.153812e-11, -9.459943e-06, -2.996900e+01, -3.627258e-04, -4.567356e-07,
     1,  EL1,       LUBL,   CPS4,   2,     0.0021,    0.0079,  2.901796e-03, -4.852335e-03,  2.494214e-03,  1.917413e-09, -1.149057e-05, -2.996899e+01, -3.627257e-04,  4.604330e-07,
     1,  EL1,       LUBL,   CPS4,   3,     0.0021,    0.0021,  2.901796e-03, -4.852335e-03,  2.494212e-03,  4.118618e-10, -9.487084e-06, -2.996900e+01, -3.627258e-04,  5.031253e-08,
Time,   3.8000
     1,  EL1,       LUBL,   CPS4,   0,     0.0079,    0.0079,  3.270032e-03, -5.452334e-03,  2.862434e-03,  1.540517e-09, -7.450949e-06, -3.060153e+01, -3.520347e-04, -4.682007e-07,
     1,  EL1,       LUBL,   CPS4,   1,     0.0079,    0.0021,  3.270033e-03, -5.452334e-03,  2.862437e-03,  3.496559e-11, -1.056326e-05, -3.060140e+01, -3.520346e-04, -3.103088e-07,
     1,  EL1,       LUBL,   CPS4,   2,     0.0021,    0.0079,  3.270032e-03, -5.452335e-03,  2.862440e-03,  1.918331e-09, -1.182405e-05, -3.060139e+01, -3.520344e-04,  3.158433e-07,
     1,  EL1,       LUBL,   CPS4,   3,     0.0021,    0.0021,  3.270033e-03, -5.452335e-03,  2.862438e-03,  4.127802e-10, -1.058176e-05, -3.060140e+01, -3.520346e-04,  3.507820e-08,
Time,   4.0000
     1,  EL1,       LUBL,   CPS4,   0,     0.0079,    0.0079,  3.638472e-03, -6.052334e-03,  3.230864e-03,  1.544686e-09, -7.420028e-06, -3.118013e+01, -3.419574e-04, -3.228360e-07,
     1,  EL1,       LUBL,   CPS4,   1,     0.0079,    0.0021,  3.638472e-03, -6.052334e-03,  3.230866e-03,  3.913531e-11, -9.448685e-06, -3.118001e+01, -3.419572e-04, -2.132149e-07,
     1,  EL1,       LUBL,   CPS4,   2,     0.0021,    0.0079,  3.638472e-03, -6.052335e-03,  3.230869e-03,  1.919449e-09, -1.020488e-05, -3.118000e+01, -3.419571e-04,  2.198791e-07,
     1,  EL1,       LUBL,   CPS4,   3,     0.0021,    0.0021,  3.638472e-03, -6.052335e-03,  3.230868e-03,  4.138975e-10, -9.461505e-06, -3.118001e+01, -3.419572e-04,  2.495032e-08,
Time,   4.2000
     1,  EL1,       LUBL,   CPS4,   0,     0.0079,    0.0079,  4.007112e-03, -6.652334e-03,  3.599494e-03,  1.548716e-09, -7.204474e-06, -3.170736e+01, -3.324217e-04, -2.249373e-07,
     1,  EL1,       LUBL,   CPS4,   1,     0.0079,    0.0021,  4.007112e-03, -6.652334e-03,  3.599497e-03,  4.316440e-11, -8.506963e-06, -3.170724e+01, -3.324215e-04, -1.478462e-07,
     1,  EL1,       LUBL,   CPS4,   2,     0.0021,    0.0079,  4.007112e-03, -6.652335e-03,  3.599500e-03,  1.920528e-09, -8.926920e-06, -3.170723e+01, -3.324214e-04,  1.551913e-07,
     1,  EL1,       LUBL,   CPS4,   3,     0.0021,    0.0021,  4.007112e-03, -6.652335e-03,  3.599498e-03,  4.149771e-10, -8.515987e-06, -3.170724e+01, -3.324215e-04,  1.810806e-08,
Time,   4.4000
     1,  EL1,       LUBL,   CPS4,   0,     0.0079,    0.0079,  4.375949e-03, -7.252334e-03,  3.968322e-03,  1.552644e-09, -6.892425e-06, -3.218553e+01, -3.233675e-04, -1.580688e-07,
     1,  EL1,       LUBL,   CPS4,   1,     0.0079,    0.0021,  4.375949e-03, -7.252334e-03,  3.968324e-03,  4.709282e-11, -7.701199e-06, -3.218541e+01, -3.233673e-04, -1.032123e-07,
     1,  EL1,       LUBL,   CPS4,   2,     0.0021,    0.0079,  4.375949e-03, -7.252335e-03,  3.968327e-03,  1.921581e-09, -7.893749e-06, -3.218540e+01, -3.233672e-04,  1.109646e-07,
     1,  EL1,       LUBL,   CPS4,   3,     0.0021,    0.0021,  4.375949e-03, -7.252335e-03,  3.968326e-03,  4.160297e-10, -7.707650e-06, -3.218541e+01, -3.233673e-04,  1.341906e-08,
Time,   4.6000
     1,  EL1,       LUBL,   CPS4,   0,     0.0079,    0.0079,  4.744980e-03, -7.852334e-03,  4.337345e-03,  1.556497e-09, -6.535849e-06, -3.261687e+01, -3.147443e-04, -1.118016e-07,
     1,  EL1,       LUBL,   CPS4,   1,     0.0079,    0.0021,  4.744980e-03, -7.852334e-03,  4.337347e-03,  5.094635e-11, -7.004493e-06, -3.261676e+01, -3.147441e-04, -7.234126e-08,
     1,  EL1,       LUBL,   CPS4,   2,     0.0021,    0.0079,  4.744980e-03, -7.852335e-03,  4.337350e-03,  1.922613e-09, -7.041152e-06, -3.261675e+01, -3.147440e-04,  8.033080e-08,
     1,  EL1,       LUBL,   CPS4,   3,     0.0021,    0.0021,  4.744980e-03, -7.852335e-03,  4.337348e-03,  4.170622e-10, -7.009176e-06, -3.261676e+01, -3.147441e-04,  1.016275e-08,
Time,   4.8000
     1,  EL1,       LUBL,   CPS4,   0,     0.0079,    0.0079,  5.114203e-03, -8.452334e-03,  4.706559e-03,  1.560293e-09, -6.165234e-06, -3.300355e+01, -3.065095e-04, -7.940759e-08,
     1,  EL1,       LUBL,   CPS4,   1,     0.0079,    0.0021,  5.114203e-03, -8.452334e-03,  4.706561e-03,  5.474193e-11, -6.396738e-06, -3.300344e+01, -3.065093e-04, -5.073657e-08,
     1,  EL1,       LUBL,   CPS4,   2,     0.0021,    0.0079,  5.114203e-03, -8.452335e-03,  4.706565e-03,  1.923630e-09, -6.325228e-06, -3.300343e+01, -3.065092e-04,  5.885540e-08,
     1,  EL1,       LUBL,   CPS4,   3,     0.0021,    0.0021,  5.114203e-03, -8.452335e-03,  4.706563e-03,  4.180793e-10, -6.400191e-06, -3.300344e+01, -3.065093e-04,  7.872977e-09,
Time,   5.0000
     1,  EL1,       LUBL,   CPS4,   0,     0.0079,    0.0079,  5.483613e-03, -9.052334e-03,  5.075960e-03,  1.564039e-09, -6.640502e-06, -3.334774e+01, -3.206112e-04, -5.648087e-08,
     1,  EL1,       LUBL,   CPS4,   1,     0.0079,    0.0021,  5.483614e-03, -9.052334e-03,  5.075962e-03,  5.848787e-11, -6.705061e-06, -3.334763e+01, -3.206109e-04, -3.545492e-08,
     1,  EL1,       LUBL,   CPS4,   2,     0.0021,    0.0079,  5.483613e-03, -9.052335e-03,  5.075965e-03,  1.924634e-09, -6.557858e-06, -3.334762e+01, -3.206107e-04,  4.363129e-08,
     1,  EL1,       LUBL,   CPS4,   3,     0.0021,    0.0021,  5.483614e-03, -9.052335e-03,  5.075964e-03,  4.190830e-10, -6.707650e-06, -3.334763e+01, -3.206109e-04,  6.243307e-09,
