Time,   0.1000
     1,  EL1,       ISOD,   CPS4,   0,     0.0789,    0.0789, -1.920000e-06,  9.600000e-06,  0.000000e+00, -4.235165e-22, -7.707276e-18,  3.354309e-01,  0.000000e+00, -6.165821e-18,
     1,  EL1,       ISOD,   CPS4,   1,     0.0789,    0.0211, -1.920000e-06,  9.600000e-06,  0.000000e+00, -4.235165e-22,  1.027637e-17,  3.354309e-01,  0.000000e+00, -6.165821e-18,
     1,  EL1,       ISOD,   CPS4,   2,     0.0211,    0.0789, -1.920000e-06,  9.600000e-06,  0.000000e+00, -1.058791e-22, -7.707276e-18,  3.354309e-01,  0.000000e+00, -1.541455e-18,
     1,  EL1,       ISOD,   CPS4,   3,     0.0211,    0.0211, -1.920000e-06,  9.600000e-06,  0.000000e+00, -1.058791e-22,  1.027637e-17,  3.354309e-01,  0.000000e+00, -1.541455e-18,
Time,   0.2000
     1,  EL1,       ISOD,   CPS4,   0,     0.0789,    0.0789, -3.840000e-06,  1.920000e-05,  0.000000e+00,  4.235165e-22, -3.578484e-17,  6.674587e-01,  0.000000e+00,  6.134544e-18,
     1,  EL1,       ISOD,   CPS4,   1,     0.0789,    0.0211, -3.840000e-06,  1.920000e-05,  0.000000e+00,  4.235165e-22, -3.578484e-17,  6.674587e-01,  0.000000e+00,  6.134544e-18,
     1,  EL1,       ISOD,   CPS4,   2,     0.0211,    0.0789, -3.840000e-06,  1.920000e-05,  0.000000e+00,  1.058791e-22, -3.578484e-17,  6.674587e-01,  0.000000e+00,  1.533636e-18,
     1,  EL1,       ISOD,   CPS4,   3,     0.0211,    0.0211, -3.840000e-06,  1.920000e-05,  0.000000e+00,  1.058791e-22, -3.578484e-17,  6.674587e-01,  0.000000e+00,  1.533636e-18,
Time,   0.3000
     1,  EL1,       ISOD,   CPS4,   0,     0.0789,    0.0789, -5.760000e-06,  2.880000e-05,  0.000000e+00, -8.470329e-22, -7.096562e-17,  9.927380e-01,  0.000000e+00, -1.216553e-17,
     1,  EL1,       ISOD,   CPS4,   1,     0.0789,    0.0211, -5.760000e-06,  2.880000e-05,  0.000000e+00, -8.470329e-22, -7.096562e-17,  9.927380e-01,  0.000000e+00, -1.216553e-17,
     1,  EL1,       ISOD,   CPS4,   2,     0.0211,    0.0789, -5.760000e-06,  2.880000e-05,  0.000000e+00, -2.117582e-22, -7.096562e-17,  9.927380e-01,  0.000000e+00, -3.041384e-18,
     1,  EL1,       ISOD,   CPS4,   3,     0.0211,    0.0211, -5.760000e-06,  2.880000e-05,  0.000000e+00, -2.117582e-22, -7.096562e-17,  9.927380e-01,  0.000000e+00, -3.041384e-18,
Time,   0.4000
     1,  EL1,       ISOD,   CPS4,   0,     0.0789,    0.0789, -7.680000e-06,  3.840000e-05,  0.000000e+00,  0.000000e+00, -3.005507e-17,  1.308037e+00,  0.000000e+00,  0.000000e+00,
     1,  EL1,       ISOD,   CPS4,   1,     0.0789,    0.0211, -7.680000e-06,  3.840000e-05,  0.000000e+00,  0.000000e+00, -3.005507e-17,  1.308037e+00,  0.000000e+00,  0.000000e+00,
     1,  EL1,       ISOD,   CPS4,   2,     0.0211,    0.0789, -7.680000e-06,  3.840000e-05,  0.000000e+00,  0.000000e+00, -3.005507e-17,  1.308037e+00,  0.000000e+00,  0.000000e+00,
     1,  EL1,       ISOD,   CPS4,   3,     0.0211,    0.0211, -7.680000e-06,  3.840000e-05,  0.000000e+00,  0.000000e+00, -3.005507e-17,  1.308037e+00,  0.000000e+00,  0.000000e+00,
Time,   0.5000
     1,  EL1,       ISOD,   CPS4,   0,     0.0789,    0.0789, -9.600000e-06,  4.800000e-05,  0.000000e+00,  0.000000e+00, -1.973334e-17,  1.610290e+00,  0.000000e+00,  0.000000e+00,
     1,  EL1,       ISOD,   CPS4,   1,     0.0789,    0.0211, -9.600000e-06,  4.800000e-05,  0.000000e+00,  0.000000e+00, -1.973334e-17,  1.610290e+00,  0.000000e+00,  0.000000e+00,
     1,  EL1,       ISOD,   CPS4,   2,     0.0211,    0.0789, -9.600000e-06,  4.800000e-05,  0.000000e+00,  0.000000e+00, -1.973334e-17,  1.610290e+00,  0.000000e+00,  0.000000e+00,
     1,  EL1,       ISOD,   CPS4,   3,     0.0211,    0.0211, -9.600000e-06,  4.800000e-05,  0.000000e+00,  0.000000e+00, -1.973334e-17,  1.610290e+00,  0.000000e+00,  0.000000e+00,
Time,   0.6000
     1,  EL1,       ISOD,   CPS4,   0,     0.0789,    0.0789, -1.152000e-05,  5.760000e-05,  0.000000e+00,  0.000000e+00, -1.936878e-17,  1.896649e+00,  0.000000e+00,  0.000000e+00,
     1,  EL1,       ISOD,   CPS4,   1,     0.0789,    0.0211, -1.152000e-05,  5.760000e-05,  0.000000e+00,  0.000000e+00, -1.936878e-17,  1.896649e+00,  0.000000e+00,  0.000000e+00,
     1,  EL1,       ISOD,   CPS4,   2,     0.0211,    0.0789, -1.152000e-05,  5.760000e-05,  0.000000e+00,  0.000000e+00, -1.936878e-17,  1.896649e+00,  0.000000e+00,  0.000000e+00,
     1,  EL1,       ISOD,   CPS4,   3,     0.0211,    0.0211, -1.152000e-05,  5.760000e-05,  0.000000e+00,  0.000000e+00, -1.936878e-17,  1.896649e+00,  0.000000e+00,  0.000000e+00,
Time,   0.7000
     1,  EL1,       ISOD,   CPS4,   0,     0.0789,    0.0789, -1.344000e-05,  6.720000e-05,  0.000000e+00, -1.694066e-21,  5.683983e-17,  2.164527e+00,  0.000000e+00, -2.273593e-17,
     1,  EL1,       ISOD,   CPS4,   1,     0.0789,    0.0211, -1.344000e-05,  6.720000e-05,  0.000000e+00, -1.694066e-21,  5.683983e-17,  2.164527e+00,  0.000000e+00, -2.273593e-17,
     1,  EL1,       ISOD,   CPS4,   2,     0.0211,    0.0789, -1.344000e-05,  6.720000e-05,  0.000000e+00, -4.235165e-22,  5.683983e-17,  2.164527e+00,  0.000000e+00, -5.683983e-18,
     1,  EL1,       ISOD,   CPS4,   3,     0.0211,    0.0211, -1.344000e-05,  6.720000e-05,  0.000000e+00, -4.235165e-22,  5.683983e-17,  2.164527e+00,  0.000000e+00, -5.683983e-18,
Time,   0.8000
     1,  EL1,       ISOD,   CPS4,   0,     0.0789,    0.0789, -1.536000e-05,  7.680000e-05,  0.000000e+00, -1.694066e-21, -7.388365e-17,  2.411636e+00,  0.000000e+00, -2.216510e-17,
     1,  EL1,       ISOD,   CPS4,   1,     0.0789,    0.0211, -1.536000e-05,  7.680000e-05,  0.000000e+00, -1.694066e-21, -7.388365e-17,  2.411636e+00,  0.000000e+00, -2.216510e-17,
     1,  EL1,       ISOD,   CPS4,   2,     0.0211,    0.0789, -1.536000e-05,  7.680000e-05,  0.000000e+00, -4.235165e-22, -7.388365e-17,  2.411636e+00,  0.000000e+00, -5.541274e-18,
     1,  EL1,       ISOD,   CPS4,   3,     0.0211,    0.0211, -1.536000e-05,  7.680000e-05,  0.000000e+00, -4.235165e-22, -7.388365e-17,  2.411636e+00,  0.000000e+00, -5.541274e-18,
Time,   0.9000
     1,  EL1,       ISOD,   CPS4,   0,     0.0789,    0.0789, -1.728000e-05,  8.640000e-05,  0.000000e+00,  0.000000e+00,  7.178484e-17,  2.636020e+00,  0.000000e+00,  0.000000e+00,
     1,  EL1,       ISOD,   CPS4,   1,     0.0789,    0.0211, -1.728000e-05,  8.640000e-05,  0.000000e+00,  0.000000e+00,  7.178484e-17,  2.636020e+00,  0.000000e+00,  0.000000e+00,
     1,  EL1,       ISOD,   CPS4,   2,     0.0211,    0.0789, -1.728000e-05,  8.640000e-05,  0.000000e+00,  0.000000e+00,  7.178484e-17,  2.636020e+00,  0.000000e+00,  0.000000e+00,
     1,  EL1,       ISOD,   CPS4,   3,     0.0211,    0.0211, -1.728000e-05,  8.640000e-05,  0.000000e+00,  0.000000e+00,  7.178484e-17,  2.636020e+00,  0.000000e+00,  0.000000e+00,
Time,   1.0000
     1,  EL1,       ISOD,   CPS4,   0,     0.0789,    0.0789, -1.920000e-05,  9.600000e-05,  0.000000e+00, -3.388132e-21, -1.042644e-16,  2.836078e+00,  0.000000e+00, -4.170576e-17,
     1,  EL1,       ISOD,   CPS4,   1,     0.0789,    0.0211, -1.920000e-05,  9.600000e-05,  0.000000e+00, -3.388132e-21,  3.475480e-17,  2.836078e+00,  0.000000e+00, -4.170576e-17,
     1,  EL1,       ISOD,   CPS4,   2,     0.0211,    0.0789, -1.920000e-05,  9.600000e-05,  0.000000e+00, -8.470329e-22, -1.042644e-16,  2.836078e+00,  0.000000e+00, -1.042644e-17,
     1,  EL1,       ISOD,   CPS4,   3,     0.0211,    0.0211, -1.920000e-05,  9.600000e-05,  0.000000e+00, -8.470329e-22,  3.475480e-17,  2.836078e+00,  0.000000e+00, -1.042644e-17,
Time,   1.1000
     1,  EL1,       ISOD,   CPS4,   0,     0.0789,    0.0789, -1.920000e-05,  9.600000e-05,  0.000000e+00,  6.000000e-05, -2.039252e-16,  2.773468e+00,  0.000000e+00,  7.222572e-01,
     1,  EL1,       ISOD,   CPS4,   1,     0.0789,    0.0211, -1.920000e-05,  9.600000e-05,  0.000000e+00,  6.000000e-05, -1.019626e-16,  2.773468e+00,  0.000000e+00,  7.222572e-01,
     1,  EL1,       ISOD,   CPS4,   2,     0.0211,    0.0789, -1.920000e-05,  9.600000e-05,  0.000000e+00,  6.000000e-05, -2.039252e-16,  2.773468e+00,  0.000000e+00,  7.222572e-01,
     1,  EL1,       ISOD,   CPS4,   3,     0.0211,    0.0211, -1.920000e-05,  9.600000e-05,  0.000000e+00,  6.000000e-05, -1.019626e-16,  2.773468e+00,  0.000000e+00,  7.222572e-01,
Time,   1.2000
     1,  EL1,       ISOD,   CPS4,   0,     0.0789,    0.0789, -1.920000e-05,  9.600000e-05,  0.000000e+00,  1.200000e-04,  1.597779e-16,  2.607655e+00,  0.000000e+00,  1.358154e+00,
     1,  EL1,       ISOD,   CPS4,   1,     0.0789,    0.0211, -1.920000e-05,  9.600000e-05,  0.000000e+00,  1.200000e-04, -9.586674e-17,  2.607655e+00,  0.000000e+00,  1.358154e+00,
     1,  EL1,       ISOD,   CPS4,   2,     0.0211,    0.0789, -1.920000e-05,  9.600000e-05,  0.000000e+00,  1.200000e-04,  1.597779e-16,  2.607655e+00,  0.000000e+00,  1.358154e+00,
     1,  EL1,       ISOD,   CPS4,   3,     0.0211,    0.0211, -1.920000e-05,  9.600000e-05,  0.000000e+00,  1.200000e-04, -9.586674e-17,  2.607655e+00,  0.000000e+00,  1.358154e+00,
Time,   1.3000
     1,  EL1,       ISOD,   CPS4,   0,     0.0789,    0.0789, -1.920000e-05,  9.600000e-05,  0.000000e+00,  1.800000e-04,  1.455422e-16,  2.375321e+00,  0.000000e+00,  1.855719e+00,
     1,  EL1,       ISOD,   CPS4,   1,     0.0789,    0.0211, -1.920000e-05,  9.600000e-05,  0.000000e+00,  1.800000e-04, -8.732531e-17,  2.375321e+00,  0.000000e+00,  1.855719e+00,
     1,  EL1,       ISOD,   CPS4,   2,     0.0211,    0.0789, -1.920000e-05,  9.600000e-05,  0.000000e+00,  1.800000e-04,  1.455422e-16,  2.375321e+00,  0.000000e+00,  1.855719e+00,
     1,  EL1,       ISOD,   CPS4,   3,     0.0211,    0.0211, -1.920000e-05,  9.600000e-05,  0.000000e+00,  1.800000e-04, -8.732531e-17,  2.375321e+00,  0.000000e+00,  1.855719e+00,
Time,   1.4000
     1,  EL1,       ISOD,   CPS4,   0,     0.0789,    0.0789, -1.920000e-05,  9.600000e-05,  0.000000e+00,  2.400000e-04,  1.289689e-16,  2.104837e+00,  0.000000e+00,  2.192539e+00,
     1,  EL1,       ISOD,   CPS4,   1,     0.0789,    0.0211, -1.920000e-05,  9.600000e-05,  0.000000e+00,  2.400000e-04, -7.738136e-17,  2.104837e+00,  0.000000e+00,  2.192539e+00,
     1,  EL1,       ISOD,   CPS4,   2,     0.0211,    0.0789, -1.920000e-05,  9.600000e-05,  0.000000e+00,  2.400000e-04,  1.289689e-16,  2.104837e+00,  0.000000e+00,  2.192539e+00,
     1,  EL1,       ISOD,   CPS4,   3,     0.0211,    0.0211, -1.920000e-05,  9.600000e-05,  0.000000e+00,  2.400000e-04, -7.738136e-17,  2.104837e+00,  0.000000e+00,  2.192539e+00,
Time,   1.5000
     1,  EL1,       ISOD,   CPS4,   0,     0.0789,    0.0789, -1.920000e-05,  9.600000e-05,  0.000000e+00,  3.000000e-04,  1.116989e-16,  1.822981e+00,  0.000000e+00,  2.373674e+00,
     1,  EL1,       ISOD,   CPS4,   1,     0.0789,    0.0211, -1.920000e-05,  9.600000e-05,  0.000000e+00,  3.000000e-04, -6.701933e-17,  1.822981e+00,  0.000000e+00,  2.373674e+00,
     1,  EL1,       ISOD,   CPS4,   2,     0.0211,    0.0789, -1.920000e-05,  9.600000e-05,  0.000000e+00,  3.000000e-04,  1.116989e-16,  1.822981e+00,  0.000000e+00,  2.373674e+00,
     1,  EL1,       ISOD,   CPS4,   3,     0.0211,    0.0211, -1.920000e-05,  9.600000e-05,  0.000000e+00,  3.000000e-04, -6.701933e-17,  1.822981e+00,  0.000000e+00,  2.373674e+00,
Time,   1.6000
     1,  EL1,       ISOD,   CPS4,   0,     0.0789,    0.0789, -1.920000e-05,  9.600000e-05,  0.000000e+00,  3.600000e-04, -3.245586e-16,  1.557929e+00,  0.000000e+00,  2.434264e+00,
     1,  EL1,       ISOD,   CPS4,   1,     0.0789,    0.0211, -1.920000e-05,  9.600000e-05,  0.000000e+00,  3.600000e-04,  9.545840e-17,  1.557929e+00,  0.000000e+00,  2.434264e+00,
     1,  EL1,       ISOD,   CPS4,   2,     0.0211,    0.0789, -1.920000e-05,  9.600000e-05,  0.000000e+00,  3.600000e-04, -3.245586e-16,  1.557929e+00,  0.000000e+00,  2.434264e+00,
     1,  EL1,       ISOD,   CPS4,   3,     0.0211,    0.0211, -1.920000e-05,  9.600000e-05,  0.000000e+00,  3.600000e-04,  9.545840e-17,  1.557929e+00,  0.000000e+00,  2.434264e+00,
Time,   1.7000
     1,  EL1,       ISOD,   CPS4,   0,     0.0789,    0.0789, -1.920000e-05,  9.600000e-05,  0.000000e+00,  4.200000e-04, -2.747809e-16,  1.318989e+00,  0.000000e+00,  2.404406e+00,
     1,  EL1,       ISOD,   CPS4,   1,     0.0789,    0.0211, -1.920000e-05,  9.600000e-05,  0.000000e+00,  4.200000e-04,  8.081791e-17,  1.318989e+00,  0.000000e+00,  2.404406e+00,
     1,  EL1,       ISOD,   CPS4,   2,     0.0211,    0.0789, -1.920000e-05,  9.600000e-05,  0.000000e+00,  4.200000e-04, -2.747809e-16,  1.318989e+00,  0.000000e+00,  2.404406e+00,
     1,  EL1,       ISOD,   CPS4,   3,     0.0211,    0.0211, -1.920000e-05,  9.600000e-05,  0.000000e+00,  4.200000e-04,  8.081791e-17,  1.318989e+00,  0.000000e+00,  2.404406e+00,
Time,   1.8000
     1,  EL1,       ISOD,   CPS4,   0,     0.0789,    0.0789, -1.920000e-05,  9.600000e-05,  0.000000e+00,  4.800000e-04, -2.311465e-16,  1.109537e+00,  0.000000e+00,  2.311536e+00,
     1,  EL1,       ISOD,   CPS4,   1,     0.0789,    0.0211, -1.920000e-05,  9.600000e-05,  0.000000e+00,  4.800000e-04, -8.158112e-17,  1.109537e+00,  0.000000e+00,  2.311536e+00,
     1,  EL1,       ISOD,   CPS4,   2,     0.0211,    0.0789, -1.920000e-05,  9.600000e-05,  0.000000e+00,  4.800000e-04, -2.311465e-16,  1.109537e+00,  0.000000e+00,  2.311536e+00,
     1,  EL1,       ISOD,   CPS4,   3,     0.0211,    0.0211, -1.920000e-05,  9.600000e-05,  0.000000e+00,  4.800000e-04, -8.158112e-17,  1.109537e+00,  0.000000e+00,  2.311536e+00,
Time,   1.9000
     1,  EL1,       ISOD,   CPS4,   0,     0.0789,    0.0789, -1.920000e-05,  9.600000e-05,  0.000000e+00,  5.400000e-04, -1.936448e-16,  9.295235e-01,  0.000000e+00,  2.178571e+00,
     1,  EL1,       ISOD,   CPS4,   1,     0.0789,    0.0211, -1.920000e-05,  9.600000e-05,  0.000000e+00,  5.400000e-04, -6.834523e-17,  9.295235e-01,  0.000000e+00,  2.178571e+00,
     1,  EL1,       ISOD,   CPS4,   2,     0.0211,    0.0789, -1.920000e-05,  9.600000e-05,  0.000000e+00,  5.400000e-04, -1.936448e-16,  9.295235e-01,  0.000000e+00,  2.178571e+00,
     1,  EL1,       ISOD,   CPS4,   3,     0.0211,    0.0211, -1.920000e-05,  9.600000e-05,  0.000000e+00,  5.400000e-04, -6.834523e-17,  9.295235e-01,  0.000000e+00,  2.178571e+00,
Time,   2.0000
     1,  EL1,       ISOD,   CPS4,   0,     0.0789,    0.0789, -1.920000e-05,  9.600000e-05,  0.000000e+00,  6.000000e-04, -1.618591e-16,  7.769476e-01,  0.000000e+00,  2.023301e+00,
     1,  EL1,       ISOD,   CPS4,   1,     0.0789,    0.0211, -1.920000e-05,  9.600000e-05,  0.000000e+00,  6.000000e-04,  4.760563e-17,  7.769476e-01,  0.000000e+00,  2.023301e+00,
     1,  EL1,       ISOD,   CPS4,   2,     0.0211,    0.0789, -1.920000e-05,  9.600000e-05,  0.000000e+00,  6.000000e-04, -1.618591e-16,  7.769476e-01,  0.000000e+00,  2.023301e+00,
     1,  EL1,       ISOD,   CPS4,   3,     0.0211,    0.0211, -1.920000e-05,  9.600000e-05,  0.000000e+00,  6.000000e-04,  4.760563e-17,  7.769476e-01,  0.000000e+00,  2.023301e+00,
