   -0.00000004  3.390401e-20    0.00000000 -2.425423e-20  0    1
   -0.00000008  1.687833e-20    0.00000000 -2.652616e-20  0    2
   -0.00000012  2.968847e-20    0.00000000 -4.126193e-20  0    3
   -0.00000015 -2.583266e-20    0.00000000  6.552711e-21  0    4
   -0.00000019 -4.547731e-20    0.00000000  6.940931e-21  0    5
   -0.00000023 -3.919552e-20    0.00000000  5.459858e-20  0    6
   -0.00000027  2.564915e-20    0.00000000 -2.564915e-20  0    7
   -0.00000031 -2.562307e-20    0.00000000  2.562307e-20  0    8
   -0.00000035  9.629028e-20    0.00000000 -1.807490e-19  0    9
   -0.00000038 -1.531129e-19    0.00000000  1.914538e-19  0   10
   -0.00000042  2.810168e-19    0.00000000 -2.427305e-19  0   11
   -0.00000046  1.881417e-19    0.00000000 -1.422697e-19  0   12
   -0.00000050 -2.735362e-19    0.00000000  1.972124e-19  0   13
   -0.00000054 -1.015790e-19    0.00000000  1.015790e-19  0   14
   -0.00000058 -4.060150e-19    0.00000000  3.299804e-19  0   15
   -0.00000061  3.963449e-19    0.00000000 -4.722199e-19  0   16
   -0.00000065  1.004455e-19    0.00000000 -1.761508e-19  0   17
   -0.00000069 -3.132377e-19    0.00000000  2.377118e-19  0   18
   -0.00000073  2.008977e-19    0.00000000 -2.008977e-19  0   19
   -0.00000077 -1.502753e-19    0.00000000  1.502753e-19  0   20
   -0.00000081  1.998109e-19    0.00000000 -1.998109e-19  0   21
   -0.00000084  1.997176e-19    0.00000000 -1.250067e-19  0   22
   -0.00000088  2.519127e-19    0.00000000 -1.625327e-19  0   23
   -0.00000092 -5.450226e-20    0.00000000 -4.894776e-21  0   24
   -0.00000096 -9.866670e-20    0.00000000  9.866670e-20  0   25
   -0.00000100  9.832608e-20    0.00000000 -9.832608e-20  0   26
   -0.00000104  1.959467e-19    0.00000000 -1.959467e-19  0   27
   -0.00000108  6.993179e-19    0.00000000 -5.529050e-19  0   28
   -0.00000111 -3.898821e-19    0.00000000  2.440339e-19  0   29
   -0.00000115 -9.684390e-20    0.00000000  9.684390e-20  0   30
   -0.00000119  0.000000e+00    0.00000000  0.000000e+00  0   31
   -0.00000123  9.603304e-20    0.00000000 -9.603304e-20  0   32
   -0.00000127  6.051217e-19    0.00000000 -3.182896e-19  0   33
   -0.00000131 -4.768201e-19    0.00000000  3.340541e-19  0   34
   -0.00000134  1.885370e-19    0.00000000 -3.306366e-19  0   35
   -0.00000138  4.081313e-19    0.00000000 -1.252971e-19  0   36
   -0.00000142 -6.928658e-19    0.00000000  4.114281e-19  0   37
   -0.00000146  4.460436e-19    0.00000000 -5.860486e-19  0   38
   -0.00000150 -4.062988e-19    0.00000000  2.670229e-19  0   39
   -0.00000154 -4.626786e-19    0.00000000  3.241467e-19  0   40
   -0.00000157  2.755461e-19    0.00000000 -2.755461e-19  0   41
   -0.00000161  0.000000e+00    0.00000000  0.000000e+00  0   42
   -0.00000165  5.448500e-19    0.00000000 -5.448500e-19  0   43
   -0.00000169  3.058706e-20    0.00000000  3.756469e-19  0   44
   -0.00000173  3.589242e-19    0.00000000 -3.589242e-19  0   45
   -0.00000177  1.099490e-18    0.00000000 -8.319530e-19  0   46
   -0.00000180 -1.763678e-19    0.00000000  3.092955e-19  0   47
   -0.00000184  3.858861e-19    0.00000000 -2.273971e-19  0   48
   -0.00000188 -1.919791e-19    0.00000000  3.494291e-19  0   49
   -0.00000192 -5.499092e-19    0.00000000  2.892482e-19  0   50
   -0.00000132  3.691962e-04    0.00000060  3.691962e-04  1    1
   -0.00000072  7.378844e-04    0.00000120  7.378844e-04  1    2
   -0.00000012  1.105561e-03    0.00000180  1.105561e-03  1    3
    0.00000048  1.471731e-03    0.00000240  1.471731e-03  1    4
    0.00000108  1.835911e-03    0.00000300  1.835911e-03  1    5
    0.00000168  2.197635e-03    0.00000360  2.197635e-03  1    6
    0.00000228  2.556452e-03    0.00000420  2.556452e-03  1    7
    0.00000288  2.911935e-03    0.00000480  2.911935e-03  1    8
    0.00000348  3.263675e-03    0.00000540  3.263675e-03  1    9
    0.00000408  3.611286e-03    0.00000600  3.611286e-03  1   10
    0.00000468  3.954405e-03    0.00000660  3.954405e-03  1   11
    0.00000528  4.292691e-03    0.00000720  4.292691e-03  1   12
    0.00000588  4.625824e-03    0.00000780  4.625824e-03  1   13
    0.00000648  4.953505e-03    0.00000840  4.953505e-03  1   14
    0.00000708  5.275455e-03    0.00000900  5.275455e-03  1   15
    0.00000768  5.591414e-03    0.00000960  5.591414e-03  1   16
    0.00000828  5.901142e-03    0.00001020  5.901142e-03  1   17
    0.00000888  6.204412e-03    0.00001080  6.204412e-03  1   18
    0.00000948  6.501019e-03    0.00001140  6.501019e-03  1   19
    0.00001008  6.790768e-03    0.00001200  6.790768e-03  1   20
    0.00001068  7.073483e-03    0.00001260  7.073483e-03  1   21
    0.00001128  7.349000e-03    0.00001320  7.349000e-03  1   22
    0.00001188  7.617169e-03    0.00001380  7.617169e-03  1   23
    0.00001248  7.877853e-03    0.00001440  7.877853e-03  1   24
    0.00001308  8.130927e-03    0.00001500  8.130927e-03  1   25
    0.00001368  8.376278e-03    0.00001560  8.376278e-03  1   26
    0.00001428  8.613805e-03    0.00001620  8.613805e-03  1   27
    0.00001488  8.843419e-03    0.00001680  8.843419e-03  1   28
    0.00001548  9.065039e-03    0.00001740  9.065039e-03  1   29
    0.00001608  9.278597e-03    0.00001800  9.278597e-03  1   30
    0.00001668  9.484036e-03    0.00001860  9.484036e-03  1   31
    0.00001728  9.681305e-03    0.00001920  9.681305e-03  1   32
    0.00001788  9.870368e-03    0.00001980  9.870368e-03  1   33
    0.00001848  1.005119e-02    0.00002040  1.005119e-02  1   34
    0.00001908  1.022376e-02    0.00002100  1.022376e-02  1   35
    0.00001968  1.038807e-02    0.00002160  1.038807e-02  1   36
    0.00002028  1.054410e-02    0.00002220  1.054410e-02  1   37
    0.00002088  1.069187e-02    0.00002280  1.069187e-02  1   38
    0.00002148  1.083139e-02    0.00002340  1.083139e-02  1   39
    0.00002208  1.096269e-02    0.00002400  1.096269e-02  1   40
    0.00002268  1.108580e-02    0.00002460  1.108580e-02  1   41
    0.00002328  1.120076e-02    0.00002520  1.120076e-02  1   42
    0.00002388  1.130782e-02    0.00002580  1.130782e-02  1   43
    0.00002448  1.140781e-02    0.00002640  1.140781e-02  1   44
    0.00002508  1.150093e-02    0.00002700  1.150093e-02  1   45
    0.00002568  1.158732e-02    0.00002760  1.158732e-02  1   46
    0.00002628  1.166711e-02    0.00002820  1.166711e-02  1   47
    0.00002688  1.174045e-02    0.00002880  1.174045e-02  1   48
    0.00002748  1.180749e-02    0.00002940  1.180749e-02  1   49
    0.00002808  1.186837e-02    0.00003000  1.186837e-02  1   50
    0.00002868  1.192323e-02    0.00003060  1.192323e-02  1   51
    0.00002928  1.197224e-02    0.00003120  1.197224e-02  1   52
    0.00002988  1.201553e-02    0.00003180  1.201553e-02  1   53
    0.00003048  1.205326e-02    0.00003240  1.205326e-02  1   54
    0.00003108  1.208558e-02    0.00003300  1.208558e-02  1   55
    0.00003168  1.211265e-02    0.00003360  1.211265e-02  1   56
    0.00003228  1.213460e-02    0.00003420  1.213460e-02  1   57
    0.00003288  1.215160e-02    0.00003480  1.215160e-02  1   58
    0.00003348  1.216379e-02    0.00003540  1.216379e-02  1   59
    0.00003408  1.217132e-02    0.00003600  1.217132e-02  1   60
    0.00003468  1.217434e-02    0.00003660  1.217434e-02  1   61
    0.00003528  1.217299e-02    0.00003720  1.217299e-02  1   62
    0.00003588  1.216742e-02    0.00003780  1.216742e-02  1   63
    0.00003648  1.215777e-02    0.00003840  1.215777e-02  1   64
    0.00003708  1.214419e-02    0.00003900  1.214419e-02  1   65
    0.00003768  1.212681e-02    0.00003960  1.212681e-02  1   66
    0.00003828  1.210577e-02    0.00004020  1.210577e-02  1   67
    0.00003888  1.208120e-02    0.00004080  1.208120e-02  1   68
    0.00003948  1.205325e-02    0.00004140  1.205325e-02  1   69
    0.00004008  1.202203e-02    0.00004200  1.202203e-02  1   70
    0.00004068  1.198769e-02    0.00004260  1.198769e-02  1   71
    0.00004128  1.195034e-02    0.00004320  1.195034e-02  1   72
    0.00004188  1.191010e-02    0.00004380  1.191010e-02  1   73
    0.00004248  1.186711e-02    0.00004440  1.186711e-02  1   74
    0.00004308  1.182148e-02    0.00004500  1.182148e-02  1   75
    0.00004368  1.177332e-02    0.00004560  1.177332e-02  1   76
    0.00004428  1.172275e-02    0.00004620  1.172275e-02  1   77
    0.00004488  1.166989e-02    0.00004680  1.166989e-02  1   78
    0.00004548  1.161483e-02    0.00004740  1.161483e-02  1   79
    0.00004608  1.155768e-02    0.00004800  1.155768e-02  1   80
    0.00004668  1.149855e-02    0.00004860  1.149855e-02  1   81
    0.00004728  1.143754e-02    0.00004920  1.143754e-02  1   82
    0.00004788  1.137474e-02    0.00004980  1.137474e-02  1   83
    0.00004848  1.131025e-02    0.00005040  1.131025e-02  1   84
    0.00004908  1.124417e-02    0.00005100  1.124417e-02  1   85
    0.00004968  1.117658e-02    0.00005160  1.117658e-02  1   86
    0.00005028  1.110757e-02    0.00005220  1.110757e-02  1   87
    0.00005088  1.103722e-02    0.00005280  1.103722e-02  1   88
    0.00005148  1.096562e-02    0.00005340  1.096562e-02  1   89
    0.00005208  1.089285e-02    0.00005400  1.089285e-02  1   90
    0.00005268  1.081899e-02    0.00005460  1.081899e-02  1   91
    0.00005328  1.074410e-02    0.00005520  1.074410e-02  1   92
    0.00005388  1.066827e-02    0.00005580  1.066827e-02  1   93
    0.00005448  1.059155e-02    0.00005640  1.059155e-02  1   94
    0.00005508  1.051403e-02    0.00005700  1.051403e-02  1   95
    0.00005568  1.043577e-02    0.00005760  1.043577e-02  1   96
    0.00005628  1.035682e-02    0.00005820  1.035682e-02  1   97
    0.00005688  1.027726e-02    0.00005880  1.027726e-02  1   98
    0.00005748  1.019713e-02    0.00005940  1.019713e-02  1   99
    0.00005808  1.011650e-02    0.00006000  1.011650e-02  1  100
