  1.000000e-02       1  0   5.00000e-05  -1.00000e-05   0.00000e+00  -5.08220e-21   1.67135e+00   9.83116e-17   0.00000e+00  -7.07844e-17   4.49436e-02   3.50000e+00  0    1
  2.000000e-02       1  0   1.00000e-04  -2.00000e-05   0.00000e+00   3.38813e-21   2.91195e+00   3.42572e-17   0.00000e+00   4.11086e-17   1.68014e-01   3.50000e+00  0    2
  3.000000e-02       1  0   1.50000e-04  -3.00000e-05   0.00000e+00   3.38813e-21   3.47073e+00   8.16616e-17   0.00000e+00   3.26647e-17   3.38909e-01   3.50000e+00  0    3
  4.000000e-02       1  0   2.00000e-04  -4.00000e-05   0.00000e+00   6.77626e-21   3.47477e+00   4.08784e-17   0.00000e+00   4.90541e-17   5.03604e-01   3.50000e+00  0    4
  5.000000e-02       1  0   2.50000e-04  -5.00000e-05   0.00000e+00   0.00000e+00   3.38987e+00   1.59519e-16   0.00000e+00   0.00000e+00   6.12586e-01   3.50000e+00  0    5
  6.000000e-02       1  0   3.00000e-04  -6.00000e-05   0.00000e+00   0.00000e+00   3.28218e+00   7.72253e-17   0.00000e+00   0.00000e+00   6.87412e-01   3.50000e+00  0    6
  7.000000e-02       1  0   3.50000e-04  -7.00000e-05   0.00000e+00  -6.77626e-21   3.16752e+00  -1.70349e-16   0.00000e+00  -2.55523e-17   7.41427e-01   3.50000e+00  0    7
  8.000000e-02       1  0   4.00000e-04  -8.00000e-05   0.00000e+00   0.00000e+00   3.05276e+00   3.59137e-17   0.00000e+00   0.00000e+00   7.81946e-01   3.50000e+00  0    8
  9.000000e-02       1  0   4.50000e-04  -9.00000e-05   0.00000e+00   0.00000e+00   2.94105e+00   1.23021e-16   0.00000e+00   0.00000e+00   8.13266e-01   3.50000e+00  0    9
  1.000000e-01       1  0   5.00000e-04  -1.00000e-04   0.00000e+00  -4.06576e-20   2.83385e+00   5.33414e-17   0.00000e+00  -9.60145e-17   8.38066e-01   3.50000e+00  0   10
  1.100000e-01       1  0   5.50000e-04  -1.10000e-04   0.00000e+00  -1.35525e-20   2.73174e+00   2.33725e-17   0.00000e+00  -2.80470e-17   8.58091e-01   3.50000e+00  0   11
  1.200000e-01       1  0   6.00000e-04  -1.20000e-04   0.00000e+00   0.00000e+00   2.63489e+00   6.19955e-17   0.00000e+00   0.00000e+00   8.74529e-01   3.50000e+00  0   12
  1.300000e-01       1  0   6.50000e-04  -1.30000e-04   0.00000e+00   2.71051e-20   2.54320e+00  -1.84118e-17   0.00000e+00   4.41882e-17   8.88211e-01   3.50000e+00  0   13
  1.400000e-01       1  0   7.00000e-04  -1.40000e-04   0.00000e+00   0.00000e+00   2.45649e+00   8.25684e-17   0.00000e+00   0.00000e+00   8.99735e-01   3.50000e+00  0   14
  1.500000e-01       1  0   7.50000e-04  -1.50000e-04   0.00000e+00   0.00000e+00   2.37448e+00  -2.97965e-17   0.00000e+00   0.00000e+00   9.09543e-01   3.50000e+00  0   15
  1.600000e-01       1  0   8.00000e-04  -1.60000e-04   0.00000e+00   0.00000e+00   2.29691e+00  -5.40434e-17   0.00000e+00   0.00000e+00   9.17967e-01   3.50000e+00  0   16
  1.700000e-01       1  0   8.50000e-04  -1.70000e-04   0.00000e+00   0.00000e+00   2.22349e+00   2.46192e-17   0.00000e+00   0.00000e+00   9.25261e-01   3.50000e+00  0   17
  1.800000e-01       1  0   9.00000e-04  -1.80000e-04   0.00000e+00  -5.42101e-20   2.15394e+00  -9.00968e-17   0.00000e+00  -5.40581e-17   9.31621e-01   3.50000e+00  0   18
  1.900000e-01       1  0   9.50000e-04  -1.90000e-04   0.00000e+00   5.42101e-20   2.08800e+00   1.24113e-16   0.00000e+00   4.96451e-17   9.37203e-01   3.50000e+00  0   19
  2.000000e-01       1  0   1.00000e-03  -2.00000e-04   0.00000e+00   2.71051e-20   2.02542e+00   3.81245e-17   0.00000e+00   2.28747e-17   9.42131e-01   3.50000e+00  0   20
  2.100000e-01       1  0   1.05000e-03  -2.10000e-04   0.00000e+00   0.00000e+00   1.96598e+00   0.00000e+00   0.00000e+00   0.00000e+00   9.46504e-01   3.50000e+00  0   21
  2.200000e-01       1  0   1.10000e-03  -2.20000e-04   0.00000e+00   0.00000e+00   1.90945e+00  -6.53482e-17   0.00000e+00   0.00000e+00   9.50404e-01   3.50000e+00  0   22
  2.300000e-01       1  0   1.15000e-03  -2.30000e-04   0.00000e+00  -2.71051e-20   1.85565e+00   9.11185e-17   0.00000e+00  -1.82237e-17   9.53897e-01   3.50000e+00  0   23
  2.400000e-01       1  0   1.20000e-03  -2.40000e-04   0.00000e+00   0.00000e+00   1.80438e+00   0.00000e+00   0.00000e+00   0.00000e+00   9.57039e-01   3.50000e+00  0   24
  2.500000e-01       1  0   1.25000e-03  -2.50000e-04   0.00000e+00   0.00000e+00   1.75549e+00  -3.96522e-17   0.00000e+00   0.00000e+00   9.59874e-01   3.50000e+00  0   25
  2.600000e-01       1  0   1.30000e-03  -2.60000e-04   0.00000e+00   2.71051e-20   1.70882e+00   4.94847e-17   0.00000e+00   1.48454e-17   9.62444e-01   3.50000e+00  0   26
  2.700000e-01       1  0   1.35000e-03  -2.70000e-04   0.00000e+00   0.00000e+00   1.66423e+00   6.96126e-17   0.00000e+00   0.00000e+00   9.64778e-01   3.50000e+00  0   27
  2.800000e-01       1  0   1.40000e-03  -2.80000e-04   0.00000e+00   0.00000e+00   1.62158e+00  -1.09011e-16   0.00000e+00   0.00000e+00   9.66906e-01   3.50000e+00  0   28
  2.900000e-01       1  0   1.45000e-03  -2.90000e-04   0.00000e+00   0.00000e+00   1.58076e+00   4.10409e-17   0.00000e+00   0.00000e+00   9.68852e-01   3.50000e+00  0   29
  3.000000e-01       1  0   1.50000e-03  -3.00000e-04   0.00000e+00  -2.71051e-20   1.54166e+00   1.06402e-16   0.00000e+00  -1.16075e-17   9.70635e-01   3.50000e+00  0   30
  3.100000e-01       1  0   1.55000e-03  -3.10000e-04   0.00000e+00  -5.42101e-20   1.50418e+00   1.82665e-17   0.00000e+00  -2.19198e-17   9.72273e-01   3.50000e+00  0   31
  3.200000e-01       1  0   1.60000e-03  -3.20000e-04   0.00000e+00   0.00000e+00   1.46821e+00  -1.20908e-16   0.00000e+00   0.00000e+00   9.73782e-01   3.50000e+00  0   32
  3.300000e-01       1  0   1.65000e-03  -3.30000e-04   0.00000e+00   0.00000e+00   1.43368e+00  -4.90655e-17   0.00000e+00   0.00000e+00   9.75174e-01   3.50000e+00  0   33
  3.400000e-01       1  0   1.70000e-03  -3.40000e-04   0.00000e+00   0.00000e+00   1.40049e+00  -1.08547e-16   0.00000e+00   0.00000e+00   9.76462e-01   3.50000e+00  0   34
  3.500000e-01       1  0   1.75000e-03  -3.50000e-04   0.00000e+00   0.00000e+00   1.36859e+00   4.41614e-17   0.00000e+00   0.00000e+00   9.77656e-01   3.50000e+00  0   35
  3.600000e-01       1  0   1.80000e-03  -3.60000e-04   0.00000e+00   0.00000e+00   1.33789e+00  -6.99527e-17   0.00000e+00   0.00000e+00   9.78764e-01   3.50000e+00  0   36
  3.700000e-01       1  0   1.85000e-03  -3.70000e-04   0.00000e+00   0.00000e+00   1.30833e+00  -1.59740e-16   0.00000e+00   0.00000e+00   9.79794e-01   3.50000e+00  0   37
  3.800000e-01       1  0   1.90000e-03  -3.80000e-04   0.00000e+00   0.00000e+00   1.27985e+00  -7.60754e-17   0.00000e+00   0.00000e+00   9.80754e-01   3.50000e+00  0   38
  3.900000e-01       1  0   1.95000e-03  -3.90000e-04   0.00000e+00   0.00000e+00   1.25240e+00   1.08802e-16   0.00000e+00   0.00000e+00   9.81650e-01   3.50000e+00  0   39
  4.000000e-01       1  0   2.00000e-03  -4.00000e-04   0.00000e+00   1.08420e-19   1.22591e+00  -4.61507e-17   0.00000e+00   2.76904e-17   9.82487e-01   3.50000e+00  0   40
  4.100000e-01       1  0   2.05000e-03  -4.10000e-04   0.00000e+00   0.00000e+00   1.20036e+00  -4.40864e-17   0.00000e+00   0.00000e+00   9.83270e-01   3.50000e+00  0   41
  4.200000e-01       1  0   2.10000e-03  -4.20000e-04   0.00000e+00   0.00000e+00   1.17568e+00   6.32277e-17   0.00000e+00   0.00000e+00   9.84004e-01   3.50000e+00  0   42
  4.300000e-01       1  0   2.15000e-03  -4.30000e-04   0.00000e+00   5.42101e-20   1.15183e+00   6.05047e-17   0.00000e+00   1.21009e-17   9.84693e-01   3.50000e+00  0   43
  4.400000e-01       1  0   2.20000e-03  -4.40000e-04   0.00000e+00   5.42101e-20   1.12878e+00  -9.65771e-18   0.00000e+00   1.15893e-17   9.85341e-01   3.50000e+00  0   44
  4.500000e-01       1  0   2.25000e-03  -4.50000e-04   0.00000e+00   5.42101e-20   1.10649e+00   1.85132e-17   0.00000e+00   1.11079e-17   9.85949e-01   3.50000e+00  0   45
  4.600000e-01       1  0   2.30000e-03  -4.60000e-04   0.00000e+00   0.00000e+00   1.08491e+00  -2.66364e-17   0.00000e+00   0.00000e+00   9.86523e-01   3.50000e+00  0   46
  4.700000e-01       1  0   2.35000e-03  -4.70000e-04   0.00000e+00   5.42101e-20   1.06403e+00   0.00000e+00   0.00000e+00   1.02271e-17   9.87063e-01   3.50000e+00  0   47
  4.800000e-01       1  0   2.40000e-03  -4.80000e-04   0.00000e+00   0.00000e+00   1.04380e+00  -5.73050e-17   0.00000e+00   0.00000e+00   9.87574e-01   3.50000e+00  0   48
  4.900000e-01       1  0   2.45000e-03  -4.90000e-04   0.00000e+00  -1.08420e-19   1.02420e+00   7.86878e-18   0.00000e+00  -1.88851e-17   9.88056e-01   3.50000e+00  0   49
  5.000000e-01       1  0   2.50000e-03  -5.00000e-04   0.00000e+00  -1.08420e-19   1.00520e+00   3.02734e-17   0.00000e+00  -1.81641e-17   9.88512e-01   3.50000e+00  0   50
  5.100000e-01       1  0   2.55000e-03  -5.10000e-04   0.00000e+00   0.00000e+00   9.86778e-01  -5.82716e-17   0.00000e+00   0.00000e+00   9.88944e-01   3.50000e+00  0   51
  5.200000e-01       1  0   2.60000e-03  -5.20000e-04   0.00000e+00   0.00000e+00   9.68903e-01  -1.40289e-17   0.00000e+00   0.00000e+00   9.89353e-01   3.50000e+00  0   52
  5.300000e-01       1  0   2.65000e-03  -5.30000e-04   0.00000e+00   5.42101e-20   9.51553e-01   3.37944e-17   0.00000e+00   8.11066e-18   9.89741e-01   3.50000e+00  0   53
  5.400000e-01       1  0   2.70000e-03  -5.40000e-04   0.00000e+00   5.42101e-20   9.34709e-01  -2.60651e-17   0.00000e+00   7.81954e-18   9.90109e-01   3.50000e+00  0   54
  5.500000e-01       1  0   2.75000e-03  -5.50000e-04   0.00000e+00  -5.42101e-20   9.18347e-01   0.00000e+00   0.00000e+00  -7.54298e-18   9.90459e-01   3.50000e+00  0   55
  5.600000e-01       1  0   2.80000e-03  -5.60000e-04   0.00000e+00  -5.42101e-20   9.02450e-01  -8.49339e-17   0.00000e+00  -7.28004e-18   9.90791e-01   3.50000e+00  0   56
  5.700000e-01       1  0   2.85000e-03  -5.70000e-04   0.00000e+00   5.42101e-20   8.86998e-01   0.00000e+00   0.00000e+00   7.02986e-18   9.91108e-01   3.50000e+00  0   57
  5.800000e-01       1  0   2.90000e-03  -5.80000e-04   0.00000e+00  -5.42101e-20   8.71973e-01   1.69791e-17   0.00000e+00  -6.79163e-18   9.91409e-01   3.50000e+00  0   58
  5.900000e-01       1  0   2.95000e-03  -5.90000e-04   0.00000e+00  -1.08420e-19   8.57360e-01  -4.37642e-17   0.00000e+00  -1.31293e-17   9.91696e-01   3.50000e+00  0   59
  6.000000e-01       1  0   3.00000e-03  -6.00000e-04   0.00000e+00   0.00000e+00   8.43141e-01   2.64507e-17   0.00000e+00   0.00000e+00   9.91970e-01   3.50000e+00  0   60
  6.100000e-01       1  0   3.05000e-03  -6.10000e-04   0.00000e+00   0.00000e+00   8.29303e-01  -7.16521e-17   0.00000e+00   0.00000e+00   9.92231e-01   3.50000e+00  0   61
  6.200000e-01       1  0   3.10000e-03  -6.20000e-04   0.00000e+00   0.00000e+00   8.15830e-01   9.90731e-18   0.00000e+00   0.00000e+00   9.92481e-01   3.50000e+00  0   62
  6.300000e-01       1  0   3.15000e-03  -6.30000e-04   0.00000e+00   1.08420e-19   8.02709e-01   5.75594e-17   0.00000e+00   1.15119e-17   9.92719e-01   3.50000e+00  0   63
  6.400000e-01       1  0   3.20000e-03  -6.40000e-04   0.00000e+00  -1.08420e-19   7.89927e-01   0.00000e+00   0.00000e+00  -1.11516e-17   9.92947e-01   3.50000e+00  0   64
  6.500000e-01       1  0   3.25000e-03  -6.50000e-04   0.00000e+00   0.00000e+00   7.77472e-01   9.00573e-18   0.00000e+00   0.00000e+00   9.93165e-01   3.50000e+00  0   65
  6.600000e-01       1  0   3.30000e-03  -6.60000e-04   0.00000e+00   0.00000e+00   7.65331e-01   3.49231e-17   0.00000e+00   0.00000e+00   9.93374e-01   3.50000e+00  0   66
  6.700000e-01       1  0   3.35000e-03  -6.70000e-04   0.00000e+00  -1.08420e-19   7.53495e-01  -5.92722e-17   0.00000e+00  -1.01610e-17   9.93574e-01   3.50000e+00  0   67
  6.800000e-01       1  0   3.40000e-03  -6.80000e-04   0.00000e+00  -1.08420e-19   7.41951e-01   2.46454e-17   0.00000e+00  -9.85815e-18   9.93765e-01   3.50000e+00  0   68
  6.900000e-01       1  0   3.45000e-03  -6.90000e-04   0.00000e+00   0.00000e+00   7.30690e-01   7.97319e-18   0.00000e+00   0.00000e+00   9.93949e-01   3.50000e+00  0   69
  7.000000e-01       1  0   3.50000e-03  -7.00000e-04   0.00000e+00   0.00000e+00   7.19702e-01   2.32233e-17   0.00000e+00   0.00000e+00   9.94125e-01   3.50000e+00  0   70
  7.100000e-01       1  0   3.55000e-03  -7.10000e-04   0.00000e+00   1.08420e-19   7.08978e-01  -5.26284e-17   0.00000e+00   9.02202e-18   9.94294e-01   3.50000e+00  0   71
  7.200000e-01       1  0   3.60000e-03  -7.20000e-04   0.00000e+00   1.08420e-19   6.98509e-01  -1.46089e-17   0.00000e+00   8.76534e-18   9.94456e-01   3.50000e+00  0   72
  7.300000e-01       1  0   3.65000e-03  -7.30000e-04   0.00000e+00   1.08420e-19   6.88286e-01   0.00000e+00   0.00000e+00   8.51874e-18   9.94612e-01   3.50000e+00  0   73
  7.400000e-01       1  0   3.70000e-03  -7.40000e-04   0.00000e+00   1.08420e-19   6.78302e-01  -2.07043e-17   0.00000e+00   8.28171e-18   9.94762e-01   3.50000e+00  0   74
  7.500000e-01       1  0   3.75000e-03  -7.50000e-04   0.00000e+00   2.16840e-19   6.68547e-01   2.01345e-17   0.00000e+00   1.61076e-17   9.94906e-01   3.50000e+00  0   75
  7.600000e-01       1  0   3.80000e-03  -7.60000e-04   0.00000e+00   1.08420e-19   6.59016e-01  -2.61150e-17   0.00000e+00   7.83450e-18   9.95045e-01   3.50000e+00  0   76
  7.700000e-01       1  0   3.85000e-03  -7.70000e-04   0.00000e+00   0.00000e+00   6.49701e-01   3.81173e-17   0.00000e+00   0.00000e+00   9.95178e-01   3.50000e+00  0   77
  7.800000e-01       1  0   3.90000e-03  -7.80000e-04   0.00000e+00  -1.08420e-19   6.40594e-01   0.00000e+00   0.00000e+00  -7.42023e-18   9.95307e-01   3.50000e+00  0   78
  7.900000e-01       1  0   3.95000e-03  -7.90000e-04   0.00000e+00   2.16840e-19   6.31690e-01   6.02039e-18   0.00000e+00   1.44489e-17   9.95431e-01   3.50000e+00  0   79
  8.000000e-01       1  0   4.00000e-03  -8.00000e-04   0.00000e+00   1.08420e-19   6.22982e-01  -4.69054e-17   0.00000e+00   7.03582e-18   9.95550e-01   3.50000e+00  0   80
  8.100000e-01       1  0   4.05000e-03  -8.10000e-04   0.00000e+00   2.16840e-19   6.14464e-01   5.71162e-18   0.00000e+00   1.37079e-17   9.95665e-01   3.50000e+00  0   81
  8.200000e-01       1  0   4.10000e-03  -8.20000e-04   0.00000e+00  -3.25261e-19   6.06130e-01  -1.11309e-17   0.00000e+00  -2.00356e-17   9.95776e-01   3.50000e+00  0   82
  8.300000e-01       1  0   4.15000e-03  -8.30000e-04   0.00000e+00   0.00000e+00   5.97975e-01  -1.62732e-17   0.00000e+00   0.00000e+00   9.95883e-01   3.50000e+00  0   83
  8.400000e-01       1  0   4.20000e-03  -8.40000e-04   0.00000e+00  -2.16840e-19   5.89993e-01  -5.28829e-18   0.00000e+00  -1.26919e-17   9.95986e-01   3.50000e+00  0   84
  8.500000e-01       1  0   4.25000e-03  -8.50000e-04   0.00000e+00  -2.16840e-19   5.82179e-01  -2.06274e-17   0.00000e+00  -1.23765e-17   9.96086e-01   3.50000e+00  0   85
  8.600000e-01       1  0   4.30000e-03  -8.60000e-04   0.00000e+00   2.16840e-19   5.74529e-01   4.02394e-17   0.00000e+00   1.20718e-17   9.96183e-01   3.50000e+00  0   86
  8.700000e-01       1  0   4.35000e-03  -8.70000e-04   0.00000e+00  -2.16840e-19   5.67037e-01  -1.96291e-17   0.00000e+00  -1.17774e-17   9.96276e-01   3.50000e+00  0   87
  8.800000e-01       1  0   4.40000e-03  -8.80000e-04   0.00000e+00   1.08420e-19   5.59698e-01  -1.43661e-17   0.00000e+00   5.74646e-18   9.96366e-01   3.50000e+00  0   88
  8.900000e-01       1  0   4.45000e-03  -8.90000e-04   0.00000e+00  -1.08420e-19   5.52510e-01   9.34819e-18   0.00000e+00  -5.60891e-18   9.96453e-01   3.50000e+00  0   89
  9.000000e-01       1  0   4.50000e-03  -9.00000e-04   0.00000e+00   2.16840e-19   5.45466e-01  -1.82529e-17   0.00000e+00   1.09518e-17   9.96537e-01   3.50000e+00  0   90
  9.100000e-01       1  0   4.55000e-03  -9.10000e-04   0.00000e+00   0.00000e+00   5.38564e-01   2.67359e-17   0.00000e+00   0.00000e+00   9.96618e-01   3.50000e+00  0   91
  9.200000e-01       1  0   4.60000e-03  -9.20000e-04   0.00000e+00   0.00000e+00   5.31798e-01  -1.30565e-17   0.00000e+00   0.00000e+00   9.96697e-01   3.50000e+00  0   92
  9.300000e-01       1  0   4.65000e-03  -9.30000e-04   0.00000e+00   0.00000e+00   5.25166e-01  -8.50338e-18   0.00000e+00   0.00000e+00   9.96773e-01   3.50000e+00  0   93
  9.400000e-01       1  0   4.70000e-03  -9.40000e-04   0.00000e+00   0.00000e+00   5.18664e-01  -2.07719e-17   0.00000e+00   0.00000e+00   9.96847e-01   3.50000e+00  0   94
  9.500000e-01       1  0   4.75000e-03  -9.50000e-04   0.00000e+00  -2.16840e-19   5.12288e-01  -3.65410e-17   0.00000e+00  -9.74428e-18   9.96919e-01   3.50000e+00  0   95
  9.600000e-01       1  0   4.80000e-03  -9.60000e-04   0.00000e+00   5.42101e-19   5.06035e-01   3.57190e-17   0.00000e+00   2.38127e-17   9.96988e-01   3.50000e+00  0   96
  9.700000e-01       1  0   4.85000e-03  -9.70000e-04   0.00000e+00   1.08420e-19   4.99901e-01   1.55210e-17   0.00000e+00   4.65630e-18   9.97055e-01   3.50000e+00  0   97
  9.800000e-01       1  0   4.90000e-03  -9.80000e-04   0.00000e+00   1.08420e-19   4.93884e-01  -3.79443e-18   0.00000e+00   4.55331e-18   9.97120e-01   3.50000e+00  0   98
  9.900000e-01       1  0   4.95000e-03  -9.90000e-04   0.00000e+00   0.00000e+00   4.87979e-01  -1.48448e-17   0.00000e+00   0.00000e+00   9.97183e-01   3.50000e+00  0   99
  1.000000e+00       1  0   5.00000e-03  -1.00000e-03   0.00000e+00  -1.08420e-19   4.82185e-01   1.45218e-17   0.00000e+00  -4.35655e-18   9.97245e-01   3.50000e+00  0  100
  1.010000e+00       1  0   5.05000e-03  -1.01000e-03   0.00000e+00  -1.08420e-19   4.76499e-01  -7.10425e-18   0.00000e+00  -4.26255e-18   9.97304e-01   3.50000e+00  0  101
  1.020000e+00       1  0   5.10000e-03  -1.02000e-03   0.00000e+00   1.08420e-19   4.70917e-01  -2.43327e-17   0.00000e+00   4.17132e-18   9.97362e-01   3.50000e+00  0  102
  1.030000e+00       1  0   5.15000e-03  -1.03000e-03   0.00000e+00   1.08420e-19   4.65437e-01   1.02069e-17   0.00000e+00   4.08275e-18   9.97418e-01   3.50000e+00  0  103
  1.040000e+00       1  0   5.20000e-03  -1.04000e-03   0.00000e+00   1.08420e-19   4.60056e-01   9.99187e-18   0.00000e+00   3.99675e-18   9.97472e-01   3.50000e+00  0  104
  1.050000e+00       1  0   5.25000e-03  -1.05000e-03   0.00000e+00   1.08420e-19   4.54773e-01   1.95661e-17   0.00000e+00   3.91322e-18   9.97525e-01   3.50000e+00  0  105
  1.060000e+00       1  0   5.30000e-03  -1.06000e-03   0.00000e+00  -1.08420e-19   4.49584e-01   3.19339e-18   0.00000e+00  -3.83207e-18   9.97576e-01   3.50000e+00  0  106
  1.070000e+00       1  0   5.35000e-03  -1.07000e-03   0.00000e+00  -1.08420e-19   4.44486e-01  -1.56384e-17   0.00000e+00  -3.75322e-18   9.97626e-01   3.50000e+00  0  107
  1.080000e+00       1  0   5.40000e-03  -1.08000e-03   0.00000e+00   0.00000e+00   4.39479e-01  -2.45105e-17   0.00000e+00   0.00000e+00   9.97675e-01   3.50000e+00  0  108
  1.090000e+00       1  0   5.45000e-03  -1.09000e-03   0.00000e+00   0.00000e+00   4.34560e-01  -6.00345e-18   0.00000e+00   0.00000e+00   9.97722e-01   3.50000e+00  0  109
  1.100000e+00       1  0   5.50000e-03  -1.10000e-03   0.00000e+00   0.00000e+00   4.29726e-01   2.35308e-17   0.00000e+00   0.00000e+00   9.97768e-01   3.50000e+00  0  110
  1.110000e+00       1  0   5.55000e-03  -1.11000e-03   0.00000e+00   3.25261e-19   4.24975e-01  -4.32394e-17   0.00000e+00   1.03774e-17   9.97812e-01   3.50000e+00  0  111
  1.120000e+00       1  0   5.60000e-03  -1.12000e-03   0.00000e+00   0.00000e+00   4.20306e-01  -2.82550e-18   0.00000e+00   0.00000e+00   9.97856e-01   3.50000e+00  0  112
  1.130000e+00       1  0   5.65000e-03  -1.13000e-03   0.00000e+00   0.00000e+00   4.15716e-01  -2.21593e-17   0.00000e+00   0.00000e+00   9.97898e-01   3.50000e+00  0  113
  1.140000e+00       1  0   5.70000e-03  -1.14000e-03   0.00000e+00   0.00000e+00   4.11204e-01  -5.43164e-18   0.00000e+00   0.00000e+00   9.97939e-01   3.50000e+00  0  114
  1.150000e+00       1  0   5.75000e-03  -1.15000e-03   0.00000e+00   0.00000e+00   4.06768e-01  -2.13053e-17   0.00000e+00   0.00000e+00   9.97979e-01   3.50000e+00  0  115
  1.160000e+00       1  0   5.80000e-03  -1.16000e-03   0.00000e+00  -3.25261e-19   4.02406e-01  -7.83566e-18   0.00000e+00  -9.40280e-18   9.98018e-01   3.50000e+00  0  116
  1.170000e+00       1  0   5.85000e-03  -1.17000e-03   0.00000e+00   4.33681e-19   3.98117e-01   7.68588e-18   0.00000e+00   1.22974e-17   9.98056e-01   3.50000e+00  0  117
  1.180000e+00       1  0   5.90000e-03  -1.18000e-03   0.00000e+00   1.08420e-19   3.93898e-01  -1.00533e-17   0.00000e+00   3.01599e-18   9.98093e-01   3.50000e+00  0  118
  1.190000e+00       1  0   5.95000e-03  -1.19000e-03   0.00000e+00   1.08420e-19   3.89748e-01   0.00000e+00   0.00000e+00   2.95914e-18   9.98128e-01   3.50000e+00  0  119
  1.200000e+00       1  0   6.00000e-03  -1.20000e-03   0.00000e+00   2.16840e-19   3.85666e-01   0.00000e+00   0.00000e+00   5.80750e-18   9.98163e-01   3.50000e+00  0  120
  1.210000e+00       1  0   6.05000e-03  -1.21000e-03   0.00000e+00  -1.08420e-19   3.81650e-01  -2.37480e-18   0.00000e+00  -2.84976e-18   9.98198e-01   3.50000e+00  0  121
  1.220000e+00       1  0   6.10000e-03  -1.22000e-03   0.00000e+00  -1.08420e-19   3.77698e-01  -1.86476e-17   0.00000e+00  -2.79714e-18   9.98231e-01   3.50000e+00  0  122
  1.230000e+00       1  0   6.15000e-03  -1.23000e-03   0.00000e+00   2.16840e-19   3.73809e-01   1.37292e-17   0.00000e+00   5.49166e-18   9.98263e-01   3.50000e+00  0  123
  1.240000e+00       1  0   6.20000e-03  -1.24000e-03   0.00000e+00   2.16840e-19   3.69982e-01  -1.34790e-17   0.00000e+00   5.39161e-18   9.98295e-01   3.50000e+00  0  124
  1.250000e+00       1  0   6.25000e-03  -1.25000e-03   0.00000e+00   4.33681e-19   3.66216e-01   1.76468e-17   0.00000e+00   1.05881e-17   9.98326e-01   3.50000e+00  0  125
  1.260000e+00       1  0   6.30000e-03  -1.26000e-03   0.00000e+00   0.00000e+00   3.62509e-01  -8.66474e-18   0.00000e+00   0.00000e+00   9.98356e-01   3.50000e+00  0  126
  1.270000e+00       1  0   6.35000e-03  -1.27000e-03   0.00000e+00  -2.16840e-19   3.58859e-01  -1.27649e-17   0.00000e+00  -5.10598e-18   9.98385e-01   3.50000e+00  0  127
  1.280000e+00       1  0   6.40000e-03  -1.28000e-03   0.00000e+00   2.16840e-19   3.55266e-01   8.35894e-18   0.00000e+00   5.01536e-18   9.98414e-01   3.50000e+00  0  128
  1.290000e+00       1  0   6.45000e-03  -1.29000e-03   0.00000e+00   0.00000e+00   3.51728e-01   1.23173e-17   0.00000e+00   0.00000e+00   9.98442e-01   3.50000e+00  0  129
  1.300000e+00       1  0   6.50000e-03  -1.30000e-03   0.00000e+00  -2.16840e-19   3.48244e-01  -1.21015e-17   0.00000e+00  -4.84061e-18   9.98469e-01   3.50000e+00  0  130
  1.310000e+00       1  0   6.55000e-03  -1.31000e-03   0.00000e+00   0.00000e+00   3.44814e-01  -7.92723e-18   0.00000e+00   0.00000e+00   9.98496e-01   3.50000e+00  0  131
  1.320000e+00       1  0   6.60000e-03  -1.32000e-03   0.00000e+00  -6.50521e-19   3.41435e-01  -7.79008e-18   0.00000e+00  -1.40222e-17   9.98522e-01   3.50000e+00  0  132
  1.330000e+00       1  0   6.65000e-03  -1.33000e-03   0.00000e+00  -2.16840e-19   3.38107e-01   0.00000e+00   0.00000e+00  -4.59369e-18   9.98547e-01   3.50000e+00  0  133
  1.340000e+00       1  0   6.70000e-03  -1.34000e-03   0.00000e+00   2.16840e-19   3.34829e-01   1.12880e-17   0.00000e+00   4.51521e-18   9.98572e-01   3.50000e+00  0  134
  1.350000e+00       1  0   6.75000e-03  -1.35000e-03   0.00000e+00  -4.33681e-19   3.31600e-01  -2.58915e-17   0.00000e+00  -8.87707e-18   9.98596e-01   3.50000e+00  0  135
  1.360000e+00       1  0   6.80000e-03  -1.36000e-03   0.00000e+00   0.00000e+00   3.28418e-01  -1.09091e-17   0.00000e+00   0.00000e+00   9.98620e-01   3.50000e+00  0  136
  1.370000e+00       1  0   6.85000e-03  -1.37000e-03   0.00000e+00   0.00000e+00   3.25284e-01   1.07261e-17   0.00000e+00   0.00000e+00   9.98643e-01   3.50000e+00  0  137
  1.380000e+00       1  0   6.90000e-03  -1.38000e-03   0.00000e+00   0.00000e+00   3.22195e-01  -2.81259e-17   0.00000e+00   0.00000e+00   9.98666e-01   3.50000e+00  0  138
  1.390000e+00       1  0   6.95000e-03  -1.39000e-03   0.00000e+00   0.00000e+00   3.19151e-01   3.45747e-18   0.00000e+00   0.00000e+00   9.98688e-01   3.50000e+00  0  139
  1.400000e+00       1  0   7.00000e-03  -1.40000e-03   0.00000e+00  -2.16840e-19   3.16151e-01  -1.02015e-17   0.00000e+00  -4.08061e-18   9.98710e-01   3.50000e+00  0  140
  1.410000e+00       1  0   7.05000e-03  -1.41000e-03   0.00000e+00   0.00000e+00   3.13194e-01   6.68962e-18   0.00000e+00   0.00000e+00   9.98731e-01   3.50000e+00  0  141
  1.420000e+00       1  0   7.10000e-03  -1.42000e-03   0.00000e+00  -2.16840e-19   3.10279e-01  -6.58070e-18   0.00000e+00  -3.94842e-18   9.98751e-01   3.50000e+00  0  142
  1.430000e+00       1  0   7.15000e-03  -1.43000e-03   0.00000e+00   2.16840e-19   3.07406e-01   0.00000e+00   0.00000e+00   3.88450e-18   9.98772e-01   3.50000e+00  0  143
  1.440000e+00       1  0   7.20000e-03  -1.44000e-03   0.00000e+00  -2.16840e-19   3.04573e-01   0.00000e+00   0.00000e+00  -3.82198e-18   9.98791e-01   3.50000e+00  0  144
  1.450000e+00       1  0   7.25000e-03  -1.45000e-03   0.00000e+00   4.33681e-19   3.01781e-01  -6.26803e-18   0.00000e+00   7.52164e-18   9.98811e-01   3.50000e+00  0  145
  1.460000e+00       1  0   7.30000e-03  -1.46000e-03   0.00000e+00   0.00000e+00   2.99027e-01  -3.08415e-18   0.00000e+00   0.00000e+00   9.98830e-01   3.50000e+00  0  146
  1.470000e+00       1  0   7.35000e-03  -1.47000e-03   0.00000e+00  -2.16840e-19   2.96312e-01  -3.03536e-18   0.00000e+00  -3.64243e-18   9.98848e-01   3.50000e+00  0  147
  1.480000e+00       1  0   7.40000e-03  -1.48000e-03   0.00000e+00   2.16840e-19   2.93635e-01   0.00000e+00   0.00000e+00   3.58513e-18   9.98866e-01   3.50000e+00  0  148
  1.490000e+00       1  0   7.45000e-03  -1.49000e-03   0.00000e+00   2.16840e-19   2.90994e-01   0.00000e+00   0.00000e+00   3.52904e-18   9.98884e-01   3.50000e+00  0  149
  1.500000e+00       1  0   7.50000e-03  -1.50000e-03   0.00000e+00   0.00000e+00   2.88389e-01  -8.68534e-18   0.00000e+00   0.00000e+00   9.98901e-01   3.50000e+00  0  150
  1.510000e+00       1  0   7.55000e-03  -1.51000e-03   0.00000e+00  -2.16840e-19   2.85820e-01   5.70065e-18   0.00000e+00  -3.42039e-18   9.98918e-01   3.50000e+00  0  151
  1.520000e+00       1  0   7.60000e-03  -1.52000e-03   0.00000e+00   0.00000e+00   2.83286e-01   0.00000e+00   0.00000e+00   0.00000e+00   9.98935e-01   3.50000e+00  0  152
  1.530000e+00       1  0   7.65000e-03  -1.53000e-03   0.00000e+00   0.00000e+00   2.80786e-01  -8.29055e-18   0.00000e+00   0.00000e+00   9.98951e-01   3.50000e+00  0  153
  1.540000e+00       1  0   7.70000e-03  -1.54000e-03   0.00000e+00   0.00000e+00   2.78320e-01   5.44291e-18   0.00000e+00   0.00000e+00   9.98967e-01   3.50000e+00  0  154
  1.550000e+00       1  0   7.75000e-03  -1.55000e-03   0.00000e+00   0.00000e+00   2.75887e-01   8.04078e-18   0.00000e+00   0.00000e+00   9.98983e-01   3.50000e+00  0  155
  1.560000e+00       1  0   7.80000e-03  -1.56000e-03   0.00000e+00   6.50521e-19   2.73486e-01   1.58394e-17   0.00000e+00   9.50364e-18   9.98998e-01   3.50000e+00  0  156
  1.570000e+00       1  0   7.85000e-03  -1.57000e-03   0.00000e+00  -4.33681e-19   2.71116e-01  -1.04014e-17   0.00000e+00  -6.24087e-18   9.99013e-01   3.50000e+00  0  157
  1.580000e+00       1  0   7.90000e-03  -1.58000e-03   0.00000e+00   0.00000e+00   2.68778e-01   1.02465e-17   0.00000e+00   0.00000e+00   9.99028e-01   3.50000e+00  0  158
  1.590000e+00       1  0   7.95000e-03  -1.59000e-03   0.00000e+00   0.00000e+00   2.66471e-01  -1.00946e-17   0.00000e+00   0.00000e+00   9.99042e-01   3.50000e+00  0  159
  1.600000e+00       1  0   8.00000e-03  -1.60000e-03   0.00000e+00  -4.33681e-19   2.64193e-01   4.97290e-18   0.00000e+00  -5.96748e-18   9.99056e-01   3.50000e+00  0  160
  1.610000e+00       1  0   8.05000e-03  -1.61000e-03   0.00000e+00   4.33681e-19   2.61946e-01  -9.79993e-18   0.00000e+00   5.87996e-18   9.99070e-01   3.50000e+00  0  161
  1.620000e+00       1  0   8.10000e-03  -1.62000e-03   0.00000e+00   0.00000e+00   2.59727e-01   0.00000e+00   0.00000e+00   0.00000e+00   9.99084e-01   3.50000e+00  0  162
  1.630000e+00       1  0   8.15000e-03  -1.63000e-03   0.00000e+00   0.00000e+00   2.57537e-01  -7.13757e-18   0.00000e+00   0.00000e+00   9.99097e-01   3.50000e+00  0  163
  1.640000e+00       1  0   8.20000e-03  -1.64000e-03   0.00000e+00  -2.16840e-19   2.55374e-01   9.37931e-18   0.00000e+00  -2.81379e-18   9.99110e-01   3.50000e+00  0  164
  1.650000e+00       1  0   8.25000e-03  -1.65000e-03   0.00000e+00   0.00000e+00   2.53240e-01  -4.62227e-18   0.00000e+00   0.00000e+00   9.99123e-01   3.50000e+00  0  165
  1.660000e+00       1  0   8.30000e-03  -1.66000e-03   0.00000e+00   0.00000e+00   2.51132e-01   9.11237e-18   0.00000e+00   0.00000e+00   9.99136e-01   3.50000e+00  0  166
  1.670000e+00       1  0   8.35000e-03  -1.67000e-03   0.00000e+00   0.00000e+00   2.49051e-01  -2.47025e-17   0.00000e+00   0.00000e+00   9.99148e-01   3.50000e+00  0  167
  1.680000e+00       1  0   8.40000e-03  -1.68000e-03   0.00000e+00   0.00000e+00   2.46996e-01   2.21390e-18   0.00000e+00   0.00000e+00   9.99160e-01   3.50000e+00  0  168
  1.690000e+00       1  0   8.45000e-03  -1.69000e-03   0.00000e+00   0.00000e+00   2.44966e-01   1.30963e-17   0.00000e+00   0.00000e+00   9.99172e-01   3.50000e+00  0  169
  1.700000e+00       1  0   8.50000e-03  -1.70000e-03   0.00000e+00   0.00000e+00   2.42962e-01  -2.58255e-17   0.00000e+00   0.00000e+00   9.99183e-01   3.50000e+00  0  170
  1.710000e+00       1  0   8.55000e-03  -1.71000e-03   0.00000e+00   0.00000e+00   2.40983e-01   0.00000e+00   0.00000e+00   0.00000e+00   9.99195e-01   3.50000e+00  0  171
  1.720000e+00       1  0   8.60000e-03  -1.72000e-03   0.00000e+00   0.00000e+00   2.39028e-01   0.00000e+00   0.00000e+00   0.00000e+00   9.99206e-01   3.50000e+00  0  172
  1.730000e+00       1  0   8.65000e-03  -1.73000e-03   0.00000e+00   0.00000e+00   2.37097e-01   1.03188e-17   0.00000e+00   0.00000e+00   9.99217e-01   3.50000e+00  0  173
  1.740000e+00       1  0   8.70000e-03  -1.74000e-03   0.00000e+00   2.16840e-19   2.35189e-01   4.07077e-18   0.00000e+00   2.44246e-18   9.99228e-01   3.50000e+00  0  174
  1.750000e+00       1  0   8.75000e-03  -1.75000e-03   0.00000e+00   2.16840e-19   2.33305e-01   6.02262e-18   0.00000e+00   2.40905e-18   9.99238e-01   3.50000e+00  0  175
  1.760000e+00       1  0   8.80000e-03  -1.76000e-03   0.00000e+00  -2.16840e-19   2.31444e-01  -1.38614e-17   0.00000e+00  -2.37625e-18   9.99249e-01   3.50000e+00  0  176
  1.770000e+00       1  0   8.85000e-03  -1.77000e-03   0.00000e+00   0.00000e+00   2.29605e-01   7.81349e-18   0.00000e+00   0.00000e+00   9.99259e-01   3.50000e+00  0  177
  1.780000e+00       1  0   8.90000e-03  -1.78000e-03   0.00000e+00   2.16840e-19   2.27788e-01  -5.78109e-18   0.00000e+00   2.31243e-18   9.99269e-01   3.50000e+00  0  178
  1.790000e+00       1  0   8.95000e-03  -1.79000e-03   0.00000e+00   0.00000e+00   2.25992e-01  -3.80232e-18   0.00000e+00   0.00000e+00   9.99279e-01   3.50000e+00  0  179
  1.800000e+00       1  0   9.00000e-03  -1.80000e-03   0.00000e+00   4.33681e-19   2.24219e-01   5.62727e-18   0.00000e+00   4.50182e-18   9.99288e-01   3.50000e+00  0  180
  1.810000e+00       1  0   9.05000e-03  -1.81000e-03   0.00000e+00   0.00000e+00   2.22466e-01   0.00000e+00   0.00000e+00   0.00000e+00   9.99298e-01   3.50000e+00  0  181
  1.820000e+00       1  0   9.10000e-03  -1.82000e-03   0.00000e+00   0.00000e+00   2.20733e-01   1.82631e-18   0.00000e+00   0.00000e+00   9.99307e-01   3.50000e+00  0  182
  1.830000e+00       1  0   9.15000e-03  -1.83000e-03   0.00000e+00   0.00000e+00   2.19021e-01   5.40673e-18   0.00000e+00   0.00000e+00   9.99316e-01   3.50000e+00  0  183
  1.840000e+00       1  0   9.20000e-03  -1.84000e-03   0.00000e+00   0.00000e+00   2.17329e-01   0.00000e+00   0.00000e+00   0.00000e+00   9.99325e-01   3.50000e+00  0  184
  1.850000e+00       1  0   9.25000e-03  -1.85000e-03   0.00000e+00   6.50521e-19   2.15657e-01   2.63306e-17   0.00000e+00   6.31935e-18   9.99334e-01   3.50000e+00  0  185
  1.860000e+00       1  0   9.30000e-03  -1.86000e-03   0.00000e+00   0.00000e+00   2.14004e-01  -5.19767e-18   0.00000e+00   0.00000e+00   9.99343e-01   3.50000e+00  0  186
  1.870000e+00       1  0   9.35000e-03  -1.87000e-03   0.00000e+00   2.16840e-19   2.12370e-01   3.42027e-18   0.00000e+00   2.05216e-18   9.99351e-01   3.50000e+00  0  187
  1.880000e+00       1  0   9.40000e-03  -1.88000e-03   0.00000e+00   2.16840e-19   2.10755e-01  -1.68810e-18   0.00000e+00   2.02572e-18   9.99359e-01   3.50000e+00  0  188
  1.890000e+00       1  0   9.45000e-03  -1.89000e-03   0.00000e+00   4.33681e-19   2.09159e-01   0.00000e+00   0.00000e+00   3.99948e-18   9.99368e-01   3.50000e+00  0  189
  1.900000e+00       1  0   9.50000e-03  -1.90000e-03   0.00000e+00  -2.16840e-19   2.07580e-01   1.15162e-17   0.00000e+00  -1.97420e-18   9.99376e-01   3.50000e+00  0  190
  1.910000e+00       1  0   9.55000e-03  -1.91000e-03   0.00000e+00  -2.16840e-19   2.06020e-01  -4.87275e-18   0.00000e+00  -1.94910e-18   9.99384e-01   3.50000e+00  0  191
  1.920000e+00       1  0   9.60000e-03  -1.92000e-03   0.00000e+00   0.00000e+00   2.04477e-01   3.20738e-18   0.00000e+00   0.00000e+00   9.99391e-01   3.50000e+00  0  192
  1.930000e+00       1  0   9.65000e-03  -1.93000e-03   0.00000e+00  -2.16840e-19   2.02951e-01   3.16696e-18   0.00000e+00  -1.90017e-18   9.99399e-01   3.50000e+00  0  193
  1.940000e+00       1  0   9.70000e-03  -1.94000e-03   0.00000e+00   2.16840e-19   2.01443e-01  -6.25443e-18   0.00000e+00   1.87633e-18   9.99407e-01   3.50000e+00  0  194
  1.950000e+00       1  0   9.75000e-03  -1.95000e-03   0.00000e+00   0.00000e+00   1.99951e-01   6.17628e-18   0.00000e+00   0.00000e+00   9.99414e-01   3.50000e+00  0  195
  1.960000e+00       1  0   9.80000e-03  -1.96000e-03   0.00000e+00  -2.16840e-19   1.98476e-01  -4.57458e-18   0.00000e+00  -1.82983e-18   9.99421e-01   3.50000e+00  0  196
  1.970000e+00       1  0   9.85000e-03  -1.97000e-03   0.00000e+00   0.00000e+00   1.97018e-01   9.03582e-18   0.00000e+00   0.00000e+00   9.99429e-01   3.50000e+00  0  197
  1.980000e+00       1  0   9.90000e-03  -1.98000e-03   0.00000e+00   2.16840e-19   1.95575e-01   4.46218e-18   0.00000e+00   1.78487e-18   9.99436e-01   3.50000e+00  0  198
  1.990000e+00       1  0   9.95000e-03  -1.99000e-03   0.00000e+00   0.00000e+00   1.94148e-01   1.46912e-18   0.00000e+00   0.00000e+00   9.99443e-01   3.50000e+00  0  199
  2.000000e+00       1  0   1.00000e-02  -2.00000e-03   0.00000e+00   0.00000e+00   1.92737e-01  -1.16092e-17   0.00000e+00   0.00000e+00   9.99449e-01   3.50000e+00  0  200
