Time   1.0000
El      1    CPS4                                     EL1                                    ISOD           ISODAMAGE      1      2      3      4
   0.0079   0.0079   5.0000e-03  -1.0000e-03   0.0000e+00  -1.0842e-19   4.8219e-01   1.4522e-17   0.0000e+00  -4.3566e-18   9.9724e-01   3.5000e+00
   0.0079   0.0021   5.0000e-03  -1.0000e-03   0.0000e+00  -2.7105e-20   4.8219e-01   1.4522e-17   0.0000e+00  -1.0891e-18   9.9724e-01   3.5000e+00
   0.0021   0.0079   5.0000e-03  -1.0000e-03   0.0000e+00  -1.0842e-19   4.8219e-01   1.4522e-17   0.0000e+00  -4.3566e-18   9.9724e-01   3.5000e+00
   0.0021   0.0021   5.0000e-03  -1.0000e-03   0.0000e+00  -2.7105e-20   4.8219e-01   1.4522e-17   0.0000e+00  -1.0891e-18   9.9724e-01   3.5000e+00
Time   2.0000
El      1    CPS4                                     EL1                                    ISOD           ISODAMAGE      1      2      3      4
   0.0079   0.0079   1.0000e-02  -2.0000e-03   0.0000e+00   0.0000e+00   1.9274e-01  -1.1609e-17   0.0000e+00   0.0000e+00   9.9945e-01   3.5000e+00
   0.0079   0.0021   1.0000e-02  -2.0000e-03   0.0000e+00   0.0000e+00   1.9274e-01  -1.1609e-17   0.0000e+00   0.0000e+00   9.9945e-01   3.5000e+00
   0.0021   0.0079   1.0000e-02  -2.0000e-03   0.0000e+00   0.0000e+00   1.9274e-01  -1.1609e-17   0.0000e+00   0.0000e+00   9.9945e-01   3.5000e+00
   0.0021   0.0021   1.0000e-02  -2.0000e-03   0.0000e+00   0.0000e+00   1.9274e-01  -1.1609e-17   0.0000e+00   0.0000e+00   9.9945e-01   3.5000e+00
