ConFem  ../_DataSpecimen/One2D/Uniax2D
symmetric system False, used LinAlg2 True, used ConFemMatC True, used CaeFemElemC True
ndofs 8, elems 1, active nodes 4, abs.size 0.04 MItems, rel.size 0.5625 (abs.size/(ndofs**2)
used element CP*4 [char. length, scaling type, scaling factor] span from el 1,0.010,2,0.370 to el 1,0.010,2,0.370
used material ISOD, spec. inertial mass 0.00e+00, type ISODAMAGE, fct 3.50, DStrength 0.3935, reg.type 2, spec.cr.en 5.77e-04, cr.bw 0.17
0 step starts, solution type NR
0   1 2.000 0.00000 iter 0 0.000000e+00 1.000000e+00    0.000000e+00
0   1 2.000 0.01000 iter 1 1.648736e-19 1.000000e+00    7.211103e-07
0   2 2.000 0.01000 iter 0 1.648736e-19 1.000000e+00    0.000000e+00
0   2 2.000 0.02000 iter 1 0.000000e+00 1.000000e+00    7.211103e-07
0   3 2.000 0.02000 iter 0 0.000000e+00 1.000000e+00    0.000000e+00
0   3 2.000 0.03000 iter 1 5.421094e-20 1.000000e+00    7.211103e-07
0   4 2.000 0.03000 iter 0 5.421094e-20 1.000000e+00    0.000000e+00
0   4 2.000 0.04000 iter 1 1.084202e-19 1.000000e+00    7.211103e-07
0   5 2.000 0.04000 iter 0 1.084202e-19 1.000000e+00    0.000000e+00
0   5 2.000 0.05000 iter 1 5.989427e-22 1.000000e+00    7.211103e-07
0   6 2.000 0.05000 iter 0 5.989427e-22 1.000000e+00    0.000000e+00
0   6 2.000 0.06000 iter 1 1.212190e-19 1.000000e+00    7.211103e-07
0   7 2.000 0.06000 iter 0 1.212190e-19 1.000000e+00    0.000000e+00
0   7 2.000 0.07000 iter 1 5.421011e-20 1.000000e+00    7.211103e-07
0   8 2.000 0.07000 iter 0 5.421011e-20 1.000000e+00    0.000000e+00
0   8 2.000 0.08000 iter 1 0.000000e+00 1.000000e+00    7.211103e-07
0   9 2.000 0.08000 iter 0 0.000000e+00 1.000000e+00    0.000000e+00
0   9 2.000 0.09000 iter 1 5.422334e-20 1.000000e+00    7.211103e-07
0  10 2.000 0.09000 iter 0 5.422334e-20 1.000000e+00    0.000000e+00
0  10 2.000 0.10000 iter 1 5.422334e-20 1.000000e+00    7.211103e-07
0  11 2.000 0.10000 iter 0 5.422334e-20 1.000000e+00    0.000000e+00
0  11 2.000 0.11000 iter 1 5.421011e-20 1.000000e+00    7.211103e-07
0  12 2.000 0.11000 iter 0 5.421011e-20 1.000000e+00    0.000000e+00
0  12 2.000 0.12000 iter 1 5.422334e-20 1.000000e+00    7.211103e-07
0  13 2.000 0.12000 iter 0 5.422334e-20 1.000000e+00    0.000000e+00
0  13 2.000 0.13000 iter 1 1.714316e-19 1.000000e+00    7.211103e-07
0  14 2.000 0.13000 iter 0 1.714316e-19 1.000000e+00    0.000000e+00
0  14 2.000 0.14000 iter 1 1.533340e-19 1.000000e+00    7.211103e-07
0  15 2.000 0.14000 iter 0 1.533340e-19 1.000000e+00    0.000000e+00
0  15 2.000 0.15000 iter 1 0.000000e+00 1.000000e+00    7.211103e-07
0  16 2.000 0.15000 iter 0 0.000000e+00 1.000000e+00    0.000000e+00
0  16 2.000 0.16000 iter 1 2.395771e-21 1.000000e+00    7.211103e-07
0  17 2.000 0.16000 iter 0 2.395771e-21 1.000000e+00    0.000000e+00
0  17 2.000 0.17000 iter 1 2.710505e-20 1.000000e+00    7.211103e-07
0  18 2.000 0.17000 iter 0 2.710505e-20 1.000000e+00    0.000000e+00
0  18 2.000 0.18000 iter 1 7.666467e-20 1.000000e+00    7.211103e-07
0  19 2.000 0.18000 iter 0 7.666467e-20 1.000000e+00    0.000000e+00
0  19 2.000 0.19000 iter 1 5.421011e-20 1.000000e+00    7.211103e-07
0  20 2.000 0.19000 iter 0 5.421011e-20 1.000000e+00    0.000000e+00
0  20 2.000 0.20000 iter 1 2.710505e-20 1.000000e+00    7.211103e-07
0  21 2.000 0.20000 iter 0 2.710505e-20 1.000000e+00    0.000000e+00
0  21 2.000 0.21000 iter 1 0.000000e+00 1.000000e+00    7.211103e-07
0  22 2.000 0.21000 iter 0 0.000000e+00 1.000000e+00    0.000000e+00
0  22 2.000 0.22000 iter 1 6.060874e-20 1.000000e+00    7.211103e-07
0  23 2.000 0.22000 iter 0 6.060874e-20 1.000000e+00    0.000000e+00
0  23 2.000 0.23000 iter 1 6.060874e-20 1.000000e+00    7.211103e-07
0  24 2.000 0.23000 iter 0 6.060874e-20 1.000000e+00    0.000000e+00
0  24 2.000 0.24000 iter 1 0.000000e+00 1.000000e+00    7.211103e-07
0  25 2.000 0.24000 iter 0 0.000000e+00 1.000000e+00    0.000000e+00
0  25 2.000 0.25000 iter 1 2.710505e-20 1.000000e+00    7.211103e-07
0  26 2.000 0.25000 iter 0 2.710505e-20 1.000000e+00    0.000000e+00
0  26 2.000 0.26000 iter 1 2.710505e-20 1.000000e+00    7.211103e-07
0  27 2.000 0.26000 iter 0 2.710505e-20 1.000000e+00    0.000000e+00
0  27 2.000 0.27000 iter 1 7.666467e-20 1.000000e+00    7.211103e-07
0  28 2.000 0.27000 iter 0 7.666467e-20 1.000000e+00    0.000000e+00
0  28 2.000 0.28000 iter 1 7.666467e-20 1.000000e+00    7.211103e-07
0  29 2.000 0.28000 iter 0 7.666467e-20 1.000000e+00    0.000000e+00
0  29 2.000 0.29000 iter 1 2.710505e-20 1.000000e+00    7.211103e-07
0  30 2.000 0.29000 iter 0 2.710505e-20 1.000000e+00    0.000000e+00
0  30 2.000 0.30000 iter 1 7.666467e-20 1.000000e+00    7.211103e-07
0  31 2.000 0.30000 iter 0 7.666467e-20 1.000000e+00    0.000000e+00
0  31 2.000 0.31000 iter 1 9.784605e-20 1.000000e+00    7.211103e-07
0  32 2.000 0.31000 iter 0 9.784605e-20 1.000000e+00    0.000000e+00
0  32 2.000 0.32000 iter 1 7.666467e-20 1.000000e+00    7.211103e-07
0  33 2.000 0.32000 iter 0 7.666467e-20 1.000000e+00    0.000000e+00
0  33 2.000 0.33000 iter 1 4.791542e-21 1.000000e+00    7.211103e-07
0  34 2.000 0.33000 iter 0 4.791542e-21 1.000000e+00    0.000000e+00
0  34 2.000 0.34000 iter 1 7.666467e-20 1.000000e+00    7.211103e-07
0  35 2.000 0.34000 iter 0 7.666467e-20 1.000000e+00    0.000000e+00
0  35 2.000 0.35000 iter 1 1.150968e-19 1.000000e+00    7.211103e-07
0  36 2.000 0.35000 iter 0 1.150968e-19 1.000000e+00    0.000000e+00
0  36 2.000 0.36000 iter 1 3.833234e-20 1.000000e+00    7.211103e-07
0  37 2.000 0.36000 iter 0 3.833234e-20 1.000000e+00    0.000000e+00
0  37 2.000 0.37000 iter 1 3.863065e-20 1.000000e+00    7.211103e-07
0  38 2.000 0.37000 iter 0 3.863065e-20 1.000000e+00    0.000000e+00
0  38 2.000 0.38000 iter 1 7.666467e-20 1.000000e+00    7.211103e-07
0  39 2.000 0.38000 iter 0 7.666467e-20 1.000000e+00    0.000000e+00
0  39 2.000 0.39000 iter 1 1.356099e-19 1.000000e+00    7.211103e-07
0  40 2.000 0.39000 iter 0 1.356099e-19 1.000000e+00    0.000000e+00
0  40 2.000 0.40000 iter 1 2.752531e-20 1.000000e+00    7.211103e-07
0  41 2.000 0.40000 iter 0 2.752531e-20 1.000000e+00    0.000000e+00
0  41 2.000 0.41000 iter 1 7.666467e-20 1.000000e+00    7.211103e-07
0  42 2.000 0.41000 iter 0 7.666467e-20 1.000000e+00    0.000000e+00
0  42 2.000 0.42000 iter 1 6.079785e-20 1.000000e+00    7.211103e-07
0  43 2.000 0.42000 iter 0 6.079785e-20 1.000000e+00    0.000000e+00
0  43 2.000 0.43000 iter 1 3.833234e-20 1.000000e+00    7.211103e-07
0  44 2.000 0.43000 iter 0 3.833234e-20 1.000000e+00    0.000000e+00
0  44 2.000 0.44000 iter 1 1.437463e-20 1.000000e+00    7.211103e-07
0  45 2.000 0.44000 iter 0 1.437463e-20 1.000000e+00    0.000000e+00
0  45 2.000 0.45000 iter 1 1.355253e-20 1.000000e+00    7.211103e-07
0  46 2.000 0.45000 iter 0 1.355253e-20 1.000000e+00    0.000000e+00
0  46 2.000 0.46000 iter 1 1.437463e-20 1.000000e+00    7.211103e-07
0  47 2.000 0.46000 iter 0 1.437463e-20 1.000000e+00    0.000000e+00
0  47 2.000 0.47000 iter 1 1.355253e-20 1.000000e+00    7.211103e-07
0  48 2.000 0.47000 iter 0 1.355253e-20 1.000000e+00    0.000000e+00
0  48 2.000 0.48000 iter 1 4.909869e-20 1.000000e+00    7.211103e-07
0  49 2.000 0.48000 iter 0 4.909869e-20 1.000000e+00    0.000000e+00
0  49 2.000 0.49000 iter 1 1.437463e-20 1.000000e+00    7.211103e-07
0  50 2.000 0.49000 iter 0 1.437463e-20 1.000000e+00    0.000000e+00
0  50 2.000 0.50000 iter 1 4.093895e-20 1.000000e+00    7.211103e-07
0  51 2.000 0.50000 iter 0 4.093895e-20 1.000000e+00    0.000000e+00
0  51 2.000 0.51000 iter 1 4.791542e-21 1.000000e+00    7.211103e-07
0  52 2.000 0.51000 iter 0 4.791542e-21 1.000000e+00    0.000000e+00
0  52 2.000 0.52000 iter 1 1.355253e-20 1.000000e+00    7.211103e-07
0  53 2.000 0.52000 iter 0 1.355253e-20 1.000000e+00    0.000000e+00
0  53 2.000 0.53000 iter 1 3.863065e-20 1.000000e+00    7.211103e-07
0  54 2.000 0.53000 iter 0 3.863065e-20 1.000000e+00    0.000000e+00
0  54 2.000 0.54000 iter 1 2.710505e-20 1.000000e+00    7.211103e-07
0  55 2.000 0.54000 iter 0 2.710505e-20 1.000000e+00    0.000000e+00
0  55 2.000 0.55000 iter 1 3.863065e-20 1.000000e+00    7.211103e-07
0  56 2.000 0.55000 iter 0 3.863065e-20 1.000000e+00    0.000000e+00
0  56 2.000 0.56000 iter 1 2.752531e-20 1.000000e+00    7.211103e-07
0  57 2.000 0.56000 iter 0 2.752531e-20 1.000000e+00    0.000000e+00
0  57 2.000 0.57000 iter 1 2.710505e-20 1.000000e+00    7.211103e-07
0  58 2.000 0.57000 iter 0 2.710505e-20 1.000000e+00    0.000000e+00
0  58 2.000 0.58000 iter 1 3.068084e-20 1.000000e+00    7.211103e-07
0  59 2.000 0.58000 iter 0 3.068084e-20 1.000000e+00    0.000000e+00
0  59 2.000 0.59000 iter 1 2.710505e-20 1.000000e+00    7.211103e-07
0  60 2.000 0.59000 iter 0 2.710505e-20 1.000000e+00    0.000000e+00
0  60 2.000 0.60000 iter 1 3.863065e-20 1.000000e+00    7.211103e-07
0  61 2.000 0.60000 iter 0 3.863065e-20 1.000000e+00    0.000000e+00
0  61 2.000 0.61000 iter 1 4.886433e-20 1.000000e+00    7.211103e-07
0  62 2.000 0.61000 iter 0 4.886433e-20 1.000000e+00    0.000000e+00
0  62 2.000 0.62000 iter 1 0.000000e+00 1.000000e+00    7.211103e-07
0  63 2.000 0.62000 iter 0 0.000000e+00 1.000000e+00    0.000000e+00
0  63 2.000 0.63000 iter 1 3.178349e-20 1.000000e+00    7.211103e-07
0  64 2.000 0.63000 iter 0 3.178349e-20 1.000000e+00    0.000000e+00
0  64 2.000 0.64000 iter 1 1.355253e-20 1.000000e+00    7.211103e-07
0  65 2.000 0.64000 iter 0 1.355253e-20 1.000000e+00    0.000000e+00
0  65 2.000 0.65000 iter 1 0.000000e+00 1.000000e+00    7.211103e-07
0  66 2.000 0.65000 iter 0 0.000000e+00 1.000000e+00    0.000000e+00
0  66 2.000 0.66000 iter 1 4.979516e-20 1.000000e+00    7.211103e-07
0  67 2.000 0.66000 iter 0 4.979516e-20 1.000000e+00    0.000000e+00
0  67 2.000 0.67000 iter 1 3.833234e-20 1.000000e+00    7.211103e-07
0  68 2.000 0.67000 iter 0 3.833234e-20 1.000000e+00    0.000000e+00
0  68 2.000 0.68000 iter 1 1.355253e-20 1.000000e+00    7.211103e-07
0  69 2.000 0.68000 iter 0 1.355253e-20 1.000000e+00    0.000000e+00
0  69 2.000 0.69000 iter 1 0.000000e+00 1.000000e+00    7.211103e-07
0  70 2.000 0.69000 iter 0 0.000000e+00 1.000000e+00    0.000000e+00
0  70 2.000 0.70000 iter 1 4.979516e-20 1.000000e+00    7.211103e-07
0  71 2.000 0.70000 iter 0 4.979516e-20 1.000000e+00    0.000000e+00
0  71 2.000 0.71000 iter 1 3.833234e-20 1.000000e+00    7.211103e-07
0  72 2.000 0.71000 iter 0 3.833234e-20 1.000000e+00    0.000000e+00
0  72 2.000 0.72000 iter 1 0.000000e+00 1.000000e+00    7.211103e-07
0  73 2.000 0.72000 iter 0 0.000000e+00 1.000000e+00    0.000000e+00
0  73 2.000 0.73000 iter 1 0.000000e+00 1.000000e+00    7.211103e-07
0  74 2.000 0.73000 iter 0 0.000000e+00 1.000000e+00    0.000000e+00
0  74 2.000 0.74000 iter 1 1.659839e-20 1.000000e+00    7.211103e-07
0  75 2.000 0.74000 iter 0 1.659839e-20 1.000000e+00    0.000000e+00
0  75 2.000 0.75000 iter 1 1.355253e-20 1.000000e+00    7.211103e-07
0  76 2.000 0.75000 iter 0 1.355253e-20 1.000000e+00    0.000000e+00
0  76 2.000 0.76000 iter 1 3.030437e-20 1.000000e+00    7.211103e-07
0  77 2.000 0.76000 iter 0 3.030437e-20 1.000000e+00    0.000000e+00
0  77 2.000 0.77000 iter 1 4.979516e-20 1.000000e+00    7.211103e-07
0  78 2.000 0.77000 iter 0 4.979516e-20 1.000000e+00    0.000000e+00
0  78 2.000 0.78000 iter 1 1.355253e-20 1.000000e+00    7.211103e-07
0  79 2.000 0.78000 iter 0 1.355253e-20 1.000000e+00    0.000000e+00
0  79 2.000 0.79000 iter 1 0.000000e+00 1.000000e+00    7.211103e-07
0  80 2.000 0.79000 iter 0 0.000000e+00 1.000000e+00    0.000000e+00
0  80 2.000 0.80000 iter 1 3.833234e-20 1.000000e+00    7.211103e-07
0  81 2.000 0.80000 iter 0 3.833234e-20 1.000000e+00    0.000000e+00
0  81 2.000 0.81000 iter 1 3.178349e-20 1.000000e+00    7.211103e-07
0  82 2.000 0.81000 iter 0 3.178349e-20 1.000000e+00    0.000000e+00
0  82 2.000 0.82000 iter 1 2.710505e-20 1.000000e+00    7.211103e-07
0  83 2.000 0.82000 iter 0 2.710505e-20 1.000000e+00    0.000000e+00
0  83 2.000 0.83000 iter 1 3.030437e-20 1.000000e+00    7.211103e-07
0  84 2.000 0.83000 iter 0 3.030437e-20 1.000000e+00    0.000000e+00
0  84 2.000 0.84000 iter 1 1.659839e-20 1.000000e+00    7.211103e-07
0  85 2.000 0.84000 iter 0 1.659839e-20 1.000000e+00    0.000000e+00
0  85 2.000 0.85000 iter 1 1.355253e-20 1.000000e+00    7.211103e-07
0  86 2.000 0.85000 iter 0 1.355253e-20 1.000000e+00    0.000000e+00
0  86 2.000 0.86000 iter 1 2.710505e-20 1.000000e+00    7.211103e-07
0  87 2.000 0.86000 iter 0 2.710505e-20 1.000000e+00    0.000000e+00
0  87 2.000 0.87000 iter 1 1.916617e-20 1.000000e+00    7.211103e-07
0  88 2.000 0.87000 iter 0 1.916617e-20 1.000000e+00    0.000000e+00
0  88 2.000 0.88000 iter 1 1.659839e-20 1.000000e+00    7.211103e-07
0  89 2.000 0.88000 iter 0 1.659839e-20 1.000000e+00    0.000000e+00
0  89 2.000 0.89000 iter 1 1.355253e-20 1.000000e+00    7.211103e-07
0  90 2.000 0.89000 iter 0 1.355253e-20 1.000000e+00    0.000000e+00
0  90 2.000 0.90000 iter 1 1.515219e-20 1.000000e+00    7.211103e-07
0  91 2.000 0.90000 iter 0 1.515219e-20 1.000000e+00    0.000000e+00
0  91 2.000 0.91000 iter 1 1.916617e-20 1.000000e+00    7.211103e-07
0  92 2.000 0.91000 iter 0 1.916617e-20 1.000000e+00    0.000000e+00
0  92 2.000 0.92000 iter 1 1.355253e-20 1.000000e+00    7.211103e-07
0  93 2.000 0.92000 iter 0 1.355253e-20 1.000000e+00    0.000000e+00
0  93 2.000 0.93000 iter 1 0.000000e+00 1.000000e+00    7.211103e-07
0  94 2.000 0.93000 iter 0 0.000000e+00 1.000000e+00    0.000000e+00
0  94 2.000 0.94000 iter 1 1.515219e-20 1.000000e+00    7.211103e-07
0  95 2.000 0.94000 iter 0 1.515219e-20 1.000000e+00    0.000000e+00
0  95 2.000 0.95000 iter 1 3.178349e-20 1.000000e+00    7.211103e-07
0  96 2.000 0.95000 iter 0 3.178349e-20 1.000000e+00    0.000000e+00
0  96 2.000 0.96000 iter 1 2.032879e-20 1.000000e+00    7.211103e-07
0  97 2.000 0.96000 iter 0 2.032879e-20 1.000000e+00    0.000000e+00
0  97 2.000 0.97000 iter 1 0.000000e+00 1.000000e+00    7.211103e-07
0  98 2.000 0.97000 iter 0 0.000000e+00 1.000000e+00    0.000000e+00
0  98 2.000 0.98000 iter 1 1.515219e-20 1.000000e+00    7.211103e-07
0  99 2.000 0.98000 iter 0 1.515219e-20 1.000000e+00    0.000000e+00
0  99 2.000 0.99000 iter 1 1.355253e-20 1.000000e+00    7.211103e-07
0 100 2.000 0.99000 iter 0 1.355253e-20 1.000000e+00    0.000000e+00
0 100 2.000 1.00000 iter 1 1.916617e-20 1.000000e+00    7.211103e-07
Element data written 1.000000
Nodal data written 1.000000
Restart data written 1.000000
0 101 2.000 1.00000 iter 0 1.916617e-20 1.000000e+00    0.000000e+00
0 101 2.000 1.01000 iter 1 1.355253e-20 1.000000e+00    7.211103e-07
0 102 2.000 1.01000 iter 0 1.355253e-20 1.000000e+00    0.000000e+00
0 102 2.000 1.02000 iter 1 1.916617e-20 1.000000e+00    7.211103e-07
0 103 2.000 1.02000 iter 0 1.916617e-20 1.000000e+00    0.000000e+00
0 103 2.000 1.03000 iter 1 9.583084e-21 1.000000e+00    7.211103e-07
0 104 2.000 1.03000 iter 0 9.583084e-21 1.000000e+00    0.000000e+00
0 104 2.000 1.04000 iter 1 0.000000e+00 1.000000e+00    7.211103e-07
0 105 2.000 1.04000 iter 0 0.000000e+00 1.000000e+00    0.000000e+00
0 105 2.000 1.05000 iter 1 6.776264e-21 1.000000e+00    7.211103e-07
0 106 2.000 1.05000 iter 0 6.776264e-21 1.000000e+00    0.000000e+00
0 106 2.000 1.06000 iter 1 2.142843e-20 1.000000e+00    7.211103e-07
0 107 2.000 1.06000 iter 0 2.142843e-20 1.000000e+00    0.000000e+00
0 107 2.000 1.07000 iter 1 6.776264e-21 1.000000e+00    7.211103e-07
0 108 2.000 1.07000 iter 0 6.776264e-21 1.000000e+00    0.000000e+00
0 108 2.000 1.08000 iter 1 1.916617e-20 1.000000e+00    7.211103e-07
0 109 2.000 1.08000 iter 0 1.916617e-20 1.000000e+00    0.000000e+00
0 109 2.000 1.09000 iter 1 0.000000e+00 1.000000e+00    7.211103e-07
0 110 2.000 1.09000 iter 0 0.000000e+00 1.000000e+00    0.000000e+00
0 110 2.000 1.10000 iter 1 3.521050e-20 1.000000e+00    7.211103e-07
0 111 2.000 1.10000 iter 0 3.521050e-20 1.000000e+00    0.000000e+00
0 111 2.000 1.11000 iter 1 3.030437e-20 1.000000e+00    7.211103e-07
0 112 2.000 1.11000 iter 0 3.030437e-20 1.000000e+00    0.000000e+00
0 112 2.000 1.12000 iter 1 0.000000e+00 1.000000e+00    7.211103e-07
0 113 2.000 1.12000 iter 0 0.000000e+00 1.000000e+00    0.000000e+00
0 113 2.000 1.13000 iter 1 1.916617e-20 1.000000e+00    7.211103e-07
0 114 2.000 1.13000 iter 0 1.916617e-20 1.000000e+00    0.000000e+00
0 114 2.000 1.14000 iter 1 1.355253e-20 1.000000e+00    7.211103e-07
0 115 2.000 1.14000 iter 0 1.355253e-20 1.000000e+00    0.000000e+00
0 115 2.000 1.15000 iter 1 1.515219e-20 1.000000e+00    7.211103e-07
0 116 2.000 1.15000 iter 0 1.515219e-20 1.000000e+00    0.000000e+00
0 116 2.000 1.16000 iter 1 1.916617e-20 1.000000e+00    7.211103e-07
0 117 2.000 1.16000 iter 0 1.916617e-20 1.000000e+00    0.000000e+00
0 117 2.000 1.17000 iter 1 1.173683e-20 1.000000e+00    7.211103e-07
0 118 2.000 1.17000 iter 0 1.173683e-20 1.000000e+00    0.000000e+00
0 118 2.000 1.18000 iter 1 0.000000e+00 1.000000e+00    7.211103e-07
0 119 2.000 1.18000 iter 0 0.000000e+00 1.000000e+00    0.000000e+00
0 119 2.000 1.19000 iter 1 0.000000e+00 1.000000e+00    7.211103e-07
0 120 2.000 1.19000 iter 0 0.000000e+00 1.000000e+00    0.000000e+00
0 120 2.000 1.20000 iter 1 6.776264e-21 1.000000e+00    7.211103e-07
0 121 2.000 1.20000 iter 0 6.776264e-21 1.000000e+00    0.000000e+00
0 121 2.000 1.21000 iter 1 9.583084e-21 1.000000e+00    7.211103e-07
0 122 2.000 1.21000 iter 0 9.583084e-21 1.000000e+00    0.000000e+00
0 122 2.000 1.22000 iter 1 1.355253e-20 1.000000e+00    7.211103e-07
0 123 2.000 1.22000 iter 0 1.355253e-20 1.000000e+00    0.000000e+00
0 123 2.000 1.23000 iter 1 0.000000e+00 1.000000e+00    7.211103e-07
0 124 2.000 1.23000 iter 0 0.000000e+00 1.000000e+00    0.000000e+00
0 124 2.000 1.24000 iter 1 6.776264e-21 1.000000e+00    7.211103e-07
0 125 2.000 1.24000 iter 0 6.776264e-21 1.000000e+00    0.000000e+00
0 125 2.000 1.25000 iter 1 1.355253e-20 1.000000e+00    7.211103e-07
0 126 2.000 1.25000 iter 0 1.355253e-20 1.000000e+00    0.000000e+00
0 126 2.000 1.26000 iter 1 2.032879e-20 1.000000e+00    7.211103e-07
0 127 2.000 1.26000 iter 0 2.032879e-20 1.000000e+00    0.000000e+00
0 127 2.000 1.27000 iter 1 1.355253e-20 1.000000e+00    7.211103e-07
0 128 2.000 1.27000 iter 0 1.355253e-20 1.000000e+00    0.000000e+00
0 128 2.000 1.28000 iter 1 9.583084e-21 1.000000e+00    7.211103e-07
0 129 2.000 1.28000 iter 0 9.583084e-21 1.000000e+00    0.000000e+00
0 129 2.000 1.29000 iter 1 0.000000e+00 1.000000e+00    7.211103e-07
0 130 2.000 1.29000 iter 0 0.000000e+00 1.000000e+00    0.000000e+00
0 130 2.000 1.30000 iter 1 0.000000e+00 1.000000e+00    7.211103e-07
0 131 2.000 1.30000 iter 0 0.000000e+00 1.000000e+00    0.000000e+00
0 131 2.000 1.31000 iter 1 1.355253e-20 1.000000e+00    7.211103e-07
0 132 2.000 1.31000 iter 0 1.355253e-20 1.000000e+00    0.000000e+00
0 132 2.000 1.32000 iter 1 1.355253e-20 1.000000e+00    7.211103e-07
0 133 2.000 1.32000 iter 0 1.355253e-20 1.000000e+00    0.000000e+00
0 133 2.000 1.33000 iter 1 2.032879e-20 1.000000e+00    7.211103e-07
0 134 2.000 1.33000 iter 0 2.032879e-20 1.000000e+00    0.000000e+00
0 134 2.000 1.34000 iter 1 1.355253e-20 1.000000e+00    7.211103e-07
0 135 2.000 1.34000 iter 0 1.355253e-20 1.000000e+00    0.000000e+00
0 135 2.000 1.35000 iter 1 1.355253e-20 1.000000e+00    7.211103e-07
0 136 2.000 1.35000 iter 0 1.355253e-20 1.000000e+00    0.000000e+00
0 136 2.000 1.36000 iter 1 6.776264e-21 1.000000e+00    7.211103e-07
0 137 2.000 1.36000 iter 0 6.776264e-21 1.000000e+00    0.000000e+00
0 137 2.000 1.37000 iter 1 1.515219e-20 1.000000e+00    7.211103e-07
0 138 2.000 1.37000 iter 0 1.515219e-20 1.000000e+00    0.000000e+00
0 138 2.000 1.38000 iter 1 1.916617e-20 1.000000e+00    7.211103e-07
0 139 2.000 1.38000 iter 0 1.916617e-20 1.000000e+00    0.000000e+00
0 139 2.000 1.39000 iter 1 6.776264e-21 1.000000e+00    7.211103e-07
0 140 2.000 1.39000 iter 0 6.776264e-21 1.000000e+00    0.000000e+00
0 140 2.000 1.40000 iter 1 6.776264e-21 1.000000e+00    7.211103e-07
0 141 2.000 1.40000 iter 0 6.776264e-21 1.000000e+00    0.000000e+00
0 141 2.000 1.41000 iter 1 2.443217e-20 1.000000e+00    7.211103e-07
0 142 2.000 1.41000 iter 0 2.443217e-20 1.000000e+00    0.000000e+00
0 142 2.000 1.42000 iter 1 6.776264e-21 1.000000e+00    7.211103e-07
0 143 2.000 1.42000 iter 0 6.776264e-21 1.000000e+00    0.000000e+00
0 143 2.000 1.43000 iter 1 6.776264e-21 1.000000e+00    7.211103e-07
0 144 2.000 1.43000 iter 0 6.776264e-21 1.000000e+00    0.000000e+00
0 144 2.000 1.44000 iter 1 1.355253e-20 1.000000e+00    7.211103e-07
0 145 2.000 1.44000 iter 0 1.355253e-20 1.000000e+00    0.000000e+00
0 145 2.000 1.45000 iter 1 1.355253e-20 1.000000e+00    7.211103e-07
0 146 2.000 1.45000 iter 0 1.355253e-20 1.000000e+00    0.000000e+00
0 146 2.000 1.46000 iter 1 0.000000e+00 1.000000e+00    7.211103e-07
0 147 2.000 1.46000 iter 0 0.000000e+00 1.000000e+00    0.000000e+00
0 147 2.000 1.47000 iter 1 6.776264e-21 1.000000e+00    7.211103e-07
0 148 2.000 1.47000 iter 0 6.776264e-21 1.000000e+00    0.000000e+00
0 148 2.000 1.48000 iter 1 2.142843e-20 1.000000e+00    7.211103e-07
0 149 2.000 1.48000 iter 0 2.142843e-20 1.000000e+00    0.000000e+00
0 149 2.000 1.49000 iter 1 6.776264e-21 1.000000e+00    7.211103e-07
0 150 2.000 1.49000 iter 0 6.776264e-21 1.000000e+00    0.000000e+00
0 150 2.000 1.50000 iter 1 9.583084e-21 1.000000e+00    7.211103e-07
0 151 2.000 1.50000 iter 0 9.583084e-21 1.000000e+00    0.000000e+00
0 151 2.000 1.51000 iter 1 7.576093e-21 1.000000e+00    7.211103e-07
0 152 2.000 1.51000 iter 0 7.576093e-21 1.000000e+00    0.000000e+00
0 152 2.000 1.52000 iter 1 0.000000e+00 1.000000e+00    7.211103e-07
0 153 2.000 1.52000 iter 0 0.000000e+00 1.000000e+00    0.000000e+00
0 153 2.000 1.53000 iter 1 9.583084e-21 1.000000e+00    7.211103e-07
0 154 2.000 1.53000 iter 0 9.583084e-21 1.000000e+00    0.000000e+00
0 154 2.000 1.54000 iter 1 0.000000e+00 1.000000e+00    7.211103e-07
0 155 2.000 1.54000 iter 0 0.000000e+00 1.000000e+00    0.000000e+00
0 155 2.000 1.55000 iter 1 2.443217e-20 1.000000e+00    7.211103e-07
0 156 2.000 1.55000 iter 0 2.443217e-20 1.000000e+00    0.000000e+00
0 156 2.000 1.56000 iter 1 1.221608e-20 1.000000e+00    7.211103e-07
0 157 2.000 1.56000 iter 0 1.221608e-20 1.000000e+00    0.000000e+00
0 157 2.000 1.57000 iter 1 6.776264e-21 1.000000e+00    7.211103e-07
0 158 2.000 1.57000 iter 0 6.776264e-21 1.000000e+00    0.000000e+00
0 158 2.000 1.58000 iter 1 7.576093e-21 1.000000e+00    7.211103e-07
0 159 2.000 1.58000 iter 0 7.576093e-21 1.000000e+00    0.000000e+00
0 159 2.000 1.59000 iter 1 7.576093e-21 1.000000e+00    7.211103e-07
0 160 2.000 1.59000 iter 0 7.576093e-21 1.000000e+00    0.000000e+00
0 160 2.000 1.60000 iter 1 1.355253e-20 1.000000e+00    7.211103e-07
0 161 2.000 1.60000 iter 0 1.355253e-20 1.000000e+00    0.000000e+00
0 161 2.000 1.61000 iter 1 1.396963e-20 1.000000e+00    7.211103e-07
0 162 2.000 1.61000 iter 0 1.396963e-20 1.000000e+00    0.000000e+00
0 162 2.000 1.62000 iter 1 0.000000e+00 1.000000e+00    7.211103e-07
0 163 2.000 1.62000 iter 0 0.000000e+00 1.000000e+00    0.000000e+00
0 163 2.000 1.63000 iter 1 1.975603e-20 1.000000e+00    7.211103e-07
0 164 2.000 1.63000 iter 0 1.975603e-20 1.000000e+00    0.000000e+00
0 164 2.000 1.64000 iter 1 7.576093e-21 1.000000e+00    7.211103e-07
0 165 2.000 1.64000 iter 0 7.576093e-21 1.000000e+00    0.000000e+00
0 165 2.000 1.65000 iter 1 3.388132e-21 1.000000e+00    7.211103e-07
0 166 2.000 1.65000 iter 0 3.388132e-21 1.000000e+00    0.000000e+00
0 166 2.000 1.66000 iter 1 9.583084e-21 1.000000e+00    7.211103e-07
0 167 2.000 1.66000 iter 0 9.583084e-21 1.000000e+00    0.000000e+00
0 167 2.000 1.67000 iter 1 1.694066e-20 1.000000e+00    7.211103e-07
0 168 2.000 1.67000 iter 0 1.694066e-20 1.000000e+00    0.000000e+00
0 168 2.000 1.68000 iter 1 0.000000e+00 1.000000e+00    7.211103e-07
0 169 2.000 1.68000 iter 0 0.000000e+00 1.000000e+00    0.000000e+00
0 169 2.000 1.69000 iter 1 9.583084e-21 1.000000e+00    7.211103e-07
0 170 2.000 1.69000 iter 0 9.583084e-21 1.000000e+00    0.000000e+00
0 170 2.000 1.70000 iter 1 2.142843e-20 1.000000e+00    7.211103e-07
0 171 2.000 1.70000 iter 0 2.142843e-20 1.000000e+00    0.000000e+00
0 171 2.000 1.71000 iter 1 0.000000e+00 1.000000e+00    7.211103e-07
0 172 2.000 1.71000 iter 0 0.000000e+00 1.000000e+00    0.000000e+00
0 172 2.000 1.72000 iter 1 0.000000e+00 1.000000e+00    7.211103e-07
0 173 2.000 1.72000 iter 0 0.000000e+00 1.000000e+00    0.000000e+00
0 173 2.000 1.73000 iter 1 7.576093e-21 1.000000e+00    7.211103e-07
0 174 2.000 1.73000 iter 0 7.576093e-21 1.000000e+00    0.000000e+00
0 174 2.000 1.74000 iter 1 0.000000e+00 1.000000e+00    7.211103e-07
0 175 2.000 1.74000 iter 0 0.000000e+00 1.000000e+00    0.000000e+00
0 175 2.000 1.75000 iter 1 6.776264e-21 1.000000e+00    7.211103e-07
0 176 2.000 1.75000 iter 0 6.776264e-21 1.000000e+00    0.000000e+00
0 176 2.000 1.76000 iter 1 1.221608e-20 1.000000e+00    7.211103e-07
0 177 2.000 1.76000 iter 0 1.221608e-20 1.000000e+00    0.000000e+00
0 177 2.000 1.77000 iter 1 2.443217e-20 1.000000e+00    7.211103e-07
0 178 2.000 1.77000 iter 0 2.443217e-20 1.000000e+00    0.000000e+00
0 178 2.000 1.78000 iter 1 6.776264e-21 1.000000e+00    7.211103e-07
0 179 2.000 1.78000 iter 0 6.776264e-21 1.000000e+00    0.000000e+00
0 179 2.000 1.79000 iter 1 3.388132e-21 1.000000e+00    7.211103e-07
0 180 2.000 1.79000 iter 0 3.388132e-21 1.000000e+00    0.000000e+00
0 180 2.000 1.80000 iter 1 3.388132e-21 1.000000e+00    7.211103e-07
0 181 2.000 1.80000 iter 0 3.388132e-21 1.000000e+00    0.000000e+00
0 181 2.000 1.81000 iter 1 0.000000e+00 1.000000e+00    7.211103e-07
0 182 2.000 1.81000 iter 0 0.000000e+00 1.000000e+00    0.000000e+00
0 182 2.000 1.82000 iter 1 0.000000e+00 1.000000e+00    7.211103e-07
0 183 2.000 1.82000 iter 0 0.000000e+00 1.000000e+00    0.000000e+00
0 183 2.000 1.83000 iter 1 0.000000e+00 1.000000e+00    7.211103e-07
0 184 2.000 1.83000 iter 0 0.000000e+00 1.000000e+00    0.000000e+00
0 184 2.000 1.84000 iter 1 1.975603e-20 1.000000e+00    7.211103e-07
0 185 2.000 1.84000 iter 0 1.975603e-20 1.000000e+00    0.000000e+00
0 185 2.000 1.85000 iter 1 1.515219e-20 1.000000e+00    7.211103e-07
0 186 2.000 1.85000 iter 0 1.515219e-20 1.000000e+00    0.000000e+00
0 186 2.000 1.86000 iter 1 3.388132e-21 1.000000e+00    7.211103e-07
0 187 2.000 1.86000 iter 0 3.388132e-21 1.000000e+00    0.000000e+00
0 187 2.000 1.87000 iter 1 0.000000e+00 1.000000e+00    7.211103e-07
0 188 2.000 1.87000 iter 0 0.000000e+00 1.000000e+00    0.000000e+00
0 188 2.000 1.88000 iter 1 0.000000e+00 1.000000e+00    7.211103e-07
0 189 2.000 1.88000 iter 0 0.000000e+00 1.000000e+00    0.000000e+00
0 189 2.000 1.89000 iter 1 6.776264e-21 1.000000e+00    7.211103e-07
0 190 2.000 1.89000 iter 0 6.776264e-21 1.000000e+00    0.000000e+00
0 190 2.000 1.90000 iter 1 9.583084e-21 1.000000e+00    7.211103e-07
0 191 2.000 1.90000 iter 0 9.583084e-21 1.000000e+00    0.000000e+00
0 191 2.000 1.91000 iter 1 3.388132e-21 1.000000e+00    7.211103e-07
0 192 2.000 1.91000 iter 0 3.388132e-21 1.000000e+00    0.000000e+00
0 192 2.000 1.92000 iter 1 2.060920e-20 1.000000e+00    7.211103e-07
0 193 2.000 1.92000 iter 0 2.060920e-20 1.000000e+00    0.000000e+00
0 193 2.000 1.93000 iter 1 6.776264e-21 1.000000e+00    7.211103e-07
0 194 2.000 1.93000 iter 0 6.776264e-21 1.000000e+00    0.000000e+00
0 194 2.000 1.94000 iter 1 7.576093e-21 1.000000e+00    7.211103e-07
0 195 2.000 1.94000 iter 0 7.576093e-21 1.000000e+00    0.000000e+00
0 195 2.000 1.95000 iter 1 3.388132e-21 1.000000e+00    7.211103e-07
0 196 2.000 1.95000 iter 0 3.388132e-21 1.000000e+00    0.000000e+00
0 196 2.000 1.96000 iter 1 3.388132e-21 1.000000e+00    7.211103e-07
0 197 2.000 1.96000 iter 0 3.388132e-21 1.000000e+00    0.000000e+00
0 197 2.000 1.97000 iter 1 7.576093e-21 1.000000e+00    7.211103e-07
0 198 2.000 1.97000 iter 0 7.576093e-21 1.000000e+00    0.000000e+00
0 198 2.000 1.98000 iter 1 3.388132e-21 1.000000e+00    7.211103e-07
0 199 2.000 1.98000 iter 0 3.388132e-21 1.000000e+00    0.000000e+00
0 199 2.000 1.99000 iter 1 2.142843e-20 1.000000e+00    7.211103e-07
0 200 2.000 1.99000 iter 0 2.142843e-20 1.000000e+00    0.000000e+00
0 200 2.000 2.00000 iter 1 2.173692e-19 1.000000e+00    7.211103e-07
Element data written 2.000000
Nodal data written 2.000000
Restart data written 2.000000
total comp time 0 seconds
