Time,   1.0000
     1,  EL1,       ISOD,   CPS4,   0,     0.0079,    0.0079,  5.000000e-03, -1.000000e-03,  0.000000e+00, -1.084202e-19,  4.821854e-01,  1.452185e-17,  0.000000e+00, -4.356554e-18,  9.972447e-01,  3.500000e+00,
     1,  EL1,       ISOD,   CPS4,   1,     0.0079,    0.0021,  5.000000e-03, -1.000000e-03,  0.000000e+00, -2.710505e-20,  4.821854e-01,  1.452185e-17,  0.000000e+00, -1.089138e-18,  9.972447e-01,  3.500000e+00,
     1,  EL1,       ISOD,   CPS4,   2,     0.0021,    0.0079,  5.000000e-03, -1.000000e-03,  0.000000e+00, -1.084202e-19,  4.821854e-01,  1.452185e-17,  0.000000e+00, -4.356554e-18,  9.972447e-01,  3.500000e+00,
     1,  EL1,       ISOD,   CPS4,   3,     0.0021,    0.0021,  5.000000e-03, -1.000000e-03,  0.000000e+00, -2.710505e-20,  4.821854e-01,  1.452185e-17,  0.000000e+00, -1.089138e-18,  9.972447e-01,  3.500000e+00,
Time,   2.0000
     1,  EL1,       ISOD,   CPS4,   0,     0.0079,    0.0079,  1.000000e-02, -2.000000e-03,  0.000000e+00,  0.000000e+00,  1.927369e-01, -1.160921e-17,  0.000000e+00,  0.000000e+00,  9.994493e-01,  3.500000e+00,
     1,  EL1,       ISOD,   CPS4,   1,     0.0079,    0.0021,  1.000000e-02, -2.000000e-03,  0.000000e+00,  0.000000e+00,  1.927369e-01, -1.160921e-17,  0.000000e+00,  0.000000e+00,  9.994493e-01,  3.500000e+00,
     1,  EL1,       ISOD,   CPS4,   2,     0.0021,    0.0079,  1.000000e-02, -2.000000e-03,  0.000000e+00,  0.000000e+00,  1.927369e-01, -1.160921e-17,  0.000000e+00,  0.000000e+00,  9.994493e-01,  3.500000e+00,
     1,  EL1,       ISOD,   CPS4,   3,     0.0021,    0.0021,  1.000000e-02, -2.000000e-03,  0.000000e+00,  0.000000e+00,  1.927369e-01, -1.160921e-17,  0.000000e+00,  0.000000e+00,  9.994493e-01,  3.500000e+00,
