Time,   1.0000
      1,   0.0000,   0.0000,   0.0000,    2,    0.0000e+00,  0.0000e+00,     -2.4109e-04, -6.3711e-21,      0.0000e+00,  0.0000e+00,
      2,   0.0100,   0.0000,   0.0000,    2,    5.0000e-05,  0.0000e+00,      2.4109e-04, -8.1507e-21,      0.0000e+00,  0.0000e+00,
      3,   0.0100,   0.0100,   0.0000,    2,    5.0000e-05, -1.0000e-05,      2.4109e-04,  5.4279e-21,      0.0000e+00, -1.3553e-20,
      4,   0.0000,   0.0100,   0.0000,    2,    0.0000e+00, -1.0000e-05,     -2.4109e-04,  9.0940e-21,      0.0000e+00, -1.3553e-20,
Time,   2.0000
      1,   0.0000,   0.0000,   0.0000,    2,    0.0000e+00,  0.0000e+00,     -9.6368e-05,  5.8046e-21,      0.0000e+00,  0.0000e+00,
      2,   0.0100,   0.0000,   0.0000,    2,    1.0000e-04,  0.0000e+00,      9.6368e-05,  5.8046e-21,     -1.4908e-19,  0.0000e+00,
      3,   0.0100,   0.0100,   0.0000,    2,    1.0000e-04, -2.0000e-05,      9.6368e-05, -5.8046e-21,     -1.4908e-19,  3.3881e-20,
      4,   0.0000,   0.0100,   0.0000,    2,    0.0000e+00, -2.0000e-05,     -9.6368e-05, -5.8046e-21,      0.0000e+00,  4.0658e-20,
